0.00000000 4.00000000 0.00000035
1.00100100 4.00459383 0.17792039
2.00200200 3.81742469 0.32751939
3.00300300 3.66533117 0.45989038
4.00400400 3.51027132 0.55922083
5.00500501 3.37385121 0.60863862
6.00600601 3.22935182 0.68340998
7.00700701 3.06425882 0.75572141
8.00800801 2.91836645 0.79414464
9.00900901 2.77581925 0.84064465
10.01001001 2.62594669 0.89296106
11.01101101 2.50910843 0.92205275
12.01201201 2.38818703 0.93152839
13.01301301 2.26565962 0.94851477
14.01401401 2.13222715 0.96639441
15.01501502 2.02967606 0.99041145
16.01601602 1.92380750 1.00462876
17.01701702 1.80218312 1.00631220
18.01801802 1.69250002 1.00238428
19.01901902 1.61427883 1.00507329
20.02002002 1.50951515 0.98788090
21.02102102 1.41870761 0.97420484
22.02202202 1.33176087 0.96590979
23.02302302 1.24314524 0.94770181
24.02402402 1.16191835 0.93572966
25.02502503 1.10560609 0.93688519
26.02602603 1.02077473 0.90440471
27.02702703 0.95329754 0.87859576
28.02802803 0.89195936 0.87341707
29.02902903 0.83012930 0.83908944
30.03003003 0.76223604 0.82173758
31.03103103 0.71694452 0.81146663
32.03203203 0.66450543 0.79527548
33.03303303 0.61828772 0.77103637
34.03403403 0.57804190 0.73654389
35.03503504 0.54283096 0.71274592
36.03603604 0.50952507 0.69451939
37.03703704 0.47502083 0.67716840
38.03803804 0.43794350 0.64931137
39.03903904 0.40548126 0.62218127
40.04004004 0.37493649 0.59543077
41.04104104 0.34997436 0.57628733
42.04204204 0.32352785 0.55505615
43.04304304 0.29944730 0.53035122
44.04404404 0.27480707 0.50456419
45.04504505 0.25629765 0.49080481
46.04604605 0.24401854 0.47509828
47.04704705 0.22832294 0.45473752
48.04804805 0.20781627 0.42640935
49.04904905 0.19270032 0.41225860
50.05005005 0.17554397 0.38131544
51.05105105 0.16391490 0.37650948
52.05205205 0.15174866 0.35664604
53.05305305 0.14555320 0.33985866
54.05405405 0.13620818 0.32210222
55.05505506 0.12714045 0.30736549
56.05605606 0.11922581 0.30303648
57.05705706 0.11148105 0.29792713
58.05805806 0.10448876 0.27503608
59.05905906 0.09920349 0.27829861
60.06006006 0.09066295 0.26622893
61.06106106 0.09041559 0.27473601
62.06206206 0.08778988 0.27387744
63.06306306 0.08459621 0.27182232
64.06406406 0.07809476 0.26197936
65.06506507 0.07552639 0.25832176
66.06606607 0.07044620 0.24762052
67.06706707 0.06806733 0.24141772
68.06806807 0.06277807 0.21414848
69.06906907 0.05743825 0.20356180
70.07007007 0.05500161 0.19546003
71.07107107 0.05113984 0.18477552
72.07207207 0.04749028 0.17247680
73.07307307 0.04400994 0.16821132
74.07407407 0.04083898 0.15713660
75.07507508 0.03732432 0.15001166
76.07607608 0.03516721 0.13923251
77.07707708 0.03328735 0.13435800
78.07807808 0.03055332 0.12512662
79.07907908 0.02922850 0.12846492
80.08008008 0.02779965 0.12347816
81.08108108 0.02561694 0.11478455
82.08208208 0.02702552 0.11738807
83.08308308 0.02884480 0.12340158
84.08408408 0.02794508 0.12111307
85.08508509 0.02164503 0.09557561
86.08608609 0.02142260 0.09610173
87.08708709 0.02100395 0.10246598
88.08808809 0.01901650 0.08888739
89.08908909 0.01844296 0.08677557
90.09009009 0.02061103 0.09841674
91.09109109 0.02044781 0.10442140
92.09209209 0.02149072 0.11154538
93.09309309 0.02253120 0.11404432
94.09409409 0.02088065 0.10868134
95.09509510 0.01892427 0.10082506
96.09609610 0.02014790 0.10501034
97.09709710 0.01938482 0.10216021
98.09809810 0.02187410 0.11261284
99.09909910 0.02134689 0.10934665
100.10010010 0.02056386 0.10541610
101.10110110 0.01783199 0.09444729
102.10210210 0.01798772 0.09285914
103.10310310 0.01687227 0.08708471
104.10410410 0.01976300 0.09826476
105.10510511 0.01711506 0.09046136
106.10610611 0.01729526 0.09032167
107.10710711 0.01733184 0.08633171
108.10810811 0.01506591 0.07548026
109.10910911 0.01463939 0.07181272
110.11011011 0.01422949 0.06500284
111.11111111 0.01466133 0.06727954
112.11211211 0.01576230 0.07842652
113.11311311 0.01610555 0.07980365
114.11411411 0.01496281 0.07354818
115.11511512 0.01415996 0.07021249
116.11611612 0.01284602 0.06525680
117.11711712 0.01149734 0.06078978
118.11811812 0.01062465 0.05546296
119.11911912 0.01097055 0.05656868
120.12012012 0.01046541 0.05301686
121.12112112 0.01128101 0.05643012
122.12212212 0.01154294 0.06812673
123.12312312 0.01125908 0.06604571
124.12412412 0.01099569 0.06531790
125.12512513 0.01192473 0.07073796
126.12612613 0.01143518 0.06988920
127.12712713 0.01272767 0.07895366
128.12812813 0.01221342 0.07815464
129.12912913 0.01061253 0.05917403
130.13013013 0.01001360 0.04992379
131.13113113 0.00895432 0.04414345
132.13213213 0.00892814 0.04193707
133.13313313 0.00865233 0.03895460
134.13413413 0.00947509 0.04748054
135.13513514 0.00927411 0.04477596
136.13613614 0.01021783 0.05147447
137.13713714 0.00936253 0.04815182
138.13813814 0.00895634 0.04922636
139.13913914 0.00825611 0.04658461
140.14014014 0.00778029 0.04533951
141.14114114 0.00789708 0.04541035
142.14214214 0.00826470 0.04630313
143.14314314 0.00764017 0.04459857
144.14414414 0.00701621 0.04225308
145.14514515 0.00992907 0.06555532
146.14614615 0.01123962 0.07171539
147.14714715 0.01084375 0.07225963
148.14814815 0.00999410 0.07002873
149.14914915 0.01176375 0.07699233
150.15015015 0.01095821 0.07421073
151.15115115 0.00907964 0.06284391
152.15215215 0.00877724 0.06047065
153.15315315 0.00853346 0.05785706
154.15415415 0.00844746 0.05549941
155.15515516 0.00823936 0.05398136
156.15615616 0.00779156 0.05217839
157.15715716 0.00756634 0.05202384
158.15815816 0.00924285 0.06540811
159.15915916 0.00978122 0.05745575
160.16016016 0.00991891 0.05694195
161.16116116 0.00921345 0.05402936
162.16216216 0.00866840 0.05096721
163.16316316 0.00787670 0.04710060
164.16416416 0.01019385 0.06910194
165.16516517 0.01173572 0.07898801
166.16616617 0.01281300 0.08587027
167.16716717 0.01112938 0.07427387
168.16816817 0.01191943 0.08001122
169.16916917 0.01172641 0.07847095
170.17017017 0.01219950 0.08322536
171.17117117 0.01465170 0.09655379
172.17217217 0.01318261 0.08650638
173.17317317 0.01313605 0.08481834
174.17417417 0.01311875 0.08338874
175.17517518 0.01292336 0.07989725
176.17617618 0.01206766 0.07335558
177.17717718 0.01090928 0.06710714
178.17817818 0.01019046 0.06137568
179.17917918 0.00976143 0.06268934
180.18018018 0.01127901 0.07451245
181.18118118 0.00631782 0.03501981
182.18218218 0.01113013 0.06686622
183.18318318 0.01291201 0.07994983
184.18418418 0.01228140 0.07801011
185.18518519 0.01303145 0.08028722
186.18618619 0.01338722 0.08163350
187.18718719 0.01308547 0.07964554
188.18818819 0.01317141 0.07991596
189.18918919 0.01237950 0.07749611
190.19019019 0.01140574 0.07282076
191.19119119 0.00880698 0.05053078
192.19219219 0.00835295 0.04809223
193.19319319 0.00735140 0.04503328
194.19419419 0.00666474 0.04109286
195.19519520 0.00787991 0.05595003
196.19619620 0.00611836 0.04391259
197.19719720 0.00607356 0.04286962
198.19819820 0.00574179 0.04001331
199.19919920 0.00509505 0.03820689
200.20020020 0.00395142 0.01918523
201.20120120 0.00425701 0.02490947
202.20220220 0.00467764 0.02674526
203.20320320 0.00455181 0.02666042
204.20420420 0.00544514 0.03714152
205.20520521 0.00610602 0.03774124
206.20620621 0.00677195 0.03989658
207.20720721 0.00673259 0.03958683
208.20820821 0.00594880 0.03292514
209.20920921 0.00896741 0.06047431
210.21021021 0.01051325 0.07049340
211.21121121 0.01003942 0.06736346
212.21221221 0.01104560 0.07318276
213.21321321 0.01058868 0.07169096
214.21421421 0.01215241 0.07983017
215.21521522 0.01395056 0.09009558
216.21621622 0.01241199 0.08430595
217.21721722 0.01224237 0.08168113
218.21821822 0.01159015 0.07926867
219.21921922 0.01173230 0.07999441
220.22022022 0.01245113 0.08571347
221.22122122 0.01210326 0.08235670
222.22222222 0.01182570 0.07808938
223.22322322 0.00982156 0.06481604
224.22422422 0.00695426 0.03382369
225.22522523 0.00852886 0.05017869
226.22622623 0.00842757 0.04829119
227.22722723 0.00936426 0.05972275
228.22822823 0.01012187 0.06319061
229.22922923 0.00960968 0.06068262
230.23023023 0.00735479 0.04297929
231.23123123 0.00677682 0.03932517
232.23223223 0.00681034 0.03725379
233.23323323 0.00723110 0.03608934
234.23423423 0.00696957 0.03202742
235.23523524 0.00726075 0.03267397
236.23623624 0.00942208 0.05706933
237.23723724 0.01020830 0.06169298
238.23823824 0.01203569 0.07649004
239.23923924 0.01364874 0.08865299
240.24024024 0.01312623 0.08554636
241.24124124 0.01397363 0.09035829
242.24224224 0.01393408 0.08942238
243.24324324 0.01390155 0.08714305
244.24424424 0.01474346 0.09158272
245.24524525 0.01402670 0.08960901
246.24624625 0.01363679 0.08752593
247.24724725 0.01216926 0.08009444
248.24824825 0.01266022 0.07772506
249.24924925 0.01071407 0.06598119
250.25025025 0.01037458 0.06061601
251.25125125 0.01026776 0.05978687
252.25225225 0.01176587 0.06796590
253.25325325 0.01123684 0.06468659
254.25425425 0.01116147 0.06597099
255.25525526 0.01081572 0.06518968
256.25625626 0.01027811 0.06066958
257.25725726 0.01017323 0.05914274
258.25825826 0.01044861 0.06255098
259.25925926 0.01016600 0.05978154
260.26026026 0.01116782 0.06709285
261.26126126 0.01253103 0.07537896
262.26226226 0.01151220 0.07109740
263.26326326 0.01239813 0.07742425
264.26426426 0.01157706 0.07373065
265.26526527 0.01156175 0.07270553
266.26626627 0.00904051 0.05679619
267.26726727 0.01010975 0.06645109
268.26826827 0.01517594 0.09224029
269.26926927 0.01363031 0.08577452
270.27027027 0.01530526 0.09111210
271.27127127 0.01644418 0.09211072
272.27227227 0.01713163 0.08992716
273.27327327 0.01327064 0.06763341
274.27427427 0.01268471 0.06611530
275.27527528 0.01322253 0.06878821
276.27627628 0.01413743 0.06934186
277.27727728 0.01246222 0.06237830
278.27827828 0.01535445 0.08241257
279.27927928 0.02054546 0.11059088
280.28028028 0.02111657 0.10789528
281.28128128 0.02035873 0.10497809
282.28228228 0.01939302 0.10212738
283.28328328 0.02127258 0.10961023
284.28428428 0.02010863 0.10596870
285.28528529 0.02046639 0.10521483
286.28628629 0.01826487 0.09356001
287.28728729 0.02125494 0.10661265
288.28828829 0.02009374 0.10278463
289.28928929 0.01708063 0.08935536
290.29029029 0.02056556 0.10505773
291.29129129 0.02013890 0.10333623
292.29229229 0.01780107 0.09325894
293.29329329 0.01657663 0.08985930
294.29429429 0.01849135 0.09685462
295.29529530 0.01653581 0.08542089
296.29629630 0.01652469 0.08465094
297.29729730 0.01379995 0.07330988
298.29829830 0.01214966 0.06609743
299.29929930 0.01305629 0.07253917
300.30030030 0.01124680 0.06309812
301.30130130 0.01016032 0.05946045
302.30230230 0.01098426 0.06630584
303.30330330 0.00974635 0.05878293
304.30430430 0.00842365 0.05012932
305.30530531 0.00827540 0.04839944
306.30630631 0.00857328 0.04780297
307.30730731 0.00785913 0.04413843
308.30830831 0.00762113 0.04256646
309.30930931 0.00733649 0.04057763
310.31031031 0.00717480 0.04148310
311.31131131 0.00877508 0.05333135
312.31231231 0.00753029 0.04279135
313.31331331 0.00850717 0.05823097
314.31431431 0.01202845 0.08207728
315.31531532 0.01108599 0.07193444
316.31631632 0.01090288 0.06980718
317.31731732 0.01013616 0.06661346
318.31831832 0.00925225 0.06292854
319.31931932 0.00848427 0.06073508
320.32032032 0.00915413 0.06867253
321.32132132 0.00907653 0.06960349
322.32232232 0.00994420 0.07489674
323.32332332 0.00813878 0.06153937
324.32432432 0.00786346 0.06060892
325.32532533 0.00673786 0.05221784
326.32632633 0.00896764 0.06493862
327.32732733 0.01067755 0.07311271
328.32832833 0.01081869 0.07065546
329.32932933 0.01088276 0.07285313
330.33033033 0.01047379 0.07270495
331.33133133 0.01218002 0.08362968
332.33233233 0.01166560 0.07889024
333.33333333 0.01338535 0.09051518
334.33433433 0.01435684 0.09240216
335.33533534 0.01523037 0.09758293
336.33633634 0.01908071 0.11312736
337.33733734 0.02039767 0.11493035
338.33833834 0.02364362 0.12743438
339.33933934 0.02200661 0.12126667
340.34034034 0.02359558 0.12599429
341.34134134 0.02220452 0.11550353
342.34234234 0.02232697 0.11488438
343.34334334 0.01847966 0.09410174
344.34434434 0.01707547 0.08873606
345.34534535 0.01465062 0.07698517
346.34634635 0.01518859 0.08272843
347.34734735 0.01275395 0.06969524
348.34834835 0.01387926 0.07791687
349.34934935 0.01413463 0.07992071
350.35035035 0.01382679 0.08080379
351.35135135 0.01472753 0.08106421
352.35235235 0.01615802 0.09132311
353.35335335 0.01573962 0.08989844
354.35435435 0.01591089 0.08810213
355.35535536 0.01367154 0.07511098
356.35635636 0.01307488 0.07132544
357.35735736 0.01267532 0.07113251
358.35835836 0.01365147 0.07924206
359.35935936 0.01214597 0.07355744
360.36036036 0.01044458 0.06020769
361.36136136 0.01103750 0.06543830
362.36236236 0.01213123 0.07646096
363.36336336 0.01363740 0.08175842
364.36436436 0.01461192 0.09048697
365.36536537 0.01396607 0.08999773
366.36636637 0.01708398 0.10268588
367.36736737 0.01653627 0.09903851
368.36836837 0.02183049 0.11830674
369.36936937 0.02117362 0.11501362
370.37037037 0.02203656 0.11576537
371.37137137 0.02208998 0.10973084
372.37237237 0.01918547 0.09805165
373.37337337 0.01762026 0.09016573
374.37437437 0.01728687 0.08723034
375.37537538 0.01619424 0.08321840
376.37637638 0.01415371 0.07660791
377.37737738 0.01456156 0.07742266
378.37837838 0.01520522 0.08470227
379.37937938 0.01434519 0.07611001
380.38038038 0.01368556 0.07357776
381.38138138 0.01257436 0.07028730
382.38238238 0.01327568 0.07867802
383.38338338 0.01260370 0.07512047
384.38438438 0.01228394 0.07171552
385.38538539 0.01038632 0.06493425
386.38638639 0.00848642 0.04289022
387.38738739 0.01042766 0.05813258
388.38838839 0.00928314 0.05270940
389.38938939 0.00834785 0.04947114
390.39039039 0.00775142 0.04747251
391.39139139 0.00774287 0.04624725
392.39239239 0.00670911 0.03151693
393.39339339 0.00655032 0.03037284
394.39439439 0.00629354 0.02736971
395.39539540 0.00846468 0.05273529
396.39639640 0.01082024 0.06983920
397.39739740 0.00887365 0.05665302
398.39839840 0.00950964 0.06053392
399.39939940 0.01078067 0.06912008
400.40040040 0.01326421 0.08155675
401.40140140 0.01188624 0.07638049
402.40240240 0.01299235 0.07932934
403.40340340 0.01179648 0.07009531
404.40440440 0.01125172 0.06699065
405.40540541 0.01237034 0.07639052
406.40640641 0.01175132 0.07321249
407.40740741 0.01002620 0.06508811
408.40840841 0.00942875 0.06251054
409.40940941 0.00832419 0.05790233
410.41041041 0.00935305 0.06578431
411.41141141 0.00936091 0.06386728
412.41241241 0.01101492 0.07464542
413.41341341 0.01074344 0.07334558
414.41441441 0.01015749 0.07145162
415.41541542 0.01104325 0.07491703
416.41641642 0.01172366 0.07968472
417.41741742 0.01040970 0.07371925
418.41841842 0.00982477 0.06710000
419.41941942 0.00915739 0.06375517
420.42042042 0.00987032 0.06782613
421.42142142 0.00956402 0.06656616
422.42242242 0.00896204 0.06300702
423.42342342 0.00714839 0.05211504
424.42442442 0.00865205 0.06622604
425.42542543 0.00770030 0.05718604
426.42642643 0.01235794 0.08593242
427.42742743 0.01218257 0.08408236
428.42842843 0.01216499 0.08110730
429.42942943 0.01062777 0.07102975
430.43043043 0.01050007 0.06992924
431.43143143 0.00978275 0.06766985
432.43243243 0.01046307 0.07460835
433.43343343 0.00989579 0.07400286
434.43443443 0.00964991 0.07346772
435.43543544 0.00956507 0.07557608
436.43643644 0.00779421 0.06051776
437.43743744 0.00692149 0.05332914
438.43843844 0.00567082 0.04103439
439.43943944 0.00568008 0.03957091
440.44044044 0.00679366 0.04779382
441.44144144 0.00784449 0.05242868
442.44244244 0.00939958 0.06527246
443.44344344 0.00879436 0.05588035
444.44444444 0.00813844 0.05050028
445.44544545 0.00946708 0.05998833
446.44644645 0.01050907 0.06772927
447.44744745 0.01007493 0.06386103
448.44844845 0.01029628 0.06488380
449.44944945 0.01043592 0.06614153
450.45045045 0.01303337 0.08078787
451.45145145 0.01267857 0.07651582
452.45245245 0.01329460 0.07816752
453.45345345 0.01140606 0.06731101
454.45445445 0.01003424 0.05492184
455.45545546 0.00878346 0.04656740
456.45645646 0.01055673 0.06419825
457.45745746 0.01071519 0.06382865
458.45845846 0.01174688 0.07317201
459.45945946 0.01243350 0.07680287
460.46046046 0.01416075 0.08584226
461.46146146 0.01582050 0.09446827
462.46246246 0.01474226 0.08545792
463.46346346 0.01361865 0.08144524
464.46446446 0.01612030 0.09388416
465.46546547 0.01260291 0.07460808
466.46646647 0.01361136 0.07928885
467.46746747 0.01262362 0.07441665
468.46846847 0.01235748 0.07336100
469.46946947 0.01267611 0.07318404
470.47047047 0.01164378 0.07260501
471.47147147 0.01097262 0.06836460
472.47247247 0.01267410 0.07867590
473.47347347 0.01347359 0.08532751
474.47447447 0.01488509 0.09430954
475.47547548 0.01866284 0.10730248
476.47647648 0.01957697 0.10875681
477.47747748 0.01726855 0.09776733
478.47847848 0.01563873 0.09116620
479.47947948 0.01585073 0.09236624
480.48048048 0.01570852 0.08989448
481.48148148 0.01484947 0.08520072
482.48248248 0.01291391 0.07837134
483.48348348 0.01294865 0.08409922
484.48448448 0.01022900 0.06796460
485.48548549 0.00831658 0.05347711
486.48648649 0.00843432 0.05200155
487.48748749 0.00776701 0.04942948
488.48848849 0.00567066 0.02761891
489.48948949 0.00888522 0.06009798
490.49049049 0.00853400 0.05869649
491.49149149 0.00802018 0.05106969
492.49249249 0.01121471 0.07539391
493.49349349 0.01056337 0.07229506
494.49449449 0.01171920 0.07926506
495.49549550 0.01419174 0.09060777
496.49649650 0.01251268 0.08443061
497.49749750 0.01111956 0.07825044
498.49849850 0.00931276 0.06550489
499.49949950 0.00918017 0.06248499
500.50050050 0.00777547 0.05582111
501.50150150 0.00761054 0.05454702
502.50250250 0.00709383 0.05297225
503.50350350 0.00712192 0.05135757
504.50450450 0.00499027 0.02289493
505.50550551 0.00661207 0.04585306
506.50650651 0.00606285 0.03872505
507.50750751 0.00757198 0.05598692
508.50850851 0.00754863 0.05557849
509.50950951 0.00699251 0.05065850
510.51051051 0.00569454 0.04115748
511.51151151 0.00521964 0.03860842
512.51251251 0.00698717 0.05715898
513.51351351 0.00699286 0.05678383
514.51451451 0.00650434 0.05202367
515.51551552 0.00644627 0.05046260
516.51651652 0.00715166 0.05248545
517.51751752 0.00695647 0.05163316
518.51851852 0.00724103 0.05118526
519.51951952 0.00703584 0.04901005
520.52052052 0.01033516 0.07571005
521.52152152 0.01013187 0.07585377
522.52252252 0.01139806 0.08291271
523.52352352 0.00935289 0.06872960
524.52452452 0.01125205 0.08105572
525.52552553 0.01228740 0.08596535
526.52652653 0.01065585 0.07789376
527.52752753 0.00839950 0.05763509
528.52852853 0.00946671 0.06449346
529.52952953 0.01081360 0.07340391
530.53053053 0.01115693 0.07798625
531.53153153 0.01137535 0.07951231
532.53253253 0.01054969 0.07507229
533.53353353 0.00873829 0.06084998
534.53453453 0.00819741 0.05824565
535.53553554 0.00760569 0.05595135
536.53653654 0.00997698 0.07949973
537.53753754 0.01034438 0.07864805
538.53853854 0.01281716 0.09320078
539.53953954 0.01275888 0.08737381
540.54054054 0.00976898 0.06984915
541.54154154 0.00945603 0.07038185
542.54254254 0.00865765 0.06602440
543.54354354 0.00802387 0.06413686
544.54454454 0.00961882 0.07401584
545.54554555 0.00964988 0.06620581
546.54654655 0.01300488 0.08825531
547.54754755 0.01202966 0.08359514
548.54854855 0.01188118 0.08145334
549.54954955 0.01278278 0.08879316
550.55055055 0.01029687 0.07411213
551.55155155 0.00878263 0.05926650
552.55255255 0.01022428 0.07077189
553.55355355 0.01040092 0.07272771
554.55455455 0.01037554 0.07357938
555.55555556 0.01191114 0.08441731
556.55655656 0.01339005 0.09281553
557.55755756 0.01356612 0.08840559
558.55855856 0.01525807 0.09432159
559.55955956 0.01581210 0.09376797
560.56056056 0.01177157 0.07379408
561.56156156 0.01158527 0.07392699
562.56256256 0.01068648 0.06682050
563.56356356 0.01047749 0.06357320
564.56456456 0.01021916 0.06014100
565.56556557 0.01161766 0.06815686
566.56656657 0.01028130 0.06148649
567.56756757 0.00918824 0.05600891
568.56856857 0.01034204 0.06700711
569.56956957 0.00934126 0.06297071
570.57057057 0.00786206 0.05713088
571.57157157 0.00695658 0.05232433
572.57257257 0.00687759 0.05160435
573.57357357 0.00657641 0.04951235
574.57457457 0.00654917 0.04823506
575.57557558 0.00773407 0.05585653
576.57657658 0.00766145 0.05535123
577.57757758 0.00605754 0.04509908
578.57857858 0.00589379 0.04151192
579.57957958 0.00780969 0.05747916
580.58058058 0.00728643 0.05293150
581.58158158 0.00665029 0.04874441
582.58258258 0.00435273 0.02266037
583.58358358 0.00400934 0.02099413
584.58458458 0.00379931 0.02127236
585.58558559 0.00414941 0.02561407
586.58658659 0.00470999 0.03023496
587.58758759 0.00445688 0.02854737
588.58858859 0.00431501 0.02717554
589.58958959 0.00605896 0.05153452
590.59059059 0.00787814 0.06375105
591.59159159 0.00700645 0.05820389
592.59259259 0.00694614 0.05648659
593.59359359 0.01236983 0.09253108
594.59459459 0.01251231 0.09278508
595.59559560 0.01190529 0.08566200
596.59659660 0.01132532 0.08385468
597.59759760 0.00952386 0.07320310
598.59859860 0.00976096 0.07135928
599.59959960 0.01132851 0.07933920
600.60060060 0.01168330 0.08083725
601.60160160 0.01049322 0.07186561
602.60260260 0.01024896 0.07247561
603.60360360 0.01425627 0.09146330
604.60460460 0.01380308 0.08604779
605.60560561 0.01231595 0.07624856
606.60660661 0.01051821 0.06592142
607.60760761 0.00998498 0.06137642
608.60860861 0.01037227 0.06632437
609.60960961 0.00962059 0.06228417
610.61061061 0.01031707 0.06858039
611.61161161 0.00956286 0.06584269
612.61261261 0.00713510 0.04630127
613.61361361 0.00687270 0.04588683
614.61461461 0.00698118 0.04664920
615.61561562 0.00878632 0.05965520
616.61661662 0.01060863 0.07262272
617.61761762 0.01368440 0.08503466
618.61861862 0.01539638 0.09670755
619.61961962 0.01309138 0.07782013
620.62062062 0.01257467 0.07705039
621.62162162 0.01138370 0.07154719
622.62262262 0.01046996 0.06792300
623.62362362 0.00980047 0.06424434
624.62462462 0.00934962 0.06238346
625.62562563 0.00900974 0.06437470
626.62662663 0.01035572 0.07421859
627.62762763 0.01059264 0.07468638
628.62862863 0.01396205 0.09011304
629.62962963 0.01198404 0.07839686
630.63063063 0.01232585 0.08242673
631.63163163 0.01069576 0.07371643
632.63263263 0.00994524 0.07013374
633.63363363 0.01056633 0.07037489
634.63463463 0.01165147 0.07605029
635.63563564 0.01194324 0.07570938
636.63663664 0.01390791 0.08691617
637.63763764 0.01290898 0.08174170
638.63863864 0.01247037 0.07929618
639.63963964 0.01348726 0.08437079
640.64064064 0.01342504 0.08335015
641.64164164 0.01079458 0.06669993
642.64264264 0.01039136 0.06579557
643.64364364 0.01151851 0.07518773
644.64464464 0.01252997 0.07838566
645.64564565 0.01333689 0.08447133
646.64664665 0.01270715 0.08406315
647.64764765 0.01114925 0.07891567
648.64864865 0.01080352 0.07957197
649.64964965 0.01343243 0.09247917
650.65065065 0.01284918 0.08779461
651.65165165 0.01219307 0.08593943
652.65265265 0.01289230 0.09013275
653.65365365 0.01218184 0.08788825
654.65465465 0.01281223 0.08981519
655.65565566 0.01207498 0.08503837
656.65665666 0.01096297 0.07706356
657.65765766 0.00929030 0.06055881
658.65865866 0.00941600 0.05980643
659.65965966 0.01121145 0.07038824
660.66066066 0.01006918 0.06410689
661.66166166 0.01122692 0.07055505
662.66266266 0.01124407 0.07254122
663.66366366 0.01053820 0.07060693
664.66466466 0.01170345 0.07828377
665.66566567 0.01196284 0.08101976
666.66666667 0.01125801 0.07756498
667.66766767 0.01024085 0.07252652
668.66866867 0.00959775 0.06335009
669.66966967 0.00862414 0.05740463
670.67067067 0.00704806 0.04581026
671.67167167 0.00829683 0.05818269
672.67267267 0.00804318 0.05471315
673.67367367 0.00803029 0.05338743
674.67467467 0.00809533 0.05079175
675.67567568 0.00742111 0.04576123
676.67667668 0.00646941 0.03310839
677.67767768 0.00629590 0.03095846
678.67867868 0.00569113 0.02751133
679.67967968 0.00514975 0.02411685
680.68068068 0.00460858 0.02144407
681.68168168 0.00629261 0.04579347
682.68268268 0.00581728 0.04426646
683.68368368 0.00400441 0.01736981
684.68468468 0.00561313 0.04621767
685.68568569 0.00544427 0.04890937
686.68668669 0.00515467 0.04718472
687.68768769 0.00704617 0.06368646
688.68868869 0.00920207 0.07848967
689.68968969 0.01102242 0.09016303
690.69069069 0.01263781 0.09796829
691.69169169 0.01348720 0.09950780
692.69269269 0.01572312 0.10829810
693.69369369 0.01485120 0.10382916
694.69469469 0.01825670 0.11671104
695.69569570 0.01683806 0.10912485
696.69669670 0.01688740 0.10938525
697.69769770 0.01727762 0.10921127
698.69869870 0.01580988 0.10089105
699.69969970 0.01270708 0.08220205
700.70070070 0.01337255 0.08027892
701.70170170 0.01438375 0.08879681
702.70270270 0.01307838 0.08232874
703.70370370 0.01626302 0.09952088
704.70470470 0.01855717 0.10868784
705.70570571 0.01593048 0.09757687
706.70670671 0.01567686 0.09306429
707.70770771 0.01446985 0.08814429
708.70870871 0.01238971 0.07374020
709.70970971 0.01147075 0.06964333
710.71071071 0.01381321 0.08491655
711.71171171 0.01278429 0.07860569
712.71271271 0.01592286 0.09553746
713.71371371 0.01547123 0.09414624
714.71471471 0.01758823 0.10107009
715.71571572 0.01611278 0.09649178
716.71671672 0.01715244 0.10413121
717.71771772 0.01669993 0.10387325
718.71871872 0.01417000 0.09044803
719.71971972 0.01414292 0.09271324
720.72072072 0.01447091 0.09373998
721.72172172 0.01306305 0.08469459
722.72272272 0.01389395 0.09224025
723.72372372 0.01342574 0.09016589
724.72472472 0.01251226 0.08666236
725.72572573 0.01279383 0.08403404
726.72672673 0.01220006 0.08165014
727.72772773 0.01146442 0.07841621
728.72872873 0.01122187 0.07661717
729.72972973 0.00976613 0.06705451
730.73073073 0.01066420 0.07106687
731.73173173 0.01012898 0.06979740
732.73273273 0.00922002 0.06142888
733.73373373 0.00870026 0.05898178
734.73473473 0.00987772 0.06557033
735.73573574 0.01361328 0.09031809
736.73673674 0.01446120 0.09423857
737.73773774 0.02049107 0.11539262
738.73873874 0.02011148 0.11433585
739.73973974 0.01976728 0.11361420
740.74074074 0.01677712 0.09840130
741.74174174 0.01598174 0.09489472
742.74274274 0.02203331 0.11948548
743.74374374 0.02178747 0.11766301
744.74474474 0.02170975 0.11558690
745.74574575 0.02538648 0.13143019
746.74674675 0.02553141 0.13421885
747.74774775 0.02521545 0.13066552
748.74874875 0.02596958 0.13444275
749.74974975 0.02249472 0.12088427
750.75075075 0.02129024 0.11626417
751.75175175 0.02166864 0.11589994
752.75275275 0.02041339 0.11176801
753.75375375 0.01797501 0.10017804
754.75475475 0.01748045 0.09838471
755.75575576 0.01833245 0.10427361
756.75675676 0.01985250 0.10928798
757.75775776 0.01917754 0.10656696
758.75875876 0.01989102 0.10950645
759.75975976 0.01978436 0.11060223
760.76076076 0.01906500 0.10802137
761.76176176 0.01823112 0.10612089
762.76276276 0.01381967 0.08747110
763.76376376 0.01377138 0.08738927
764.76476476 0.01303595 0.08555068
765.76576577 0.01422850 0.09077709
766.76676677 0.01252636 0.08481928
767.76776777 0.01156528 0.07520316
768.76876877 0.01130158 0.07505817
769.76976977 0.01151078 0.07663509
770.77077077 0.01279507 0.08466921
771.77177177 0.01304560 0.08535417
772.77277277 0.01271951 0.08454883
773.77377377 0.01175593 0.08084871
774.77477477 0.01347872 0.09045954
775.77577578 0.01511743 0.09853176
776.77677678 0.01704181 0.10734671
777.77777778 0.01807203 0.10994069
778.77877878 0.01560135 0.09941108
779.77977978 0.01509685 0.09691823
780.78078078 0.01931758 0.11584640
781.78178178 0.01239396 0.08053802
782.78278278 0.01172043 0.07801573
783.78378378 0.01101485 0.07418230
784.78478478 0.01221892 0.08263580
785.78578579 0.01427748 0.09279188
786.78678679 0.01907356 0.11389865
787.78778779 0.02052557 0.12084426
788.78878879 0.01933845 0.11844685
789.78978979 0.01673671 0.10324675
790.79079079 0.01460156 0.09485781
791.79179179 0.01242860 0.08348873
792.79279279 0.01214609 0.08112077
793.79379379 0.01525851 0.10010752
794.79479479 0.01395651 0.09205693
795.79579580 0.01118671 0.08010794
796.79679680 0.01387311 0.09176978
797.79779780 0.01333854 0.08986187
798.79879880 0.01123020 0.07459357
799.79979980 0.01442086 0.09245572
800.80080080 0.01363418 0.08838413
801.80180180 0.01501215 0.09442332
802.80280280 0.01437600 0.09269365
803.80380380 0.01517211 0.09213682
804.80480480 0.01597281 0.09489793
805.80580581 0.01419751 0.08632249
806.80680681 0.01499291 0.08756995
807.80780781 0.01217779 0.07412275
808.80880881 0.01152631 0.07092763
809.80980981 0.01087697 0.06701541
810.81081081 0.01040184 0.06537024
811.81181181 0.00874010 0.05650785
812.81281281 0.00819962 0.05574635
813.81381381 0.00690014 0.04750768
814.81481481 0.00685448 0.04633023
815.81581582 0.01053164 0.07268991
816.81681682 0.01045969 0.07285552
817.81781782 0.01178709 0.07996208
818.81881882 0.01139275 0.07843614
819.81981982 0.01093232 0.07496996
820.82082082 0.01026630 0.07277547
821.82182182 0.00870302 0.06587244
822.82282282 0.01024592 0.07618966
823.82382382 0.01165566 0.08464295
824.82482482 0.01343937 0.09538947
825.82582583 0.01089833 0.07829711
826.82682683 0.01037762 0.07555274
827.82782783 0.01016585 0.07606270
828.82882883 0.01003977 0.07669674
829.82982983 0.00969254 0.07502736
830.83083083 0.01004237 0.07992517
831.83183183 0.00991516 0.07995634
832.83283283 0.00726725 0.06132827
833.83383383 0.00888644 0.07384944
834.83483483 0.00917744 0.07327799
835.83583584 0.01200991 0.08570716
836.83683684 0.01132050 0.08311333
837.83783784 0.01300268 0.09187524
838.83883884 0.01411292 0.09525493
839.83983984 0.01417992 0.09505149
840.84084084 0.01355879 0.09253381
841.84184184 0.01463418 0.09770099
842.84284284 0.01250989 0.08522080
843.84384384 0.01195118 0.08146592
844.84484484 0.01125943 0.07764706
845.84584585 0.00980170 0.07009728
846.84684685 0.00947337 0.06818508
847.84784785 0.00969283 0.07230645
848.84884885 0.00929328 0.07112538
849.84984985 0.00886025 0.06922904
850.85085085 0.00747284 0.05482769
851.85185185 0.00713571 0.05309845
852.85285285 0.00872535 0.06735814
853.85385385 0.01231493 0.08944704
854.85485485 0.00928316 0.06737231
855.85585586 0.01089644 0.07837511
856.85685686 0.01253646 0.08753509
857.85785786 0.01300912 0.09121317
858.85885886 0.01406344 0.09603024
859.85985986 0.01308402 0.08714268
860.86086086 0.01328803 0.08614571
861.86186186 0.01088390 0.06702368
862.86286286 0.01230034 0.07808758
863.86386386 0.01011043 0.06434537
864.86486486 0.00937931 0.06081824
865.86586587 0.00876455 0.05804735
866.86686687 0.00692270 0.03736890
867.86786787 0.00638135 0.03481156
868.86886887 0.00617350 0.03482865
869.86986987 0.00626880 0.03523833
870.87087087 0.00573401 0.03331686
871.87187187 0.00744263 0.05345269
872.87287287 0.00561027 0.03255716
873.87387387 0.00764824 0.05690787
874.87487487 0.00773902 0.05749556
875.87587588 0.00841428 0.05492537
876.87687688 0.01017459 0.07172080
877.87787788 0.01168813 0.08058985
878.87887888 0.01164835 0.07962243
879.87987988 0.01256677 0.08605814
880.88088088 0.01253838 0.08269636
881.88188188 0.01281264 0.08183330
882.88288288 0.01288800 0.08071180
883.88388388 0.01393366 0.08488303
884.88488488 0.01485750 0.08991999
885.88588589 0.01377711 0.08360797
886.88688689 0.01473174 0.08857374
887.88788789 0.01386099 0.08381714
888.88888889 0.01317935 0.07984959
889.88988989 0.01104184 0.06879526
890.89089089 0.01227069 0.07877514
891.89189189 0.01361663 0.08887374
892.89289289 0.01304360 0.08631978
893.89389389 0.01424646 0.09208106
894.89489489 0.01564285 0.09787057
895.89589590 0.01488938 0.09254057
896.89689690 0.01237621 0.07809017
897.89789790 0.01300176 0.07939468
898.89889890 0.01168037 0.07403846
899.89989990 0.01065883 0.06651988
900.90090090 0.00973998 0.05965938
901.90190190 0.00916238 0.05474547
902.90290290 0.00789513 0.04769871
903.90390390 0.00799502 0.04370009
904.90490490 0.01072829 0.07208569
905.90590591 0.01187964 0.07939255
906.90690691 0.00925277 0.06272622
907.90790791 0.00859250 0.05803454
908.90890891 0.00852366 0.06381214
909.90990991 0.00984957 0.07389212
910.91091091 0.00846270 0.06355637
911.91191191 0.01000795 0.07376529
912.91291291 0.00920964 0.06568240
913.91391391 0.01076388 0.07786950
914.91491491 0.01050844 0.07746168
915.91591592 0.01023390 0.07765188
916.91691692 0.01191630 0.08444672
917.91791792 0.01170489 0.08352835
918.91891892 0.01127379 0.07871784
919.91991992 0.01176954 0.08020078
920.92092092 0.01054610 0.06653744
921.92192192 0.00946005 0.06048188
922.92292292 0.00756970 0.04906195
923.92392392 0.00873432 0.06047731
924.92492492 0.00974744 0.06783568
925.92592593 0.00885669 0.06190903
926.92692693 0.00823160 0.05833313
927.92792793 0.00849827 0.06699647
928.92892893 0.01083499 0.08821248
929.92992993 0.01456122 0.10890131
930.93093093 0.01595308 0.11191297
931.93193193 0.01236086 0.09184196
932.93293293 0.01186660 0.08945242
933.93393393 0.01480016 0.10263811
934.93493493 0.01611509 0.10415922
935.93593594 0.01400995 0.08819696
936.93693694 0.01352987 0.08648629
937.93793794 0.01295875 0.08419122
938.93893894 0.01188327 0.07656876
939.93993994 0.01170553 0.07649233
940.94094094 0.00953939 0.06180176
941.94194194 0.00878234 0.06017299
942.94294294 0.01407836 0.09033832
943.94394394 0.01324268 0.08725277
944.94494494 0.01168205 0.08128444
945.94594595 0.01105458 0.07850360
946.94694695 0.01044933 0.07616853
947.94794795 0.01017729 0.07431291
948.94894895 0.00978353 0.07112153
949.94994995 0.01095852 0.07631680
950.95095095 0.00811933 0.05427467
951.95195195 0.00766927 0.05224275
952.95295295 0.00905459 0.06571847
953.95395395 0.00710216 0.05167701
954.95495495 0.00638373 0.04915176
955.95595596 0.00760892 0.06286594
956.95695696 0.00748852 0.06248440
957.95795796 0.00686239 0.06020532
958.95895896 0.01048106 0.08520735
959.95995996 0.01159033 0.09113092
960.96096096 0.00975938 0.08257152
961.96196196 0.00955382 0.08149074
962.96296296 0.00945066 0.08004378
963.96396396 0.00995693 0.07892988
964.96496496 0.00993985 0.07869198
965.96596597 0.01174529 0.09069449
966.96696697 0.00834942 0.06571424
967.96796797 0.00818700 0.06423828
968.96896897 0.00769322 0.06114540
969.96996997 0.00954137 0.07113478
970.97097097 0.00938906 0.07121372
971.97197197 0.01065484 0.07871126
972.97297297 0.01451959 0.09965235
973.97397397 0.01507729 0.10249792
974.97497497 0.01474420 0.09578738
975.97597598 0.01404893 0.08989722
976.97697698 0.01314382 0.08606971
977.97797798 0.01147304 0.07839135
978.97897898 0.01713476 0.10618875
979.97997998 0.02037890 0.11849074
980.98098098 0.01758163 0.10622184
981.98198198 0.01338526 0.08589299
982.98298298 0.00938207 0.06614571
983.98398398 0.01097055 0.07445124
984.98498498 0.01253155 0.08523565
985.98598599 0.01226837 0.08252605
986.98698699 0.01293958 0.08547975
987.98798799 0.01334158 0.09061072
988.98898899 0.01324953 0.09042473
989.98998999 0.01433888 0.09893139
990.99099099 0.01605379 0.10802527
991.99199199 0.01661518 0.10819533
992.99299299 0.01671633 0.10691133
993.99399399 0.01659504 0.10556687
994.99499499 0.01578322 0.10276060
995.99599600 0.01841452 0.11592169
996.99699700 0.01954624 0.12023079
997.99799800 0.01857970 0.11358620
998.99899900 0.02038791 0.12360633
1000.00000000 0.01960668 0.12028424
