0.00000000 4.00000000 0.00000037
1.00050025 4.14956640 0.10631608
2.00100050 4.00482758 0.10949623
3.00150075 4.01056999 0.18475072
4.00200100 4.00692515 0.23382305
5.00250125 3.91622492 0.23029371
6.00300150 3.94147687 0.27772798
7.00350175 3.86349666 0.29913418
8.00400200 3.87943836 0.34489075
9.00450225 3.81224030 0.36441967
10.00500250 3.80186786 0.39723674
11.00550275 3.77959587 0.44442995
12.00600300 3.70935154 0.44286507
13.00650325 3.69779224 0.47555004
14.00700350 3.67850500 0.50095560
15.00750375 3.64897171 0.51286208
16.00800400 3.61091841 0.52551240
17.00850425 3.59083172 0.55472806
18.00900450 3.56836954 0.58662371
19.00950475 3.51703045 0.59225747
20.01000500 3.50327790 0.60281240
21.01050525 3.47733454 0.61379997
22.01100550 3.44942124 0.63939455
23.01150575 3.40114638 0.65619373
24.01200600 3.37170984 0.67221924
25.01250625 3.36051174 0.69577027
26.01300650 3.32754946 0.71438521
27.01350675 3.29428317 0.73401207
28.01400700 3.26995770 0.76210305
29.01450725 3.24518667 0.76286450
30.01500750 3.20914027 0.78034368
31.01550775 3.18125594 0.80476819
32.01600800 3.15789939 0.82901054
33.01650825 3.13557365 0.84458121
34.01700850 3.10702898 0.84955701
35.01750875 3.08900745 0.86231131
36.01800900 3.06208387 0.90298768
37.01850925 3.02453830 0.90752506
38.01900950 2.99909051 0.91915323
39.01950975 2.98045162 0.93740574
40.02001001 2.96069495 0.94998803
41.02051026 2.93531323 0.96390708
42.02101051 2.90866101 0.97688379
43.02151076 2.88855840 0.98854560
44.02201101 2.86185559 1.00392157
45.02251126 2.83894820 1.00448663
46.02301151 2.80087204 1.01945457
47.02351176 2.77702114 1.03022374
48.02401201 2.74531552 1.03925774
49.02451226 2.72321638 1.05219114
50.02501251 2.70040881 1.05496922
51.02551276 2.67863817 1.05901128
52.02601301 2.65494297 1.06344024
53.02651326 2.63385631 1.06280674
54.02701351 2.62374905 1.07566213
55.02751376 2.61386567 1.08538509
56.02801401 2.59216817 1.09311331
57.02851426 2.56488390 1.09996426
58.02901451 2.54612427 1.10856578
59.02951476 2.52182757 1.12515322
60.03001501 2.50524040 1.13008537
61.03051526 2.48743740 1.14424615
62.03101551 2.46109805 1.14216141
63.03151576 2.43768770 1.14589055
64.03201601 2.42427046 1.15393593
65.03251626 2.40760921 1.15707633
66.03301651 2.37830748 1.16865278
67.03351676 2.36727094 1.17414778
68.03401701 2.35690163 1.17954933
69.03451726 2.32633131 1.18585165
70.03501751 2.31460646 1.19602520
71.03551776 2.30541841 1.19987808
72.03601801 2.28464476 1.20030614
73.03651826 2.26590696 1.20609392
74.03701851 2.24857824 1.20657112
75.03751876 2.22442940 1.21371792
76.03801901 2.19968024 1.22610437
77.03851926 2.18099180 1.22881726
78.03901951 2.14723986 1.21737626
79.03951976 2.13558584 1.21988618
80.04002001 2.12736435 1.22232770
81.04052026 2.09405843 1.22170491
82.04102051 2.08323423 1.22539258
83.04152076 2.05870773 1.22737365
84.04202101 2.04279643 1.22701682
85.04252126 2.02613892 1.23324597
86.04302151 2.00355112 1.23083590
87.04352176 1.98252387 1.22583853
88.04402201 1.95202713 1.23260734
89.04452226 1.92473592 1.23081737
90.04502251 1.90355066 1.23873291
91.04552276 1.87737673 1.23982679
92.04602301 1.86495536 1.23771295
93.04652326 1.85327479 1.23986493
94.04702351 1.84241140 1.24111600
95.04752376 1.83416073 1.24417294
96.04802401 1.81544175 1.24385539
97.04852426 1.79737890 1.24902387
98.04902451 1.79079636 1.24705537
99.04952476 1.77322217 1.24872856
100.05002501 1.75859488 1.24890104
101.05052526 1.74404031 1.24889048
102.05102551 1.72427206 1.25201893
103.05152576 1.70480592 1.25135435
104.05202601 1.68482728 1.25381131
105.05252626 1.66105790 1.24916209
106.05302651 1.63446303 1.24522645
107.05352676 1.62013599 1.23802308
108.05402701 1.61165561 1.23860814
109.05452726 1.59397766 1.23673577
110.05502751 1.57565597 1.23847858
111.05552776 1.54927350 1.23520646
112.05602801 1.53318002 1.22796452
113.05652826 1.52661791 1.22876192
114.05702851 1.51081883 1.22397947
115.05752876 1.50381449 1.22166714
116.05802901 1.49029856 1.22041056
117.05852926 1.47608029 1.22415452
118.05902951 1.46452564 1.22189692
119.05952976 1.45385481 1.22738538
120.06003002 1.44475446 1.22581193
121.06053027 1.43305742 1.22478330
122.06103052 1.41331591 1.21403144
123.06153077 1.39319768 1.20677719
124.06203102 1.37856756 1.20950201
125.06253127 1.36216444 1.21062345
126.06303152 1.35023245 1.20723983
127.06353177 1.34275431 1.20426952
128.06403202 1.33152388 1.20327563
129.06453227 1.32068751 1.19978073
130.06503252 1.31591677 1.19732965
131.06553277 1.30487676 1.19398326
132.06603302 1.29195645 1.19311225
133.06653327 1.28621388 1.19155619
134.06703352 1.26740653 1.18062972
135.06753377 1.25385583 1.17923270
136.06803402 1.24303806 1.17301290
137.06853427 1.23515726 1.17320545
138.06903452 1.22000243 1.17634272
139.06953477 1.21269009 1.17014797
140.07003502 1.20300049 1.16794192
141.07053527 1.18945866 1.16498818
142.07103552 1.17972744 1.16395430
143.07153577 1.17105915 1.16738882
144.07203602 1.15493557 1.15401097
145.07253627 1.14604572 1.14943174
146.07303652 1.12332248 1.13376886
147.07353677 1.11438297 1.13210291
148.07403702 1.09724676 1.12847113
149.07453727 1.08170776 1.11807692
150.07503752 1.07205035 1.11817370
151.07553777 1.06269710 1.11862115
152.07603802 1.05131062 1.11334866
153.07653827 1.04801060 1.11524734
154.07703852 1.03645607 1.11284982
155.07753877 1.02684911 1.10464467
156.07803902 1.01538193 1.10188795
157.07853927 1.00589397 1.09550345
158.07903952 1.00025081 1.09569252
159.07953977 0.98740412 1.09050236
160.08004002 0.97199433 1.08363002
161.08054027 0.96557283 1.08247010
162.08104052 0.95074486 1.07734227
163.08154077 0.94689538 1.07984854
164.08204102 0.94064682 1.07951003
165.08254127 0.92371222 1.06877866
166.08304152 0.92270140 1.07657003
167.08354177 0.91402256 1.07350274
168.08404202 0.89906400 1.06364654
169.08454227 0.89097697 1.06054459
170.08504252 0.87690711 1.04614422
171.08554277 0.86323312 1.03863125
172.08604302 0.85016545 1.03242513
173.08654327 0.84156960 1.02553780
174.08704352 0.83414772 1.02481840
175.08754377 0.83191810 1.02628547
176.08804402 0.82922806 1.02692605
177.08854427 0.81661055 1.01518899
178.08904452 0.80521130 1.00590106
179.08954477 0.79095548 1.00132786
180.09004502 0.78082812 0.99788660
181.09054527 0.77998774 0.99998986
182.09104552 0.76718712 0.99047844
183.09154577 0.75704823 0.98245990
184.09204602 0.75037051 0.98101213
185.09254627 0.74338244 0.97638100
186.09304652 0.73812714 0.97855092
187.09354677 0.73566919 0.98039660
188.09404702 0.73266026 0.98296091
189.09454727 0.72654223 0.97696404
190.09504752 0.71643292 0.97162493
191.09554777 0.71125839 0.96781350
192.09604802 0.70212687 0.96020550
193.09654827 0.69597197 0.96571912
194.09704852 0.68279545 0.95629574
195.09754877 0.67768049 0.95060659
196.09804902 0.67319303 0.95181842
197.09854927 0.66666146 0.95150068
198.09904952 0.66505814 0.95293842
199.09954977 0.65887943 0.94770530
200.10005003 0.65277173 0.94474649
201.10055028 0.64671277 0.94222249
202.10105053 0.63429862 0.92857003
203.10155078 0.62523376 0.92499164
204.10205103 0.61567523 0.91656067
205.10255128 0.61332948 0.91870307
206.10305153 0.60496116 0.91239943
207.10355178 0.59737742 0.91215486
208.10405203 0.59114309 0.90673086
209.10455228 0.58509159 0.90300782
210.10505253 0.57524189 0.89038619
211.10555278 0.56757790 0.88772834
212.10605303 0.56387669 0.88576983
213.10655328 0.55420602 0.87375078
214.10705353 0.54126450 0.86484167
215.10755378 0.53487899 0.86110781
216.10805403 0.52857406 0.85659622
217.10855428 0.52041497 0.84965957
218.10905453 0.51681570 0.84845497
219.10955478 0.50849419 0.84228082
220.11005503 0.50381383 0.84113924
221.11055528 0.50094228 0.83972150
222.11105553 0.49962308 0.84159530
223.11155578 0.49616849 0.83890361
224.11205603 0.49986684 0.84415422
225.11255628 0.49243192 0.84162361
226.11305653 0.48286401 0.83083001
227.11355678 0.48257891 0.83143269
228.11405703 0.47655117 0.82576109
229.11455728 0.47121468 0.81912906
230.11505753 0.46718812 0.81753020
231.11555778 0.46059313 0.81257003
232.11605803 0.46397328 0.81602673
233.11655828 0.45810422 0.81581938
234.11705853 0.45371319 0.81163705
235.11755878 0.44878064 0.80842219
236.11805903 0.44391654 0.80668271
237.11855928 0.43887205 0.80411331
238.11905953 0.43136206 0.79078961
239.11955978 0.42354368 0.78559527
240.12006003 0.41774311 0.78237308
241.12056028 0.41747368 0.77435495
242.12106053 0.41353192 0.77120645
243.12156078 0.40980727 0.77116096
244.12206103 0.40571021 0.77034606
245.12256128 0.40297664 0.76673308
246.12306153 0.39881582 0.76329953
247.12356178 0.39668070 0.76122259
248.12406203 0.39044756 0.75535925
249.12456228 0.38882898 0.75602258
250.12506253 0.38357764 0.74581116
251.12556278 0.37936644 0.74481715
252.12606303 0.37646928 0.74005697
253.12656328 0.37492521 0.74194801
254.12706353 0.37301351 0.74282424
255.12756378 0.37337303 0.74262702
256.12806403 0.36377631 0.72544898
257.12856428 0.35773361 0.71440305
258.12906453 0.35317964 0.70975463
259.12956478 0.34702374 0.70221093
260.13006503 0.33946869 0.69026543
261.13056528 0.33890165 0.69067010
262.13106553 0.33796644 0.69327859
263.13156578 0.34391563 0.70218614
264.13206603 0.34173240 0.70420556
265.13256628 0.33946187 0.70289288
266.13306653 0.33786437 0.70359679
267.13356678 0.33353521 0.69835994
268.13406703 0.32877445 0.69441741
269.13456728 0.32619382 0.69615907
270.13506753 0.32248852 0.68793114
271.13556778 0.31893166 0.68621915
272.13606803 0.31280721 0.67968977
273.13656828 0.30869915 0.67510028
274.13706853 0.30477433 0.66972864
275.13756878 0.30462401 0.67132488
276.13806903 0.29864854 0.66157662
277.13856928 0.29260551 0.65601686
278.13906953 0.29006948 0.65330211
279.13956978 0.28802463 0.65101316
280.14007004 0.28805597 0.65053668
281.14057029 0.28877746 0.65375819
282.14107054 0.28615364 0.65111541
283.14157079 0.27990328 0.64371542
284.14207104 0.27913684 0.64555060
285.14257129 0.27845581 0.64593672
286.14307154 0.27468639 0.63728302
287.14357179 0.27168823 0.63558342
288.14407204 0.26890944 0.63498618
289.14457229 0.26670188 0.63214686
290.14507254 0.26494756 0.62909710
291.14557279 0.26052774 0.62553839
292.14607304 0.25907860 0.62455299
293.14657329 0.25360459 0.61107364
294.14707354 0.24856307 0.60025209
295.14757379 0.24547898 0.59797442
296.14807404 0.24659455 0.60279864
297.14857429 0.24474081 0.60659013
298.14907454 0.24005325 0.59810588
299.14957479 0.23842735 0.60044521
300.15007504 0.23585129 0.59886103
301.15057529 0.23227094 0.59147832
302.15107554 0.23167308 0.59217476
303.15157579 0.22748084 0.58684980
304.15207604 0.22418949 0.57842123
305.15257629 0.22010642 0.56596993
306.15307654 0.21870229 0.57053856
307.15357679 0.21570968 0.56047223
308.15407704 0.21475856 0.56211019
309.15457729 0.21354717 0.56281969
310.15507754 0.21059698 0.55411251
311.15557779 0.21197401 0.55630663
312.15607804 0.20909898 0.55115749
313.15657829 0.20375756 0.54294790
314.15707854 0.20136348 0.54041772
315.15757879 0.19461725 0.52768303
316.15807904 0.19181431 0.51961810
317.15857929 0.18982090 0.51400273
318.15907954 0.18948991 0.50839457
319.15957979 0.18770297 0.51047167
320.16008004 0.18392155 0.50176949
321.16058029 0.18229168 0.49601874
322.16108054 0.18279566 0.49867456
323.16158079 0.17964666 0.48906469
324.16208104 0.17689679 0.48937724
325.16258129 0.17272372 0.48171153
326.16308154 0.17076855 0.48572445
327.16358179 0.16757399 0.47241270
328.16408204 0.16289415 0.46976006
329.16458229 0.16285765 0.47105587
330.16508254 0.16034721 0.46366140
331.16558279 0.15991110 0.46511463
332.16608304 0.15997650 0.46743401
333.16658329 0.15972064 0.46518045
334.16708354 0.15710123 0.45960429
335.16758379 0.15277236 0.45012028
336.16808404 0.15059012 0.44913345
337.16858429 0.15097153 0.44755128
338.16908454 0.14846903 0.44213302
339.16958479 0.14565484 0.44443367
340.17008504 0.14411253 0.44132420
341.17058529 0.14429091 0.43974481
342.17108554 0.14330224 0.44037879
343.17158579 0.14286628 0.44117735
344.17208604 0.14285887 0.44843839
345.17258629 0.14024921 0.44650818
346.17308654 0.13734566 0.43917323
347.17358679 0.13837811 0.44253874
348.17408704 0.13729091 0.44169944
349.17458729 0.13523746 0.44106377
350.17508754 0.13241652 0.43848546
351.17558779 0.13186412 0.43652203
352.17608804 0.12971551 0.42375360
353.17658829 0.12886361 0.42114896
354.17708854 0.12727223 0.42190667
355.17758879 0.12588450 0.42229498
356.17808904 0.12346286 0.41536622
357.17858929 0.12212689 0.41496271
358.17908954 0.12094785 0.41317960
359.17958979 0.11798635 0.40529326
360.18009005 0.11674130 0.40484898
361.18059030 0.11600853 0.40762328
362.18109055 0.11555409 0.40948415
363.18159080 0.11385700 0.40104561
364.18209105 0.11378484 0.39574834
365.18259130 0.11248387 0.39806241
366.18309155 0.11131282 0.39719417
367.18359180 0.11218068 0.40136883
368.18409205 0.11209490 0.40157433
369.18459230 0.10985485 0.39364461
370.18509255 0.11038972 0.39748196
371.18559280 0.10802092 0.39136931
372.18609305 0.10649114 0.37428236
373.18659330 0.10595074 0.37067314
374.18709355 0.10556659 0.37168887
375.18759380 0.10478622 0.37142127
376.18809405 0.10426137 0.36749690
377.18859430 0.10121210 0.35309597
378.18909455 0.10052010 0.35560799
379.18959480 0.09476474 0.32714139
380.19009505 0.09519039 0.32585612
381.19059530 0.09548795 0.32560377
382.19109555 0.09290628 0.31967902
383.19159580 0.08850951 0.31138396
384.19209605 0.08649877 0.31149445
385.19259630 0.09071015 0.32012481
386.19309655 0.08961012 0.31550593
387.19359680 0.09125378 0.32579058
388.19409705 0.09107827 0.32071519
389.19459730 0.08866712 0.31501318
390.19509755 0.08580940 0.31007853
391.19559780 0.08682314 0.31594439
392.19609805 0.08613537 0.31178463
393.19659830 0.08903555 0.33332827
394.19709855 0.08772516 0.33278597
395.19759880 0.08748508 0.32853980
396.19809905 0.08365751 0.32134027
397.19859930 0.08307518 0.31761086
398.19909955 0.07923575 0.28616924
399.19959980 0.07780237 0.28473936
400.20010005 0.07776649 0.28928984
401.20060030 0.07690911 0.28130589
402.20110055 0.07650257 0.28213659
403.20160080 0.07454603 0.28018881
404.20210105 0.07409254 0.28119970
405.20260130 0.07471750 0.28212447
406.20310155 0.07349088 0.27489320
407.20360180 0.07147173 0.26778437
408.20410205 0.06969413 0.26476051
409.20460230 0.06893123 0.26580732
410.20510255 0.06794551 0.26393451
411.20560280 0.06863743 0.26004116
412.20610305 0.06771375 0.25888537
413.20660330 0.06600527 0.25328750
414.20710355 0.06585686 0.25161962
415.20760380 0.06494179 0.24815743
416.20810405 0.06615016 0.25009263
417.20860430 0.06568505 0.24980073
418.20910455 0.06549595 0.25263209
419.20960480 0.06480077 0.25063657
420.21010505 0.06707185 0.26472715
421.21060530 0.06693574 0.26273272
422.21110555 0.06679493 0.26279456
423.21160580 0.06556786 0.26158213
424.21210605 0.06419656 0.25374821
425.21260630 0.06413697 0.25104985
426.21310655 0.06385911 0.24678737
427.21360680 0.06299837 0.24761068
428.21410705 0.06265180 0.24689971
429.21460730 0.06263021 0.24448242
430.21510755 0.06278812 0.24353247
431.21560780 0.06123426 0.24272146
432.21610805 0.06060774 0.24384757
433.21660830 0.05882144 0.24002717
434.21710855 0.05819131 0.23917940
435.21760880 0.05738870 0.23720481
436.21810905 0.05661978 0.23444695
437.21860930 0.05772205 0.23590391
438.21910955 0.05721064 0.23480146
439.21960980 0.05789806 0.23611678
440.22011006 0.05651747 0.23334159
441.22061031 0.05584116 0.23046699
442.22111056 0.05492483 0.22804610
443.22161081 0.05369390 0.22610878
444.22211106 0.05332234 0.22712914
445.22261131 0.05406560 0.22756505
446.22311156 0.05299044 0.22405917
447.22361181 0.05240795 0.22131643
448.22411206 0.05130198 0.21859236
449.22461231 0.05110790 0.21814003
450.22511256 0.05117910 0.21674025
451.22561281 0.05043045 0.21453235
452.22611306 0.04940123 0.21306571
453.22661331 0.04888642 0.21109828
454.22711356 0.04738527 0.20769852
455.22761381 0.04880587 0.21127183
456.22811406 0.04797934 0.21114541
457.22861431 0.04804845 0.21504963
458.22911456 0.04796720 0.21343107
459.22961481 0.04714137 0.21266785
460.23011506 0.04843851 0.22243157
461.23061531 0.04688815 0.21226375
462.23111556 0.04583117 0.20896542
463.23161581 0.04557777 0.20665840
464.23211606 0.04552968 0.20553404
465.23261631 0.04603991 0.20514658
466.23311656 0.04526487 0.20329993
467.23361681 0.04425517 0.19790356
468.23411706 0.04283079 0.18748416
469.23461731 0.04369551 0.18954780
470.23511756 0.04314505 0.18791660
471.23561781 0.03989145 0.17049054
472.23611806 0.03858527 0.16333700
473.23661831 0.03809065 0.16140585
474.23711856 0.03798163 0.16267321
475.23761881 0.03630988 0.15635619
476.23811906 0.03593027 0.15404199
477.23861931 0.03509754 0.14973892
478.23911956 0.03429579 0.14805623
479.23961981 0.03392963 0.14712866
480.24012006 0.03381485 0.14825147
481.24062031 0.03315594 0.14325353
482.24112056 0.03344883 0.14413203
483.24162081 0.03346113 0.14631372
484.24212106 0.03312814 0.14389186
485.24262131 0.03439171 0.16076354
486.24312156 0.03385980 0.16133878
487.24362181 0.03297500 0.15427191
488.24412206 0.03210729 0.14858150
489.24462231 0.03137566 0.14813692
490.24512256 0.03112519 0.14718478
491.24562281 0.03162224 0.14643724
492.24612306 0.03147913 0.14496565
493.24662331 0.03155783 0.14441079
494.24712356 0.03137405 0.14050868
495.24762381 0.03196458 0.14065438
496.24812406 0.03270863 0.14623860
497.24862431 0.03136693 0.14195994
498.24912456 0.02890808 0.12145487
499.24962481 0.02948255 0.12493239
500.25012506 0.02930598 0.12609002
501.25062531 0.02824974 0.12128591
502.25112556 0.02734085 0.11833836
503.25162581 0.02687434 0.11721490
504.25212606 0.02463273 0.10616189
505.25262631 0.02466892 0.10506884
506.25312656 0.02385179 0.10230700
507.25362681 0.02287990 0.09933995
508.25412706 0.02267988 0.09851091
509.25462731 0.02338023 0.10123746
510.25512756 0.02320096 0.09995135
511.25562781 0.02383902 0.10325603
512.25612806 0.02300520 0.10100870
513.25662831 0.02407142 0.10388860
514.25712856 0.02307587 0.10095445
515.25762881 0.02326620 0.10407711
516.25812906 0.02334750 0.10512202
517.25862931 0.02378560 0.10688699
518.25912956 0.02396617 0.10669665
519.25962981 0.02433443 0.10967338
520.26013007 0.02495966 0.11094581
521.26063032 0.02456175 0.10701171
522.26113057 0.02376104 0.10462592
523.26163082 0.02310205 0.10106021
524.26213107 0.02180298 0.09524832
525.26263132 0.02122296 0.09174076
526.26313157 0.02075357 0.09007101
527.26363182 0.01978048 0.08795742
528.26413207 0.01982441 0.08713424
529.26463232 0.01891604 0.08434878
530.26513257 0.01843388 0.08613805
531.26563282 0.01779622 0.08388864
532.26613307 0.01733278 0.08069409
533.26663332 0.01734009 0.07989962
534.26713357 0.01740685 0.08090350
535.26763382 0.01702805 0.07792667
536.26813407 0.01675399 0.07682458
537.26863432 0.01681105 0.07699206
538.26913457 0.01664248 0.07664294
539.26963482 0.01620870 0.07527312
540.27013507 0.01616888 0.07454220
541.27063532 0.01615682 0.07436811
542.27113557 0.01672372 0.07600754
543.27163582 0.01807374 0.08168997
544.27213607 0.01773985 0.07977105
545.27263632 0.01748854 0.07873432
546.27313657 0.01889498 0.08314150
547.27363682 0.01818528 0.08152003
548.27413707 0.01747275 0.08056811
549.27463732 0.01652385 0.07479834
550.27513757 0.01613041 0.06976186
551.27563782 0.01622077 0.06906378
552.27613807 0.01711712 0.07443275
553.27663832 0.01740991 0.07730186
554.27713857 0.01706716 0.07798230
555.27763882 0.01924730 0.09414263
556.27813907 0.01872924 0.09095577
557.27863932 0.01800194 0.08371238
558.27913957 0.01743593 0.07875374
559.27963982 0.02060247 0.09211494
560.28014007 0.02162781 0.09916542
561.28064032 0.02107785 0.09507696
562.28114057 0.02167339 0.09696146
563.28164082 0.02266174 0.10612572
564.28214107 0.02260681 0.10501707
565.28264132 0.02199699 0.09879889
566.28314157 0.02154008 0.09608204
567.28364182 0.02234325 0.10264984
568.28414207 0.02229682 0.10187341
569.28464232 0.02157587 0.09574530
570.28514257 0.02008722 0.08617019
571.28564282 0.01960455 0.08609059
572.28614307 0.01779213 0.07458798
573.28664332 0.01875084 0.08210560
574.28714357 0.01862360 0.08321795
575.28764382 0.01862805 0.08311619
576.28814407 0.01827838 0.08206953
577.28864432 0.01820827 0.08566296
578.28914457 0.01570824 0.06285175
579.28964482 0.01598020 0.06379476
580.29014507 0.01818110 0.07727982
581.29064532 0.01627304 0.06334003
582.29114557 0.01581872 0.06082445
583.29164582 0.01524636 0.06011127
584.29214607 0.01440793 0.05688743
585.29264632 0.01398767 0.05529546
586.29314657 0.01383383 0.05313984
587.29364682 0.01352956 0.05102716
588.29414707 0.01350807 0.05115438
589.29464732 0.01508595 0.06136798
590.29514757 0.01508786 0.06095457
591.29564782 0.01482716 0.05874023
592.29614807 0.01508147 0.06011552
593.29664832 0.01533229 0.06707394
594.29714857 0.01484119 0.06393266
595.29764882 0.01426386 0.06015776
596.29814907 0.01381472 0.06034487
597.29864932 0.01366827 0.06121763
598.29914957 0.01314213 0.05727818
599.29964982 0.01290786 0.05573569
600.30015008 0.01282847 0.05554532
601.30065033 0.01252097 0.05352583
602.30115058 0.01188782 0.04991565
603.30165083 0.01146378 0.05029845
604.30215108 0.01222142 0.05051282
605.30265133 0.01213303 0.04925875
606.30315158 0.01204607 0.05045267
607.30365183 0.01148467 0.04881247
608.30415208 0.01064011 0.04406420
609.30465233 0.01115984 0.04612659
610.30515258 0.01136660 0.04588031
611.30565283 0.01088411 0.04424005
612.30615308 0.01103255 0.04520514
613.30665333 0.01162025 0.04754303
614.30715358 0.01102398 0.04621911
615.30765383 0.01097232 0.04625556
616.30815408 0.01109702 0.04657939
617.30865433 0.01109767 0.04655490
618.30915458 0.01118561 0.04737594
619.30965483 0.01090884 0.04691945
620.31015508 0.01057637 0.04479743
621.31065533 0.01031085 0.04317209
622.31115558 0.01008382 0.04239935
623.31165583 0.01016572 0.04477688
624.31215608 0.00990407 0.04520273
625.31265633 0.00968585 0.04424805
626.31315658 0.01007786 0.05145797
627.31365683 0.01063094 0.05254516
628.31415708 0.01126607 0.05588315
629.31465733 0.01149067 0.05971989
630.31515758 0.01091492 0.05816884
631.31565783 0.01138286 0.06610981
632.31615808 0.01174922 0.06865880
633.31665833 0.01135558 0.06264406
634.31715858 0.01076782 0.06089046
635.31765883 0.01053232 0.06515049
636.31815908 0.01029666 0.06192623
637.31865933 0.01043843 0.06339127
638.31915958 0.01079093 0.06568092
639.31965983 0.01035396 0.06441891
640.32016008 0.01045670 0.06383381
641.32066033 0.01060041 0.06490690
642.32116058 0.01140168 0.06592781
643.32166083 0.01099560 0.06453310
644.32216108 0.01100262 0.06482363
645.32266133 0.01093107 0.06478924
646.32316158 0.01065040 0.06443363
647.32366183 0.01042128 0.06255794
648.32416208 0.01080722 0.06289662
649.32466233 0.01093521 0.06273623
650.32516258 0.01113445 0.06382866
651.32566283 0.01098887 0.06292747
652.32616308 0.01084025 0.06238645
653.32666333 0.01091755 0.06269384
654.32716358 0.01129062 0.06384803
655.32766383 0.01100147 0.06260409
656.32816408 0.01081060 0.06287913
657.32866433 0.01053047 0.06254068
658.32916458 0.01159034 0.06803714
659.32966483 0.01183571 0.07043115
660.33016508 0.01141679 0.06491949
661.33066533 0.01109854 0.06423328
662.33116558 0.01064322 0.05839370
663.33166583 0.01226048 0.06474280
664.33216608 0.01394878 0.07686390
665.33266633 0.01318139 0.07152611
666.33316658 0.01333144 0.07372948
667.33366683 0.01342143 0.07598138
668.33416708 0.01327054 0.07690606
669.33466733 0.01412237 0.07903622
670.33516758 0.01294110 0.07106071
671.33566783 0.01230617 0.06719301
672.33616808 0.01240066 0.06878517
673.33666833 0.01270690 0.07201457
674.33716858 0.01253931 0.07073284
675.33766883 0.01205241 0.06756297
676.33816908 0.01168704 0.06498527
677.33866933 0.01229739 0.06861603
678.33916958 0.01229376 0.07069334
679.33966983 0.01321716 0.07612473
680.34017009 0.01383154 0.07593517
681.34067034 0.01387392 0.07611563
682.34117059 0.01379868 0.07752181
683.34167084 0.01327300 0.07331686
684.34217109 0.01440544 0.07769352
685.34267134 0.01431327 0.07855809
686.34317159 0.01404177 0.07724879
687.34367184 0.01379422 0.07328419
688.34417209 0.01481318 0.07479304
689.34467234 0.01449434 0.07357744
690.34517259 0.01439040 0.07216539
691.34567284 0.01428200 0.07200124
692.34617309 0.01422600 0.07219511
693.34667334 0.01365754 0.06977694
694.34717359 0.01346413 0.06947786
695.34767384 0.01312643 0.06886583
696.34817409 0.01504343 0.07801245
697.34867434 0.01540918 0.08214734
698.34917459 0.01417732 0.07483439
699.34967484 0.01479515 0.07764207
700.35017509 0.01534361 0.08180897
701.35067534 0.01451139 0.07676844
702.35117559 0.01352318 0.06978559
703.35167584 0.01261726 0.06356307
704.35217609 0.01377384 0.06836322
705.35267634 0.01447459 0.07202392
706.35317659 0.01442040 0.07291445
707.35367684 0.01373479 0.06896889
708.35417709 0.01385963 0.06884701
709.35467734 0.01401702 0.06945980
710.35517759 0.01350525 0.06857676
711.35567784 0.01347970 0.06865575
712.35617809 0.01631870 0.08344105
713.35667834 0.01447147 0.07467266
714.35717859 0.01401042 0.06980294
715.35767884 0.01315494 0.06296201
716.35817909 0.01450905 0.07311505
717.35867934 0.01473699 0.07343044
718.35917959 0.01481478 0.07071278
719.35967984 0.01421519 0.06730492
720.36018009 0.01382374 0.06611088
721.36068034 0.01321351 0.06317586
722.36118059 0.01289363 0.06342344
723.36168084 0.01315390 0.06604418
724.36218109 0.01339961 0.07104848
725.36268134 0.01353432 0.06935638
726.36318159 0.01296752 0.06422241
727.36368184 0.01232304 0.05996752
728.36418209 0.01186862 0.05944830
729.36468234 0.01319057 0.06599518
730.36518259 0.01399839 0.07059447
731.36568284 0.01328979 0.06971880
732.36618309 0.01409189 0.07285899
733.36668334 0.01423244 0.07278506
734.36718359 0.01383654 0.07091718
735.36768384 0.01355554 0.07161137
736.36818409 0.01323196 0.06988632
737.36868434 0.01296403 0.06804447
738.36918459 0.01433289 0.07391583
739.36968484 0.01542184 0.08003017
740.37018509 0.01752984 0.08880347
741.37068534 0.01751480 0.08963215
742.37118559 0.01701337 0.08697031
743.37168584 0.01646686 0.08134112
744.37218609 0.01451577 0.06828524
745.37268634 0.01415025 0.06615820
746.37318659 0.01336246 0.06627677
747.37368684 0.01408245 0.07076470
748.37418709 0.01484864 0.07321883
749.37468734 0.01495609 0.07592303
750.37518759 0.01442607 0.07437397
751.37568784 0.01376209 0.06966912
752.37618809 0.01300731 0.06557338
753.37668834 0.01292805 0.06549157
754.37718859 0.01218132 0.06285688
755.37768884 0.01135170 0.05930751
756.37818909 0.01106070 0.05918690
757.37868934 0.01125944 0.06294377
758.37918959 0.01195640 0.06410409
759.37968984 0.01176427 0.06362556
760.38019010 0.01117112 0.06264309
761.38069035 0.01034133 0.05715956
762.38119060 0.01043597 0.05632768
763.38169085 0.01245609 0.06703678
764.38219110 0.01252971 0.06726586
765.38269135 0.01272301 0.06937375
766.38319160 0.01285199 0.07079995
767.38369185 0.01295111 0.07090458
768.38419210 0.01294006 0.07163089
769.38469235 0.01381596 0.07670147
770.38519260 0.01457702 0.08222936
771.38569285 0.01418065 0.07934552
772.38619310 0.01606312 0.09104107
773.38669335 0.01603355 0.08914099
774.38719360 0.01464304 0.08333502
775.38769385 0.01498143 0.08726989
776.38819410 0.01421566 0.07965743
777.38869435 0.01371543 0.07495297
778.38919460 0.01497033 0.08217360
779.38969485 0.01404115 0.07930743
780.39019510 0.01360017 0.07855598
781.39069535 0.01366671 0.07966232
782.39119560 0.01349388 0.07695815
783.39169585 0.01338407 0.07649354
784.39219610 0.01584929 0.09097359
785.39269635 0.01581539 0.09099202
786.39319660 0.01808246 0.09728041
787.39369685 0.01815557 0.09786804
788.39419710 0.01798347 0.09335276
789.39469735 0.01736084 0.08937961
790.39519760 0.01689846 0.08742274
791.39569785 0.01638164 0.08511610
792.39619810 0.01648223 0.08474735
793.39669835 0.01809091 0.09216501
794.39719860 0.01783907 0.09320912
795.39769885 0.01829685 0.09493364
796.39819910 0.02132720 0.10574892
797.39869935 0.02092281 0.10020999
798.39919960 0.02083007 0.10044588
799.39969985 0.02011828 0.09624211
800.40020010 0.01896574 0.08961008
801.40070035 0.01939342 0.09052237
802.40120060 0.02102245 0.09681045
803.40170085 0.02039176 0.09509434
804.40220110 0.02095120 0.10041075
805.40270135 0.02066383 0.09914478
806.40320160 0.01864348 0.09046161
807.40370185 0.01864830 0.08849951
808.40420210 0.01947106 0.08995454
809.40470235 0.01856682 0.08718172
810.40520260 0.01760022 0.08229436
811.40570285 0.01780568 0.08011184
812.40620310 0.01775030 0.08097994
813.40670335 0.01853231 0.08424501
814.40720360 0.02045458 0.09560392
815.40770385 0.02258320 0.10528234
816.40820410 0.02306433 0.10442071
817.40870435 0.02224277 0.10186458
818.40920460 0.02102444 0.09822601
819.40970485 0.02006687 0.09214724
820.41020510 0.02033690 0.09295072
821.41070535 0.01980627 0.09280467
822.41120560 0.02044597 0.09557241
823.41170585 0.02059951 0.09681668
824.41220610 0.02070968 0.09665443
825.41270635 0.01994897 0.09384230
826.41320660 0.01801192 0.08661182
827.41370685 0.01741667 0.08450593
828.41420710 0.01815256 0.08703126
829.41470735 0.01737976 0.08650389
830.41520760 0.01665376 0.08353371
831.41570785 0.01708959 0.08343847
832.41620810 0.01830687 0.09064217
833.41670835 0.01817393 0.08861838
834.41720860 0.01743857 0.08592649
835.41770885 0.01736602 0.08709041
836.41820910 0.01742883 0.08795919
837.41870935 0.01695541 0.08581139
838.41920960 0.01673103 0.08527908
839.41970985 0.01631892 0.08507188
840.42021011 0.01584993 0.08286924
841.42071036 0.01647463 0.08787073
842.42121061 0.01783118 0.09346929
843.42171086 0.01683065 0.08900959
844.42221111 0.01700548 0.09376607
845.42271136 0.01670740 0.08898065
846.42321161 0.01641847 0.08796155
847.42371186 0.01745540 0.09147154
848.42421211 0.01692028 0.08727384
849.42471236 0.01593225 0.08198801
850.42521261 0.01640454 0.08381687
851.42571286 0.01551535 0.08021110
852.42621311 0.01547662 0.08096737
853.42671336 0.01496096 0.08351026
854.42721361 0.01513368 0.08114467
855.42771386 0.01483892 0.07992082
856.42821411 0.01440772 0.07633411
857.42871436 0.01456136 0.07599337
858.42921461 0.01416877 0.07360003
859.42971486 0.01440777 0.07509475
860.43021511 0.01415133 0.07607074
861.43071536 0.01435184 0.07727077
862.43121561 0.01436384 0.07710922
863.43171586 0.01388369 0.07557308
864.43221611 0.01316537 0.07418412
865.43271636 0.01343920 0.07513427
866.43321661 0.01352486 0.07482052
867.43371686 0.01323896 0.07599797
868.43421711 0.01253974 0.07227563
869.43471736 0.01243241 0.07229808
870.43521761 0.01263667 0.07314813
871.43571786 0.01241857 0.07134098
872.43621811 0.01218610 0.07018123
873.43671836 0.01169276 0.06849907
874.43721861 0.01184930 0.06867337
875.43771886 0.01157596 0.06728103
876.43821911 0.01095620 0.06313487
877.43871936 0.01217526 0.07316299
878.43921961 0.01214738 0.07520464
879.43971986 0.01409244 0.08863231
880.44022011 0.01409690 0.08781889
881.44072036 0.01412351 0.09026867
882.44122061 0.01441546 0.09410513
883.44172086 0.01386498 0.08796098
884.44222111 0.01317236 0.08186682
885.44272136 0.01330344 0.08258334
886.44322161 0.01383047 0.09179113
887.44372186 0.01505859 0.09662347
888.44422211 0.01662935 0.10409792
889.44472236 0.01678150 0.10433752
890.44522261 0.01695582 0.10417218
891.44572286 0.01725915 0.10400245
892.44622311 0.01898730 0.11131064
893.44672336 0.01832162 0.10714801
894.44722361 0.01764336 0.10038594
895.44772386 0.01806665 0.10227509
896.44822411 0.01880123 0.10932058
897.44872436 0.02049782 0.11721942
898.44922461 0.01934837 0.10977819
899.44972486 0.01904828 0.10683459
900.45022511 0.01782214 0.10247019
901.45072536 0.01680092 0.09782741
902.45122561 0.01646180 0.09757754
903.45172586 0.01643354 0.09757513
904.45222611 0.01674458 0.09799009
905.45272636 0.01632191 0.09806003
906.45322661 0.01649340 0.10052579
907.45372686 0.01665858 0.10064367
908.45422711 0.01641521 0.09951186
909.45472736 0.01583081 0.09727755
910.45522761 0.01548450 0.09513909
911.45572786 0.01726104 0.10296935
912.45622811 0.01713545 0.10304858
913.45672836 0.01707224 0.10198934
914.45722861 0.01768831 0.10303333
915.45772886 0.01842597 0.10482114
916.45822911 0.01870196 0.10612838
917.45872936 0.01828477 0.10233239
918.45922961 0.01818704 0.10193734
919.45972986 0.01881734 0.10277404
920.46023012 0.02018517 0.10779288
921.46073037 0.02029667 0.10944436
922.46123062 0.01973851 0.10666076
923.46173087 0.02201683 0.11254797
924.46223112 0.02243282 0.11409141
925.46273137 0.02231069 0.11481622
926.46323162 0.02237230 0.11319388
927.46373187 0.02304450 0.11337146
928.46423212 0.02363955 0.11447919
929.46473237 0.02250675 0.11001594
930.46523262 0.02244154 0.10985969
931.46573287 0.02300302 0.11316441
932.46623312 0.02286126 0.11370002
933.46673337 0.02279902 0.11319992
934.46723362 0.02188681 0.10792772
935.46773387 0.02087727 0.10200144
936.46823412 0.02062352 0.10181434
937.46873437 0.02037284 0.09884076
938.46923462 0.02149726 0.10302292
939.46973487 0.02121495 0.10207362
940.47023512 0.02118028 0.10125421
941.47073537 0.02111545 0.10073866
942.47123562 0.02058407 0.09965591
943.47173587 0.01983966 0.09831889
944.47223612 0.02107062 0.10312826
945.47273637 0.02088181 0.10338942
946.47323662 0.01994662 0.09970486
947.47373687 0.01953172 0.09749910
948.47423712 0.01931064 0.09722336
949.47473737 0.01877356 0.09408172
950.47523762 0.01864391 0.09227456
951.47573787 0.01808785 0.08935770
952.47623812 0.01749810 0.08707647
953.47673837 0.01865656 0.09060507
954.47723862 0.01767927 0.08736388
955.47773887 0.01589546 0.07976270
956.47823912 0.01704772 0.08639486
957.47873937 0.01678707 0.08670815
958.47923962 0.01530363 0.08005476
959.47973987 0.01529665 0.07952712
960.48024012 0.01488650 0.07887942
961.48074037 0.01520340 0.07938785
962.48124062 0.01636556 0.08442537
963.48174087 0.01651888 0.08648922
964.48224112 0.01591257 0.08518331
965.48274137 0.01518230 0.08222014
966.48324162 0.01500144 0.08135269
967.48374187 0.01457024 0.07878400
968.48424212 0.01447324 0.08070474
969.48474237 0.01583324 0.08620784
970.48524262 0.01685940 0.09066370
971.48574287 0.01707123 0.09299195
972.48624312 0.01674088 0.08959087
973.48674337 0.01621775 0.08472212
974.48724362 0.01618915 0.08538258
975.48774387 0.01741279 0.09329568
976.48824412 0.01755315 0.09234569
977.48874437 0.01711686 0.08578122
978.48924462 0.02090263 0.10286257
979.48974487 0.02022667 0.10252122
980.49024512 0.01970720 0.09987150
981.49074537 0.01934525 0.09700149
982.49124562 0.01866686 0.09440160
983.49174587 0.01852796 0.09503712
984.49224612 0.01841936 0.09815028
985.49274637 0.01791295 0.09354627
986.49324662 0.02027419 0.10226380
987.49374687 0.01977185 0.10188941
988.49424712 0.01924188 0.09819523
989.49474737 0.01874174 0.09622632
990.49524762 0.01829022 0.09327646
991.49574787 0.01922013 0.09911491
992.49624812 0.01850984 0.09827448
993.49674837 0.01747607 0.09318881
994.49724862 0.01889895 0.09713750
995.49774887 0.02000627 0.10123439
996.49824912 0.01833880 0.09425786
997.49874937 0.01841545 0.09361391
998.49924962 0.01837743 0.09453370
999.49974987 0.01758701 0.09033090
1000.50025013 0.01631839 0.08396982
1001.50075038 0.01495482 0.07956317
1002.50125063 0.01521843 0.08174934
1003.50175088 0.01527814 0.08189582
1004.50225113 0.01395520 0.07444155
1005.50275138 0.01375339 0.07383314
1006.50325163 0.01406405 0.07488275
1007.50375188 0.01526576 0.08070959
1008.50425213 0.01526368 0.07949197
1009.50475238 0.01425336 0.07486143
1010.50525263 0.01536728 0.08171154
1011.50575288 0.01502980 0.07987917
1012.50625313 0.01622044 0.08651025
1013.50675338 0.01586274 0.08534383
1014.50725363 0.01592670 0.08396115
1015.50775388 0.01620222 0.08661259
1016.50825413 0.01494460 0.07732743
1017.50875438 0.01431328 0.07450702
1018.50925463 0.01402448 0.07266617
1019.50975488 0.01353361 0.07099716
1020.51025513 0.01500360 0.07944146
1021.51075538 0.01461211 0.07833121
1022.51125563 0.01642079 0.08407446
1023.51175588 0.01667686 0.08475496
1024.51225613 0.01650815 0.08416490
1025.51275638 0.01765221 0.09172320
1026.51325663 0.01685718 0.08709036
1027.51375688 0.01402725 0.07234483
1028.51425713 0.01293985 0.06447319
1029.51475738 0.01327492 0.06766254
1030.51525763 0.01314313 0.06821592
1031.51575788 0.01278028 0.06599580
1032.51625813 0.01300538 0.06822873
1033.51675838 0.01346620 0.07045623
1034.51725863 0.01193724 0.06099720
1035.51775888 0.01145683 0.05793034
1036.51825913 0.01066595 0.05432534
1037.51875938 0.00996383 0.05109640
1038.51925963 0.01150943 0.06380227
1039.51975988 0.01177755 0.06696725
1040.52026013 0.01264880 0.07337078
1041.52076038 0.01226279 0.07147812
1042.52126063 0.01228060 0.07440046
1043.52176088 0.01272646 0.07742581
1044.52226113 0.01233210 0.06984308
1045.52276138 0.01109151 0.05951439
1046.52326163 0.01070031 0.05713694
1047.52376188 0.00882731 0.04240660
1048.52426213 0.00884954 0.04142036
1049.52476238 0.00808433 0.03692883
1050.52526263 0.01022078 0.05712724
1051.52576288 0.01014835 0.05654400
1052.52626313 0.01187283 0.06580471
1053.52676338 0.01188666 0.06602294
1054.52726363 0.01040861 0.05809365
1055.52776388 0.01071076 0.06112909
1056.52826413 0.01056888 0.06505760
1057.52876438 0.01083223 0.06467533
1058.52926463 0.01044943 0.05605755
1059.52976488 0.01051826 0.05510636
1060.53026513 0.01035876 0.06235270
1061.53076538 0.01026984 0.06420561
1062.53126563 0.00993623 0.05680977
1063.53176588 0.00959618 0.05232295
1064.53226613 0.01137892 0.06866430
1065.53276638 0.01120774 0.07165905
1066.53326663 0.01104623 0.07142116
1067.53376688 0.01022659 0.06518424
1068.53426713 0.01141998 0.07049342
1069.53476738 0.01183902 0.07267364
1070.53526763 0.01124765 0.06893412
1071.53576788 0.01287401 0.07984040
1072.53626813 0.01288611 0.08201281
1073.53676838 0.01255988 0.07998759
1074.53726863 0.01276281 0.08025284
1075.53776888 0.01325868 0.08380315
1076.53826913 0.01340989 0.08441403
1077.53876938 0.01273204 0.08146654
1078.53926963 0.01306862 0.08020625
1079.53976988 0.01364431 0.08445773
1080.54027014 0.01394063 0.08670653
1081.54077039 0.01336056 0.08599672
1082.54127064 0.01288283 0.08333608
1083.54177089 0.01303138 0.08543678
1084.54227114 0.01307074 0.08655521
1085.54277139 0.01313027 0.08505330
1086.54327164 0.01263109 0.08081742
1087.54377189 0.01267648 0.08261067
1088.54427214 0.01264733 0.08285300
1089.54477239 0.01342271 0.09010725
1090.54527264 0.01359605 0.09401459
1091.54577289 0.01291945 0.08769480
1092.54627314 0.01286101 0.08816108
1093.54677339 0.01189021 0.08214941
1094.54727364 0.01158117 0.07910445
1095.54777389 0.01122334 0.07640473
1096.54827414 0.01146861 0.07948695
1097.54877439 0.01080734 0.07525304
1098.54927464 0.01163374 0.07809942
1099.54977489 0.01174515 0.08066815
1100.55027514 0.01172917 0.07655358
1101.55077539 0.01179581 0.07708335
1102.55127564 0.01324893 0.08695203
1103.55177589 0.01255954 0.08243298
1104.55227614 0.01440467 0.08964395
1105.55277639 0.01483034 0.09360645
1106.55327664 0.01438054 0.09213495
1107.55377689 0.01386675 0.08950348
1108.55427714 0.01410785 0.09102020
1109.55477739 0.01316960 0.08681891
1110.55527764 0.01172925 0.07725661
1111.55577789 0.01393730 0.08607466
1112.55627814 0.01429871 0.08809402
1113.55677839 0.01292267 0.07583074
1114.55727864 0.01597262 0.08938550
1115.55777889 0.01598468 0.09225966
1116.55827914 0.01714254 0.09690450
1117.55877939 0.01529300 0.08812902
1118.55927964 0.01483750 0.08554386
1119.55977989 0.01425400 0.08144146
1120.56028014 0.01397032 0.08008931
1121.56078039 0.01441185 0.08256063
1122.56128064 0.01397786 0.08011643
1123.56178089 0.01368338 0.07877650
1124.56228114 0.01375892 0.08079785
1125.56278139 0.01325479 0.07908855
1126.56328164 0.01297590 0.07818893
1127.56378189 0.01324118 0.08038886
1128.56428214 0.01278708 0.07808904
1129.56478239 0.01242241 0.07684678
1130.56528264 0.01410829 0.08401903
1131.56578289 0.01352653 0.08042118
1132.56628314 0.01415571 0.08470715
1133.56678339 0.01432460 0.08322929
1134.56728364 0.01381414 0.08080211
1135.56778389 0.01381867 0.08215287
1136.56828414 0.01363173 0.08114992
1137.56878439 0.01352766 0.08103102
1138.56928464 0.01354723 0.08130823
1139.56978489 0.01281138 0.07797822
1140.57028514 0.01232393 0.07593337
1141.57078539 0.01243678 0.07748543
1142.57128564 0.01414264 0.08387509
1143.57178589 0.01420947 0.08399029
1144.57228614 0.01533359 0.08817859
1145.57278639 0.01441996 0.08758440
1146.57328664 0.01383694 0.08294584
1147.57378689 0.01353066 0.08212708
1148.57428714 0.01307052 0.08223198
1149.57478739 0.01290860 0.08027970
1150.57528764 0.01315740 0.08165345
1151.57578789 0.01370797 0.08164768
1152.57628814 0.01416334 0.08514632
1153.57678839 0.01394455 0.08674006
1154.57728864 0.01382229 0.08345089
1155.57778889 0.01549426 0.09062972
1156.57828914 0.01522692 0.09109876
1157.57878939 0.01500448 0.08940665
1158.57928964 0.01437368 0.08677094
1159.57978989 0.01382126 0.08570435
1160.58029015 0.01408500 0.08559982
1161.58079040 0.01435974 0.08932892
1162.58129065 0.01422023 0.08813798
1163.58179090 0.01310480 0.08165221
1164.58229115 0.01313674 0.08562559
1165.58279140 0.01303978 0.08107445
1166.58329165 0.01268565 0.07540827
1167.58379190 0.01433520 0.08480429
1168.58429215 0.01479271 0.08832698
1169.58479240 0.01418769 0.08555163
1170.58529265 0.01433328 0.08340681
1171.58579290 0.01409815 0.07988254
1172.58629315 0.01388530 0.07928851
1173.58679340 0.01569186 0.08861156
1174.58729365 0.01557663 0.08764817
1175.58779390 0.01543980 0.08542524
1176.58829415 0.01458499 0.08014870
1177.58879440 0.01603211 0.08887239
1178.58929465 0.01565361 0.08917629
1179.58979490 0.01586399 0.08693259
1180.59029515 0.01482240 0.07568466
1181.59079540 0.01370865 0.07294380
1182.59129565 0.01352620 0.07265962
1183.59179590 0.01409525 0.07544144
1184.59229615 0.01734304 0.09084065
1185.59279640 0.01636101 0.08555199
1186.59329665 0.01595259 0.08407990
1187.59379690 0.01546097 0.08188773
1188.59429715 0.01512270 0.07996319
1189.59479740 0.01473018 0.07765200
1190.59529765 0.01478689 0.07943169
1191.59579790 0.01697042 0.08846270
1192.59629815 0.01764566 0.09456121
1193.59679840 0.01807468 0.09411372
1194.59729865 0.01751691 0.09269784
1195.59779890 0.01606358 0.08440421
1196.59829915 0.01812431 0.09479005
1197.59879940 0.01781514 0.09494241
1198.59929965 0.01736403 0.08756296
1199.59979990 0.01762672 0.08764200
1200.60030015 0.01707045 0.09020549
1201.60080040 0.01678140 0.08780576
1202.60130065 0.01563138 0.07683416
1203.60180090 0.01477769 0.07270420
1204.60230115 0.01482911 0.07703614
1205.60280140 0.01644005 0.08818686
1206.60330165 0.01600316 0.08639532
1207.60380190 0.01544165 0.08278877
1208.60430215 0.01580381 0.08402088
1209.60480240 0.01568722 0.08253918
1210.60530265 0.01504000 0.07873495
1211.60580290 0.01470232 0.07814105
1212.60630315 0.01423474 0.07611963
1213.60680340 0.01424876 0.07327982
1214.60730365 0.01393103 0.07055718
1215.60780390 0.01366690 0.07138090
1216.60830415 0.01336137 0.06921254
1217.60880440 0.01294991 0.06698884
1218.60930465 0.01251346 0.06348098
1219.60980490 0.01220341 0.06899617
1220.61030515 0.01203149 0.07034810
1221.61080540 0.01190418 0.06955656
1222.61130565 0.01361412 0.07892835
1223.61180590 0.01327928 0.07724713
1224.61230615 0.01350307 0.07696369
1225.61280640 0.01400252 0.07906399
1226.61330665 0.01665517 0.09571640
1227.61380690 0.01591751 0.09257219
1228.61430715 0.01545028 0.08856903
1229.61480740 0.01460117 0.08092749
1230.61530765 0.01441217 0.08219242
1231.61580790 0.01403078 0.07730784
1232.61630815 0.01330965 0.07278820
1233.61680840 0.01286067 0.07112495
1234.61730865 0.01326523 0.07347852
1235.61780890 0.01391631 0.07896171
1236.61830915 0.01310207 0.07407417
1237.61880940 0.01253605 0.07118903
1238.61930965 0.01196968 0.06675171
1239.61980990 0.01125816 0.06156831
1240.62031016 0.01137653 0.06433910
1241.62081041 0.01147783 0.06663257
1242.62131066 0.01189433 0.07014194
1243.62181091 0.01199231 0.06712851
1244.62231116 0.01207423 0.06823098
1245.62281141 0.01185474 0.06869450
1246.62331166 0.01158519 0.06520175
1247.62381191 0.01115285 0.06395155
1248.62431216 0.01229659 0.07145909
1249.62481241 0.01217153 0.07055283
1250.62531266 0.01236837 0.07083909
1251.62581291 0.01155023 0.06471497
1252.62631316 0.01202260 0.06633568
1253.62681341 0.01177153 0.06858360
1254.62731366 0.01120047 0.06351051
1255.62781391 0.01013617 0.05576352
1256.62831416 0.01018410 0.05756810
1257.62881441 0.00921788 0.04791590
1258.62931466 0.00915350 0.04838399
1259.62981491 0.00915932 0.04847503
1260.63031516 0.01117154 0.06754562
1261.63081541 0.01093671 0.06804143
1262.63131566 0.01107342 0.06647497
1263.63181591 0.01118650 0.06767414
1264.63231616 0.01017722 0.06104536
1265.63281641 0.01014238 0.06325946
1266.63331666 0.01008680 0.06323363
1267.63381691 0.01028852 0.06037176
1268.63431716 0.01059333 0.06171600
1269.63481741 0.01066409 0.06428899
1270.63531766 0.01004133 0.06236607
1271.63581791 0.01007148 0.06237490
1272.63631816 0.01006659 0.06263701
1273.63681841 0.01060109 0.06368611
1274.63731866 0.01194370 0.06942556
1275.63781891 0.01238464 0.07282734
1276.63831916 0.01198098 0.07120024
1277.63881941 0.01143035 0.06755672
1278.63931966 0.01095374 0.06628278
1279.63981991 0.01069700 0.06620076
1280.64032016 0.01084066 0.06559424
1281.64082041 0.01100494 0.06642161
1282.64132066 0.01322472 0.07913650
1283.64182091 0.01284399 0.07980082
1284.64232116 0.01249701 0.07675944
1285.64282141 0.01202097 0.07283200
1286.64332166 0.01073768 0.06526422
1287.64382191 0.01027113 0.06356210
1288.64432216 0.00934965 0.06096740
1289.64482241 0.00976476 0.06293994
1290.64532266 0.01092317 0.06832893
1291.64582291 0.01099306 0.06929881
1292.64632316 0.01079070 0.06739562
1293.64682341 0.01037069 0.06483246
1294.64732366 0.01030058 0.06330258
1295.64782391 0.01098510 0.06910027
1296.64832416 0.01058791 0.06958420
1297.64882441 0.01137619 0.07699208
1298.64932466 0.01184770 0.07873107
1299.64982491 0.01185924 0.07594823
1300.65032516 0.01227929 0.08322440
1301.65082541 0.01202457 0.08296863
1302.65132566 0.01197195 0.07970641
1303.65182591 0.01328452 0.08416724
1304.65232616 0.01350907 0.08591606
1305.65282641 0.01329533 0.08538033
1306.65332666 0.01422393 0.08992532
1307.65382691 0.01581459 0.09814646
1308.65432716 0.01642667 0.10282129
1309.65482741 0.01613019 0.10169904
1310.65532766 0.01720937 0.10688257
1311.65582791 0.01594889 0.10166867
1312.65632816 0.01527910 0.09584173
1313.65682841 0.01485281 0.09222048
1314.65732866 0.01494377 0.09386008
1315.65782891 0.01391675 0.09171040
1316.65832916 0.01500239 0.09464984
1317.65882941 0.01466680 0.09247808
1318.65932966 0.01521070 0.09506542
1319.65982991 0.01507003 0.09372787
1320.66033017 0.01584220 0.09466450
1321.66083042 0.01555252 0.09328512
1322.66133067 0.01575215 0.09500544
1323.66183092 0.01564759 0.09354359
1324.66233117 0.01694759 0.09882512
1325.66283142 0.01715092 0.10126666
1326.66333167 0.01696598 0.10149206
1327.66383192 0.01635462 0.09646421
1328.66433217 0.01646769 0.09713956
1329.66483242 0.01627466 0.09748660
1330.66533267 0.01507248 0.09148169
1331.66583292 0.01503617 0.09198289
1332.66633317 0.01498456 0.09180332
1333.66683342 0.01460473 0.08856094
1334.66733367 0.01594176 0.09571117
1335.66783392 0.01573350 0.09669283
1336.66833417 0.01509566 0.09133217
1337.66883442 0.01441270 0.08671097
1338.66933467 0.01296117 0.07938953
1339.66983492 0.01230920 0.07560131
1340.67033517 0.01238810 0.07482515
1341.67083542 0.01223062 0.07523860
1342.67133567 0.01217441 0.07425841
1343.67183592 0.01126885 0.06816490
1344.67233617 0.01127172 0.07042570
1345.67283642 0.01085360 0.06631696
1346.67333667 0.01076065 0.06664788
1347.67383692 0.01020175 0.06366318
1348.67433717 0.01088897 0.06456632
1349.67483742 0.01373079 0.07722598
1350.67533767 0.01348646 0.07534404
1351.67583792 0.01384895 0.07514776
1352.67633817 0.01382371 0.07534740
1353.67683842 0.01386181 0.07909191
1354.67733867 0.01420622 0.07864263
1355.67783892 0.01429400 0.07559312
1356.67833917 0.01425042 0.07980407
1357.67883942 0.01392826 0.07748301
1358.67933967 0.01341928 0.07424729
1359.67983992 0.01384613 0.07687377
1360.68034017 0.01381120 0.07643079
1361.68084042 0.01323529 0.07326614
1362.68134067 0.01261977 0.07159799
1363.68184092 0.01225464 0.07217994
1364.68234117 0.01249952 0.07131997
1365.68284142 0.01200884 0.07025065
1366.68334167 0.01201512 0.06931200
1367.68384192 0.01245857 0.07588942
1368.68434217 0.01194815 0.07354991
1369.68484242 0.01159415 0.06900466
1370.68534267 0.01121703 0.06534042
1371.68584292 0.01104714 0.06484498
1372.68634317 0.01080718 0.06556345
1373.68684342 0.01060181 0.06439691
1374.68734367 0.01239037 0.07615955
1375.68784392 0.01270497 0.07901643
1376.68834417 0.01277039 0.07853863
1377.68884442 0.01239815 0.07617628
1378.68934467 0.01195740 0.07187424
1379.68984492 0.01165315 0.06928036
1380.69034517 0.01187633 0.07080564
1381.69084542 0.01245879 0.07638500
1382.69134567 0.01381219 0.08239955
1383.69184592 0.01421155 0.08770338
1384.69234617 0.01359148 0.08534545
1385.69284642 0.01262199 0.07532422
1386.69334667 0.01274302 0.07753019
1387.69384692 0.01247932 0.07902907
1388.69434717 0.01158452 0.07065819
1389.69484742 0.01152336 0.07035286
1390.69534767 0.01164294 0.07352287
1391.69584792 0.01324608 0.08041580
1392.69634817 0.01310894 0.07812948
1393.69684842 0.01074017 0.06427710
1394.69734867 0.01036750 0.06194786
1395.69784892 0.01149138 0.06544756
1396.69834917 0.01103797 0.06116229
1397.69884942 0.01277055 0.07414529
1398.69934967 0.01230541 0.06895572
1399.69984992 0.01330237 0.07363993
1400.70035018 0.01196716 0.06631494
1401.70085043 0.01186690 0.06458052
1402.70135068 0.01128724 0.06145734
1403.70185093 0.00982296 0.05424972
1404.70235118 0.01027082 0.05696124
1405.70285143 0.01043809 0.05867453
1406.70335168 0.01005035 0.05833881
1407.70385193 0.01015268 0.05865872
1408.70435218 0.00970962 0.05317608
1409.70485243 0.00944900 0.04970773
1410.70535268 0.00909673 0.04781279
1411.70585293 0.00798564 0.04200127
1412.70635318 0.00795386 0.04065624
1413.70685343 0.00812814 0.04197066
1414.70735368 0.00928632 0.05413456
1415.70785393 0.00904841 0.05412254
1416.70835418 0.00892743 0.05441869
1417.70885443 0.00881793 0.05319499
1418.70935468 0.00879698 0.05270158
1419.70985493 0.00876451 0.05294046
1420.71035518 0.00877267 0.05248287
1421.71085543 0.00842907 0.05057497
1422.71135568 0.00812222 0.04912726
1423.71185593 0.00809453 0.04986888
1424.71235618 0.00790871 0.04891626
1425.71285643 0.00770302 0.04759910
1426.71335668 0.00762116 0.04711079
1427.71385693 0.00745899 0.04672408
1428.71435718 0.00737742 0.04599736
1429.71485743 0.00738212 0.04570526
1430.71535768 0.00740162 0.04558562
1431.71585793 0.00761708 0.04556055
1432.71635818 0.00789494 0.04729005
1433.71685843 0.00788707 0.04716890
1434.71735868 0.00772389 0.04617685
1435.71785893 0.00793948 0.04731107
1436.71835918 0.00816579 0.04879920
1437.71885943 0.00758776 0.04633248
1438.71935968 0.00667096 0.04221698
1439.71985993 0.00735330 0.04559133
1440.72036018 0.00734002 0.04577999
1441.72086043 0.00730179 0.04620537
1442.72136068 0.00894578 0.05997002
1443.72186093 0.00903418 0.06021543
1444.72236118 0.00940136 0.06391230
1445.72286143 0.00929951 0.06436493
1446.72336168 0.00933093 0.06802313
1447.72386193 0.00878195 0.06573074
1448.72436218 0.00864890 0.06290821
1449.72486243 0.00870604 0.06341046
1450.72536268 0.00828011 0.05961107
1451.72586293 0.00787819 0.05632602
1452.72636318 0.00793271 0.05399417
1453.72686343 0.00964671 0.06472411
1454.72736368 0.00973887 0.06604787
1455.72786393 0.00947926 0.06505015
1456.72836418 0.01139288 0.07327122
1457.72886443 0.01163438 0.07643923
1458.72936468 0.01298095 0.08323368
1459.72986493 0.01195722 0.07685777
1460.73036518 0.01243291 0.07880206
1461.73086543 0.01287536 0.08247364
1462.73136568 0.01497449 0.09296473
1463.73186593 0.01404392 0.08614160
1464.73236618 0.01298021 0.07869139
1465.73286643 0.01317765 0.07553346
1466.73336668 0.01339086 0.07774033
1467.73386693 0.01282837 0.07746911
1468.73436718 0.01161413 0.06828386
1469.73486743 0.01405526 0.08079728
1470.73536768 0.01468902 0.08548788
1471.73586793 0.01464217 0.08514149
1472.73636818 0.01409702 0.08361640
1473.73686843 0.01335181 0.08022146
1474.73736868 0.01360915 0.08308685
1475.73786893 0.01245762 0.07463473
1476.73836918 0.01202292 0.07069311
1477.73886943 0.01157953 0.06822463
1478.73936968 0.01155138 0.06892674
1479.73986993 0.01136247 0.06748733
1480.74037019 0.01163482 0.06911869
1481.74087044 0.01209408 0.07359619
1482.74137069 0.01145383 0.07283831
1483.74187094 0.01098681 0.07123323
1484.74237119 0.01112185 0.06923103
1485.74287144 0.01097172 0.06772256
1486.74337169 0.01023141 0.06486718
1487.74387194 0.01042019 0.07066700
1488.74437219 0.01032632 0.06965846
1489.74487244 0.01187476 0.07649178
1490.74537269 0.01388605 0.08436367
1491.74587294 0.01408017 0.08463772
1492.74637319 0.01275033 0.08094338
1493.74687344 0.01217631 0.07983283
1494.74737369 0.01218992 0.07920811
1495.74787394 0.01144995 0.07059938
1496.74837419 0.01146669 0.07191815
1497.74887444 0.01278449 0.07971094
1498.74937469 0.01188067 0.07615012
1499.74987494 0.01180959 0.07560548
1500.75037519 0.01200401 0.07748720
1501.75087544 0.01185919 0.07718007
1502.75137569 0.01147233 0.07502045
1503.75187594 0.01183481 0.07860666
1504.75237619 0.01216959 0.07897335
1505.75287644 0.01210955 0.07695924
1506.75337669 0.01221405 0.07725509
1507.75387694 0.01433145 0.08665660
1508.75437719 0.01419185 0.08427629
1509.75487744 0.01410825 0.08220351
1510.75537769 0.01385146 0.08100793
1511.75587794 0.01336854 0.07990798
1512.75637819 0.01312612 0.07948692
1513.75687844 0.01299061 0.07935347
1514.75737869 0.01315958 0.08034211
1515.75787894 0.01401515 0.08236960
1516.75837919 0.01434574 0.08292304
1517.75887944 0.01469529 0.08244325
1518.75937969 0.01412150 0.07934546
1519.75987994 0.01372536 0.07802317
1520.76038019 0.01391213 0.07869436
1521.76088044 0.01377656 0.07838192
1522.76138069 0.01334783 0.07748744
1523.76188094 0.01286705 0.07764974
1524.76238119 0.01486547 0.08577413
1525.76288144 0.01523359 0.08694321
1526.76338169 0.01547143 0.08845437
1527.76388194 0.01601710 0.08850526
1528.76438219 0.01561133 0.08678403
1529.76488244 0.01528419 0.08429706
1530.76538269 0.01672386 0.09089250
1531.76588294 0.01812552 0.09850457
1532.76638319 0.01826638 0.09901191
1533.76688344 0.01779999 0.09665397
1534.76738369 0.01712518 0.09198007
1535.76788394 0.01683864 0.09180486
1536.76838419 0.01656653 0.09137794
1537.76888444 0.01648792 0.09124469
1538.76938469 0.01662380 0.09330871
1539.76988494 0.01639161 0.09366512
1540.77038519 0.01618422 0.09226268
1541.77088544 0.01550137 0.08853046
1542.77138569 0.01633158 0.08919255
1543.77188594 0.01694436 0.09199390
1544.77238619 0.01680783 0.09095462
1545.77288644 0.01658506 0.09005582
1546.77338669 0.01692425 0.09352526
1547.77388694 0.01729187 0.09597840
1548.77438719 0.01525848 0.08710850
1549.77488744 0.01499847 0.08417684
1550.77538769 0.01515539 0.08391293
1551.77588794 0.01452297 0.08192321
1552.77638819 0.01449576 0.08104747
1553.77688844 0.01493721 0.08220269
1554.77738869 0.01529167 0.08351606
1555.77788894 0.01394688 0.07644018
1556.77838919 0.01300421 0.07383419
1557.77888944 0.01349471 0.07530593
1558.77938969 0.01371623 0.07599669
1559.77988994 0.01487807 0.08179453
1560.78039020 0.01434101 0.07964176
1561.78089045 0.01419741 0.07873926
1562.78139070 0.01440327 0.07886309
1563.78189095 0.01618419 0.08579101
1564.78239120 0.01826638 0.09656835
1565.78289145 0.01777154 0.09488646
1566.78339170 0.01814681 0.09465324
1567.78389195 0.01815999 0.09347024
1568.78439220 0.01941699 0.09689256
1569.78489245 0.02120572 0.10688122
1570.78539270 0.02043070 0.10416653
1571.78589295 0.01876686 0.09441049
1572.78639320 0.01886622 0.09593443
1573.78689345 0.02027465 0.10118728
1574.78739370 0.01971087 0.09623135
1575.78789395 0.01953197 0.09464881
1576.78839420 0.01879182 0.09050060
1577.78889445 0.02030561 0.09842980
1578.78939470 0.02111272 0.10429264
1579.78989495 0.01995760 0.09966184
1580.79039520 0.01899829 0.09535557
1581.79089545 0.01947200 0.09113270
1582.79139570 0.01926510 0.08804525
1583.79189595 0.01927504 0.08760101
1584.79239620 0.01929631 0.08907426
1585.79289645 0.01921243 0.08694559
1586.79339670 0.01849255 0.08307171
1587.79389695 0.01783757 0.08298924
1588.79439720 0.01663242 0.07599508
1589.79489745 0.01675315 0.07655447
1590.79539770 0.01649171 0.07745654
1591.79589795 0.01558937 0.07294534
1592.79639820 0.01585391 0.07319152
1593.79689845 0.01584124 0.07277142
1594.79739870 0.01595836 0.07359232
1595.79789895 0.01597553 0.07100502
1596.79839920 0.01515517 0.06839748
1597.79889945 0.01484012 0.06811928
1598.79939970 0.01553772 0.07308364
1599.79989995 0.01541897 0.07310572
1600.80040020 0.01685132 0.08259689
1601.80090045 0.01707613 0.08579277
1602.80140070 0.01720895 0.08870408
1603.80190095 0.01824087 0.09487156
1604.80240120 0.01783575 0.09323833
1605.80290145 0.01726582 0.09249849
1606.80340170 0.01555085 0.08711534
1607.80390195 0.01501366 0.08373036
1608.80440220 0.01735257 0.09354292
1609.80490245 0.01683156 0.09137569
1610.80540270 0.01618975 0.08809704
1611.80590295 0.01654141 0.09083602
1612.80640320 0.01609958 0.08912159
1613.80690345 0.01563567 0.08423518
1614.80740370 0.01545591 0.08464181
1615.80790395 0.01518570 0.08609111
1616.80840420 0.01511861 0.08531848
1617.80890445 0.01548112 0.08808845
1618.80940470 0.01569397 0.08814530
1619.80990495 0.01723039 0.09574578
1620.81040520 0.01578966 0.08977328
1621.81090545 0.01657107 0.09185956
1622.81140570 0.01589722 0.08691081
1623.81190595 0.01480049 0.08028370
1624.81240620 0.01320563 0.07217114
1625.81290645 0.01295307 0.07160557
1626.81340670 0.01249062 0.06993234
1627.81390695 0.01350649 0.07649454
1628.81440720 0.01294340 0.07313500
1629.81490745 0.01586175 0.08498238
1630.81540770 0.01641102 0.08359839
1631.81590795 0.01815088 0.09289462
1632.81640820 0.02016124 0.10041326
1633.81690845 0.01965417 0.10014793
1634.81740870 0.01981486 0.10013608
1635.81790895 0.01941642 0.09842006
1636.81840920 0.01900371 0.09645949
1637.81890945 0.01938612 0.09906989
1638.81940970 0.01934481 0.09759072
1639.81990995 0.01889176 0.09358395
1640.82041021 0.02043417 0.10131389
1641.82091046 0.02017092 0.10172374
1642.82141071 0.01934305 0.09761165
1643.82191096 0.01891908 0.09281718
1644.82241121 0.01899365 0.09372811
1645.82291146 0.01847776 0.09438524
1646.82341171 0.01708904 0.08799893
1647.82391196 0.01734216 0.08998390
1648.82441221 0.01734710 0.09202086
1649.82491246 0.01702766 0.08893192
1650.82541271 0.01702113 0.08983693
1651.82591296 0.01682018 0.09087299
1652.82641321 0.01672288 0.08856773
1653.82691346 0.01659197 0.08804755
1654.82741371 0.01615908 0.08684862
1655.82791396 0.01559336 0.08509874
1656.82841421 0.01550417 0.08452321
1657.82891446 0.01530334 0.08298911
1658.82941471 0.01511366 0.08233741
1659.82991496 0.01749660 0.09166073
1660.83041521 0.01703355 0.09000384
1661.83091546 0.01723215 0.09219100
1662.83141571 0.01701380 0.08901492
1663.83191596 0.01656094 0.08705348
1664.83241621 0.01803380 0.09528563
1665.83291646 0.01824361 0.09458823
1666.83341671 0.01922736 0.09806965
1667.83391696 0.01979012 0.09996267
1668.83441721 0.01885106 0.09613325
1669.83491746 0.01912516 0.09739759
1670.83541771 0.01972708 0.10068233
1671.83591796 0.01941024 0.09767797
1672.83641821 0.01998479 0.10153282
1673.83691846 0.01923517 0.09909720
1674.83741871 0.01812401 0.09286425
1675.83791896 0.01846596 0.09440145
1676.83841921 0.01839374 0.09252696
1677.83891946 0.01866925 0.09204633
1678.83941971 0.01963944 0.09584206
1679.83991996 0.01944374 0.09396401
1680.84042021 0.01958638 0.09521506
1681.84092046 0.01934661 0.09257288
1682.84142071 0.01883423 0.09018592
1683.84192096 0.01917182 0.09222315
1684.84242121 0.01978605 0.09236251
1685.84292146 0.01927363 0.08917161
1686.84342171 0.02061681 0.09858314
1687.84392196 0.02205639 0.10424762
1688.84442221 0.02357953 0.10934288
1689.84492246 0.02257403 0.10466729
1690.84542271 0.02012994 0.09314184
1691.84592296 0.02138120 0.09640447
1692.84642321 0.02016265 0.09232785
1693.84692346 0.01979194 0.09209698
1694.84742371 0.02068145 0.09621269
1695.84792396 0.02031015 0.09663604
1696.84842421 0.02001852 0.09204529
1697.84892446 0.01847977 0.08633150
1698.84942471 0.01791418 0.08280753
1699.84992496 0.01696930 0.07943214
1700.85042521 0.01711313 0.08145778
1701.85092546 0.01608681 0.07363894
1702.85142571 0.01555353 0.06963615
1703.85192596 0.01541138 0.07041646
1704.85242621 0.01455017 0.06673938
1705.85292646 0.01524642 0.06755856
1706.85342671 0.01671118 0.07270671
1707.85392696 0.01592769 0.06932761
1708.85442721 0.01513070 0.06649090
1709.85492746 0.01648753 0.07380916
1710.85542771 0.01609721 0.07310762
1711.85592796 0.01585994 0.07302663
1712.85642821 0.01528777 0.07307939
1713.85692846 0.01698444 0.08262025
1714.85742871 0.01645742 0.07947144
1715.85792896 0.01634702 0.08030257
1716.85842921 0.02078762 0.10485027
1717.85892946 0.02151323 0.10647823
1718.85942971 0.02213870 0.11005228
1719.85992996 0.02153079 0.10773470
1720.86043022 0.02100681 0.10754526
1721.86093047 0.02042007 0.10464335
1722.86143072 0.01947622 0.10030579
1723.86193097 0.01895001 0.10020168
1724.86243122 0.01892019 0.09880088
1725.86293147 0.01944645 0.10372409
1726.86343172 0.02004159 0.10668571
1727.86393197 0.01994315 0.10616409
1728.86443222 0.01931047 0.10558435
1729.86493247 0.01805339 0.09552917
1730.86543272 0.01945550 0.10223056
1731.86593297 0.02134177 0.11050608
1732.86643322 0.02169574 0.10968079
1733.86693347 0.02227265 0.10961653
1734.86743372 0.02240425 0.10999857
1735.86793397 0.02237784 0.11046455
1736.86843422 0.02182084 0.10843899
1737.86893447 0.02124194 0.10551426
1738.86943472 0.02104816 0.10528281
1739.86993497 0.02063998 0.10304159
1740.87043522 0.02022134 0.10301340
1741.87093547 0.02003738 0.10237010
1742.87143572 0.01964071 0.09842955
1743.87193597 0.01929091 0.09678393
1744.87243622 0.01859327 0.09726085
1745.87293647 0.01828172 0.09619278
1746.87343672 0.01825745 0.09407994
1747.87393697 0.01823353 0.09373342
1748.87443722 0.01866084 0.09490992
1749.87493747 0.01967298 0.09843812
1750.87543772 0.01954340 0.09920822
1751.87593797 0.02157559 0.10921112
1752.87643822 0.02210193 0.11084103
1753.87693847 0.02215669 0.11219270
1754.87743872 0.02068556 0.10771022
1755.87793897 0.01905513 0.09676595
1756.87843922 0.01848827 0.09373512
1757.87893947 0.01772034 0.09006982
1758.87943972 0.01650419 0.08048899
1759.87993997 0.01603930 0.07947814
1760.88044022 0.01558215 0.07808892
1761.88094047 0.01711086 0.08774297
1762.88144072 0.01706497 0.09088103
1763.88194097 0.01648472 0.08565573
1764.88244122 0.01626903 0.08448600
1765.88294147 0.01630611 0.08682659
1766.88344172 0.01622632 0.08382450
1767.88394197 0.01551530 0.07937548
1768.88444222 0.01733904 0.09114908
1769.88494247 0.01798001 0.09727215
1770.88544272 0.01762211 0.09559524
1771.88594297 0.01717640 0.08919146
1772.88644322 0.01728956 0.09338779
1773.88694347 0.01637889 0.09128605
1774.88744372 0.01556907 0.08178540
1775.88794397 0.01589310 0.08368910
1776.88844422 0.01550008 0.08318183
1777.88894447 0.01513577 0.07942286
1778.88944472 0.01574806 0.08783318
1779.88994497 0.01542372 0.08619695
1780.89044522 0.01535142 0.08281478
1781.89094547 0.01671944 0.09110576
1782.89144572 0.01596840 0.09018196
1783.89194597 0.01439282 0.08408245
1784.89244622 0.01654530 0.09502438
1785.89294647 0.01724790 0.09739769
1786.89344672 0.01848805 0.10239866
1787.89394697 0.01803405 0.10141049
1788.89444722 0.01775861 0.09935622
1789.89494747 0.01625926 0.09067157
1790.89544772 0.01830007 0.09774763
1791.89594797 0.01743608 0.09677132
1792.89644822 0.01711828 0.09654288
1793.89694847 0.01699740 0.09427018
1794.89744872 0.01892892 0.10370361
1795.89794897 0.01939816 0.10507062
1796.89844922 0.01869064 0.10204612
1797.89894947 0.01877416 0.10336509
1798.89944972 0.01860403 0.10387706
1799.89994997 0.01820000 0.10003289
1800.90045023 0.01787299 0.09761927
1801.90095048 0.01725375 0.09434339
1802.90145073 0.01732017 0.09579205
1803.90195098 0.01747640 0.09559282
1804.90245123 0.01667853 0.08997951
1805.90295148 0.01711479 0.09139933
1806.90345173 0.01822515 0.09935438
1807.90395198 0.01807981 0.09842186
1808.90445223 0.01783293 0.09740883
1809.90495248 0.01772124 0.09927860
1810.90545273 0.01716240 0.09735039
1811.90595298 0.01699278 0.09715500
1812.90645323 0.01854084 0.09877267
1813.90695348 0.01855407 0.09703604
1814.90745373 0.01940707 0.09853054
1815.90795398 0.01828273 0.09412011
1816.90845423 0.01835934 0.09346683
1817.90895448 0.01697033 0.08694734
1818.90945473 0.01664333 0.08700402
1819.90995498 0.01658238 0.08776735
1820.91045523 0.01653179 0.08725832
1821.91095548 0.01598213 0.08280529
1822.91145573 0.01540713 0.08270939
1823.91195598 0.01527569 0.08350600
1824.91245623 0.01536215 0.08063354
1825.91295648 0.01527081 0.07797352
1826.91345673 0.01635579 0.08528594
1827.91395698 0.01634611 0.08358241
1828.91445723 0.01618348 0.08343412
1829.91495748 0.01614891 0.08484529
1830.91545773 0.01585389 0.08266192
1831.91595798 0.01534859 0.08002474
1832.91645823 0.01480354 0.08031692
1833.91695848 0.01620626 0.08908983
1834.91745873 0.01633123 0.08765606
1835.91795898 0.01591742 0.08715244
1836.91845923 0.01550607 0.08614795
1837.91895948 0.01514611 0.08252942
1838.91945973 0.01531204 0.08602359
1839.91995998 0.01460424 0.07986310
1840.92046023 0.01410669 0.07851237
1841.92096048 0.01271348 0.06877787
1842.92146073 0.01179682 0.06248400
1843.92196098 0.01183112 0.06427865
1844.92246123 0.01184324 0.06597016
1845.92296148 0.01234865 0.06321972
1846.92346173 0.01282670 0.06412974
1847.92396198 0.01284630 0.06604969
1848.92446223 0.01404959 0.07420454
1849.92496248 0.01421782 0.07211573
1850.92546273 0.01409795 0.07183262
1851.92596298 0.01256996 0.05985607
1852.92646323 0.01203630 0.05992748
1853.92696348 0.01147632 0.05834502
1854.92746373 0.01148169 0.05992627
1855.92796398 0.01171257 0.06272746
1856.92846423 0.01097924 0.05744488
1857.92896448 0.01233132 0.06880263
1858.92946473 0.01404310 0.07969229
1859.92996498 0.01350454 0.07409536
1860.93046523 0.01374328 0.07633800
1861.93096548 0.01359951 0.07509544
1862.93146573 0.01927428 0.10370408
1863.93196598 0.02007526 0.10990763
1864.93246623 0.01937657 0.10393338
1865.93296648 0.01858677 0.09799910
1866.93346673 0.01871176 0.10063717
1867.93396698 0.01738152 0.09590524
1868.93446723 0.01640002 0.08844890
1869.93496748 0.01592514 0.08394253
1870.93546773 0.01556387 0.08028906
1871.93596798 0.01563924 0.08229726
1872.93646823 0.01576652 0.08706837
1873.93696848 0.01616732 0.08821730
1874.93746873 0.01632000 0.08712963
1875.93796898 0.01590217 0.08679015
1876.93846923 0.01522623 0.08540992
1877.93896948 0.01405747 0.07793928
1878.93946973 0.01253369 0.06781256
1879.93996998 0.01289300 0.06595605
1880.94047024 0.01211616 0.06176595
1881.94097049 0.01262325 0.06484272
1882.94147074 0.01264702 0.06682366
1883.94197099 0.01315686 0.06900446
1884.94247124 0.01328089 0.07049221
1885.94297149 0.01323570 0.07053445
1886.94347174 0.01293122 0.06779722
1887.94397199 0.01242216 0.06385172
1888.94447224 0.01155948 0.05873750
1889.94497249 0.01100725 0.05585433
1890.94547274 0.01112432 0.05739694
1891.94597299 0.01100156 0.05727776
1892.94647324 0.01058863 0.05405501
1893.94697349 0.01095391 0.05525241
1894.94747374 0.01093384 0.05394155
1895.94797399 0.01100165 0.05637073
1896.94847424 0.01031376 0.05098864
1897.94897449 0.01351945 0.07212231
1898.94947474 0.01568655 0.08627662
1899.94997499 0.01459465 0.08037115
1900.95047524 0.01419695 0.07835571
1901.95097549 0.01259238 0.06610100
1902.95147574 0.01251744 0.06686786
1903.95197599 0.01227695 0.06476033
1904.95247624 0.01117475 0.05717006
1905.95297649 0.01017704 0.05184784
1906.95347674 0.01047449 0.05296665
1907.95397699 0.00985410 0.04906926
1908.95447724 0.00936754 0.04749964
1909.95497749 0.00973556 0.04945496
1910.95547774 0.00956097 0.04849890
1911.95597799 0.00925686 0.04656836
1912.95647824 0.00956561 0.04729171
1913.95697849 0.00954651 0.04717428
1914.95747874 0.00917725 0.04538981
1915.95797899 0.00925236 0.04636559
1916.95847924 0.00947056 0.04627250
1917.95897949 0.00902263 0.04467791
1918.95947974 0.01077239 0.06308914
1919.95997999 0.01216999 0.07392537
1920.96048024 0.01119193 0.06408871
1921.96098049 0.00963136 0.04867154
1922.96148074 0.00936300 0.04664948
1923.96198099 0.00949093 0.04833897
1924.96248124 0.01137422 0.06250030
1925.96298149 0.01212635 0.06938868
1926.96348174 0.01179531 0.06786169
1927.96398199 0.01152905 0.06373758
1928.96448224 0.01078540 0.05446349
1929.96498249 0.01079503 0.05457225
1930.96548274 0.00918309 0.04575817
1931.96598299 0.00955273 0.04582675
1932.96648324 0.00991002 0.04668794
1933.96698349 0.01001612 0.04780346
1934.96748374 0.00959920 0.04619278
1935.96798399 0.01116246 0.06283632
1936.96848424 0.01177104 0.06814935
1937.96898449 0.01191579 0.06667792
1938.96948474 0.01150436 0.06761913
1939.96998499 0.01089072 0.07108735
1940.97048524 0.01081607 0.06888536
1941.97098549 0.01028184 0.05719361
1942.97148574 0.01140534 0.06226401
1943.97198599 0.01240751 0.07581760
1944.97248624 0.01210337 0.07514117
1945.97298649 0.01165665 0.06785293
1946.97348674 0.01200991 0.06786967
1947.97398699 0.01267722 0.07341958
1948.97448724 0.01214419 0.07042078
1949.97498749 0.01318302 0.07808518
1950.97548774 0.01260000 0.07739347
1951.97598799 0.01237388 0.07647840
1952.97648824 0.01209653 0.07415626
1953.97698849 0.01322952 0.08319489
1954.97748874 0.01368832 0.08430220
1955.97798899 0.01382046 0.08275861
1956.97848924 0.01409881 0.08349225
1957.97898949 0.01396721 0.08347981
1958.97948974 0.01474980 0.08600303
1959.97998999 0.01483197 0.08546374
1960.98049025 0.01447863 0.08345608
1961.98099050 0.01741512 0.09712833
1962.98149075 0.01670554 0.09290417
1963.98199100 0.01611522 0.08891971
1964.98249125 0.01515213 0.08254776
1965.98299150 0.01460289 0.07999821
1966.98349175 0.01489156 0.08006292
1967.98399200 0.01664281 0.08851410
1968.98449225 0.01670619 0.08831892
1969.98499250 0.01742626 0.09370579
1970.98549275 0.01592933 0.08826025
1971.98599300 0.01376748 0.07449598
1972.98649325 0.01377932 0.07204536
1973.98699350 0.01327170 0.06986294
1974.98749375 0.01202272 0.06419326
1975.98799400 0.01213284 0.06417276
1976.98849425 0.01201832 0.06422648
1977.98899450 0.01166243 0.06348156
1978.98949475 0.01144134 0.06268030
1979.98999500 0.01111698 0.06179034
1980.99049525 0.01091601 0.06085348
1981.99099550 0.01103057 0.06150144
1982.99149575 0.01278102 0.07528026
1983.99199600 0.01280627 0.07307908
1984.99249625 0.01247262 0.06842692
1985.99299650 0.01437779 0.07752961
1986.99349675 0.01353227 0.07336824
1987.99399700 0.01354248 0.07391658
1988.99449725 0.01326417 0.07371126
1989.99499750 0.01362545 0.07803566
1990.99549775 0.01433783 0.08037699
1991.99599800 0.01425146 0.07795009
1992.99649825 0.01405209 0.07631794
1993.99699850 0.01392446 0.07780481
1994.99749875 0.01444038 0.08151610
1995.99799900 0.01410827 0.07878113
1996.99849925 0.01292779 0.06906731
1997.99899950 0.01276884 0.06967518
1998.99949975 0.01405535 0.07733639
2000.00000000 0.01397347 0.07811826
