0.00000000 3.00000000 0.00000039
1.00050025 3.13032297 0.09322120
2.00100050 3.02874864 0.10659839
3.00150075 2.98226144 0.16925678
4.00200100 3.01840718 0.26706880
5.00250125 2.90406861 0.25547850
6.00300150 2.91690226 0.31878285
7.00350175 2.88324888 0.35287063
8.00400200 2.83066729 0.36252874
9.00450225 2.81960316 0.39221746
10.00500250 2.77477292 0.42523492
11.00550275 2.74275335 0.47121598
12.00600300 2.70618496 0.49216278
13.00650325 2.68282558 0.51979623
14.00700350 2.66103537 0.55527135
15.00750375 2.60583066 0.55370758
16.00800400 2.58043289 0.58848268
17.00850425 2.56402748 0.61284121
18.00900450 2.53748072 0.62173927
19.00950475 2.50966802 0.63162450
20.01000500 2.48294307 0.66523899
21.01050525 2.45379624 0.68230549
22.01100550 2.42843969 0.68153347
23.01150575 2.41734605 0.70089661
24.01200600 2.39306543 0.73479704
25.01250625 2.35488209 0.73730441
26.01300650 2.32279037 0.75938082
27.01350675 2.31044501 0.78062328
28.01400700 2.27886999 0.78317358
29.01450725 2.25115037 0.79562402
30.01500750 2.22738780 0.80890534
31.01550775 2.19802928 0.81198208
32.01600800 2.16460686 0.81772725
33.01650825 2.12994220 0.83477403
34.01700850 2.10821932 0.84685404
35.01750875 2.08547805 0.85571971
36.01800900 2.05831889 0.86195628
37.01850925 2.03728395 0.86601563
38.01900950 2.01325506 0.87242961
39.01950975 1.99077081 0.88432751
40.02001001 1.97409107 0.89581701
41.02051026 1.95712730 0.89584842
42.02101051 1.94167274 0.89773547
43.02151076 1.92544800 0.90330661
44.02201101 1.90995216 0.91598746
45.02251126 1.88806496 0.92700646
46.02301151 1.86259475 0.92811273
47.02351176 1.84678250 0.93752261
48.02401201 1.83421038 0.94221234
49.02451226 1.80554530 0.93944368
50.02501251 1.79824451 0.94503248
51.02551276 1.78165624 0.95618201
52.02601301 1.75585404 0.95735326
53.02651326 1.73207918 0.95869959
54.02701351 1.70940567 0.95634605
55.02751376 1.69390404 0.95883545
56.02801401 1.67772786 0.96314257
57.02851426 1.65876734 0.96517229
58.02901451 1.65007363 0.97206050
59.02951476 1.62490296 0.97399606
60.03001501 1.61014399 0.98075708
61.03051526 1.59025081 0.98109032
62.03101551 1.56746181 0.97209627
63.03151576 1.55948764 0.97408762
64.03201601 1.53911677 0.97330385
65.03251626 1.51811758 0.96877220
66.03301651 1.50347318 0.97822477
67.03351676 1.47869981 0.97655170
68.03401701 1.45508222 0.97478327
69.03451726 1.43889189 0.97228323
70.03501751 1.42855032 0.97391444
71.03551776 1.40407737 0.97424995
72.03601801 1.38812832 0.97606379
73.03651826 1.37120304 0.97635434
74.03701851 1.35949822 0.97556570
75.03751876 1.35137588 0.97735714
76.03801901 1.33672770 0.97614369
77.03851926 1.32120914 0.97711285
78.03901951 1.30982611 0.97858430
79.03951976 1.29173686 0.97967350
80.04002001 1.27576797 0.98386831
81.04052026 1.26399191 0.98325364
82.04102051 1.25602772 0.98262174
83.04152076 1.23830634 0.97661205
84.04202101 1.22519505 0.96923259
85.04252126 1.20500598 0.96283333
86.04302151 1.20041506 0.96413470
87.04352176 1.18293187 0.96045846
88.04402201 1.17108146 0.96199711
89.04452226 1.14866229 0.95113943
90.04502251 1.12711582 0.94334278
91.04552276 1.11527861 0.94469555
92.04602301 1.10803311 0.94609122
93.04652326 1.09680465 0.94477919
94.04702351 1.08180925 0.94235039
95.04752376 1.07106073 0.94004282
96.04802401 1.05965356 0.93767021
97.04852426 1.04734600 0.93695870
98.04902451 1.03943971 0.92930364
99.04952476 1.02344391 0.92186597
100.05002501 1.01321056 0.91980392
101.05052526 1.00752747 0.92973355
102.05102551 1.00109718 0.92728624
103.05152576 0.99023708 0.92681876
104.05202601 0.97508858 0.92143794
105.05252626 0.95463843 0.91734295
106.05302651 0.93735254 0.90740277
107.05352676 0.92836047 0.90513396
108.05402701 0.91879788 0.89803490
109.05452726 0.91067165 0.89553828
110.05502751 0.89738554 0.88934465
111.05552776 0.88760826 0.88719896
112.05602801 0.87754908 0.88092394
113.05652826 0.87162673 0.87816426
114.05702851 0.85951940 0.88022269
115.05752876 0.84666916 0.87612324
116.05802901 0.83990247 0.87399661
117.05852926 0.83069532 0.87547785
118.05902951 0.82205452 0.87458301
119.05952976 0.80808695 0.86566500
120.06003002 0.80177155 0.86564109
121.06053027 0.79877207 0.86932496
122.06103052 0.78750494 0.86186140
123.06153077 0.77519763 0.86007605
124.06203102 0.76679542 0.85853261
125.06253127 0.75438395 0.85202828
126.06303152 0.74294073 0.84841770
127.06353177 0.73044589 0.84894820
128.06403202 0.72881886 0.85043468
129.06453227 0.72016511 0.84727950
130.06503252 0.71517619 0.84902945
131.06553277 0.71008827 0.84887146
132.06603302 0.70002286 0.84548095
133.06653327 0.69231404 0.83960944
134.06703352 0.68782308 0.84125861
135.06753377 0.67368466 0.82621228
136.06803402 0.67473382 0.83055039
137.06853427 0.66792985 0.83085689
138.06903452 0.66363400 0.83196285
139.06953477 0.65693896 0.82804458
140.07003502 0.65011255 0.82618070
141.07053527 0.64343605 0.82540043
142.07103552 0.63616172 0.82285057
143.07153577 0.62508253 0.81903232
144.07203602 0.61669947 0.81611580
145.07253627 0.61167875 0.81257647
146.07303652 0.60574977 0.81150372
147.07353677 0.59805468 0.80748986
148.07403702 0.59038089 0.80324111
149.07453727 0.58063936 0.79703457
150.07503752 0.57686538 0.79212277
151.07553777 0.56990866 0.79134943
152.07603802 0.56274048 0.78568039
153.07653827 0.55862623 0.78221446
154.07703852 0.54840659 0.77631663
155.07753877 0.53966641 0.76804910
156.07803902 0.54074719 0.77289103
157.07853927 0.52877836 0.76168673
158.07903952 0.52003808 0.75376163
159.07953977 0.51689041 0.75211266
160.08004002 0.51585057 0.75745522
161.08054027 0.50902357 0.74952275
162.08104052 0.49931113 0.73902112
163.08154077 0.49256220 0.73829929
164.08204102 0.48806254 0.73832385
165.08254127 0.47908414 0.72939595
166.08304152 0.47602843 0.73056784
167.08354177 0.46910398 0.72645758
168.08404202 0.46355990 0.72255333
169.08454227 0.45941110 0.72103448
170.08504252 0.44989990 0.71007048
171.08554277 0.44552369 0.70477604
172.08604302 0.44329721 0.70476862
173.08654327 0.43745717 0.69835286
174.08704352 0.43338150 0.70060852
175.08754377 0.42592984 0.69485801
176.08804402 0.42219138 0.69282271
177.08854427 0.40887628 0.67475548
178.08904452 0.39977683 0.66793993
179.08954477 0.39721517 0.66453542
180.09004502 0.39480509 0.66343423
181.09054527 0.39039440 0.66121463
182.09104552 0.38548008 0.65451516
183.09154577 0.38082574 0.64658784
184.09204602 0.38270683 0.65310239
185.09254627 0.37646644 0.64747172
186.09304652 0.37033138 0.64254685
187.09354677 0.36905180 0.64352687
188.09404702 0.36375763 0.63713948
189.09454727 0.36124544 0.63593160
190.09504752 0.35597238 0.63423566
191.09554777 0.35142484 0.62474204
192.09604802 0.34881760 0.62722337
193.09654827 0.33984140 0.61168598
194.09704852 0.33660720 0.61022866
195.09754877 0.33509197 0.61105060
196.09804902 0.32932483 0.60520474
197.09854927 0.32454355 0.60234325
198.09904952 0.32476957 0.60358944
199.09954977 0.31917590 0.59587094
200.10005003 0.31462376 0.59137549
201.10055028 0.30810307 0.58067706
202.10105053 0.30354073 0.58173705
203.10155078 0.29936788 0.57260682
204.10205103 0.29203986 0.56766265
205.10255128 0.29004408 0.57023604
206.10305153 0.28686039 0.56244170
207.10355178 0.28564681 0.56421880
208.10405203 0.28140484 0.55918131
209.10455228 0.27662778 0.55086143
210.10505253 0.27451790 0.55086626
211.10555278 0.27422926 0.54447446
212.10605303 0.27068662 0.54336657
213.10655328 0.26569676 0.54014491
214.10705353 0.26415583 0.53549054
215.10755378 0.26152457 0.52786252
216.10805403 0.25883928 0.52555518
217.10855428 0.25555737 0.51874889
218.10905453 0.25423649 0.51790706
219.10955478 0.25294485 0.51688518
220.11005503 0.25078352 0.51766678
221.11055528 0.24895119 0.51466015
222.11105553 0.24476679 0.51083128
223.11155578 0.23806751 0.50265496
224.11205603 0.23674064 0.50036366
225.11255628 0.23339744 0.49206517
226.11305653 0.23020253 0.49195151
227.11355678 0.22905979 0.49281434
228.11405703 0.22789802 0.49391830
229.11455728 0.22513855 0.48334041
230.11505753 0.22079394 0.47768029
231.11555778 0.21818234 0.47539953
232.11605803 0.21622875 0.47266247
233.11655828 0.21476285 0.47586249
234.11705853 0.21250250 0.47159618
235.11755878 0.21116808 0.46794679
236.11805903 0.20710773 0.46105725
237.11855928 0.20414996 0.45743589
238.11905953 0.20100854 0.45589380
239.11955978 0.20445337 0.46583305
240.12006003 0.20270084 0.45912374
241.12056028 0.20038653 0.45761174
242.12106053 0.20031837 0.45863388
243.12156078 0.19685823 0.45061048
244.12206103 0.19309965 0.44712778
245.12256128 0.19334265 0.44954599
246.12306153 0.19109428 0.44640731
247.12356178 0.18852855 0.44308044
248.12406203 0.18577559 0.44041414
249.12456228 0.18699038 0.44421894
250.12506253 0.18529132 0.44210305
251.12556278 0.18539096 0.44036507
252.12606303 0.18205871 0.43131396
253.12656328 0.18076405 0.43307726
254.12706353 0.17719532 0.42967228
255.12756378 0.17523609 0.42683482
256.12806403 0.17085404 0.41143837
257.12856428 0.16903936 0.40961635
258.12906453 0.16811476 0.40899719
259.12956478 0.16595145 0.40492026
260.13006503 0.16266148 0.40128081
261.13056528 0.16129863 0.40045477
262.13106553 0.15996151 0.39978964
263.13156578 0.15885733 0.39530015
264.13206603 0.15830543 0.39416743
265.13256628 0.15802580 0.39182044
266.13306653 0.15642658 0.39305253
267.13356678 0.15411049 0.39205682
268.13406703 0.15131927 0.38629995
269.13456728 0.15238985 0.38656240
270.13506753 0.15255272 0.38810905
271.13556778 0.14740628 0.37830830
272.13606803 0.14404618 0.37718893
273.13656828 0.14453492 0.38015445
274.13706853 0.14438271 0.38084342
275.13756878 0.14037213 0.37137347
276.13806903 0.13776148 0.36903698
277.13856928 0.13670127 0.36878495
278.13906953 0.13666889 0.36953737
279.13956978 0.13588790 0.36804852
280.14007004 0.13482350 0.36710915
281.14057029 0.13441173 0.36658980
282.14107054 0.13459583 0.36694948
283.14157079 0.13398594 0.36555196
284.14207104 0.13182060 0.36222958
285.14257129 0.12947918 0.35986550
286.14307154 0.12823597 0.35782958
287.14357179 0.12649869 0.35509814
288.14407204 0.12296464 0.34867103
289.14457229 0.12199333 0.34902425
290.14507254 0.12063113 0.34215844
291.14557279 0.12012910 0.34099661
292.14607304 0.11802100 0.33598677
293.14657329 0.12071176 0.34713883
294.14707354 0.11763916 0.33928656
295.14757379 0.11351307 0.33104222
296.14807404 0.11515451 0.33604767
297.14857429 0.11404522 0.33227881
298.14907454 0.11189256 0.32888248
299.14957479 0.11048583 0.33102325
300.15007504 0.11023260 0.33030559
301.15057529 0.11122180 0.32805992
302.15107554 0.10967036 0.32545877
303.15157579 0.10743759 0.32250157
304.15207604 0.10561791 0.32098120
305.15257629 0.10485004 0.31997639
306.15307654 0.10427573 0.31795530
307.15357679 0.10341853 0.31563045
308.15407704 0.10203480 0.31490497
309.15457729 0.10030822 0.31112361
310.15507754 0.10015217 0.30996869
311.15557779 0.10004786 0.31108458
312.15607804 0.09922354 0.31169412
313.15657829 0.09853276 0.31063482
314.15707854 0.09697828 0.30712300
315.15757879 0.09570294 0.30326489
316.15807904 0.09472755 0.30063440
317.15857929 0.09575187 0.30331141
318.15907954 0.09372647 0.30030657
319.15957979 0.09251748 0.29692464
320.16008004 0.09126644 0.29523611
321.16058029 0.08985492 0.29139881
322.16108054 0.08771088 0.28389491
323.16158079 0.08635377 0.28205584
324.16208104 0.08610519 0.28056711
325.16258129 0.08608761 0.27938817
326.16308154 0.08552067 0.27719644
327.16358179 0.08585959 0.28090677
328.16408204 0.08465054 0.28330714
329.16458229 0.08319246 0.27752686
330.16508254 0.08271199 0.27634104
331.16558279 0.08215729 0.27651159
332.16608304 0.08146574 0.27114186
333.16658329 0.07923298 0.26562745
334.16708354 0.07723383 0.26557065
335.16758379 0.07665845 0.26368705
336.16808404 0.07498713 0.25612409
337.16858429 0.07411867 0.25376927
338.16908454 0.07400776 0.25426034
339.16958479 0.07306592 0.24960045
340.17008504 0.07082504 0.23764737
341.17058529 0.07165843 0.24186408
342.17108554 0.06924124 0.22964264
343.17158579 0.06705113 0.22316220
344.17208604 0.06946951 0.23718729
345.17258629 0.06650713 0.22634411
346.17308654 0.06578180 0.22365067
347.17358679 0.06582161 0.22680315
348.17408704 0.06429915 0.22199975
349.17458729 0.06234786 0.21117524
350.17508754 0.06227553 0.21134886
351.17558779 0.06150471 0.20964201
352.17608804 0.06056051 0.20801636
353.17658829 0.06059068 0.20891445
354.17708854 0.05964408 0.20678779
355.17758879 0.06076751 0.21502672
356.17808904 0.05953665 0.21299028
357.17858929 0.05900743 0.21114699
358.17908954 0.05785068 0.20684024
359.17958979 0.05620176 0.19825282
360.18009005 0.05565067 0.19740331
361.18059030 0.05536562 0.19842198
362.18109055 0.05482308 0.19364000
363.18159080 0.05563576 0.19177654
364.18209105 0.05539879 0.18936074
365.18259130 0.05574570 0.18994209
366.18309155 0.05364462 0.18542849
367.18359180 0.05335269 0.18649698
368.18409205 0.05353086 0.19008862
369.18459230 0.05288816 0.18727137
370.18509255 0.05121605 0.18167092
371.18559280 0.05065725 0.18006104
372.18609305 0.05020962 0.17743175
373.18659330 0.04837289 0.17404962
374.18709355 0.04705785 0.17125635
375.18759380 0.04674736 0.17183165
376.18809405 0.04626020 0.17155939
377.18859430 0.04614718 0.17486470
378.18909455 0.04574224 0.17382344
379.18959480 0.04735353 0.17627689
380.19009505 0.04595075 0.17016966
381.19059530 0.04484489 0.16574584
382.19109555 0.04376414 0.16125734
383.19159580 0.04391546 0.16348495
384.19209605 0.04305451 0.16177495
385.19259630 0.04264834 0.15878671
386.19309655 0.04263817 0.15740769
387.19359680 0.04177484 0.15373057
388.19409705 0.04070710 0.15297343
389.19459730 0.04034236 0.15275986
390.19509755 0.04059934 0.15161965
391.19559780 0.04023185 0.15151872
392.19609805 0.03956570 0.14828129
393.19659830 0.03897086 0.14586135
394.19709855 0.03840164 0.14536023
395.19759880 0.03970315 0.15743079
396.19809905 0.03903228 0.15162465
397.19859930 0.03905982 0.15183565
398.19909955 0.04040594 0.15528358
399.19959980 0.03955583 0.14889919
400.20010005 0.03978979 0.14602436
401.20060030 0.03905702 0.14421899
402.20110055 0.03783715 0.14198790
403.20160080 0.03778574 0.14010248
404.20210105 0.03856445 0.14612039
405.20260130 0.03672253 0.14144829
406.20310155 0.03608797 0.13411117
407.20360180 0.03595168 0.13244499
408.20410205 0.03641104 0.13698526
409.20460230 0.03516677 0.13284955
410.20510255 0.03448320 0.13088772
411.20560280 0.03346022 0.12400544
412.20610305 0.03320163 0.12272364
413.20660330 0.03298880 0.12106564
414.20710355 0.03347300 0.12172229
415.20760380 0.03411427 0.12389726
416.20810405 0.03317420 0.11995507
417.20860430 0.03306816 0.12013524
418.20910455 0.03300323 0.11989214
419.20960480 0.03248485 0.11812393
420.21010505 0.03138136 0.11492270
421.21060530 0.03004188 0.10862930
422.21110555 0.02901123 0.10645758
423.21160580 0.02818999 0.10471294
424.21210605 0.02736257 0.10254978
425.21260630 0.02743402 0.10405486
426.21310655 0.02692301 0.10347032
427.21360680 0.02837004 0.11080960
428.21410705 0.02808633 0.10996619
429.21460730 0.02732408 0.10684813
430.21510755 0.02765349 0.10883172
431.21560780 0.02781561 0.10936476
432.21610805 0.02716298 0.10552046
433.21660830 0.02811569 0.10846937
434.21710855 0.02662820 0.10445271
435.21760880 0.02666377 0.10529577
436.21810905 0.02708583 0.10509293
437.21860930 0.02675327 0.10534536
438.21910955 0.02603151 0.10413025
439.21960980 0.02587149 0.10345406
440.22011006 0.02567612 0.10137919
441.22061031 0.02571976 0.10150972
442.22111056 0.02515857 0.10042636
443.22161081 0.02502823 0.10061620
444.22211106 0.02663956 0.10473177
445.22261131 0.02741175 0.10766528
446.22311156 0.02708324 0.10778417
447.22361181 0.02675382 0.10969420
448.22411206 0.02601552 0.10695255
449.22461231 0.02574461 0.10462260
450.22511256 0.02714094 0.11174359
451.22561281 0.02617121 0.10970053
452.22611306 0.02934700 0.12170988
453.22661331 0.03074574 0.12507271
454.22711356 0.03099803 0.12749816
455.22761381 0.03139064 0.12939917
456.22811406 0.03154538 0.13084142
457.22861431 0.02945243 0.12134140
458.22911456 0.03092404 0.12765560
459.22961481 0.03302795 0.13629080
460.23011506 0.03316172 0.13584789
461.23061531 0.03360923 0.13434401
462.23111556 0.03362672 0.13493717
463.23161581 0.03342035 0.13435282
464.23211606 0.03256010 0.13126702
465.23261631 0.03377732 0.13160398
466.23311656 0.03364106 0.13179774
467.23361681 0.03304180 0.13283879
468.23411706 0.03341830 0.13186325
469.23461731 0.03371043 0.13336565
470.23511756 0.03527547 0.13919966
471.23561781 0.03447723 0.13653007
472.23611806 0.03330003 0.13031643
473.23661831 0.03165816 0.12497513
474.23711856 0.03184126 0.12572436
475.23761881 0.03186324 0.12603470
476.23811906 0.03167656 0.12493511
477.23861931 0.03041036 0.12175227
478.23911956 0.03019248 0.12180027
479.23961981 0.03023399 0.12239626
480.24012006 0.03049786 0.12446971
481.24062031 0.02997042 0.12317822
482.24112056 0.03053406 0.12356353
483.24162081 0.03056824 0.12218141
484.24212106 0.02802082 0.11456218
485.24262131 0.02741429 0.11287874
486.24312156 0.02759881 0.11346515
487.24362181 0.02729908 0.11303378
488.24412206 0.02670467 0.11118334
489.24462231 0.02748282 0.11279408
490.24512256 0.02695911 0.11262559
491.24562281 0.02612971 0.11226673
492.24612306 0.02570107 0.10936186
493.24662331 0.02534735 0.10560351
494.24712356 0.02482129 0.10419223
495.24762381 0.02515476 0.10494335
496.24812406 0.02476536 0.10450125
497.24862431 0.02338365 0.10027790
498.24912456 0.02232124 0.09481152
499.24962481 0.02249881 0.09542263
500.25012506 0.02252744 0.09616266
501.25062531 0.02269474 0.09842226
502.25112556 0.02313803 0.10062412
503.25162581 0.02284066 0.09920936
504.25212606 0.02267067 0.09854584
505.25262631 0.02227916 0.09850873
506.25312656 0.02153693 0.09500507
507.25362681 0.02042610 0.09098285
508.25412706 0.02110414 0.09376219
509.25462731 0.02253862 0.10322905
510.25512756 0.02142803 0.10156115
511.25562781 0.02125029 0.10090882
512.25612806 0.02122725 0.10157588
513.25662831 0.02060347 0.09912896
514.25712856 0.02005178 0.09669062
515.25762881 0.01936313 0.09430344
516.25812906 0.01938421 0.09282543
517.25862931 0.01966299 0.09356505
518.25912956 0.01983617 0.09476563
519.25962981 0.02060271 0.09746502
520.26013007 0.02067230 0.09911143
521.26063032 0.02006057 0.09538912
522.26113057 0.01967737 0.08921334
523.26163082 0.01979130 0.08900196
524.26213107 0.01987026 0.08916489
525.26263132 0.01838869 0.08214281
526.26313157 0.01732046 0.07862561
527.26363182 0.01797030 0.08200323
528.26413207 0.01737864 0.07941063
529.26463232 0.01750251 0.07946620
530.26513257 0.01674758 0.07680572
531.26563282 0.01669951 0.07537967
532.26613307 0.01688009 0.07651131
533.26663332 0.01632489 0.07474926
534.26713357 0.01750033 0.08358748
535.26763382 0.01774311 0.08395680
536.26813407 0.01745784 0.08375895
537.26863432 0.01703505 0.08116088
538.26913457 0.01708318 0.08064462
539.26963482 0.01685121 0.07987893
540.27013507 0.01645060 0.07879800
541.27063532 0.01685531 0.07913392
542.27113557 0.01681289 0.07843015
543.27163582 0.01641411 0.07793795
544.27213607 0.01617856 0.07652377
545.27263632 0.01927190 0.09306885
546.27313657 0.01940245 0.09594739
547.27363682 0.01861571 0.09477866
548.27413707 0.01825229 0.09176290
549.27463732 0.01763398 0.08757478
550.27513757 0.01730145 0.08692899
551.27563782 0.01719310 0.08569042
552.27613807 0.01831352 0.08841933
553.27663832 0.01747696 0.08559955
554.27713857 0.01721485 0.08552973
555.27763882 0.01788188 0.08987372
556.27813907 0.01818401 0.09059238
557.27863932 0.01774147 0.08892744
558.27913957 0.01754996 0.08993438
559.27963982 0.01771855 0.08938142
560.28014007 0.01767252 0.08751257
561.28064032 0.01714261 0.08494449
562.28114057 0.01688682 0.08234633
563.28164082 0.01658513 0.08011830
564.28214107 0.01675358 0.08013149
565.28264132 0.01685514 0.08276053
566.28314157 0.01721833 0.08588253
567.28364182 0.01697600 0.08088886
568.28414207 0.01770394 0.08301954
569.28464232 0.01834873 0.08760199
570.28514257 0.01771212 0.08545123
571.28564282 0.01728059 0.08510388
572.28614307 0.01756338 0.08717085
573.28664332 0.01645797 0.08066621
574.28714357 0.01530738 0.07430922
575.28764382 0.01506725 0.07303162
576.28814407 0.01481786 0.07446908
577.28864432 0.01442570 0.07135901
578.28914457 0.01508005 0.06895013
579.28964482 0.01501871 0.06722691
580.29014507 0.01545231 0.06917489
581.29064532 0.01509265 0.06889081
582.29114557 0.01603557 0.07550648
583.29164582 0.01544888 0.07163583
584.29214607 0.01488904 0.07124948
585.29264632 0.01475172 0.07074408
586.29314657 0.01670906 0.07663236
587.29364682 0.01679151 0.07919960
588.29414707 0.01611007 0.07620238
589.29464732 0.01587082 0.07528944
590.29514757 0.01548832 0.07546202
591.29564782 0.01467051 0.07243520
592.29614807 0.01434508 0.07132931
593.29664832 0.01395155 0.07061056
594.29714857 0.01390328 0.07002875
595.29764882 0.01561582 0.07984099
596.29814907 0.01598515 0.08287913
597.29864932 0.01517046 0.07752494
598.29914957 0.01400350 0.07074060
599.29964982 0.01370251 0.07101923
600.30015008 0.01333169 0.06792741
601.30065033 0.01444498 0.07573505
602.30115058 0.01539148 0.07937652
603.30165083 0.01550281 0.08078122
604.30215108 0.01541037 0.08318259
605.30265133 0.01572783 0.08338406
606.30315158 0.01545215 0.07914227
607.30365183 0.01501296 0.07749201
608.30415208 0.01363050 0.07324195
609.30465233 0.01403722 0.07459895
610.30515258 0.01404293 0.07276167
611.30565283 0.01484520 0.07606616
612.30615308 0.01529536 0.07867992
613.30665333 0.01540645 0.07783519
614.30715358 0.01520768 0.07727849
615.30765383 0.01521597 0.07743303
616.30815408 0.01509131 0.07722338
617.30865433 0.01445740 0.07497836
618.30915458 0.01433140 0.07429993
619.30965483 0.01458472 0.07408329
620.31015508 0.01565448 0.07733725
621.31065533 0.01484592 0.07413784
622.31115558 0.01544885 0.07598467
623.31165583 0.01597282 0.07714024
624.31215608 0.01586572 0.07776296
625.31265633 0.01547932 0.07664860
626.31315658 0.01644063 0.08083386
627.31365683 0.01606912 0.07963794
628.31415708 0.01604123 0.08049402
629.31465733 0.01601000 0.07888782
630.31515758 0.01429565 0.06714557
631.31565783 0.01317089 0.05970102
632.31615808 0.01265183 0.05938233
633.31665833 0.01516825 0.07153723
634.31715858 0.01645664 0.07761058
635.31765883 0.01637627 0.07774124
636.31815908 0.01539653 0.07401379
637.31865933 0.01496710 0.07153033
638.31915958 0.01490022 0.06907178
639.31965983 0.01524520 0.06640792
640.32016008 0.01528768 0.06579558
641.32066033 0.01562756 0.06657235
642.32116058 0.01516072 0.06550198
643.32166083 0.01465191 0.06390513
644.32216108 0.01444389 0.06177001
645.32266133 0.01374110 0.06025142
646.32316158 0.01327552 0.05807360
647.32366183 0.01273975 0.05651759
648.32416208 0.01259664 0.05534568
649.32466233 0.01223701 0.05509021
650.32516258 0.01401613 0.06651404
651.32566283 0.01613824 0.07841965
652.32616308 0.01561983 0.07597068
653.32666333 0.01558717 0.07650577
654.32716358 0.01721076 0.08421085
655.32766383 0.01711536 0.08506742
656.32816408 0.01622177 0.07925697
657.32866433 0.01552422 0.07661025
658.32916458 0.01644714 0.08172001
659.32966483 0.01602100 0.08118668
660.33016508 0.01585999 0.08005371
661.33066533 0.01604782 0.08158816
662.33116558 0.01615655 0.08439505
663.33166583 0.01648496 0.08489269
664.33216608 0.01597855 0.08084751
665.33266633 0.01576690 0.08173180
666.33316658 0.01528343 0.07866603
667.33366683 0.01491040 0.07591461
668.33416708 0.01363230 0.07206491
669.33466733 0.01398470 0.07231684
670.33516758 0.01416440 0.07230716
671.33566783 0.01379211 0.07163242
672.33616808 0.01307244 0.06873491
673.33666833 0.01256668 0.06684414
674.33716858 0.01291576 0.06823345
675.33766883 0.01449542 0.07562520
676.33816908 0.01379791 0.07282234
677.33866933 0.01320577 0.07166334
678.33916958 0.01299666 0.07103910
679.33966983 0.01302869 0.07173325
680.34017009 0.01313736 0.07025890
681.34067034 0.01235655 0.06517172
682.34117059 0.01340045 0.07489701
683.34167084 0.01748665 0.09611194
684.34217109 0.02014549 0.10631769
685.34267134 0.02237508 0.11261186
686.34317159 0.02158861 0.10890147
687.34367184 0.02133221 0.10884416
688.34417209 0.02198184 0.11245441
689.34467234 0.02094614 0.10848672
690.34517259 0.02093305 0.10634947
691.34567284 0.02116392 0.10900519
692.34617309 0.02017984 0.10613960
693.34667334 0.01975626 0.10595508
694.34717359 0.01968884 0.10597267
695.34767384 0.02107516 0.11108981
696.34817409 0.02054603 0.10548652
697.34867434 0.02051414 0.10460022
698.34917459 0.02184583 0.10932356
699.34967484 0.02113645 0.10771385
700.35017509 0.02091270 0.10540922
701.35067534 0.02063432 0.10362330
702.35117559 0.02095711 0.10434157
703.35167584 0.02022359 0.10185711
704.35217609 0.01931214 0.09929988
705.35267634 0.01914319 0.09827686
706.35317659 0.01971266 0.09923145
707.35367684 0.01880537 0.09598805
708.35417709 0.01918121 0.09732175
709.35467734 0.01794461 0.09434227
710.35517759 0.01735124 0.09168518
711.35567784 0.01610882 0.08506747
712.35617809 0.01732193 0.08946376
713.35667834 0.01712936 0.08780315
714.35717859 0.01699798 0.08914209
715.35767884 0.01650973 0.08723023
716.35817909 0.01641057 0.08619927
717.35867934 0.01615758 0.08602688
718.35917959 0.01612057 0.08621336
719.35967984 0.01560300 0.08411382
720.36018009 0.01538253 0.08396423
721.36068034 0.01468060 0.08104856
722.36118059 0.01417753 0.08039800
723.36168084 0.01454691 0.08023486
724.36218109 0.01403277 0.07920522
725.36268134 0.01520970 0.08144486
726.36318159 0.01506285 0.08028780
727.36368184 0.01663268 0.08873594
728.36418209 0.01578380 0.08469371
729.36468234 0.01536765 0.08410954
730.36518259 0.01491906 0.08216332
731.36568284 0.01475097 0.08235377
732.36618309 0.01429937 0.08033266
733.36668334 0.01462055 0.08099075
734.36718359 0.01513051 0.08293595
735.36768384 0.01486758 0.08309930
736.36818409 0.01469337 0.08294101
737.36868434 0.01468999 0.08334290
738.36918459 0.01418014 0.08152033
739.36968484 0.01692657 0.09696291
740.37018509 0.01578894 0.09169230
741.37068534 0.01765188 0.09728100
742.37118559 0.01707648 0.09399548
743.37168584 0.01698988 0.09217080
744.37218609 0.01701685 0.09131359
745.37268634 0.01606965 0.08957511
746.37318659 0.01716177 0.09280309
747.37368684 0.01694911 0.09132739
748.37418709 0.01625543 0.09070542
749.37468734 0.01580027 0.08990537
750.37518759 0.01591556 0.08977261
751.37568784 0.01644411 0.09091316
752.37618809 0.01592582 0.08576593
753.37668834 0.01685935 0.08805667
754.37718859 0.01773215 0.09093273
755.37768884 0.01771415 0.08970478
756.37818909 0.01861373 0.09407325
757.37868934 0.01824995 0.09174940
758.37918959 0.01815143 0.09173625
759.37968984 0.01796329 0.09403572
760.38019010 0.01732388 0.09102689
761.38069035 0.01775126 0.09069187
762.38119060 0.01678474 0.08710236
763.38169085 0.01799963 0.09089015
764.38219110 0.01735158 0.08727545
765.38269135 0.01678615 0.08558250
766.38319160 0.01721711 0.08481591
767.38369185 0.02030511 0.09720702
768.38419210 0.01905212 0.09015126
769.38469235 0.01930074 0.09579816
770.38519260 0.01793810 0.09052023
771.38569285 0.01760063 0.09010055
772.38619310 0.01747692 0.09111404
773.38669335 0.01754168 0.08833133
774.38719360 0.01711554 0.08399387
775.38769385 0.01725583 0.08321170
776.38819410 0.01714952 0.08319552
777.38869435 0.01692075 0.08391377
778.38919460 0.01632711 0.07904316
779.38969485 0.01755780 0.08172165
780.39019510 0.01595607 0.07535903
781.39069535 0.01395181 0.06424129
782.39119560 0.01288494 0.06061800
783.39169585 0.01459007 0.07072356
784.39219610 0.01366592 0.06636196
785.39269635 0.01244859 0.05989706
786.39319660 0.01181680 0.05975001
787.39369685 0.01218880 0.06420341
788.39419710 0.01199016 0.06206819
789.39469735 0.01223549 0.06107177
790.39519760 0.01268219 0.06630459
791.39569785 0.01237258 0.06626256
792.39619810 0.01160221 0.06018973
793.39669835 0.01079210 0.05402960
794.39719860 0.01136350 0.05877454
795.39769885 0.01011891 0.05161756
796.39819910 0.00924762 0.04886579
797.39869935 0.00932662 0.05018214
798.39919960 0.00927793 0.04958198
799.39969985 0.00946689 0.05112103
800.40020010 0.00894608 0.04995386
801.40070035 0.00851881 0.04710589
802.40120060 0.00845444 0.04547933
803.40170085 0.00777164 0.04202354
804.40220110 0.00749867 0.04112740
805.40270135 0.00744976 0.04021238
806.40320160 0.00753307 0.04063830
807.40370185 0.00752214 0.04126585
808.40420210 0.00696395 0.03892474
809.40470235 0.01035482 0.06540463
810.40520260 0.01060421 0.06799710
811.40570285 0.01040895 0.06738717
812.40620310 0.01033312 0.06634383
813.40670335 0.01048899 0.06966801
814.40720360 0.01067457 0.06878426
815.40770385 0.01024005 0.06542715
816.40820410 0.01029940 0.06723277
817.40870435 0.01052828 0.07062274
818.40920460 0.01062293 0.07190047
819.40970485 0.01060649 0.07273535
820.41020510 0.01085871 0.07240404
821.41070535 0.01066413 0.06808941
822.41120560 0.01042419 0.06433348
823.41170585 0.01028645 0.06421052
824.41220610 0.01019771 0.06455439
825.41270635 0.00995029 0.06415449
826.41320660 0.01139682 0.07366238
827.41370685 0.01082786 0.07119903
828.41420710 0.01113515 0.07254582
829.41470735 0.01103709 0.07367752
830.41520760 0.01088815 0.07264573
831.41570785 0.01037078 0.06935782
832.41620810 0.01195145 0.07929843
833.41670835 0.01187371 0.07936486
834.41720860 0.01183052 0.07770323
835.41770885 0.01190596 0.07948808
836.41820910 0.01175554 0.08004093
837.41870935 0.01164091 0.07817184
838.41920960 0.01119905 0.07731401
839.41970985 0.01132989 0.07773772
840.42021011 0.01112237 0.07548126
841.42071036 0.01002718 0.06724640
842.42121061 0.01037399 0.07670860
843.42171086 0.01399603 0.10068933
844.42221111 0.01338292 0.09545920
845.42271136 0.01262097 0.08843867
846.42321161 0.01278077 0.09364233
847.42371186 0.01240128 0.09182085
848.42421211 0.01190628 0.08045254
849.42471236 0.01364123 0.08799803
850.42521261 0.01373084 0.08713186
851.42571286 0.01247017 0.08039862
852.42621311 0.01276522 0.08135206
853.42671336 0.01323391 0.08637971
854.42721361 0.01270770 0.08135341
855.42771386 0.01264684 0.07754990
856.42821411 0.01212430 0.07525683
857.42871436 0.01216654 0.07668739
858.42921461 0.01215199 0.07746426
859.42971486 0.01200078 0.07583356
860.43021511 0.01252167 0.07957237
861.43071536 0.01309406 0.08411730
862.43121561 0.01317028 0.08494435
863.43171586 0.01299605 0.08202571
864.43221611 0.01382572 0.08401376
865.43271636 0.01400159 0.08557287
866.43321661 0.01333463 0.07747089
867.43371686 0.01216500 0.07189798
868.43421711 0.01255944 0.07563432
869.43471736 0.01559391 0.09129976
870.43521761 0.01513943 0.08988742
871.43571786 0.01424627 0.08575994
872.43621811 0.01408362 0.08471467
873.43671836 0.01354794 0.08273912
874.43721861 0.01304994 0.08069299
875.43771886 0.01273624 0.07568880
876.43821911 0.01254179 0.07143080
877.43871936 0.01283365 0.07393170
878.43921961 0.01335253 0.07961602
879.43971986 0.01314577 0.07834220
880.44022011 0.01280954 0.07588712
881.44072036 0.01276035 0.07499389
882.44122061 0.01143860 0.06703145
883.44172086 0.01320246 0.07626097
884.44222111 0.01298789 0.07676782
885.44272136 0.01253245 0.07550138
886.44322161 0.01263667 0.07415959
887.44372186 0.01244391 0.07450709
888.44422211 0.01222361 0.07440037
889.44472236 0.01197570 0.07232574
890.44522261 0.01114509 0.06973843
891.44572286 0.01108862 0.06942955
892.44622311 0.01117874 0.06991169
893.44672336 0.01148590 0.07000279
894.44722361 0.01299353 0.07882388
895.44772386 0.01275747 0.07788039
896.44822411 0.01267428 0.07588803
897.44872436 0.01263621 0.07381562
898.44922461 0.01501032 0.08470888
899.44972486 0.01511021 0.08532603
900.45022511 0.01498794 0.08763562
901.45072536 0.01446419 0.08619384
902.45122561 0.01442979 0.08357141
903.45172586 0.01481798 0.08658022
904.45222611 0.01594283 0.09336151
905.45272636 0.01506364 0.08653436
906.45322661 0.01470925 0.08107531
907.45372686 0.01485758 0.08099182
908.45422711 0.01516964 0.08428481
909.45472736 0.01381395 0.08009508
910.45522761 0.01310342 0.07760054
911.45572786 0.01303652 0.07662580
912.45622811 0.01315319 0.07657748
913.45672836 0.01345793 0.07849771
914.45722861 0.01327166 0.07840570
915.45772886 0.01478563 0.08502814
916.45822911 0.01567375 0.08576126
917.45872936 0.01592694 0.08582370
918.45922961 0.01565392 0.08462241
919.45972986 0.01531090 0.08527188
920.46023012 0.01489423 0.08289892
921.46073037 0.01661537 0.09060886
922.46123062 0.01508768 0.08221205
923.46173087 0.01592012 0.08657287
924.46223112 0.01513822 0.08329851
925.46273137 0.01529486 0.08390239
926.46323162 0.01550122 0.08388402
927.46373187 0.01522531 0.08265098
928.46423212 0.01430608 0.08036332
929.46473237 0.01545288 0.08397379
930.46523262 0.01514981 0.08346424
931.46573287 0.01399257 0.07824667
932.46623312 0.01285837 0.07271500
933.46673337 0.01313483 0.07399829
934.46723362 0.01259787 0.07009804
935.46773387 0.01258235 0.07223948
936.46823412 0.01238504 0.07083369
937.46873437 0.01181773 0.06608367
938.46923462 0.01133543 0.06370646
939.46973487 0.01051275 0.05923172
940.47023512 0.00969930 0.05518750
941.47073537 0.00981843 0.05581168
942.47123562 0.00964867 0.05402015
943.47173587 0.00919985 0.05205313
944.47223612 0.00895573 0.05157229
945.47273637 0.00908454 0.05420469
946.47323662 0.00924479 0.05450195
947.47373687 0.00884264 0.05018712
948.47423712 0.00855803 0.05015094
949.47473737 0.00796641 0.03940868
950.47523762 0.00789035 0.03949526
951.47573787 0.00783955 0.03781114
952.47623812 0.00741125 0.03466979
953.47673837 0.00972374 0.05315500
954.47723862 0.01044910 0.06232372
955.47773887 0.01052191 0.06376979
956.47823912 0.00999622 0.05822082
957.47873937 0.01026698 0.05976241
958.47923962 0.01079333 0.06591284
959.47973987 0.01053258 0.05967836
960.48024012 0.01010731 0.05306747
961.48074037 0.01013709 0.05236317
962.48124062 0.01087732 0.06630169
963.48174087 0.01042912 0.06546310
964.48224112 0.00999532 0.06365773
965.48274137 0.00958999 0.06161666
966.48324162 0.00911720 0.05957822
967.48374187 0.00873211 0.05195101
968.48424212 0.00931507 0.05651366
969.48474237 0.01140308 0.07203239
970.48524262 0.00973153 0.05694650
971.48574287 0.00937300 0.05477302
972.48624312 0.00935844 0.05782561
973.48674337 0.01001747 0.06221656
974.48724362 0.01181924 0.07313524
975.48774387 0.01143523 0.06977944
976.48824412 0.01092993 0.06605783
977.48874437 0.01021933 0.06195626
978.48924462 0.01026725 0.06066860
979.48974487 0.01029040 0.06048312
980.49024512 0.01012681 0.05961039
981.49074537 0.00979537 0.06061320
982.49124562 0.01008029 0.06289386
983.49174587 0.01031392 0.06352311
984.49224612 0.00990692 0.06092903
985.49274637 0.01104584 0.07006117
986.49324662 0.00994979 0.06561391
987.49374687 0.00996752 0.06372896
988.49424712 0.00987019 0.06226950
989.49474737 0.01131557 0.07213187
990.49524762 0.01116548 0.07073856
991.49574787 0.01074365 0.06621581
992.49624812 0.01138889 0.06931894
993.49674837 0.00976363 0.05941026
994.49724862 0.00982722 0.05830488
995.49774887 0.00966799 0.05697890
996.49824912 0.01107872 0.06995458
997.49874937 0.01174288 0.07597466
998.49924962 0.01036355 0.06741715
999.49974987 0.01083017 0.06826938
1000.50025013 0.00993481 0.05878856
1001.50075038 0.00999054 0.05890070
1002.50125063 0.00985324 0.05641004
1003.50175088 0.00989101 0.05380756
1004.50225113 0.00941469 0.05326337
1005.50275138 0.00858328 0.04572126
1006.50325163 0.00916465 0.05624231
1007.50375188 0.00884730 0.05510467
1008.50425213 0.00873130 0.05287884
1009.50475238 0.00871684 0.05290872
1010.50525263 0.00904249 0.05549432
1011.50575288 0.00928910 0.05974688
1012.50625313 0.00878173 0.05463656
1013.50675338 0.01045847 0.06716953
1014.50725363 0.00991865 0.06127780
1015.50775388 0.01081301 0.06358984
1016.50825413 0.01120374 0.06870444
1017.50875438 0.01077804 0.06492325
1018.50925463 0.00999807 0.05788243
1019.50975488 0.00976674 0.05850507
1020.51025513 0.00948689 0.05561168
1021.51075538 0.00960920 0.05383818
1022.51125563 0.00974092 0.05614869
1023.51175588 0.00943556 0.05527677
1024.51225613 0.01097740 0.06562204
1025.51275638 0.01108581 0.06665790
1026.51325663 0.01051280 0.06048577
1027.51375688 0.01041387 0.05918175
1028.51425713 0.01023103 0.05804091
1029.51475738 0.00969002 0.05636825
1030.51525763 0.00946169 0.05576053
1031.51575788 0.00953093 0.05522378
1032.51625813 0.01155346 0.06952345
1033.51675838 0.01325319 0.07760359
1034.51725863 0.01410884 0.07888792
1035.51775888 0.01407629 0.07762438
1036.51825913 0.01397538 0.07651999
1037.51875938 0.01411268 0.07784064
1038.51925963 0.01364426 0.07546185
1039.51975988 0.01281350 0.06988818
1040.52026013 0.01223494 0.06507058
1041.52076038 0.01193008 0.06379775
1042.52126063 0.01350235 0.07193531
1043.52176088 0.01258488 0.06911918
1044.52226113 0.01276546 0.07138353
1045.52276138 0.01264136 0.07346555
1046.52326163 0.01256780 0.07371096
1047.52376188 0.01195353 0.06958779
1048.52426213 0.01190215 0.06568573
1049.52476238 0.01169104 0.06265952
1050.52526263 0.01129155 0.06099415
1051.52576288 0.01112726 0.06232903
1052.52626313 0.01127834 0.06389020
1053.52676338 0.01140110 0.06584134
1054.52726363 0.01121658 0.06625939
1055.52776388 0.01143310 0.06584383
1056.52826413 0.01243073 0.06886908
1057.52876438 0.01217013 0.06724945
1058.52926463 0.01217968 0.06536097
1059.52976488 0.01187686 0.06397246
1060.53026513 0.01358754 0.07146059
1061.53076538 0.01628606 0.08529281
1062.53126563 0.01894411 0.10142716
1063.53176588 0.01838183 0.10062876
1064.53226613 0.01763621 0.09512795
1065.53276638 0.01754648 0.09370061
1066.53326663 0.01714749 0.09211021
1067.53376688 0.01710163 0.09126635
1068.53426713 0.01654734 0.08408972
1069.53476738 0.01489826 0.07528416
1070.53526763 0.01500768 0.07593365
1071.53576788 0.01451869 0.07337227
1072.53626813 0.01436496 0.07075109
1073.53676838 0.01441612 0.07121672
1074.53726863 0.01443883 0.07076207
1075.53776888 0.01413560 0.06916638
1076.53826913 0.01393185 0.06719066
1077.53876938 0.01337316 0.06410201
1078.53926963 0.01278886 0.06126657
1079.53976988 0.01274357 0.06071700
1080.54027014 0.01463773 0.07260801
1081.54077039 0.01668555 0.08312899
1082.54127064 0.01554062 0.07568869
1083.54177089 0.01678724 0.08329754
1084.54227114 0.01645171 0.08126111
1085.54277139 0.01627285 0.08044504
1086.54327164 0.01526030 0.07534067
1087.54377189 0.01472079 0.07558264
1088.54427214 0.01478664 0.07627687
1089.54477239 0.01462746 0.07630394
1090.54527264 0.01472676 0.07595131
1091.54577289 0.01475762 0.07906020
1092.54627314 0.01484819 0.08362288
1093.54677339 0.01423727 0.07799563
1094.54727364 0.01370485 0.07580185
1095.54777389 0.01407070 0.07984758
1096.54827414 0.01451055 0.08166940
1097.54877439 0.01367400 0.07372502
1098.54927464 0.01338810 0.06969880
1099.54977489 0.01337555 0.06768260
1100.55027514 0.01542239 0.08340692
1101.55077539 0.01508288 0.08171283
1102.55127564 0.01513023 0.07835280
1103.55177589 0.01525520 0.07799264
1104.55227614 0.01504838 0.07747536
1105.55277639 0.01511718 0.07526909
1106.55327664 0.01578462 0.07741900
1107.55377689 0.01550428 0.08005408
1108.55427714 0.01515822 0.07883468
1109.55477739 0.01545384 0.08134507
1110.55527764 0.01558519 0.08370834
1111.55577789 0.01570750 0.08099746
1112.55627814 0.01511391 0.07609382
1113.55677839 0.01501901 0.07635189
1114.55727864 0.01545442 0.08169402
1115.55777889 0.01404937 0.06979230
1116.55827914 0.01430526 0.07112478
1117.55877939 0.01388453 0.07011849
1118.55927964 0.01331257 0.06845837
1119.55977989 0.01526974 0.07941953
1120.56028014 0.01484626 0.07683387
1121.56078039 0.01459960 0.07776873
1122.56128064 0.01438988 0.07704796
1123.56178089 0.01515590 0.07747390
1124.56228114 0.01496943 0.07821537
1125.56278139 0.01558936 0.08231354
1126.56328164 0.01582771 0.08490262
1127.56378189 0.01574394 0.08305661
1128.56428214 0.01376259 0.07532091
1129.56478239 0.01559865 0.08604520
1130.56528264 0.01581790 0.08837650
1131.56578289 0.01504067 0.08541819
1132.56628314 0.01470678 0.09065272
1133.56678339 0.01524528 0.09020848
1134.56728364 0.01417406 0.07496808
1135.56778389 0.01344763 0.07188517
1136.56828414 0.01339675 0.07252631
1137.56878439 0.01342356 0.07252393
1138.56928464 0.01365700 0.07310982
1139.56978489 0.01578469 0.08535385
1140.57028514 0.01534163 0.08329398
1141.57078539 0.01539127 0.08197528
1142.57128564 0.01531682 0.07927282
1143.57178589 0.01500223 0.07762960
1144.57228614 0.01495548 0.07751250
1145.57278639 0.01466409 0.07819875
1146.57328664 0.01572682 0.08259229
1147.57378689 0.01798915 0.09337810
1148.57428714 0.01864859 0.09684687
1149.57478739 0.01794392 0.09222969
1150.57528764 0.01725148 0.08749749
1151.57578789 0.01511498 0.07765691
1152.57628814 0.01433085 0.07462095
1153.57678839 0.01467346 0.07857528
1154.57728864 0.01472793 0.07662795
1155.57778889 0.01457064 0.07569437
1156.57828914 0.01423381 0.07634220
1157.57878939 0.01580850 0.08083796
1158.57928964 0.01660252 0.08531223
1159.57978989 0.01592866 0.08210343
1160.58029015 0.01532217 0.07866834
1161.58079040 0.01511536 0.07832652
1162.58129065 0.01692185 0.08696722
1163.58179090 0.01724419 0.09027538
1164.58229115 0.01681190 0.08610499
1165.58279140 0.01597258 0.08319058
1166.58329165 0.01916156 0.09838755
1167.58379190 0.01926106 0.09989908
1168.58429215 0.01870371 0.09384232
1169.58479240 0.01764817 0.08795814
1170.58529265 0.01709156 0.08758914
1171.58579290 0.01718705 0.09059731
1172.58629315 0.01776392 0.09277220
1173.58679340 0.01757793 0.09208426
1174.58729365 0.01639553 0.08696759
1175.58779390 0.01636323 0.08776813
1176.58829415 0.01515660 0.08058048
1177.58879440 0.01455763 0.07785179
1178.58929465 0.01390920 0.06973746
1179.58979490 0.01338283 0.06879213
1180.59029515 0.01276859 0.06629411
1181.59079540 0.01478334 0.07982688
1182.59129565 0.01619626 0.09005982
1183.59179590 0.01593475 0.08735569
1184.59229615 0.01685409 0.09115324
1185.59279640 0.01616182 0.08840723
1186.59329665 0.01587079 0.08577817
1187.59379690 0.01510286 0.08105668
1188.59429715 0.01461093 0.07773115
1189.59479740 0.01282159 0.06964978
1190.59529765 0.01398548 0.07721179
1191.59579790 0.01350835 0.07466779
1192.59629815 0.01233124 0.07094542
1193.59679840 0.01221173 0.06883508
1194.59729865 0.01225402 0.06876739
1195.59779890 0.01171411 0.06536798
1196.59829915 0.01095201 0.05921512
1197.59879940 0.01021699 0.05425478
1198.59929965 0.01086727 0.06044116
1199.59979990 0.01147449 0.06548908
1200.60030015 0.01140803 0.06611936
1201.60080040 0.01162054 0.06610476
1202.60130065 0.01202083 0.06778476
1203.60180090 0.01187654 0.06625262
1204.60230115 0.01309089 0.07327653
1205.60280140 0.01243169 0.07227876
1206.60330165 0.01188595 0.06786123
1207.60380190 0.01173518 0.06823168
1208.60430215 0.01251534 0.07350557
1209.60480240 0.01290188 0.07521068
1210.60530265 0.01228439 0.06982341
1211.60580290 0.01353422 0.07265895
1212.60630315 0.01562579 0.08342223
1213.60680340 0.01569502 0.08374001
1214.60730365 0.01497785 0.07984935
1215.60780390 0.01435869 0.07882502
1216.60830415 0.01634162 0.09006874
1217.60880440 0.01572606 0.08507554
1218.60930465 0.01481964 0.08041986
1219.60980490 0.01405982 0.07566687
1220.61030515 0.01398543 0.07593032
1221.61080540 0.01404420 0.07744700
1222.61130565 0.01506588 0.08408319
1223.61180590 0.01522466 0.08376777
1224.61230615 0.01531064 0.08479368
1225.61280640 0.01518088 0.08537175
1226.61330665 0.01538920 0.08375742
1227.61380690 0.01498799 0.07962217
1228.61430715 0.01345052 0.07349065
1229.61480740 0.01523774 0.08267053
1230.61530765 0.01506751 0.08201979
1231.61580790 0.01467499 0.08071798
1232.61630815 0.01403614 0.07963806
1233.61680840 0.01521559 0.08582563
1234.61730865 0.01532829 0.08237189
1235.61780890 0.01500881 0.07790609
1236.61830915 0.01385994 0.07383292
1237.61880940 0.01343400 0.07420647
1238.61930965 0.01345111 0.07216291
1239.61980990 0.01363897 0.07336371
1240.62031016 0.01308230 0.07343478
1241.62081041 0.01297907 0.07268893
1242.62131066 0.01258359 0.07071652
1243.62181091 0.01301219 0.07414006
1244.62231116 0.01275835 0.06901835
1245.62281141 0.01284629 0.06889080
1246.62331166 0.01528593 0.08594954
1247.62381191 0.01526342 0.08628117
1248.62431216 0.01459842 0.07970719
1249.62481241 0.01479083 0.07920140
1250.62531266 0.01427325 0.07842234
1251.62581291 0.01389863 0.07735597
1252.62631316 0.01223827 0.07171937
1253.62681341 0.01143950 0.05787802
1254.62731366 0.01156031 0.05855137
1255.62781391 0.01122756 0.05577453
1256.62831416 0.01070772 0.05131904
1257.62881441 0.01043823 0.04982368
1258.62931466 0.01191552 0.06182826
1259.62981491 0.01157018 0.06025758
1260.63031516 0.01200137 0.06377689
1261.63081541 0.01100221 0.05897258
1262.63131566 0.01030881 0.05400422
1263.63181591 0.01059993 0.05836288
1264.63231616 0.01246955 0.07276576
1265.63281641 0.01261617 0.07529832
1266.63331666 0.01200821 0.06913163
1267.63381691 0.01328624 0.07755554
1268.63431716 0.01329545 0.07887036
1269.63481741 0.01563294 0.08613524
1270.63531766 0.01590124 0.08906155
1271.63581791 0.01458848 0.08287095
1272.63631816 0.01393847 0.08092981
1273.63681841 0.01363050 0.07925520
1274.63731866 0.01348721 0.07906707
1275.63781891 0.01407374 0.08715892
1276.63831916 0.01394025 0.08569237
1277.63881941 0.01437305 0.08905560
1278.63931966 0.01427181 0.08413544
1279.63981991 0.01477109 0.08475786
1280.64032016 0.01399913 0.07774422
1281.64082041 0.01341349 0.07481644
1282.64132066 0.01236709 0.06751725
1283.64182091 0.01158358 0.06265120
1284.64232116 0.01087797 0.05672149
1285.64282141 0.01063858 0.05615964
1286.64332166 0.01109004 0.06393355
1287.64382191 0.01109537 0.06530696
1288.64432216 0.01120661 0.06459016
1289.64482241 0.01128798 0.06181026
1290.64532266 0.01050086 0.05643325
1291.64582291 0.00984360 0.05372073
1292.64632316 0.00995437 0.05400356
1293.64682341 0.00998157 0.05365354
1294.64732366 0.01004617 0.05460236
1295.64782391 0.00944223 0.05378441
1296.64832416 0.00924908 0.05214563
1297.64882441 0.00899201 0.04907305
1298.64932466 0.00870480 0.04704197
1299.64982491 0.00819452 0.04268562
1300.65032516 0.00724555 0.03958127
1301.65082541 0.00732457 0.03943325
1302.65132566 0.00759980 0.04054107
1303.65182591 0.01037836 0.06007933
1304.65232616 0.01006194 0.05780765
1305.65282641 0.00989173 0.05785975
1306.65332666 0.00992373 0.05792796
1307.65382691 0.01022407 0.06436618
1308.65432716 0.00944415 0.05797706
1309.65482741 0.00919199 0.05554622
1310.65532766 0.00891395 0.05797389
1311.65582791 0.00886579 0.05788144
1312.65632816 0.00889241 0.05380240
1313.65682841 0.00905146 0.05631545
1314.65732866 0.00868083 0.05652111
1315.65782891 0.00841421 0.05175805
1316.65832916 0.00765982 0.04037558
1317.65882941 0.00776918 0.04088018
1318.65932966 0.00832316 0.04203993
1319.65982991 0.00859912 0.04266094
1320.66033017 0.00924055 0.04638502
1321.66083042 0.00936023 0.04711536
1322.66133067 0.01046949 0.05160454
1323.66183092 0.01051229 0.05245139
1324.66233117 0.00999962 0.05229196
1325.66283142 0.00988480 0.05267385
1326.66333167 0.00967509 0.05106547
1327.66383192 0.00906888 0.04741836
1328.66433217 0.00818648 0.04224600
1329.66483242 0.00800455 0.04123683
1330.66533267 0.00815697 0.04356033
1331.66583292 0.00806442 0.04201664
1332.66633317 0.00941097 0.05648316
1333.66683342 0.01149532 0.07159062
1334.66733367 0.01375313 0.08414371
1335.66783392 0.01374789 0.08462565
1336.66833417 0.01470952 0.08789213
1337.66883442 0.01419532 0.08516968
1338.66933467 0.01433531 0.08757770
1339.66983492 0.01381213 0.08493365
1340.67033517 0.01509871 0.09047044
1341.67083542 0.01289535 0.07872608
1342.67133567 0.01337497 0.08065589
1343.67183592 0.01373850 0.08288010
1344.67233617 0.01364535 0.08242494
1345.67283642 0.01333260 0.08202295
1346.67333667 0.01478777 0.08826188
1347.67383692 0.01519042 0.09216700
1348.67433717 0.01467372 0.08881594
1349.67483742 0.01371462 0.08160158
1350.67533767 0.01377707 0.08155743
1351.67583792 0.01308922 0.07562296
1352.67633817 0.01218435 0.06968779
1353.67683842 0.01210756 0.06632942
1354.67733867 0.01185436 0.06591806
1355.67783892 0.01216181 0.06739731
1356.67833917 0.01085898 0.06039637
1357.67883942 0.01045441 0.05769750
1358.67933967 0.01092227 0.05930543
1359.67983992 0.01055657 0.05889073
1360.68034017 0.00990345 0.05605254
1361.68084042 0.00998443 0.05414100
1362.68134067 0.00985969 0.05392013
1363.68184092 0.01154242 0.06664032
1364.68234117 0.01100754 0.06480844
1365.68284142 0.01287436 0.07761665
1366.68334167 0.01305791 0.07895935
1367.68384192 0.01304191 0.08172946
1368.68434217 0.01255631 0.07715739
1369.68484242 0.01251126 0.07349305
1370.68534267 0.01286205 0.07651015
1371.68584292 0.01241868 0.07389702
1372.68634317 0.01244162 0.07242125
1373.68684342 0.01215712 0.07354653
1374.68734367 0.01211872 0.07453294
1375.68784392 0.01238562 0.07726760
1376.68834417 0.01206350 0.07324006
1377.68884442 0.01185102 0.07092002
1378.68934467 0.01111581 0.06400279
1379.68984492 0.01131883 0.06192666
1380.69034517 0.01138981 0.06081450
1381.69084542 0.01111087 0.05983360
1382.69134567 0.01083365 0.05868463
1383.69184592 0.01059308 0.05759937
1384.69234617 0.01223512 0.06987569
1385.69284642 0.01176726 0.06818674
1386.69334667 0.01130423 0.06512153
1387.69384692 0.01070899 0.05965980
1388.69434717 0.01283179 0.07120213
1389.69484742 0.01462120 0.07968887
1390.69534767 0.01490231 0.08137608
1391.69584792 0.01451985 0.08216004
1392.69634817 0.01439419 0.08111436
1393.69684842 0.01433413 0.08010955
1394.69734867 0.01382227 0.07479401
1395.69784892 0.01314371 0.06966280
1396.69834917 0.01153733 0.05957690
1397.69884942 0.01217311 0.06204341
1398.69934967 0.01088991 0.05528247
1399.69984992 0.01076173 0.05529178
1400.70035018 0.01255095 0.06652579
1401.70085043 0.01253290 0.06808623
1402.70135068 0.01217299 0.06413504
1403.70185093 0.01165755 0.05876717
1404.70235118 0.01150019 0.05902016
1405.70285143 0.01068887 0.05647101
1406.70335168 0.01011745 0.05267884
1407.70385193 0.01011567 0.05345634
1408.70435218 0.01045331 0.05393411
1409.70485243 0.01050506 0.05395631
1410.70535268 0.00941991 0.04438922
1411.70585293 0.01142831 0.06354061
1412.70635318 0.01180079 0.06879469
1413.70685343 0.01200341 0.06408894
1414.70735368 0.01176899 0.06206852
1415.70785393 0.01139247 0.06562976
1416.70835418 0.01084846 0.06165002
1417.70885443 0.01026845 0.05191741
1418.70935468 0.01051774 0.04823449
1419.70985493 0.01249782 0.06716873
1420.71035518 0.01219439 0.06861536
1421.71085543 0.01112102 0.05903213
1422.71135568 0.01046648 0.05484124
1423.71185593 0.00934448 0.04112324
1424.71235618 0.00877725 0.03774753
1425.71285643 0.00849280 0.03541613
1426.71335668 0.00853573 0.03638517
1427.71385693 0.00903390 0.03958183
1428.71435718 0.00963068 0.04269698
1429.71485743 0.00983332 0.04414367
1430.71535768 0.00961452 0.04252041
1431.71585793 0.00907876 0.04013689
1432.71635818 0.00898182 0.03890610
1433.71685843 0.00876603 0.03757237
1434.71735868 0.00819860 0.03408689
1435.71785893 0.00755562 0.02999890
1436.71835918 0.00719332 0.02882894
1437.71885943 0.00734725 0.02963872
1438.71935968 0.00772438 0.03175943
1439.71985993 0.00834340 0.03369774
1440.72036018 0.00780052 0.03142515
1441.72086043 0.00754552 0.03124492
1442.72136068 0.00754814 0.03140505
1443.72186093 0.00771130 0.03204410
1444.72236118 0.00737866 0.03089013
1445.72286143 0.00870582 0.04919136
1446.72336168 0.01120101 0.06723969
1447.72386193 0.01143906 0.06960526
1448.72436218 0.01112230 0.06929427
1449.72486243 0.01088604 0.06526529
1450.72536268 0.01084823 0.06525130
1451.72586293 0.01090858 0.06540923
1452.72636318 0.01205535 0.07250634
1453.72686343 0.01159148 0.06897870
1454.72736368 0.01114473 0.06639352
1455.72786393 0.01120605 0.06807041
1456.72836418 0.01202694 0.07084311
1457.72886443 0.01363091 0.07663236
1458.72936468 0.01312184 0.07287087
1459.72986493 0.01115765 0.05992093
1460.73036518 0.01135216 0.06169825
1461.73086543 0.01163271 0.06424357
1462.73136568 0.01127395 0.06171714
1463.73186593 0.01051176 0.05951585
1464.73236618 0.01008257 0.05790707
1465.73286643 0.00996120 0.05467111
1466.73336668 0.01068590 0.05616769
1467.73386693 0.01062621 0.05691320
1468.73436718 0.01013116 0.05504117
1469.73486743 0.00933718 0.04994348
1470.73536768 0.00944107 0.05244689
1471.73586793 0.01160635 0.06807524
1472.73636818 0.01148886 0.06562905
1473.73686843 0.01154292 0.06673591
1474.73736868 0.01305522 0.07381491
1475.73786893 0.01291783 0.07636729
1476.73836918 0.01306394 0.07743663
1477.73886943 0.01264869 0.07163139
1478.73936968 0.01220772 0.07060168
1479.73986993 0.01153424 0.07084440
1480.74037019 0.01292256 0.07630537
1481.74087044 0.01151321 0.06766169
1482.74137069 0.01058581 0.06247600
1483.74187094 0.01164355 0.07066826
1484.74237119 0.01250387 0.07749928
1485.74287144 0.01239502 0.07556091
1486.74337169 0.01203290 0.07429864
1487.74387194 0.01262934 0.07523038
1488.74437219 0.01475826 0.08308836
1489.74487244 0.01320152 0.07348082
1490.74537269 0.01345415 0.07621384
1491.74587294 0.01346844 0.07584544
1492.74637319 0.01215271 0.06857089
1493.74687344 0.01192351 0.06534450
1494.74737369 0.01267340 0.06913906
1495.74787394 0.01262467 0.07020355
1496.74837419 0.01205623 0.06613922
1497.74887444 0.01159672 0.06449232
1498.74937469 0.01168106 0.06594843
1499.74987494 0.01145337 0.06424710
1500.75037519 0.01105750 0.06169046
1501.75087544 0.01115840 0.06128067
1502.75137569 0.01116711 0.06089425
1503.75187594 0.01095825 0.05966690
1504.75237619 0.01106612 0.06005167
1505.75287644 0.01100807 0.05979327
1506.75337669 0.01031838 0.05594291
1507.75387694 0.00974344 0.05489690
1508.75437719 0.00929072 0.05306970
1509.75487744 0.00902453 0.05235256
1510.75537769 0.00922418 0.05381097
1511.75587794 0.00912044 0.05266128
1512.75637819 0.00867347 0.05107229
1513.75687844 0.00844037 0.05028227
1514.75737869 0.00870055 0.04981473
1515.75787894 0.01002932 0.06014168
1516.75837919 0.00984112 0.06022365
1517.75887944 0.00966728 0.06038657
1518.75937969 0.00985185 0.06378324
1519.75987994 0.00965801 0.06210053
1520.76038019 0.00944025 0.06146583
1521.76088044 0.00922451 0.06148398
1522.76138069 0.01143062 0.07421661
1523.76188094 0.01122895 0.07084636
1524.76238119 0.01282002 0.07596853
1525.76288144 0.01263695 0.07318161
1526.76338169 0.01238421 0.07553940
1527.76388194 0.01245968 0.07853738
1528.76438219 0.01188258 0.07259403
1529.76488244 0.01163985 0.07065997
1530.76538269 0.01243949 0.07686230
1531.76588294 0.01207513 0.07539086
1532.76638319 0.01083426 0.06417572
1533.76688344 0.01036770 0.05961604
1534.76738369 0.01099748 0.06742279
1535.76788394 0.01159791 0.07280267
1536.76838419 0.01150744 0.07148660
1537.76888444 0.01327636 0.07514164
1538.76938469 0.01367164 0.07921123
1539.76988494 0.01271149 0.07087280
1540.77038519 0.01274855 0.07199473
1541.77088544 0.01236264 0.07070403
1542.77138569 0.01244961 0.07382530
1543.77188594 0.01247079 0.07417651
1544.77238619 0.01149676 0.06702310
1545.77288644 0.01023724 0.05901705
1546.77338669 0.01014173 0.05949035
1547.77388694 0.01025645 0.06368017
1548.77438719 0.01041071 0.06159581
1549.77488744 0.01027226 0.05843457
1550.77538769 0.01023913 0.05688568
1551.77588794 0.01121387 0.06144419
1552.77638819 0.01159653 0.06253357
1553.77688844 0.01151537 0.06305561
1554.77738869 0.01102767 0.06137187
1555.77788894 0.01133791 0.06207316
1556.77838919 0.01320703 0.07464698
1557.77888944 0.01413201 0.08214931
1558.77938969 0.01370797 0.08218874
1559.77988994 0.01319826 0.07972163
1560.78039020 0.01273907 0.07602216
1561.78089045 0.01245370 0.07347188
1562.78139070 0.01235397 0.07600655
1563.78189095 0.01209326 0.07415907
1564.78239120 0.01243509 0.07657664
1565.78289145 0.01285728 0.08165121
1566.78339170 0.01232639 0.07771674
1567.78389195 0.01304595 0.07964563
1568.78439220 0.01230484 0.07618594
1569.78489245 0.01185875 0.07310742
1570.78539270 0.01168154 0.07213983
1571.78589295 0.01191855 0.07492693
1572.78639320 0.01188088 0.07374836
1573.78689345 0.01145260 0.07118104
1574.78739370 0.01116231 0.07045765
1575.78789395 0.01126160 0.07039843
1576.78839420 0.01126809 0.07070221
1577.78889445 0.01076938 0.06846510
1578.78939470 0.01036948 0.06550991
1579.78989495 0.01040159 0.06484034
1580.79039520 0.01070526 0.06593657
1581.79089545 0.01063077 0.06657913
1582.79139570 0.01029381 0.06331569
1583.79189595 0.01000562 0.06197190
1584.79239620 0.00997885 0.06245877
1585.79289645 0.01006193 0.06177689
1586.79339670 0.00986098 0.05986791
1587.79389695 0.01211917 0.07404276
1588.79439720 0.01343116 0.08091519
1589.79489745 0.01310605 0.07795626
1590.79539770 0.01287876 0.07545825
1591.79589795 0.01263733 0.07439569
1592.79639820 0.01228434 0.07088455
1593.79689845 0.01151243 0.06613626
1594.79739870 0.01109022 0.06597580
1595.79789895 0.01109794 0.06582320
1596.79839920 0.01115518 0.06536778
1597.79889945 0.01459347 0.08300252
1598.79939970 0.01507118 0.08613760
1599.79989995 0.01511207 0.08666414
1600.80040020 0.01458733 0.08052499
1601.80090045 0.01485965 0.08310958
1602.80140070 0.01481852 0.08161171
1603.80190095 0.01446523 0.08185590
1604.80240120 0.01363293 0.08003434
1605.80290145 0.01314494 0.07571345
1606.80340170 0.01291043 0.07462692
1607.80390195 0.01265086 0.07422180
1608.80440220 0.01261720 0.07223330
1609.80490245 0.01430078 0.08332376
1610.80540270 0.01769705 0.09921392
1611.80590295 0.01708463 0.09340837
1612.80640320 0.01681228 0.09167109
1613.80690345 0.01654622 0.09212449
1614.80740370 0.01625490 0.09003717
1615.80790395 0.01704786 0.09478843
1616.80840420 0.01624835 0.08981211
1617.80890445 0.01580318 0.08890125
1618.80940470 0.01580397 0.08950128
1619.80990495 0.01564396 0.08612299
1620.81040520 0.01471775 0.08035366
1621.81090545 0.01559198 0.08440157
1622.81140570 0.01498340 0.08136166
1623.81190595 0.01632624 0.08841941
1624.81240620 0.01701536 0.09343692
1625.81290645 0.01671718 0.09394463
1626.81340670 0.01666983 0.09160331
1627.81390695 0.01538990 0.08355250
1628.81440720 0.01536619 0.08448540
1629.81490745 0.01480918 0.07935194
1630.81540770 0.01381072 0.07147234
1631.81590795 0.01346784 0.06899709
1632.81640820 0.01340422 0.07028709
1633.81690845 0.01408158 0.07342746
1634.81740870 0.01430252 0.07608423
1635.81790895 0.01415950 0.07719654
1636.81840920 0.01406376 0.07737219
1637.81890945 0.01423806 0.08072662
1638.81940970 0.01338595 0.07486304
1639.81990995 0.01154824 0.06061320
1640.82041021 0.01178885 0.06179913
1641.82091046 0.01206586 0.06225385
1642.82141071 0.01270002 0.06582019
1643.82191096 0.01489680 0.07981860
1644.82241121 0.01452370 0.07793832
1645.82291146 0.01422771 0.07518864
1646.82341171 0.01376486 0.07225570
1647.82391196 0.01304518 0.07021186
1648.82441221 0.01480168 0.08188038
1649.82491246 0.01584338 0.08751387
1650.82541271 0.01717638 0.09382277
1651.82591296 0.01704734 0.09314750
1652.82641321 0.01726601 0.09402170
1653.82691346 0.01694591 0.09199333
1654.82741371 0.01699146 0.09255082
1655.82791396 0.01678420 0.09126084
1656.82841421 0.01675145 0.09269160
1657.82891446 0.01869875 0.10353394
1658.82941471 0.01802295 0.09812733
1659.82991496 0.01911593 0.10094596
1660.83041521 0.01857859 0.09687941
1661.83091546 0.01807029 0.09449410
1662.83141571 0.01666842 0.08771696
1663.83191596 0.01663876 0.08534588
1664.83241621 0.01689885 0.08811588
1665.83291646 0.01824885 0.09525429
1666.83341671 0.01803229 0.09218387
1667.83391696 0.01756655 0.08854649
1668.83441721 0.01978853 0.09781805
1669.83491746 0.02004050 0.10010935
1670.83541771 0.02240132 0.10925319
1671.83591796 0.02147158 0.10559655
1672.83641821 0.02073132 0.10292728
1673.83691846 0.02110500 0.10491705
1674.83741871 0.02063597 0.10315475
1675.83791896 0.02179565 0.10515086
1676.83841921 0.02162016 0.10272882
1677.83891946 0.02160879 0.10260337
1678.83941971 0.02215038 0.10409117
1679.83991996 0.02208028 0.10596865
1680.84042021 0.02110337 0.10276781
1681.84092046 0.01921071 0.09582802
1682.84142071 0.01996459 0.09740610
1683.84192096 0.02009831 0.09820645
1684.84242121 0.02074710 0.10397536
1685.84292146 0.02144659 0.10358549
1686.84342171 0.02143659 0.10295201
1687.84392196 0.02134959 0.10327372
1688.84442221 0.02088857 0.10200459
1689.84492246 0.02057416 0.10132511
1690.84542271 0.02088024 0.10433842
1691.84592296 0.02107800 0.10650818
1692.84642321 0.01895533 0.09473431
1693.84692346 0.01992957 0.09713751
1694.84742371 0.01976254 0.09645154
1695.84792396 0.01997849 0.09613588
1696.84842421 0.02104649 0.10154795
1697.84892446 0.02100167 0.09964421
1698.84942471 0.02086273 0.09970884
1699.84992496 0.02143809 0.10203456
1700.85042521 0.02107347 0.10028045
1701.85092546 0.02001180 0.09406729
1702.85142571 0.01918682 0.08983563
1703.85192596 0.01787325 0.08497853
1704.85242621 0.01849045 0.08783039
1705.85292646 0.01828956 0.08904846
1706.85342671 0.01754431 0.08618894
1707.85392696 0.01748147 0.08560448
1708.85442721 0.01892701 0.09321703
1709.85492746 0.01839504 0.09254902
1710.85542771 0.01828567 0.09283344
1711.85592796 0.01779306 0.09015611
1712.85642821 0.01725903 0.08774054
1713.85692846 0.01693943 0.08726728
1714.85742871 0.01899109 0.09558903
1715.85792896 0.01878574 0.09440470
1716.85842921 0.01846538 0.09241491
1717.85892946 0.01813628 0.09116502
1718.85942971 0.01790435 0.09129006
1719.85992996 0.01762503 0.08982764
1720.86043022 0.01684603 0.08715512
1721.86093047 0.01792888 0.09392149
1722.86143072 0.01959811 0.10127610
1723.86193097 0.01955749 0.10084043
1724.86243122 0.01956750 0.09985187
1725.86293147 0.01933839 0.09842311
1726.86343172 0.01851673 0.09608549
1727.86393197 0.01732644 0.09145917
1728.86443222 0.01660210 0.08805064
1729.86493247 0.01669676 0.08947846
1730.86543272 0.01645042 0.08726319
1731.86593297 0.01679592 0.08858436
1732.86643322 0.01585424 0.08554424
1733.86693347 0.01585998 0.08595365
1734.86743372 0.01558089 0.08393515
1735.86793397 0.01573909 0.08410753
1736.86843422 0.01596070 0.08346617
1737.86893447 0.01659879 0.08468087
1738.86943472 0.01642002 0.08512842
1739.86993497 0.01653099 0.08831251
1740.87043522 0.01664154 0.08858492
1741.87093547 0.01652439 0.08786590
1742.87143572 0.01722675 0.09104323
1743.87193597 0.01701428 0.09112476
1744.87243622 0.01618920 0.08663093
1745.87293647 0.01544070 0.08198347
1746.87343672 0.01544551 0.08297770
1747.87393697 0.01735631 0.09262807
1748.87443722 0.01819361 0.09341606
1749.87493747 0.01800755 0.09133462
1750.87543772 0.01714051 0.08804661
1751.87593797 0.01717111 0.09029289
1752.87643822 0.01843739 0.09665651
1753.87693847 0.01852662 0.09873888
1754.87743872 0.01777247 0.09632119
1755.87793897 0.01724179 0.09240152
1756.87843922 0.01720810 0.08977686
1757.87893947 0.01710431 0.09089717
1758.87943972 0.01633824 0.08693127
1759.87993997 0.01823453 0.09603095
1760.88044022 0.01806785 0.09635673
1761.88094047 0.01913750 0.10018277
1762.88144072 0.01879740 0.09914835
1763.88194097 0.01900260 0.10155698
1764.88244122 0.02026177 0.10672164
1765.88294147 0.01964858 0.10423046
1766.88344172 0.02128565 0.11189615
1767.88394197 0.02016032 0.10571565
1768.88444222 0.01986145 0.10075591
1769.88494247 0.01875639 0.09566593
1770.88544272 0.01822056 0.09623631
1771.88594297 0.01814064 0.09796697
1772.88644322 0.01779798 0.09515222
1773.88694347 0.01879779 0.09632836
1774.88744372 0.01893971 0.09713162
1775.88794397 0.01773615 0.09336354
1776.88844422 0.01702916 0.09250022
1777.88894447 0.01849974 0.10182899
1778.88944472 0.01812495 0.10077960
1779.88994497 0.01755109 0.09687874
1780.89044522 0.01815208 0.09779260
1781.89094547 0.01756182 0.09755337
1782.89144572 0.01751403 0.09785382
1783.89194597 0.01746827 0.09579140
1784.89244622 0.01745407 0.09520844
1785.89294647 0.01916928 0.10539790
1786.89344672 0.01865950 0.10436404
1787.89394697 0.02002754 0.10967085
1788.89444722 0.01868600 0.10374257
1789.89494747 0.01847242 0.10060075
1790.89544772 0.01873816 0.10122867
1791.89594797 0.02036190 0.10983382
1792.89644822 0.01945060 0.10373296
1793.89694847 0.01860858 0.09758256
1794.89744872 0.02009003 0.10370638
1795.89794897 0.01932253 0.10038125
1796.89844922 0.02027289 0.10492669
1797.89894947 0.01943380 0.10124893
1798.89944972 0.01915364 0.10020355
1799.89994997 0.01955803 0.10098212
1800.90045023 0.02082478 0.10586823
1801.90095048 0.01877888 0.09745544
1802.90145073 0.01844859 0.09591103
1803.90195098 0.01765928 0.09435884
1804.90245123 0.01792138 0.09633461
1805.90295148 0.01744203 0.09306865
1806.90345173 0.01669095 0.09202824
1807.90395198 0.01657209 0.09055200
1808.90445223 0.01576339 0.08173593
1809.90495248 0.01661579 0.08759261
1810.90545273 0.01659782 0.09067765
1811.90595298 0.01623310 0.08910894
1812.90645323 0.01774126 0.09585361
1813.90695348 0.01750396 0.09525961
1814.90745373 0.01842329 0.09977484
1815.90795398 0.01628726 0.09019707
1816.90845423 0.01609304 0.08832450
1817.90895448 0.01530570 0.08527751
1818.90945473 0.01464653 0.08228451
1819.90995498 0.01417436 0.07983535
1820.91045523 0.01426911 0.08045702
1821.91095548 0.01467480 0.08264835
1822.91145573 0.01517890 0.08290962
1823.91195598 0.01464481 0.08041160
1824.91245623 0.01438223 0.08082948
1825.91295648 0.01531854 0.08294257
1826.91345673 0.01524242 0.08218562
1827.91395698 0.01451274 0.08051077
1828.91445723 0.01400110 0.07790202
1829.91495748 0.01349827 0.07486861
1830.91545773 0.01319259 0.07363130
1831.91595798 0.01387733 0.07911393
1832.91645823 0.01537823 0.08488889
1833.91695848 0.01471985 0.08056663
1834.91745873 0.01387928 0.07867047
1835.91795898 0.01388352 0.07802567
1836.91845923 0.01420256 0.07818964
1837.91895948 0.01373740 0.07596326
1838.91945973 0.01362918 0.07405503
1839.91995998 0.01258148 0.07156143
1840.92046023 0.01374345 0.07740285
1841.92096048 0.01533860 0.08406880
1842.92146073 0.01522762 0.08210122
1843.92196098 0.01462893 0.08101200
1844.92246123 0.01497967 0.08342307
1845.92296148 0.01497495 0.08395581
1846.92346173 0.01450238 0.08140193
1847.92396198 0.01457003 0.08393493
1848.92446223 0.01455941 0.08529702
1849.92496248 0.01277027 0.07446728
1850.92546273 0.01245876 0.07320484
1851.92596298 0.01157883 0.06923734
1852.92646323 0.01343450 0.07836247
1853.92696348 0.01336102 0.07844295
1854.92746373 0.01317521 0.07579841
1855.92796398 0.01263165 0.07231760
1856.92846423 0.01331197 0.07514625
1857.92896448 0.01332489 0.07635141
1858.92946473 0.01381214 0.07724062
1859.92996498 0.01353103 0.07542633
1860.93046523 0.01300082 0.07081505
1861.93096548 0.01224601 0.06896062
1862.93146573 0.01227462 0.06887738
1863.93196598 0.01253318 0.06912620
1864.93246623 0.01239857 0.06945451
1865.93296648 0.01175886 0.06785347
1866.93346673 0.01140923 0.06681870
1867.93396698 0.01151923 0.06673050
1868.93446723 0.01127665 0.06608524
1869.93496748 0.01109708 0.06528066
1870.93546773 0.01076638 0.06465456
1871.93596798 0.01091873 0.06497459
1872.93646823 0.01084624 0.06479777
1873.93696848 0.01062419 0.06433692
1874.93746873 0.01067739 0.06443635
1875.93796898 0.01046709 0.06424108
1876.93846923 0.01026434 0.06410714
1877.93896948 0.01020151 0.06374594
1878.93946973 0.01004274 0.06323838
1879.93996998 0.00972456 0.06285673
1880.94047024 0.00988235 0.06298484
1881.94097049 0.00964920 0.06244323
1882.94147074 0.00928971 0.06198307
1883.94197099 0.00969908 0.06825955
1884.94247124 0.00992638 0.06871271
1885.94297149 0.01192733 0.07821017
1886.94347174 0.01164140 0.07697043
1887.94397199 0.01312306 0.08570072
1888.94447224 0.01269284 0.08139784
1889.94497249 0.01186502 0.07564746
1890.94547274 0.01111077 0.06936471
1891.94597299 0.01017194 0.06536109
1892.94647324 0.01021967 0.06728761
1893.94697349 0.00990751 0.06507135
1894.94747374 0.01024296 0.06791351
1895.94797399 0.01000488 0.06685830
1896.94847424 0.00978190 0.06610231
1897.94897449 0.00954066 0.06493172
1898.94947474 0.00955546 0.06502674
1899.94997499 0.00954985 0.06694033
1900.95047524 0.00924634 0.06540855
1901.95097549 0.00937205 0.06544845
1902.95147574 0.00972520 0.06542342
1903.95197599 0.01107097 0.07449178
1904.95247624 0.01158695 0.07867336
1905.95297649 0.01180082 0.07811452
1906.95347674 0.01308646 0.08423086
1907.95397699 0.01228914 0.07691411
1908.95447724 0.01249932 0.07727183
1909.95497749 0.01229421 0.07501435
1910.95547774 0.01209028 0.07279188
1911.95597799 0.01369871 0.07802055
1912.95647824 0.01402496 0.07830947
1913.95697849 0.01364927 0.07687180
1914.95747874 0.01341828 0.07779339
1915.95797899 0.01515833 0.08904782
1916.95847924 0.01482577 0.08702317
1917.95897949 0.01503253 0.08846638
1918.95947974 0.01481830 0.09013441
1919.95997999 0.01427032 0.08954012
1920.96048024 0.01629486 0.09729360
1921.96098049 0.01622767 0.09509287
1922.96148074 0.01626185 0.09518387
1923.96198099 0.01651828 0.09744132
1924.96248124 0.01633554 0.09824951
1925.96298149 0.01506812 0.08860357
1926.96348174 0.01463052 0.08787290
1927.96398199 0.01270310 0.08402110
1928.96448224 0.01252932 0.08137079
1929.96498249 0.01188009 0.07178774
1930.96548274 0.01220096 0.07383515
1931.96598299 0.01260237 0.07834605
1932.96648324 0.01222884 0.07769755
1933.96698349 0.01191066 0.07563187
1934.96748374 0.01371517 0.08627094
1935.96798399 0.01362692 0.08468426
1936.96848424 0.01311645 0.08081095
1937.96898449 0.01279379 0.08259379
1938.96948474 0.01299468 0.08232542
1939.96998499 0.01342515 0.08255903
1940.97048524 0.01259973 0.07475486
1941.97098549 0.01342645 0.07948172
1942.97148574 0.01398594 0.08614800
1943.97198599 0.01409812 0.08829482
1944.97248624 0.01369128 0.08482009
1945.97298649 0.01353966 0.08616441
1946.97348674 0.01325696 0.08852620
1947.97398699 0.01227565 0.08211903
1948.97448724 0.01211746 0.07913786
1949.97498749 0.01285639 0.08219558
1950.97548774 0.01255127 0.08040649
1951.97598799 0.01183130 0.07539614
1952.97648824 0.01159153 0.07567692
1953.97698849 0.01162983 0.07679463
1954.97748874 0.01096279 0.07176445
1955.97798899 0.01050581 0.07107241
1956.97848924 0.01076452 0.07385334
1957.97898949 0.01068443 0.07368595
1958.97948974 0.01036562 0.07124307
1959.97998999 0.01032072 0.07007777
1960.98049025 0.01024630 0.07090456
1961.98099050 0.01034602 0.07157893
1962.98149075 0.01358632 0.08684634
1963.98199100 0.01394459 0.08846817
1964.98249125 0.01402289 0.08859690
1965.98299150 0.01282211 0.07922533
1966.98349175 0.01138219 0.07090536
1967.98399200 0.01069647 0.06832516
1968.98449225 0.01231601 0.07996901
1969.98499250 0.01245130 0.07899644
1970.98549275 0.01221783 0.07459738
1971.98599300 0.01147779 0.07094071
1972.98649325 0.01112850 0.06942215
1973.98699350 0.01182809 0.07155863
1974.98749375 0.01132806 0.07118475
1975.98799400 0.01097710 0.07137854
1976.98849425 0.01084075 0.07260969
1977.98899450 0.01065799 0.07103632
1978.98949475 0.01035037 0.06665406
1979.98999500 0.00996815 0.06362271
1980.99049525 0.00838396 0.05287647
1981.99099550 0.00849507 0.05265905
1982.99149575 0.00830853 0.05200931
1983.99199600 0.00832493 0.05340037
1984.99249625 0.00840101 0.05509791
1985.99299650 0.00832505 0.05329485
1986.99349675 0.00816234 0.05302983
1987.99399700 0.00789255 0.05303157
1988.99449725 0.00705473 0.04321452
1989.99499750 0.00723071 0.04783583
1990.99549775 0.00673357 0.04218145
1991.99599800 0.00674402 0.04022417
1992.99649825 0.00695125 0.03899316
1993.99699850 0.00906680 0.05939370
1994.99749875 0.00868480 0.05469756
1995.99799900 0.00904916 0.05787632
1996.99849925 0.00875017 0.05568547
1997.99899950 0.00848642 0.05733783
1998.99949975 0.00876133 0.05912076
2000.00000000 0.00843182 0.05737716
