0.00000000 2.99999941
1.00100100 2.99506820
2.00200200 2.98342409
3.00300300 2.97309517
4.00400400 2.96234232
5.00500501 2.95170196
6.00600601 2.94107477
7.00700701 2.93048803
8.00800801 2.91993815
9.00900901 2.90942580
10.01001001 2.89895091
11.01101101 2.88851332
12.01201201 2.87811291
13.01301301 2.86774954
14.01401401 2.85742307
15.01501502 2.84713337
16.01601602 2.83688031
17.01701702 2.82666375
18.01801802 2.81648356
19.01901902 2.80633961
20.02002002 2.79623177
21.02102102 2.78615990
22.02202202 2.77612388
23.02302302 2.76612359
24.02402402 2.75615889
25.02502503 2.74622965
26.02602603 2.73633575
27.02702703 2.72647707
28.02802803 2.71665348
29.02902903 2.70686485
30.03003003 2.69711107
31.03103103 2.68739200
32.03203203 2.67770754
33.03303303 2.66805755
34.03403403 2.65844191
35.03503504 2.64886051
36.03603604 2.63931322
37.03703704 2.62979993
38.03803804 2.62032051
39.03903904 2.61087486
40.04004004 2.60146284
41.04104104 2.59208434
42.04204204 2.58273926
43.04304304 2.57342746
44.04404404 2.56414884
45.04504505 2.55490327
46.04604605 2.54569065
47.04704705 2.53651086
48.04804805 2.52736379
49.04904905 2.51824932
50.05005005 2.50916734
51.05105105 2.50011774
52.05205205 2.49110040
53.05305305 2.48211522
54.05405405 2.47316208
55.05505506 2.46424087
56.05605606 2.45535148
57.05705706 2.44649380
58.05805806 2.43766773
59.05905906 2.42887315
60.06006006 2.42010995
61.06106106 2.41137803
62.06206206 2.40267727
63.06306306 2.39400758
64.06406406 2.38536883
65.06506507 2.37676093
66.06606607 2.36818378
67.06706707 2.35963725
68.06806807 2.35112126
69.06906907 2.34263568
70.07007007 2.33418042
71.07107107 2.32575538
72.07207207 2.31736044
73.07307307 2.30899551
74.07407407 2.30066048
75.07507508 2.29235525
76.07607608 2.28407971
77.07707708 2.27583376
78.07807808 2.26761731
79.07907908 2.25943024
80.08008008 2.25127246
81.08108108 2.24314386
82.08208208 2.23504436
83.08308308 2.22697383
84.08408408 2.21893219
85.08508509 2.21091934
86.08608609 2.20293517
87.08708709 2.19497959
88.08808809 2.18705249
89.08908909 2.17915378
90.09009009 2.17128337
91.09109109 2.16344115
92.09209209 2.15562702
93.09309309 2.14784090
94.09409409 2.14008267
95.09509510 2.13235225
96.09609610 2.12464954
97.09709710 2.11697444
98.09809810 2.10932686
99.09909910 2.10170670
100.10010010 2.09411387
101.10110110 2.08654828
102.10210210 2.07900982
103.10310310 2.07149841
104.10410410 2.06401394
105.10510511 2.05655634
106.10610611 2.04912550
107.10710711 2.04172133
108.10810811 2.03434374
109.10910911 2.02699263
110.11011011 2.01966793
111.11111111 2.01236952
112.11211211 2.00509733
113.11311311 1.99785126
114.11411411 1.99063122
115.11511512 1.98343712
116.11611612 1.97626887
117.11711712 1.96912638
118.11811812 1.96200956
119.11911912 1.95491833
120.12012012 1.94785258
121.12112112 1.94081224
122.12212212 1.93379722
123.12312312 1.92680742
124.12412412 1.91984277
125.12512513 1.91290316
126.12612613 1.90598853
127.12712713 1.89909877
128.12812813 1.89223380
129.12912913 1.88539354
130.13013013 1.87857789
131.13113113 1.87178679
132.13213213 1.86502012
133.13313313 1.85827783
134.13413413 1.85155981
135.13513514 1.84486598
136.13613614 1.83819626
137.13713714 1.83155057
138.13813814 1.82492882
139.13913914 1.81833093
140.14014014 1.81175681
141.14114114 1.80520638
142.14214214 1.79867956
143.14314314 1.79217627
144.14414414 1.78569642
145.14514515 1.77923993
146.14614615 1.77280672
147.14714715 1.76639672
148.14814815 1.76000983
149.14914915 1.75364597
150.15015015 1.74730508
151.15115115 1.74098706
152.15215215 1.73469183
153.15315315 1.72841932
154.15415415 1.72216945
155.15515516 1.71594214
156.15615616 1.70973730
157.15715716 1.70355487
158.15815816 1.69739475
159.15915916 1.69125688
160.16016016 1.68514117
161.16116116 1.67904755
162.16216216 1.67297594
163.16316316 1.66692627
164.16416416 1.66089845
165.16516517 1.65489240
166.16616617 1.64890806
167.16716717 1.64294535
168.16816817 1.63700419
169.16916917 1.63108450
170.17017017 1.62518621
171.17117117 1.61930925
172.17217217 1.61345353
173.17317317 1.60761899
174.17417417 1.60180555
175.17517518 1.59601314
176.17617618 1.59024167
177.17717718 1.58449109
178.17817818 1.57876131
179.17917918 1.57305226
180.18018018 1.56736387
181.18118118 1.56169607
182.18218218 1.55604878
183.18318318 1.55042193
184.18418418 1.54481545
185.18518519 1.53922927
186.18618619 1.53366331
187.18718719 1.52811751
188.18818819 1.52259180
189.18918919 1.51708609
190.19019019 1.51160033
191.19119119 1.50613444
192.19219219 1.50068835
193.19319319 1.49526199
194.19419419 1.48985530
195.19519520 1.48446820
196.19619620 1.47910062
197.19719720 1.47375250
198.19819820 1.46842376
199.19919920 1.46311434
200.20020020 1.45782417
201.20120120 1.45255318
202.20220220 1.44730131
203.20320320 1.44206848
204.20420420 1.43685463
205.20520521 1.43165969
206.20620621 1.42648359
207.20720721 1.42132628
208.20820821 1.41618767
209.20920921 1.41106771
210.21021021 1.40596633
211.21121121 1.40088347
212.21221221 1.39581905
213.21321321 1.39077301
214.21421421 1.38574529
215.21521522 1.38073583
216.21621622 1.37574455
217.21721722 1.37077140
218.21821822 1.36581630
219.21921922 1.36087920
220.22022022 1.35596004
221.22122122 1.35105874
222.22222222 1.34617524
223.22322322 1.34130949
224.22422422 1.33646141
225.22522523 1.33163095
226.22622623 1.32681805
227.22722723 1.32202263
228.22822823 1.31724464
229.22922923 1.31248402
230.23023023 1.30774071
231.23123123 1.30301464
232.23223223 1.29830575
233.23323323 1.29361398
234.23423423 1.28893928
235.23523524 1.28428157
236.23623624 1.27964080
237.23723724 1.27501692
238.23823824 1.27040985
239.23923924 1.26581954
240.24024024 1.26124593
241.24124124 1.25668896
242.24224224 1.25214857
243.24324324 1.24762471
244.24424424 1.24311731
245.24524525 1.23862631
246.24624625 1.23415166
247.24724725 1.22969329
248.24824825 1.22525116
249.24924925 1.22082520
250.25025025 1.21641535
251.25125125 1.21202157
252.25225225 1.20764378
253.25325325 1.20328193
254.25425425 1.19893597
255.25525526 1.19460584
256.25625626 1.19029148
257.25725726 1.18599284
258.25825826 1.18170986
259.25925926 1.17744249
260.26026026 1.17319066
261.26126126 1.16895433
262.26226226 1.16473343
263.26326326 1.16052792
264.26426426 1.15633774
265.26526527 1.15216283
266.26626627 1.14800314
267.26726727 1.14385862
268.26826827 1.13972920
269.26926927 1.13561484
270.27027027 1.13151549
271.27127127 1.12743108
272.27227227 1.12336157
273.27327327 1.11930690
274.27427427 1.11526702
275.27527528 1.11124188
276.27627628 1.10723142
277.27727728 1.10323559
278.27827828 1.09925434
279.27927928 1.09528762
280.28028028 1.09133537
281.28128128 1.08739754
282.28228228 1.08347409
283.28328328 1.07956495
284.28428428 1.07567009
285.28528529 1.07178944
286.28628629 1.06792295
287.28728729 1.06407059
288.28828829 1.06023228
289.28928929 1.05640800
290.29029029 1.05259767
291.29129129 1.04880127
292.29229229 1.04501872
293.29329329 1.04124999
294.29429429 1.03749503
295.29529530 1.03375378
296.29629630 1.03002620
297.29729730 1.02631224
298.29829830 1.02261184
299.29929930 1.01892497
300.30030030 1.01525157
301.30130130 1.01159159
302.30230230 1.00794498
303.30330330 1.00431170
304.30430430 1.00069171
305.30530531 0.99708494
306.30630631 0.99349136
307.30730731 0.98991091
308.30830831 0.98634356
309.30930931 0.98278924
310.31031031 0.97924793
311.31131131 0.97571956
312.31231231 0.97220409
313.31331331 0.96870148
314.31431431 0.96521168
315.31531532 0.96173464
316.31631632 0.95827032
317.31731732 0.95481867
318.31831832 0.95137965
319.31931932 0.94795321
320.32032032 0.94453931
321.32132132 0.94113790
322.32232232 0.93774893
323.32332332 0.93437236
324.32432432 0.93100815
325.32532533 0.92765625
326.32632633 0.92431662
327.32732733 0.92098922
328.32832833 0.91767399
329.32932933 0.91437090
330.33033033 0.91107990
331.33133133 0.90780094
332.33233233 0.90453400
333.33333333 0.90127901
334.33433433 0.89803594
335.33533534 0.89480475
336.33633634 0.89158539
337.33733734 0.88837782
338.33833834 0.88518200
339.33933934 0.88199788
340.34034034 0.87882543
341.34134134 0.87566460
342.34234234 0.87251534
343.34334334 0.86937763
344.34434434 0.86625141
345.34534535 0.86313664
346.34634635 0.86003329
347.34734735 0.85694130
348.34834835 0.85386065
349.34934935 0.85079129
350.35035035 0.84773318
351.35135135 0.84468627
352.35235235 0.84165053
353.35335335 0.83862592
354.35435435 0.83561240
355.35535536 0.83260993
356.35635636 0.82961846
357.35735736 0.82663796
358.35835836 0.82366838
359.35935936 0.82070970
360.36036036 0.81776187
361.36136136 0.81482484
362.36236236 0.81189859
363.36336336 0.80898306
364.36436436 0.80607824
365.36536537 0.80318406
366.36636637 0.80030050
367.36736737 0.79742752
368.36836837 0.79456508
369.36936937 0.79171314
370.37037037 0.78887166
371.37137137 0.78604061
372.37237237 0.78321994
373.37337337 0.78040962
374.37437437 0.77760962
375.37537538 0.77481989
376.37637638 0.77204040
377.37737738 0.76927112
378.37837838 0.76651199
379.37937938 0.76376299
380.38038038 0.76102409
381.38138138 0.75829523
382.38238238 0.75557640
383.38338338 0.75286754
384.38438438 0.75016863
385.38538539 0.74747963
386.38638639 0.74480050
387.38738739 0.74213121
388.38838839 0.73947172
389.38938939 0.73682200
390.39039039 0.73418201
391.39139139 0.73155171
392.39239239 0.72893108
393.39339339 0.72632007
394.39439439 0.72371865
395.39539540 0.72112678
396.39639640 0.71854444
397.39739740 0.71597158
398.39839840 0.71340818
399.39939940 0.71085419
400.40040040 0.70830959
401.40140140 0.70577433
402.40240240 0.70324840
403.40340340 0.70073174
404.40440440 0.69822433
405.40540541 0.69572614
406.40640641 0.69323712
407.40740741 0.69075726
408.40840841 0.68828651
409.40940941 0.68582484
410.41041041 0.68337221
411.41141141 0.68092861
412.41241241 0.67849399
413.41341341 0.67606831
414.41441441 0.67365156
415.41541542 0.67124369
416.41641642 0.66884467
417.41741742 0.66645448
418.41841842 0.66407307
419.41941942 0.66170042
420.42042042 0.65933649
421.42142142 0.65698126
422.42242242 0.65463469
423.42342342 0.65229675
424.42442442 0.64996741
425.42542543 0.64764664
426.42642643 0.64533440
427.42742743 0.64303067
428.42842843 0.64073541
429.42942943 0.63844860
430.43043043 0.63617020
431.43143143 0.63390018
432.43243243 0.63163851
433.43343343 0.62938516
434.43443443 0.62714011
435.43543544 0.62490332
436.43643644 0.62267475
437.43743744 0.62045439
438.43843844 0.61824220
439.43943944 0.61603815
440.44044044 0.61384221
441.44144144 0.61165436
442.44244244 0.60947456
443.44344344 0.60730278
444.44444444 0.60513899
445.44544545 0.60298317
446.44644645 0.60083529
447.44744745 0.59869531
448.44844845 0.59656321
449.44944945 0.59443896
450.45045045 0.59232253
451.45145145 0.59021390
452.45245245 0.58811302
453.45345345 0.58601989
454.45445445 0.58393446
455.45545546 0.58185671
456.45645646 0.57978661
457.45745746 0.57772414
458.45845846 0.57566926
459.45945946 0.57362195
460.46046046 0.57158218
461.46146146 0.56954993
462.46246246 0.56752516
463.46346346 0.56550785
464.46446446 0.56349797
465.46546547 0.56149549
466.46646647 0.55950039
467.46746747 0.55751264
468.46846847 0.55553221
469.46946947 0.55355908
470.47047047 0.55159322
471.47147147 0.54963461
472.47247247 0.54768321
473.47347347 0.54573900
474.47447447 0.54380196
475.47547548 0.54187205
476.47647648 0.53994926
477.47747748 0.53803355
478.47847848 0.53612490
479.47947948 0.53422329
480.48048048 0.53232869
481.48148148 0.53044107
482.48248248 0.52856041
483.48348348 0.52668668
484.48448448 0.52481986
485.48548549 0.52295992
486.48648649 0.52110683
487.48748749 0.51926058
488.48848849 0.51742113
489.48948949 0.51558847
490.49049049 0.51376256
491.49149149 0.51194339
492.49249249 0.51013092
493.49349349 0.50832514
494.49449449 0.50652602
495.49549550 0.50473353
496.49649650 0.50294765
497.49749750 0.50116835
498.49849850 0.49939562
499.49949950 0.49762943
500.50050050 0.49586975
501.50150150 0.49411656
502.50250250 0.49236984
503.50350350 0.49062956
504.50450450 0.48889570
505.50550551 0.48716824
506.50650651 0.48544714
507.50750751 0.48373240
508.50850851 0.48202398
509.50950951 0.48032187
510.51051051 0.47862604
511.51151151 0.47693646
512.51251251 0.47525312
513.51351351 0.47357598
514.51451451 0.47190504
515.51551552 0.47024026
516.51651652 0.46858163
517.51751752 0.46692911
518.51851852 0.46528270
519.51951952 0.46364236
520.52052052 0.46200807
521.52152152 0.46037981
522.52252252 0.45875757
523.52352352 0.45714131
524.52452452 0.45553102
525.52552553 0.45392667
526.52652653 0.45232824
527.52752753 0.45073571
528.52852853 0.44914907
529.52952953 0.44756828
530.53053053 0.44599332
531.53153153 0.44442418
532.53253253 0.44286083
533.53353353 0.44130325
534.53453453 0.43975143
535.53553554 0.43820533
536.53653654 0.43666494
537.53753754 0.43513024
538.53853854 0.43360121
539.53953954 0.43207782
540.54054054 0.43056006
541.54154154 0.42904790
542.54254254 0.42754132
543.54354354 0.42604031
544.54454454 0.42454485
545.54554555 0.42305490
546.54654655 0.42157046
547.54754755 0.42009150
548.54854855 0.41861801
549.54954955 0.41714995
550.55055055 0.41568732
551.55155155 0.41423009
552.55255255 0.41277825
553.55355355 0.41133176
554.55455455 0.40989062
555.55555556 0.40845481
556.55655656 0.40702429
557.55755756 0.40559907
558.55855856 0.40417911
559.55955956 0.40276439
560.56056056 0.40135490
561.56156156 0.39995062
562.56256256 0.39855153
563.56356356 0.39715760
564.56456456 0.39576883
565.56556557 0.39438519
566.56656657 0.39300666
567.56756757 0.39163322
568.56856857 0.39026486
569.56956957 0.38890156
570.57057057 0.38754330
571.57157157 0.38619005
572.57257257 0.38484181
573.57357357 0.38349855
574.57457457 0.38216025
575.57557558 0.38082690
576.57657658 0.37949848
577.57757758 0.37817497
578.57857858 0.37685635
579.57957958 0.37554260
580.58058058 0.37423371
581.58158158 0.37292966
582.58258258 0.37163043
583.58358358 0.37033600
584.58458458 0.36904636
585.58558559 0.36776148
586.58658659 0.36648136
587.58758759 0.36520596
588.58858859 0.36393529
589.58958959 0.36266931
590.59059059 0.36140801
591.59159159 0.36015137
592.59259259 0.35889938
593.59359359 0.35765202
594.59459459 0.35640928
595.59559560 0.35517113
596.59659660 0.35393755
597.59759760 0.35270854
598.59859860 0.35148407
599.59959960 0.35026413
600.60060060 0.34904871
601.60160160 0.34783777
602.60260260 0.34663132
603.60360360 0.34542933
604.60460460 0.34423178
605.60560561 0.34303866
606.60660661 0.34184996
607.60760761 0.34066565
608.60860861 0.33948572
609.60960961 0.33831016
610.61061061 0.33713894
611.61161161 0.33597206
612.61261261 0.33480949
613.61361361 0.33365123
614.61461461 0.33249725
615.61561562 0.33134753
616.61661662 0.33020207
617.61761762 0.32906085
618.61861862 0.32792385
619.61961962 0.32679106
620.62062062 0.32566246
621.62162162 0.32453803
622.62262262 0.32341777
623.62362362 0.32230164
624.62462462 0.32118965
625.62562563 0.32008177
626.62662663 0.31897800
627.62762763 0.31787830
628.62862863 0.31678268
629.62962963 0.31569111
630.63063063 0.31460358
631.63163163 0.31352007
632.63263263 0.31244057
633.63363363 0.31136507
634.63463463 0.31029355
635.63563564 0.30922599
636.63663664 0.30816239
637.63763764 0.30710272
638.63863864 0.30604697
639.63963964 0.30499513
640.64064064 0.30394718
641.64164164 0.30290312
642.64264264 0.30186291
643.64364364 0.30082656
644.64464464 0.29979404
645.64564565 0.29876535
646.64664665 0.29774046
647.64764765 0.29671936
648.64864865 0.29570205
649.64964965 0.29468850
650.65065065 0.29367871
651.65165165 0.29267265
652.65265265 0.29167031
653.65365365 0.29067169
654.65465465 0.28967676
655.65565566 0.28868552
656.65665666 0.28769795
657.65765766 0.28671403
658.65865866 0.28573376
659.65965966 0.28475712
660.66066066 0.28378409
661.66166166 0.28281466
662.66266266 0.28184883
663.66366366 0.28088657
664.66466466 0.27992787
665.66566567 0.27897272
666.66666667 0.27802111
667.66766767 0.27707303
668.66866867 0.27612845
669.66966967 0.27518738
670.67067067 0.27424978
671.67167167 0.27331566
672.67267267 0.27238500
673.67367367 0.27145779
674.67467467 0.27053401
675.67567568 0.26961365
676.67667668 0.26869670
677.67767768 0.26778315
678.67867868 0.26687298
679.67967968 0.26596618
680.68068068 0.26506273
681.68168168 0.26416264
682.68268268 0.26326588
683.68368368 0.26237244
684.68468468 0.26148231
685.68568569 0.26059548
686.68668669 0.25971193
687.68768769 0.25883165
688.68868869 0.25795464
689.68968969 0.25708087
690.69069069 0.25621034
691.69169169 0.25534304
692.69269269 0.25447895
693.69369369 0.25361806
694.69469469 0.25276036
695.69569570 0.25190584
696.69669670 0.25105448
697.69769770 0.25020628
698.69869870 0.24936122
699.69969970 0.24851929
700.70070070 0.24768048
701.70170170 0.24684477
702.70270270 0.24601217
703.70370370 0.24518265
704.70470470 0.24435620
705.70570571 0.24353282
706.70670671 0.24271248
707.70770771 0.24189519
708.70870871 0.24108092
709.70970971 0.24026967
710.71071071 0.23946143
711.71171171 0.23865618
712.71271271 0.23785392
713.71371371 0.23705463
714.71471471 0.23625830
715.71571572 0.23546492
716.71671672 0.23467448
717.71771772 0.23388697
718.71871872 0.23310238
719.71971972 0.23232070
720.72072072 0.23154192
721.72172172 0.23076602
722.72272272 0.22999300
723.72372372 0.22922284
724.72472472 0.22845553
725.72572573 0.22769107
726.72672673 0.22692945
727.72772773 0.22617065
728.72872873 0.22541465
729.72972973 0.22466147
730.73073073 0.22391107
731.73173173 0.22316345
732.73273273 0.22241861
733.73373373 0.22167653
734.73473473 0.22093719
735.73573574 0.22020060
736.73673674 0.21946674
737.73773774 0.21873560
738.73873874 0.21800717
739.73973974 0.21728144
740.74074074 0.21655840
741.74174174 0.21583804
742.74274274 0.21512035
743.74374374 0.21440532
744.74474474 0.21369295
745.74574575 0.21298321
746.74674675 0.21227611
747.74774775 0.21157162
748.74874875 0.21086975
749.74974975 0.21017048
750.75075075 0.20947381
751.75175175 0.20877971
752.75275275 0.20808819
753.75375375 0.20739924
754.75475475 0.20671283
755.75575576 0.20602898
756.75675676 0.20534766
757.75775776 0.20466886
758.75875876 0.20399258
759.75975976 0.20331882
760.76076076 0.20264754
761.76176176 0.20197876
762.76276276 0.20131246
763.76376376 0.20064863
764.76476476 0.19998726
765.76576577 0.19932834
766.76676677 0.19867187
767.76776777 0.19801783
768.76876877 0.19736621
769.76976977 0.19671702
770.77077077 0.19607023
771.77177177 0.19542584
772.77277277 0.19478383
773.77377377 0.19414421
774.77477477 0.19350697
775.77577578 0.19287208
776.77677678 0.19223955
777.77777778 0.19160937
778.77877878 0.19098152
779.77977978 0.19035600
780.78078078 0.18973280
781.78178178 0.18911192
782.78278278 0.18849333
783.78378378 0.18787704
784.78478478 0.18726304
785.78578579 0.18665131
786.78678679 0.18604186
787.78778779 0.18543466
788.78878879 0.18482972
789.78978979 0.18422702
790.79079079 0.18362655
791.79179179 0.18302831
792.79279279 0.18243230
793.79379379 0.18183849
794.79479479 0.18124688
795.79579580 0.18065747
796.79679680 0.18007025
797.79779780 0.17948521
798.79879880 0.17890233
799.79979980 0.17832162
800.80080080 0.17774306
801.80180180 0.17716665
802.80280280 0.17659238
803.80380380 0.17602023
804.80480480 0.17545021
805.80580581 0.17488231
806.80680681 0.17431651
807.80780781 0.17375281
808.80880881 0.17319120
809.80980981 0.17263168
810.81081081 0.17207423
811.81181181 0.17151885
812.81281281 0.17096553
813.81381381 0.17041427
814.81481481 0.16986505
815.81581582 0.16931786
816.81681682 0.16877271
817.81781782 0.16822958
818.81881882 0.16768846
819.81981982 0.16714936
820.82082082 0.16661225
821.82182182 0.16607714
822.82282282 0.16554401
823.82382382 0.16501286
824.82482482 0.16448368
825.82582583 0.16395646
826.82682683 0.16343121
827.82782783 0.16290790
828.82882883 0.16238653
829.82982983 0.16186710
830.83083083 0.16134959
831.83183183 0.16083400
832.83283283 0.16032033
833.83383383 0.15980857
834.83483483 0.15929870
835.83583584 0.15879073
836.83683684 0.15828464
837.83783784 0.15778043
838.83883884 0.15727809
839.83983984 0.15677761
840.84084084 0.15627899
841.84184184 0.15578223
842.84284284 0.15528730
843.84384384 0.15479422
844.84484484 0.15430296
845.84584585 0.15381353
846.84684685 0.15332591
847.84784785 0.15284010
848.84884885 0.15235610
849.84984985 0.15187389
850.85085085 0.15139347
851.85185185 0.15091484
852.85285285 0.15043798
853.85385385 0.14996289
854.85485485 0.14948957
855.85585586 0.14901800
856.85685686 0.14854818
857.85785786 0.14808011
858.85885886 0.14761377
859.85985986 0.14714916
860.86086086 0.14668628
861.86186186 0.14622512
862.86286286 0.14576567
863.86386386 0.14530792
864.86486486 0.14485188
865.86586587 0.14439753
866.86686687 0.14394486
867.86786787 0.14349387
868.86886887 0.14304456
869.86986987 0.14259692
870.87087087 0.14215093
871.87187187 0.14170661
872.87287287 0.14126393
873.87387387 0.14082290
874.87487487 0.14038350
875.87587588 0.13994573
876.87687688 0.13950959
877.87787788 0.13907507
878.87887888 0.13864216
879.87987988 0.13821086
880.88088088 0.13778116
881.88188188 0.13735306
882.88288288 0.13692654
883.88388388 0.13650161
884.88488488 0.13607826
885.88588589 0.13565648
886.88688689 0.13523626
887.88788789 0.13481760
888.88888889 0.13440050
889.88988989 0.13398495
890.89089089 0.13357094
891.89189189 0.13315847
892.89289289 0.13274753
893.89389389 0.13233811
894.89489489 0.13193021
895.89589590 0.13152383
896.89689690 0.13111896
897.89789790 0.13071559
898.89889890 0.13031372
899.89989990 0.12991334
900.90090090 0.12951445
901.90190190 0.12911704
902.90290290 0.12872110
903.90390390 0.12832664
904.90490490 0.12793364
905.90590591 0.12754210
906.90690691 0.12715201
907.90790791 0.12676337
908.90890891 0.12637617
909.90990991 0.12599042
910.91091091 0.12560609
911.91191191 0.12522319
912.91291291 0.12484172
913.91391391 0.12446166
914.91491491 0.12408301
915.91591592 0.12370577
916.91691692 0.12332992
917.91791792 0.12295548
918.91891892 0.12258242
919.91991992 0.12221075
920.92092092 0.12184046
921.92192192 0.12147155
922.92292292 0.12110401
923.92392392 0.12073783
924.92492492 0.12037301
925.92592593 0.12000954
926.92692693 0.11964743
927.92792793 0.11928666
928.92892893 0.11892723
929.92992993 0.11856913
930.93093093 0.11821237
931.93193193 0.11785693
932.93293293 0.11750281
933.93393393 0.11715000
934.93493493 0.11679851
935.93593594 0.11644832
936.93693694 0.11609943
937.93793794 0.11575184
938.93893894 0.11540553
939.93993994 0.11506052
940.94094094 0.11471678
941.94194194 0.11437433
942.94294294 0.11403314
943.94394394 0.11369322
944.94494494 0.11335457
945.94594595 0.11301717
946.94694695 0.11268102
947.94794795 0.11234613
948.94894895 0.11201247
949.94994995 0.11168006
950.95095095 0.11134888
951.95195195 0.11101894
952.95295295 0.11069021
953.95395395 0.11036271
954.95495495 0.11003643
955.95595596 0.10971135
956.95695696 0.10938749
957.95795796 0.10906482
958.95895896 0.10874336
959.95995996 0.10842309
960.96096096 0.10810401
961.96196196 0.10778611
962.96296296 0.10746940
963.96396396 0.10715386
964.96496496 0.10683950
965.96596597 0.10652630
966.96696697 0.10621427
967.96796797 0.10590339
968.96896897 0.10559367
969.96996997 0.10528510
970.97097097 0.10497768
971.97197197 0.10467139
972.97297297 0.10436625
973.97397397 0.10406224
974.97497497 0.10375936
975.97597598 0.10345760
976.97697698 0.10315697
977.97797798 0.10285745
978.97897898 0.10255905
979.97997998 0.10226175
980.98098098 0.10196556
981.98198198 0.10167047
982.98298298 0.10137647
983.98398398 0.10108357
984.98498498 0.10079175
985.98598599 0.10050102
986.98698699 0.10021137
987.98798799 0.09992280
988.98898899 0.09963529
989.98998999 0.09934886
990.99099099 0.09906349
991.99199199 0.09877918
992.99299299 0.09849592
993.99399399 0.09821372
994.99499499 0.09793257
995.99599600 0.09765246
996.99699700 0.09737339
997.99799800 0.09709536
998.99899900 0.09681837
1000.00000000 0.09654240
