0.00000000 2.99999941
1.00100100 2.98976474
2.00200200 2.96784449
3.00300300 2.94530560
4.00400400 2.92292411
5.00500501 2.90071196
6.00600601 2.87866758
7.00700701 2.85678963
8.00800801 2.83507681
9.00900901 2.81352782
10.01001001 2.79214140
11.01101101 2.77091629
12.01201201 2.74985126
13.01301301 2.72894510
14.01401401 2.70819659
15.01501502 2.68760455
16.01601602 2.66716780
17.01701702 2.64688518
18.01801802 2.62675553
19.01901902 2.60677773
20.02002002 2.58695064
21.02102102 2.56727313
22.02202202 2.54774412
23.02302302 2.52836248
24.02402402 2.50912715
25.02502503 2.49003703
26.02602603 2.47109107
27.02702703 2.45228819
28.02802803 2.43362734
29.02902903 2.41510749
30.03003003 2.39672759
31.03103103 2.37848662
32.03203203 2.36038356
33.03303303 2.34241739
34.03403403 2.32458711
35.03503504 2.30689172
36.03603604 2.28933024
37.03703704 2.27190167
38.03803804 2.25460505
39.03903904 2.23743940
40.04004004 2.22040377
41.04104104 2.20349719
42.04204204 2.18671873
43.04304304 2.17006744
44.04404404 2.15354238
45.04504505 2.13714263
46.04604605 2.12086727
47.04704705 2.10471538
48.04804805 2.08868606
49.04904905 2.07277840
50.05005005 2.05699150
51.05105105 2.04132448
52.05205205 2.02577645
53.05305305 2.01034655
54.05405405 1.99503389
55.05505506 1.97983761
56.05605606 1.96475685
57.05705706 1.94979077
58.05805806 1.93493851
59.05905906 1.92019923
60.06006006 1.90557211
61.06106106 1.89105630
62.06206206 1.87665099
63.06306306 1.86235536
64.06406406 1.84816860
65.06506507 1.83408990
66.06606607 1.82011846
67.06706707 1.80625349
68.06806807 1.79249419
69.06906907 1.77883979
70.07007007 1.76528951
71.07107107 1.75184256
72.07207207 1.73849820
73.07307307 1.72525565
74.07407407 1.71211416
75.07507508 1.69907297
76.07607608 1.68613134
77.07707708 1.67328854
78.07807808 1.66054382
79.07907908 1.64789645
80.08008008 1.63534572
81.08108108 1.62289089
82.08208208 1.61053126
83.08308308 1.59826611
84.08408408 1.58609475
85.08508509 1.57401647
86.08608609 1.56203057
87.08708709 1.55013637
88.08808809 1.53833318
89.08908909 1.52662032
90.09009009 1.51499712
91.09109109 1.50346291
92.09209209 1.49201701
93.09309309 1.48065878
94.09409409 1.46938755
95.09509510 1.45820267
96.09609610 1.44710349
97.09709710 1.43608938
98.09809810 1.42515969
99.09909910 1.41431380
100.10010010 1.40355107
101.10110110 1.39287088
102.10210210 1.38227261
103.10310310 1.37175565
104.10410410 1.36131938
105.10510511 1.35096320
106.10610611 1.34068651
107.10710711 1.33048870
108.10810811 1.32036919
109.10910911 1.31032739
110.11011011 1.30036271
111.11111111 1.29047457
112.11211211 1.28066240
113.11311311 1.27092562
114.11411411 1.26126366
115.11511512 1.25167597
116.11611612 1.24216198
117.11711712 1.23272113
118.11811812 1.22335288
119.11911912 1.21405668
120.12012012 1.20483197
121.12112112 1.19567823
122.12212212 1.18659492
123.12312312 1.17758150
124.12412412 1.16863745
125.12512513 1.15976224
126.12612613 1.15095535
127.12712713 1.14221627
128.12812813 1.13354448
129.12912913 1.12493947
130.13013013 1.11640075
131.13113113 1.10792779
132.13213213 1.09952012
133.13313313 1.09117723
134.13413413 1.08289863
135.13513514 1.07468384
136.13613614 1.06653237
137.13713714 1.05844374
138.13813814 1.05041747
139.13913914 1.04245310
140.14014014 1.03455015
141.14114114 1.02670816
142.14214214 1.01892666
143.14314314 1.01120519
144.14414414 1.00354330
145.14514515 0.99594054
146.14614615 0.98839646
147.14714715 0.98091060
148.14814815 0.97348253
149.14914915 0.96611181
150.15015015 0.95879800
151.15115115 0.95154067
152.15215215 0.94433939
153.15315315 0.93719373
154.15415415 0.93010327
155.15515516 0.92306759
156.15615616 0.91608627
157.15715716 0.90915890
158.15815816 0.90228507
159.15915916 0.89546436
160.16016016 0.88869637
161.16116116 0.88198071
162.16216216 0.87531697
163.16316316 0.86870475
164.16416416 0.86214367
165.16516517 0.85563333
166.16616617 0.84917335
167.16716717 0.84276334
168.16816817 0.83640292
169.16916917 0.83009170
170.17017017 0.82382933
171.17117117 0.81761541
172.17217217 0.81144959
173.17317317 0.80533149
174.17417417 0.79926075
175.17517518 0.79323700
176.17617618 0.78725989
177.17717718 0.78132907
178.17817818 0.77544417
179.17917918 0.76960485
180.18018018 0.76381075
181.18118118 0.75806153
182.18218218 0.75235685
183.18318318 0.74669636
184.18418418 0.74107974
185.18518519 0.73550663
186.18618619 0.72997671
187.18718719 0.72448965
188.18818819 0.71904511
189.18918919 0.71364278
190.19019019 0.70828233
191.19119119 0.70296343
192.19219219 0.69768577
193.19319319 0.69244904
194.19419419 0.68725291
195.19519520 0.68209708
196.19619620 0.67698124
197.19719720 0.67190508
198.19819820 0.66686830
199.19919920 0.66187058
200.20020020 0.65691165
201.20120120 0.65199119
202.20220220 0.64710890
203.20320320 0.64226451
204.20420420 0.63745771
205.20520521 0.63268822
206.20620621 0.62795575
207.20720721 0.62326001
208.20820821 0.61860073
209.20920921 0.61397762
210.21021021 0.60939040
211.21121121 0.60483880
212.21221221 0.60032255
213.21321321 0.59584137
214.21421421 0.59139499
215.21521522 0.58698315
216.21621622 0.58260557
217.21721722 0.57826200
218.21821822 0.57395218
219.21921922 0.56967583
220.22022022 0.56543272
221.22122122 0.56122257
222.22222222 0.55704513
223.22322322 0.55290016
224.22422422 0.54878741
225.22522523 0.54470662
226.22622623 0.54065754
227.22722723 0.53663994
228.22822823 0.53265358
229.22922923 0.52869820
230.23023023 0.52477357
231.23123123 0.52087946
232.23223223 0.51701563
233.23323323 0.51318184
234.23423423 0.50937787
235.23523524 0.50560348
236.23623624 0.50185844
237.23723724 0.49814254
238.23823824 0.49445553
239.23923924 0.49079721
240.24024024 0.48716735
241.24124124 0.48356572
242.24224224 0.47999212
243.24324324 0.47644632
244.24424424 0.47292811
245.24524525 0.46943728
246.24624625 0.46597362
247.24724725 0.46253691
248.24824825 0.45912694
249.24924925 0.45574352
250.25025025 0.45238643
251.25125125 0.44905548
252.25225225 0.44575045
253.25325325 0.44247115
254.25425425 0.43921739
255.25525526 0.43598895
256.25625626 0.43278565
257.25725726 0.42960730
258.25825826 0.42645369
259.25925926 0.42332464
260.26026026 0.42021996
261.26126126 0.41713946
262.26226226 0.41408295
263.26326326 0.41105025
264.26426426 0.40804116
265.26526527 0.40505552
266.26626627 0.40209314
267.26726727 0.39915383
268.26826827 0.39623742
269.26926927 0.39334374
270.27027027 0.39047260
271.27127127 0.38762383
272.27227227 0.38479725
273.27327327 0.38199271
274.27427427 0.37921002
275.27527528 0.37644901
276.27627628 0.37370952
277.27727728 0.37099138
278.27827828 0.36829443
279.27927928 0.36561850
280.28028028 0.36296343
281.28128128 0.36032905
282.28228228 0.35771521
283.28328328 0.35512175
284.28428428 0.35254850
285.28528529 0.34999532
286.28628629 0.34746205
287.28728729 0.34494852
288.28828829 0.34245459
289.28928929 0.33998012
290.29029029 0.33752493
291.29129129 0.33508889
292.29229229 0.33267185
293.29329329 0.33027366
294.29429429 0.32789418
295.29529530 0.32553325
296.29629630 0.32319074
297.29729730 0.32086650
298.29829830 0.31856038
299.29929930 0.31627226
300.30030030 0.31400199
301.30130130 0.31174943
302.30230230 0.30951444
303.30330330 0.30729688
304.30430430 0.30509663
305.30530531 0.30291355
306.30630631 0.30074750
307.30730731 0.29859835
308.30830831 0.29646597
309.30930931 0.29435023
310.31031031 0.29225100
311.31131131 0.29016815
312.31231231 0.28810155
313.31331331 0.28605109
314.31431431 0.28401663
315.31531532 0.28199804
316.31631632 0.27999522
317.31731732 0.27800802
318.31831832 0.27603634
319.31931932 0.27408005
320.32032032 0.27213902
321.32132132 0.27021315
322.32232232 0.26830232
323.32332332 0.26640640
324.32432432 0.26452528
325.32532533 0.26265885
326.32632633 0.26080700
327.32732733 0.25896960
328.32832833 0.25714654
329.32932933 0.25533773
330.33033033 0.25354303
331.33133133 0.25176235
332.33233233 0.24999558
333.33333333 0.24824260
334.33433433 0.24650331
335.33533534 0.24477761
336.33633634 0.24306538
337.33733734 0.24136653
338.33833834 0.23968094
339.33933934 0.23800852
340.34034034 0.23634916
341.34134134 0.23470276
342.34234234 0.23306922
343.34334334 0.23144844
344.34434434 0.22984032
345.34534535 0.22824477
346.34634635 0.22666168
347.34734735 0.22509095
348.34834835 0.22353250
349.34934935 0.22198622
350.35035035 0.22045202
351.35135135 0.21892981
352.35235235 0.21741949
353.35335335 0.21592097
354.35435435 0.21443416
355.35535536 0.21295897
356.35635636 0.21149530
357.35735736 0.21004307
358.35835836 0.20860219
359.35935936 0.20717257
360.36036036 0.20575412
361.36136136 0.20434675
362.36236236 0.20295039
363.36336336 0.20156493
364.36436436 0.20019031
365.36536537 0.19882642
366.36636637 0.19747320
367.36736737 0.19613055
368.36836837 0.19479839
369.36936937 0.19347665
370.37037037 0.19216524
371.37137137 0.19086408
372.37237237 0.18957309
373.37337337 0.18829219
374.37437437 0.18702130
375.37537538 0.18576035
376.37637638 0.18450925
377.37737738 0.18326794
378.37837838 0.18203632
379.37937938 0.18081434
380.38038038 0.17960191
381.38138138 0.17839896
382.38238238 0.17720541
383.38338338 0.17602120
384.38438438 0.17484624
385.38538539 0.17368047
386.38638639 0.17252381
387.38738739 0.17137620
388.38838839 0.17023756
389.38938939 0.16910783
390.39039039 0.16798692
391.39139139 0.16687478
392.39239239 0.16577134
393.39339339 0.16467653
394.39439439 0.16359028
395.39539540 0.16251252
396.39639640 0.16144319
397.39739740 0.16038222
398.39839840 0.15932955
399.39939940 0.15828512
400.40040040 0.15724885
401.40140140 0.15622068
402.40240240 0.15520056
403.40340340 0.15418841
404.40440440 0.15318418
405.40540541 0.15218780
406.40640641 0.15119922
407.40740741 0.15021837
408.40840841 0.14924519
409.40940941 0.14827962
410.41041041 0.14732161
411.41141141 0.14637109
412.41241241 0.14542800
413.41341341 0.14449229
414.41441441 0.14356390
415.41541542 0.14264277
416.41641642 0.14172885
417.41741742 0.14082208
418.41841842 0.13992240
419.41941942 0.13902976
420.42042042 0.13814410
421.42142142 0.13726537
422.42242242 0.13639352
423.42342342 0.13552848
424.42442442 0.13467021
425.42542543 0.13381866
426.42642643 0.13297377
427.42742743 0.13213549
428.42842843 0.13130377
429.42942943 0.13047856
430.43043043 0.12965980
431.43143143 0.12884745
432.43243243 0.12804145
433.43343343 0.12724176
434.43443443 0.12644833
435.43543544 0.12566110
436.43643644 0.12488004
437.43743744 0.12410509
438.43843844 0.12333620
439.43943944 0.12257333
440.44044044 0.12181642
441.44144144 0.12106544
442.44244244 0.12032034
443.44344344 0.11958107
444.44444444 0.11884758
445.44544545 0.11811983
446.44644645 0.11739778
447.44744745 0.11668138
448.44844845 0.11597058
449.44944945 0.11526535
450.45045045 0.11456563
451.45145145 0.11387140
452.45245245 0.11318259
453.45345345 0.11249918
454.45445445 0.11182111
455.45545546 0.11114835
456.45645646 0.11048086
457.45745746 0.10981859
458.45845846 0.10916150
459.45945946 0.10850956
460.46046046 0.10786272
461.46146146 0.10722094
462.46246246 0.10658418
463.46346346 0.10595241
464.46446446 0.10532559
465.46546547 0.10470367
466.46646647 0.10408662
467.46746747 0.10347439
468.46846847 0.10286696
469.46946947 0.10226429
470.47047047 0.10166633
471.47147147 0.10107305
472.47247247 0.10048442
473.47347347 0.09990039
474.47447447 0.09932094
475.47547548 0.09874602
476.47647648 0.09817560
477.47747748 0.09760965
478.47847848 0.09704813
479.47947948 0.09649100
480.48048048 0.09593824
481.48148148 0.09538980
482.48248248 0.09484566
483.48348348 0.09430577
484.48448448 0.09377012
485.48548549 0.09323865
486.48648649 0.09271135
487.48748749 0.09218817
488.48848849 0.09166909
489.48948949 0.09115408
490.49049049 0.09064309
491.49149149 0.09013611
492.49249249 0.08963309
493.49349349 0.08913402
494.49449449 0.08863885
495.49549550 0.08814756
496.49649650 0.08766011
497.49749750 0.08717648
498.49849850 0.08669664
499.49949950 0.08622055
500.50050050 0.08574820
501.50150150 0.08527954
502.50250250 0.08481455
503.50350350 0.08435320
504.50450450 0.08389546
505.50550551 0.08344131
506.50650651 0.08299071
507.50750751 0.08254364
508.50850851 0.08210007
509.50950951 0.08165998
510.51051051 0.08122333
511.51151151 0.08079010
512.51251251 0.08036026
513.51351351 0.07993379
514.51451451 0.07951065
515.51551552 0.07909084
516.51651652 0.07867430
517.51751752 0.07826103
518.51851852 0.07785100
519.51951952 0.07744418
520.52052052 0.07704054
521.52152152 0.07664006
522.52252252 0.07624272
523.52352352 0.07584849
524.52452452 0.07545735
525.52552553 0.07506927
526.52652653 0.07468423
527.52752753 0.07430220
528.52852853 0.07392317
529.52952953 0.07354711
530.53053053 0.07317399
531.53153153 0.07280379
532.53253253 0.07243649
533.53353353 0.07207207
534.53453453 0.07171050
535.53553554 0.07135176
536.53653654 0.07099583
537.53753754 0.07064269
538.53853854 0.07029232
539.53953954 0.06994469
540.54054054 0.06959978
541.54154154 0.06925757
542.54254254 0.06891805
543.54354354 0.06858118
544.54454454 0.06824695
545.54554555 0.06791534
546.54654655 0.06758632
547.54754755 0.06725988
548.54854855 0.06693600
549.54954955 0.06661466
550.55055055 0.06629583
551.55155155 0.06597950
552.55255255 0.06566565
553.55355355 0.06535425
554.55455455 0.06504530
555.55555556 0.06473876
556.55655656 0.06443462
557.55755756 0.06413287
558.55855856 0.06383348
559.55955956 0.06353644
560.56056056 0.06324172
561.56156156 0.06294931
562.56256256 0.06265919
563.56356356 0.06237134
564.56456456 0.06208575
565.56556557 0.06180239
566.56656657 0.06152126
567.56756757 0.06124232
568.56856857 0.06096557
569.56956957 0.06069099
570.57057057 0.06041856
571.57157157 0.06014826
572.57257257 0.05988008
573.57357357 0.05961400
574.57457457 0.05935001
575.57557558 0.05908808
576.57657658 0.05882820
577.57757758 0.05857036
578.57857858 0.05831454
579.57957958 0.05806073
580.58058058 0.05780890
581.58158158 0.05755904
582.58258258 0.05731114
583.58358358 0.05706519
584.58458458 0.05682116
585.58558559 0.05657904
586.58658659 0.05633882
587.58758759 0.05610048
588.58858859 0.05586400
589.58958959 0.05562938
590.59059059 0.05539660
591.59159159 0.05516564
592.59259259 0.05493649
593.59359359 0.05470913
594.59459459 0.05448356
595.59559560 0.05425975
596.59659660 0.05403770
597.59759760 0.05381738
598.59859860 0.05359880
599.59959960 0.05338192
600.60060060 0.05316674
601.60160160 0.05295325
602.60260260 0.05274143
603.60360360 0.05253127
604.60460460 0.05232276
605.60560561 0.05211588
606.60660661 0.05191062
607.60760761 0.05170697
608.60860861 0.05150491
609.60960961 0.05130444
610.61061061 0.05110553
611.61161161 0.05090819
612.61261261 0.05071239
613.61361361 0.05051813
614.61461461 0.05032538
615.61561562 0.05013415
616.61661662 0.04994442
617.61761762 0.04975617
618.61861862 0.04956939
619.61961962 0.04938408
620.62062062 0.04920023
621.62162162 0.04901781
622.62262262 0.04883682
623.62362362 0.04865725
624.62462462 0.04847908
625.62562563 0.04830232
626.62662663 0.04812693
627.62762763 0.04795292
628.62862863 0.04778028
629.62962963 0.04760898
630.63063063 0.04743903
631.63163163 0.04727041
632.63263263 0.04710311
633.63363363 0.04693712
634.63463463 0.04677243
635.63563564 0.04660904
636.63663664 0.04644692
637.63763764 0.04628607
638.63863864 0.04612648
639.63963964 0.04596815
640.64064064 0.04581105
641.64164164 0.04565518
642.64264264 0.04550054
643.64364364 0.04534711
644.64464464 0.04519488
645.64564565 0.04504384
646.64664665 0.04489398
647.64764765 0.04474530
648.64864865 0.04459779
649.64964965 0.04445143
650.65065065 0.04430621
651.65165165 0.04416214
652.65265265 0.04401919
653.65365365 0.04387736
654.65465465 0.04373665
655.65565566 0.04359703
656.65665666 0.04345851
657.65765766 0.04332108
658.65865866 0.04318472
659.65965966 0.04304943
660.66066066 0.04291520
661.66166166 0.04278203
662.66266266 0.04264989
663.66366366 0.04251879
664.66466466 0.04238872
665.66566567 0.04225967
666.66666667 0.04213163
667.66766767 0.04200459
668.66866867 0.04187855
669.66966967 0.04175349
670.67067067 0.04162942
671.67167167 0.04150632
672.67267267 0.04138418
673.67367367 0.04126300
674.67467467 0.04114276
675.67567568 0.04102347
676.67667668 0.04090512
677.67767768 0.04078769
678.67867868 0.04067118
679.67967968 0.04055559
680.68068068 0.04044090
681.68168168 0.04032711
682.68268268 0.04021421
683.68368368 0.04010219
684.68468468 0.03999106
685.68568569 0.03988079
686.68668669 0.03977139
687.68768769 0.03966284
688.68868869 0.03955515
689.68968969 0.03944830
690.69069069 0.03934229
691.69169169 0.03923710
692.69269269 0.03913274
693.69369369 0.03902920
694.69469469 0.03892647
695.69569570 0.03882455
696.69669670 0.03872342
697.69769770 0.03862309
698.69869870 0.03852354
699.69969970 0.03842478
700.70070070 0.03832678
701.70170170 0.03822956
702.70270270 0.03813309
703.70370370 0.03803738
704.70470470 0.03794243
705.70570571 0.03784821
706.70670671 0.03775474
707.70770771 0.03766199
708.70870871 0.03756998
709.70970971 0.03747868
710.71071071 0.03738810
711.71171171 0.03729823
712.71271271 0.03720906
713.71371371 0.03712060
714.71471471 0.03703282
715.71571572 0.03694574
716.71671672 0.03685933
717.71771772 0.03677360
718.71871872 0.03668855
719.71971972 0.03660416
720.72072072 0.03652043
721.72172172 0.03643736
722.72272272 0.03635494
723.72372372 0.03627317
724.72472472 0.03619203
725.72572573 0.03611153
726.72672673 0.03603167
727.72772773 0.03595242
728.72872873 0.03587380
729.72972973 0.03579580
730.73073073 0.03571840
731.73173173 0.03564162
732.73273273 0.03556543
733.73373373 0.03548984
734.73473473 0.03541485
735.73573574 0.03534044
736.73673674 0.03526661
737.73773774 0.03519337
738.73873874 0.03512069
739.73973974 0.03504859
740.74074074 0.03497705
741.74174174 0.03490608
742.74274274 0.03483565
743.74374374 0.03476578
744.74474474 0.03469646
745.74574575 0.03462768
746.74674675 0.03455944
747.74774775 0.03449174
748.74874875 0.03442456
749.74974975 0.03435791
750.75075075 0.03429179
751.75175175 0.03422618
752.75275275 0.03416109
753.75375375 0.03409650
754.75475475 0.03403242
755.75575576 0.03396885
756.75675676 0.03390577
757.75775776 0.03384319
758.75875876 0.03378109
759.75975976 0.03371949
760.76076076 0.03365837
761.76176176 0.03359772
762.76276276 0.03353755
763.76376376 0.03347785
764.76476476 0.03341862
765.76576577 0.03335986
766.76676677 0.03330155
767.76776777 0.03324370
768.76876877 0.03318631
769.76976977 0.03312936
770.77077077 0.03307287
771.77177177 0.03301681
772.77277277 0.03296119
773.77377377 0.03290601
774.77477477 0.03285126
775.77577578 0.03279694
776.77677678 0.03274305
777.77777778 0.03268958
778.77877878 0.03263652
779.77977978 0.03258389
780.78078078 0.03253166
781.78178178 0.03247985
782.78278278 0.03242844
783.78378378 0.03237743
784.78478478 0.03232682
785.78578579 0.03227661
786.78678679 0.03222680
787.78778779 0.03217737
788.78878879 0.03212833
789.78978979 0.03207968
790.79079079 0.03203140
791.79179179 0.03198351
792.79279279 0.03193599
793.79379379 0.03188884
794.79479479 0.03184206
795.79579580 0.03179565
796.79679680 0.03174960
797.79779780 0.03170392
798.79879880 0.03165859
799.79979980 0.03161362
800.80080080 0.03156899
801.80180180 0.03152472
802.80280280 0.03148080
803.80380380 0.03143722
804.80480480 0.03139398
805.80580581 0.03135108
806.80680681 0.03130852
807.80780781 0.03126628
808.80880881 0.03122439
809.80980981 0.03118281
810.81081081 0.03114157
811.81181181 0.03110065
812.81281281 0.03106005
813.81381381 0.03101976
814.81481481 0.03097980
815.81581582 0.03094014
816.81681682 0.03090080
817.81781782 0.03086176
818.81881882 0.03082303
819.81981982 0.03078461
820.82082082 0.03074648
821.82182182 0.03070866
822.82282282 0.03067113
823.82382382 0.03063389
824.82482482 0.03059695
825.82582583 0.03056029
826.82682683 0.03052393
827.82782783 0.03048785
828.82882883 0.03045205
829.82982983 0.03041653
830.83083083 0.03038129
831.83183183 0.03034632
832.83283283 0.03031163
833.83383383 0.03027722
834.83483483 0.03024307
835.83583584 0.03020919
836.83683684 0.03017557
837.83783784 0.03014222
838.83883884 0.03010913
839.83983984 0.03007630
840.84084084 0.03004372
841.84184184 0.03001141
842.84284284 0.02997934
843.84384384 0.02994753
844.84484484 0.02991596
845.84584585 0.02988464
846.84684685 0.02985357
847.84784785 0.02982274
848.84884885 0.02979216
849.84984985 0.02976181
850.85085085 0.02973170
851.85185185 0.02970183
852.85285285 0.02967219
853.85385385 0.02964278
854.85485485 0.02961360
855.85585586 0.02958466
856.85685686 0.02955593
857.85785786 0.02952744
858.85885886 0.02949917
859.85985986 0.02947112
860.86086086 0.02944328
861.86186186 0.02941567
862.86286286 0.02938827
863.86386386 0.02936109
864.86486486 0.02933412
865.86586587 0.02930736
866.86686687 0.02928082
867.86786787 0.02925448
868.86886887 0.02922834
869.86986987 0.02920241
870.87087087 0.02917669
871.87187187 0.02915117
872.87287287 0.02912584
873.87387387 0.02910072
874.87487487 0.02907579
875.87587588 0.02905105
876.87687688 0.02902651
877.87787788 0.02900217
878.87887888 0.02897801
879.87987988 0.02895404
880.88088088 0.02893027
881.88188188 0.02890667
882.88288288 0.02888326
883.88388388 0.02886004
884.88488488 0.02883700
885.88588589 0.02881414
886.88688689 0.02879145
887.88788789 0.02876895
888.88888889 0.02874662
889.88988989 0.02872447
890.89089089 0.02870249
891.89189189 0.02868068
892.89289289 0.02865904
893.89389389 0.02863757
894.89489489 0.02861628
895.89589590 0.02859514
896.89689690 0.02857418
897.89789790 0.02855337
898.89889890 0.02853274
899.89989990 0.02851226
900.90090090 0.02849194
901.90190190 0.02847178
902.90290290 0.02845178
903.90390390 0.02843194
904.90490490 0.02841225
905.90590591 0.02839272
906.90690691 0.02837334
907.90790791 0.02835411
908.90890891 0.02833503
909.90990991 0.02831611
910.91091091 0.02829733
911.91191191 0.02827869
912.91291291 0.02826021
913.91391391 0.02824186
914.91491491 0.02822367
915.91591592 0.02820561
916.91691692 0.02818770
917.91791792 0.02816992
918.91891892 0.02815229
919.91991992 0.02813479
920.92092092 0.02811744
921.92192192 0.02810021
922.92292292 0.02808312
923.92392392 0.02806617
924.92492492 0.02804935
925.92592593 0.02803266
926.92692693 0.02801610
927.92792793 0.02799967
928.92892893 0.02798337
929.92992993 0.02796720
930.93093093 0.02795116
931.93193193 0.02793524
932.93293293 0.02791944
933.93393393 0.02790377
934.93493493 0.02788822
935.93593594 0.02787280
936.93693694 0.02785749
937.93793794 0.02784230
938.93893894 0.02782724
939.93993994 0.02781229
940.94094094 0.02779746
941.94194194 0.02778274
942.94294294 0.02776814
943.94394394 0.02775366
944.94494494 0.02773929
945.94594595 0.02772503
946.94694695 0.02771088
947.94794795 0.02769684
948.94894895 0.02768292
949.94994995 0.02766910
950.95095095 0.02765539
951.95195195 0.02764179
952.95295295 0.02762829
953.95395395 0.02761490
954.95495495 0.02760162
955.95595596 0.02758844
956.95695696 0.02757536
957.95795796 0.02756239
958.95895896 0.02754951
959.95995996 0.02753674
960.96096096 0.02752407
961.96196196 0.02751150
962.96296296 0.02749902
963.96396396 0.02748665
964.96496496 0.02747437
965.96596597 0.02746218
966.96696697 0.02745010
967.96796797 0.02743810
968.96896897 0.02742620
969.96996997 0.02741440
970.97097097 0.02740269
971.97197197 0.02739106
972.97297297 0.02737953
973.97397397 0.02736809
974.97497497 0.02735674
975.97597598 0.02734548
976.97697698 0.02733431
977.97797798 0.02732322
978.97897898 0.02731223
979.97997998 0.02730131
980.98098098 0.02729049
981.98198198 0.02727974
982.98298298 0.02726909
983.98398398 0.02725851
984.98498498 0.02724802
985.98598599 0.02723761
986.98698699 0.02722728
987.98798799 0.02721704
988.98898899 0.02720687
989.98998999 0.02719678
990.99099099 0.02718678
991.99199199 0.02717685
992.99299299 0.02716700
993.99399399 0.02715722
994.99499499 0.02714752
995.99599600 0.02713790
996.99699700 0.02712836
997.99799800 0.02711888
998.99899900 0.02710949
1000.00000000 0.02710016
