0.00000000 2.99999941
1.00100100 2.94847895
2.00200200 2.77710131
3.00300300 2.59119325
4.00400400 2.41482313
5.00500501 2.24782959
6.00600601 2.08982491
7.00700701 1.94054451
8.00800801 1.79972126
9.00900901 1.66708113
10.01001001 1.54234204
11.01101101 1.42521544
12.01201201 1.31540774
13.01301301 1.21262172
14.01401401 1.11655789
15.01501502 1.02691595
16.01601602 0.94339600
17.01701702 0.86569988
18.01801802 0.79353234
19.01901902 0.72660212
20.02002002 0.66462301
21.02102102 0.60731475
22.02202202 0.55440390
23.02302302 0.50562459
24.02402402 0.46071915
25.02502503 0.41943871
26.02602603 0.38154361
27.02702703 0.34680386
28.02802803 0.31499936
29.02902903 0.28592012
30.03003003 0.25936645
31.03103103 0.23514891
32.03203203 0.21308840
33.03303303 0.19301599
34.03403403 0.17477282
35.03503504 0.15820990
36.03603604 0.14318787
37.03703704 0.12957669
38.03803804 0.11725533
39.03903904 0.10611145
40.04004004 0.09604095
41.04104104 0.08694766
42.04204204 0.07874289
43.04304304 0.07134500
44.04404404 0.06467903
45.04504505 0.05867628
46.04604605 0.05327385
47.04704705 0.04841431
48.04804805 0.04404529
49.04904905 0.04011908
50.05005005 0.03659230
51.05105105 0.03342558
52.05205205 0.03058318
53.05305305 0.02803275
54.05405405 0.02574500
55.05505506 0.02369345
56.05605606 0.02185419
57.05705706 0.02020566
58.05805806 0.01872838
59.05905906 0.01740484
60.06006006 0.01621924
61.06106106 0.01515739
62.06206206 0.01420651
63.06306306 0.01335511
64.06406406 0.01259290
65.06506507 0.01191059
66.06606607 0.01129988
67.06706707 0.01075331
68.06806807 0.01026417
69.06906907 0.00982647
70.07007007 0.00943482
71.07107107 0.00908440
72.07207207 0.00877089
73.07307307 0.00849042
74.07407407 0.00823951
75.07507508 0.00801506
76.07607608 0.00781428
77.07707708 0.00763469
78.07807808 0.00747405
79.07907908 0.00733036
80.08008008 0.00720185
81.08108108 0.00708691
82.08208208 0.00698411
83.08308308 0.00689217
84.08408408 0.00680994
85.08508509 0.00673641
86.08608609 0.00667064
87.08708709 0.00661182
88.08808809 0.00655922
89.08908909 0.00651219
90.09009009 0.00647012
91.09109109 0.00643250
92.09209209 0.00639886
93.09309309 0.00636877
94.09409409 0.00634187
95.09509510 0.00631781
96.09609610 0.00629629
97.09709710 0.00627706
98.09809810 0.00625985
99.09909910 0.00624446
100.10010010 0.00623071
101.10110110 0.00621840
102.10210210 0.00620740
103.10310310 0.00619756
104.10410410 0.00618877
105.10510511 0.00618090
106.10610611 0.00617386
107.10710711 0.00616757
108.10810811 0.00616195
109.10910911 0.00615692
110.11011011 0.00615242
111.11111111 0.00614840
112.11211211 0.00614480
113.11311311 0.00614158
114.11411411 0.00613870
115.11511512 0.00613613
116.11611612 0.00613383
117.11711712 0.00613178
118.11811812 0.00612994
119.11911912 0.00612829
120.12012012 0.00612682
121.12112112 0.00612551
122.12212212 0.00612433
123.12312312 0.00612328
124.12412412 0.00612234
125.12512513 0.00612150
126.12612613 0.00612075
127.12712713 0.00612007
128.12812813 0.00611947
129.12912913 0.00611893
130.13013013 0.00611845
131.13113113 0.00611802
132.13213213 0.00611764
133.13313313 0.00611730
134.13413413 0.00611699
135.13513514 0.00611671
136.13613614 0.00611647
137.13713714 0.00611625
138.13813814 0.00611605
139.13913914 0.00611588
140.14014014 0.00611572
141.14114114 0.00611558
142.14214214 0.00611545
143.14314314 0.00611534
144.14414414 0.00611524
145.14514515 0.00611515
146.14614615 0.00611507
147.14714715 0.00611500
148.14814815 0.00611493
149.14914915 0.00611488
150.15015015 0.00611482
151.15115115 0.00611478
152.15215215 0.00611474
153.15315315 0.00611470
154.15415415 0.00611467
155.15515516 0.00611464
156.15615616 0.00611461
157.15715716 0.00611459
158.15815816 0.00611457
159.15915916 0.00611455
160.16016016 0.00611453
161.16116116 0.00611452
162.16216216 0.00611450
163.16316316 0.00611449
164.16416416 0.00611448
165.16516517 0.00611447
166.16616617 0.00611446
167.16716717 0.00611445
168.16816817 0.00611445
169.16916917 0.00611444
170.17017017 0.00611444
171.17117117 0.00611443
172.17217217 0.00611443
173.17317317 0.00611442
174.17417417 0.00611442
175.17517518 0.00611442
176.17617618 0.00611441
177.17717718 0.00611441
178.17817818 0.00611441
179.17917918 0.00611441
180.18018018 0.00611440
181.18118118 0.00611440
182.18218218 0.00611440
183.18318318 0.00611440
184.18418418 0.00611440
185.18518519 0.00611440
186.18618619 0.00611440
187.18718719 0.00611440
188.18818819 0.00611440
189.18918919 0.00611439
190.19019019 0.00611439
191.19119119 0.00611439
192.19219219 0.00611439
193.19319319 0.00611439
194.19419419 0.00611439
195.19519520 0.00611439
196.19619620 0.00611439
197.19719720 0.00611439
198.19819820 0.00611439
199.19919920 0.00611439
200.20020020 0.00611439
201.20120120 0.00611439
202.20220220 0.00611439
203.20320320 0.00611439
204.20420420 0.00611439
205.20520521 0.00611439
206.20620621 0.00611439
207.20720721 0.00611439
208.20820821 0.00611439
209.20920921 0.00611439
210.21021021 0.00611439
211.21121121 0.00611439
212.21221221 0.00611439
213.21321321 0.00611439
214.21421421 0.00611439
215.21521522 0.00611439
216.21621622 0.00611439
217.21721722 0.00611439
218.21821822 0.00611439
219.21921922 0.00611439
220.22022022 0.00611439
221.22122122 0.00611439
222.22222222 0.00611439
223.22322322 0.00611439
224.22422422 0.00611439
225.22522523 0.00611439
226.22622623 0.00611439
227.22722723 0.00611439
228.22822823 0.00611439
229.22922923 0.00611439
230.23023023 0.00611439
231.23123123 0.00611439
232.23223223 0.00611439
233.23323323 0.00611439
234.23423423 0.00611439
235.23523524 0.00611439
236.23623624 0.00611439
237.23723724 0.00611439
238.23823824 0.00611439
239.23923924 0.00611439
240.24024024 0.00611439
241.24124124 0.00611439
242.24224224 0.00611439
243.24324324 0.00611439
244.24424424 0.00611439
245.24524525 0.00611439
246.24624625 0.00611439
247.24724725 0.00611439
248.24824825 0.00611439
249.24924925 0.00611439
250.25025025 0.00611439
251.25125125 0.00611439
252.25225225 0.00611439
253.25325325 0.00611439
254.25425425 0.00611439
255.25525526 0.00611439
256.25625626 0.00611439
257.25725726 0.00611439
258.25825826 0.00611439
259.25925926 0.00611439
260.26026026 0.00611439
261.26126126 0.00611439
262.26226226 0.00611439
263.26326326 0.00611439
264.26426426 0.00611439
265.26526527 0.00611439
266.26626627 0.00611439
267.26726727 0.00611439
268.26826827 0.00611439
269.26926927 0.00611439
270.27027027 0.00611439
271.27127127 0.00611439
272.27227227 0.00611439
273.27327327 0.00611439
274.27427427 0.00611439
275.27527528 0.00611439
276.27627628 0.00611439
277.27727728 0.00611439
278.27827828 0.00611439
279.27927928 0.00611439
280.28028028 0.00611439
281.28128128 0.00611439
282.28228228 0.00611439
283.28328328 0.00611439
284.28428428 0.00611439
285.28528529 0.00611439
286.28628629 0.00611439
287.28728729 0.00611439
288.28828829 0.00611439
289.28928929 0.00611439
290.29029029 0.00611439
291.29129129 0.00611439
292.29229229 0.00611439
293.29329329 0.00611439
294.29429429 0.00611439
295.29529530 0.00611439
296.29629630 0.00611439
297.29729730 0.00611439
298.29829830 0.00611439
299.29929930 0.00611439
300.30030030 0.00611439
301.30130130 0.00611439
302.30230230 0.00611439
303.30330330 0.00611439
304.30430430 0.00611439
305.30530531 0.00611439
306.30630631 0.00611439
307.30730731 0.00611439
308.30830831 0.00611439
309.30930931 0.00611439
310.31031031 0.00611439
311.31131131 0.00611439
312.31231231 0.00611439
313.31331331 0.00611439
314.31431431 0.00611439
315.31531532 0.00611439
316.31631632 0.00611439
317.31731732 0.00611439
318.31831832 0.00611439
319.31931932 0.00611439
320.32032032 0.00611439
321.32132132 0.00611439
322.32232232 0.00611439
323.32332332 0.00611439
324.32432432 0.00611439
325.32532533 0.00611439
326.32632633 0.00611439
327.32732733 0.00611439
328.32832833 0.00611439
329.32932933 0.00611439
330.33033033 0.00611439
331.33133133 0.00611439
332.33233233 0.00611439
333.33333333 0.00611439
334.33433433 0.00611439
335.33533534 0.00611439
336.33633634 0.00611439
337.33733734 0.00611439
338.33833834 0.00611439
339.33933934 0.00611439
340.34034034 0.00611439
341.34134134 0.00611439
342.34234234 0.00611439
343.34334334 0.00611439
344.34434434 0.00611439
345.34534535 0.00611439
346.34634635 0.00611439
347.34734735 0.00611439
348.34834835 0.00611439
349.34934935 0.00611439
350.35035035 0.00611439
351.35135135 0.00611439
352.35235235 0.00611439
353.35335335 0.00611439
354.35435435 0.00611439
355.35535536 0.00611439
356.35635636 0.00611439
357.35735736 0.00611439
358.35835836 0.00611439
359.35935936 0.00611439
360.36036036 0.00611439
361.36136136 0.00611439
362.36236236 0.00611439
363.36336336 0.00611439
364.36436436 0.00611439
365.36536537 0.00611439
366.36636637 0.00611439
367.36736737 0.00611439
368.36836837 0.00611439
369.36936937 0.00611439
370.37037037 0.00611439
371.37137137 0.00611439
372.37237237 0.00611439
373.37337337 0.00611439
374.37437437 0.00611439
375.37537538 0.00611439
376.37637638 0.00611439
377.37737738 0.00611439
378.37837838 0.00611439
379.37937938 0.00611439
380.38038038 0.00611439
381.38138138 0.00611439
382.38238238 0.00611439
383.38338338 0.00611439
384.38438438 0.00611439
385.38538539 0.00611439
386.38638639 0.00611439
387.38738739 0.00611439
388.38838839 0.00611439
389.38938939 0.00611439
390.39039039 0.00611439
391.39139139 0.00611439
392.39239239 0.00611439
393.39339339 0.00611439
394.39439439 0.00611439
395.39539540 0.00611439
396.39639640 0.00611439
397.39739740 0.00611439
398.39839840 0.00611439
399.39939940 0.00611439
400.40040040 0.00611439
401.40140140 0.00611439
402.40240240 0.00611439
403.40340340 0.00611439
404.40440440 0.00611439
405.40540541 0.00611439
406.40640641 0.00611439
407.40740741 0.00611439
408.40840841 0.00611439
409.40940941 0.00611439
410.41041041 0.00611439
411.41141141 0.00611439
412.41241241 0.00611439
413.41341341 0.00611439
414.41441441 0.00611439
415.41541542 0.00611439
416.41641642 0.00611439
417.41741742 0.00611439
418.41841842 0.00611439
419.41941942 0.00611439
420.42042042 0.00611439
421.42142142 0.00611439
422.42242242 0.00611439
423.42342342 0.00611439
424.42442442 0.00611439
425.42542543 0.00611439
426.42642643 0.00611439
427.42742743 0.00611439
428.42842843 0.00611439
429.42942943 0.00611439
430.43043043 0.00611439
431.43143143 0.00611439
432.43243243 0.00611439
433.43343343 0.00611439
434.43443443 0.00611439
435.43543544 0.00611439
436.43643644 0.00611439
437.43743744 0.00611439
438.43843844 0.00611439
439.43943944 0.00611439
440.44044044 0.00611439
441.44144144 0.00611439
442.44244244 0.00611439
443.44344344 0.00611439
444.44444444 0.00611439
445.44544545 0.00611439
446.44644645 0.00611439
447.44744745 0.00611439
448.44844845 0.00611439
449.44944945 0.00611439
450.45045045 0.00611439
451.45145145 0.00611439
452.45245245 0.00611439
453.45345345 0.00611439
454.45445445 0.00611439
455.45545546 0.00611439
456.45645646 0.00611439
457.45745746 0.00611439
458.45845846 0.00611439
459.45945946 0.00611439
460.46046046 0.00611439
461.46146146 0.00611439
462.46246246 0.00611439
463.46346346 0.00611439
464.46446446 0.00611439
465.46546547 0.00611439
466.46646647 0.00611439
467.46746747 0.00611439
468.46846847 0.00611439
469.46946947 0.00611439
470.47047047 0.00611439
471.47147147 0.00611439
472.47247247 0.00611439
473.47347347 0.00611439
474.47447447 0.00611439
475.47547548 0.00611439
476.47647648 0.00611439
477.47747748 0.00611439
478.47847848 0.00611439
479.47947948 0.00611439
480.48048048 0.00611439
481.48148148 0.00611439
482.48248248 0.00611439
483.48348348 0.00611439
484.48448448 0.00611439
485.48548549 0.00611439
486.48648649 0.00611439
487.48748749 0.00611439
488.48848849 0.00611439
489.48948949 0.00611439
490.49049049 0.00611439
491.49149149 0.00611439
492.49249249 0.00611439
493.49349349 0.00611439
494.49449449 0.00611439
495.49549550 0.00611439
496.49649650 0.00611439
497.49749750 0.00611439
498.49849850 0.00611439
499.49949950 0.00611439
500.50050050 0.00611439
501.50150150 0.00611439
502.50250250 0.00611439
503.50350350 0.00611439
504.50450450 0.00611439
505.50550551 0.00611439
506.50650651 0.00611439
507.50750751 0.00611439
508.50850851 0.00611439
509.50950951 0.00611439
510.51051051 0.00611439
511.51151151 0.00611439
512.51251251 0.00611439
513.51351351 0.00611439
514.51451451 0.00611439
515.51551552 0.00611439
516.51651652 0.00611439
517.51751752 0.00611439
518.51851852 0.00611439
519.51951952 0.00611439
520.52052052 0.00611439
521.52152152 0.00611439
522.52252252 0.00611439
523.52352352 0.00611439
524.52452452 0.00611439
525.52552553 0.00611439
526.52652653 0.00611439
527.52752753 0.00611439
528.52852853 0.00611439
529.52952953 0.00611439
530.53053053 0.00611439
531.53153153 0.00611439
532.53253253 0.00611439
533.53353353 0.00611439
534.53453453 0.00611439
535.53553554 0.00611439
536.53653654 0.00611439
537.53753754 0.00611439
538.53853854 0.00611439
539.53953954 0.00611439
540.54054054 0.00611439
541.54154154 0.00611439
542.54254254 0.00611439
543.54354354 0.00611439
544.54454454 0.00611439
545.54554555 0.00611439
546.54654655 0.00611439
547.54754755 0.00611439
548.54854855 0.00611439
549.54954955 0.00611439
550.55055055 0.00611439
551.55155155 0.00611439
552.55255255 0.00611439
553.55355355 0.00611439
554.55455455 0.00611439
555.55555556 0.00611439
556.55655656 0.00611439
557.55755756 0.00611439
558.55855856 0.00611439
559.55955956 0.00611439
560.56056056 0.00611439
561.56156156 0.00611439
562.56256256 0.00611439
563.56356356 0.00611439
564.56456456 0.00611439
565.56556557 0.00611439
566.56656657 0.00611439
567.56756757 0.00611439
568.56856857 0.00611439
569.56956957 0.00611439
570.57057057 0.00611439
571.57157157 0.00611439
572.57257257 0.00611439
573.57357357 0.00611439
574.57457457 0.00611439
575.57557558 0.00611439
576.57657658 0.00611439
577.57757758 0.00611439
578.57857858 0.00611439
579.57957958 0.00611439
580.58058058 0.00611439
581.58158158 0.00611439
582.58258258 0.00611439
583.58358358 0.00611439
584.58458458 0.00611439
585.58558559 0.00611439
586.58658659 0.00611439
587.58758759 0.00611439
588.58858859 0.00611439
589.58958959 0.00611439
590.59059059 0.00611439
591.59159159 0.00611439
592.59259259 0.00611439
593.59359359 0.00611439
594.59459459 0.00611439
595.59559560 0.00611439
596.59659660 0.00611439
597.59759760 0.00611439
598.59859860 0.00611439
599.59959960 0.00611439
600.60060060 0.00611439
601.60160160 0.00611439
602.60260260 0.00611439
603.60360360 0.00611439
604.60460460 0.00611439
605.60560561 0.00611439
606.60660661 0.00611439
607.60760761 0.00611439
608.60860861 0.00611439
609.60960961 0.00611439
610.61061061 0.00611439
611.61161161 0.00611439
612.61261261 0.00611439
613.61361361 0.00611439
614.61461461 0.00611439
615.61561562 0.00611439
616.61661662 0.00611439
617.61761762 0.00611439
618.61861862 0.00611439
619.61961962 0.00611439
620.62062062 0.00611439
621.62162162 0.00611439
622.62262262 0.00611439
623.62362362 0.00611439
624.62462462 0.00611439
625.62562563 0.00611439
626.62662663 0.00611439
627.62762763 0.00611439
628.62862863 0.00611439
629.62962963 0.00611439
630.63063063 0.00611439
631.63163163 0.00611439
632.63263263 0.00611439
633.63363363 0.00611439
634.63463463 0.00611439
635.63563564 0.00611439
636.63663664 0.00611439
637.63763764 0.00611439
638.63863864 0.00611439
639.63963964 0.00611439
640.64064064 0.00611439
641.64164164 0.00611439
642.64264264 0.00611439
643.64364364 0.00611439
644.64464464 0.00611439
645.64564565 0.00611439
646.64664665 0.00611439
647.64764765 0.00611439
648.64864865 0.00611439
649.64964965 0.00611439
650.65065065 0.00611439
651.65165165 0.00611439
652.65265265 0.00611439
653.65365365 0.00611439
654.65465465 0.00611439
655.65565566 0.00611439
656.65665666 0.00611439
657.65765766 0.00611439
658.65865866 0.00611439
659.65965966 0.00611439
660.66066066 0.00611439
661.66166166 0.00611439
662.66266266 0.00611439
663.66366366 0.00611439
664.66466466 0.00611439
665.66566567 0.00611439
666.66666667 0.00611439
667.66766767 0.00611439
668.66866867 0.00611439
669.66966967 0.00611439
670.67067067 0.00611439
671.67167167 0.00611439
672.67267267 0.00611439
673.67367367 0.00611439
674.67467467 0.00611439
675.67567568 0.00611439
676.67667668 0.00611439
677.67767768 0.00611439
678.67867868 0.00611439
679.67967968 0.00611439
680.68068068 0.00611439
681.68168168 0.00611439
682.68268268 0.00611439
683.68368368 0.00611439
684.68468468 0.00611439
685.68568569 0.00611439
686.68668669 0.00611439
687.68768769 0.00611439
688.68868869 0.00611439
689.68968969 0.00611439
690.69069069 0.00611439
691.69169169 0.00611439
692.69269269 0.00611439
693.69369369 0.00611439
694.69469469 0.00611439
695.69569570 0.00611439
696.69669670 0.00611439
697.69769770 0.00611439
698.69869870 0.00611439
699.69969970 0.00611439
700.70070070 0.00611439
701.70170170 0.00611439
702.70270270 0.00611439
703.70370370 0.00611439
704.70470470 0.00611439
705.70570571 0.00611439
706.70670671 0.00611439
707.70770771 0.00611439
708.70870871 0.00611439
709.70970971 0.00611439
710.71071071 0.00611439
711.71171171 0.00611439
712.71271271 0.00611439
713.71371371 0.00611439
714.71471471 0.00611439
715.71571572 0.00611439
716.71671672 0.00611439
717.71771772 0.00611439
718.71871872 0.00611439
719.71971972 0.00611439
720.72072072 0.00611439
721.72172172 0.00611439
722.72272272 0.00611439
723.72372372 0.00611439
724.72472472 0.00611439
725.72572573 0.00611439
726.72672673 0.00611439
727.72772773 0.00611439
728.72872873 0.00611439
729.72972973 0.00611439
730.73073073 0.00611439
731.73173173 0.00611439
732.73273273 0.00611439
733.73373373 0.00611439
734.73473473 0.00611439
735.73573574 0.00611439
736.73673674 0.00611439
737.73773774 0.00611439
738.73873874 0.00611439
739.73973974 0.00611439
740.74074074 0.00611439
741.74174174 0.00611439
742.74274274 0.00611439
743.74374374 0.00611439
744.74474474 0.00611439
745.74574575 0.00611439
746.74674675 0.00611439
747.74774775 0.00611439
748.74874875 0.00611439
749.74974975 0.00611439
750.75075075 0.00611439
751.75175175 0.00611439
752.75275275 0.00611439
753.75375375 0.00611439
754.75475475 0.00611439
755.75575576 0.00611439
756.75675676 0.00611439
757.75775776 0.00611439
758.75875876 0.00611439
759.75975976 0.00611439
760.76076076 0.00611439
761.76176176 0.00611439
762.76276276 0.00611439
763.76376376 0.00611439
764.76476476 0.00611439
765.76576577 0.00611439
766.76676677 0.00611439
767.76776777 0.00611439
768.76876877 0.00611439
769.76976977 0.00611439
770.77077077 0.00611439
771.77177177 0.00611439
772.77277277 0.00611439
773.77377377 0.00611439
774.77477477 0.00611439
775.77577578 0.00611439
776.77677678 0.00611439
777.77777778 0.00611439
778.77877878 0.00611439
779.77977978 0.00611439
780.78078078 0.00611439
781.78178178 0.00611439
782.78278278 0.00611439
783.78378378 0.00611439
784.78478478 0.00611439
785.78578579 0.00611439
786.78678679 0.00611439
787.78778779 0.00611439
788.78878879 0.00611439
789.78978979 0.00611439
790.79079079 0.00611439
791.79179179 0.00611439
792.79279279 0.00611439
793.79379379 0.00611439
794.79479479 0.00611439
795.79579580 0.00611439
796.79679680 0.00611439
797.79779780 0.00611439
798.79879880 0.00611439
799.79979980 0.00611439
800.80080080 0.00611439
801.80180180 0.00611439
802.80280280 0.00611439
803.80380380 0.00611439
804.80480480 0.00611439
805.80580581 0.00611439
806.80680681 0.00611439
807.80780781 0.00611439
808.80880881 0.00611439
809.80980981 0.00611439
810.81081081 0.00611439
811.81181181 0.00611439
812.81281281 0.00611439
813.81381381 0.00611439
814.81481481 0.00611439
815.81581582 0.00611439
816.81681682 0.00611439
817.81781782 0.00611439
818.81881882 0.00611439
819.81981982 0.00611439
820.82082082 0.00611439
821.82182182 0.00611439
822.82282282 0.00611439
823.82382382 0.00611439
824.82482482 0.00611439
825.82582583 0.00611439
826.82682683 0.00611439
827.82782783 0.00611439
828.82882883 0.00611439
829.82982983 0.00611439
830.83083083 0.00611439
831.83183183 0.00611439
832.83283283 0.00611439
833.83383383 0.00611439
834.83483483 0.00611439
835.83583584 0.00611439
836.83683684 0.00611439
837.83783784 0.00611439
838.83883884 0.00611439
839.83983984 0.00611439
840.84084084 0.00611439
841.84184184 0.00611439
842.84284284 0.00611439
843.84384384 0.00611439
844.84484484 0.00611439
845.84584585 0.00611439
846.84684685 0.00611439
847.84784785 0.00611439
848.84884885 0.00611439
849.84984985 0.00611439
850.85085085 0.00611439
851.85185185 0.00611439
852.85285285 0.00611439
853.85385385 0.00611439
854.85485485 0.00611439
855.85585586 0.00611439
856.85685686 0.00611439
857.85785786 0.00611439
858.85885886 0.00611439
859.85985986 0.00611439
860.86086086 0.00611439
861.86186186 0.00611439
862.86286286 0.00611439
863.86386386 0.00611439
864.86486486 0.00611439
865.86586587 0.00611439
866.86686687 0.00611439
867.86786787 0.00611439
868.86886887 0.00611439
869.86986987 0.00611439
870.87087087 0.00611439
871.87187187 0.00611439
872.87287287 0.00611439
873.87387387 0.00611439
874.87487487 0.00611439
875.87587588 0.00611439
876.87687688 0.00611439
877.87787788 0.00611439
878.87887888 0.00611439
879.87987988 0.00611439
880.88088088 0.00611439
881.88188188 0.00611439
882.88288288 0.00611439
883.88388388 0.00611439
884.88488488 0.00611439
885.88588589 0.00611439
886.88688689 0.00611439
887.88788789 0.00611439
888.88888889 0.00611439
889.88988989 0.00611439
890.89089089 0.00611439
891.89189189 0.00611439
892.89289289 0.00611439
893.89389389 0.00611439
894.89489489 0.00611439
895.89589590 0.00611439
896.89689690 0.00611439
897.89789790 0.00611439
898.89889890 0.00611439
899.89989990 0.00611439
900.90090090 0.00611439
901.90190190 0.00611439
902.90290290 0.00611439
903.90390390 0.00611439
904.90490490 0.00611439
905.90590591 0.00611439
906.90690691 0.00611439
907.90790791 0.00611439
908.90890891 0.00611439
909.90990991 0.00611439
910.91091091 0.00611439
911.91191191 0.00611439
912.91291291 0.00611439
913.91391391 0.00611439
914.91491491 0.00611439
915.91591592 0.00611439
916.91691692 0.00611439
917.91791792 0.00611439
918.91891892 0.00611439
919.91991992 0.00611439
920.92092092 0.00611439
921.92192192 0.00611439
922.92292292 0.00611439
923.92392392 0.00611439
924.92492492 0.00611439
925.92592593 0.00611439
926.92692693 0.00611439
927.92792793 0.00611439
928.92892893 0.00611439
929.92992993 0.00611439
930.93093093 0.00611439
931.93193193 0.00611439
932.93293293 0.00611439
933.93393393 0.00611439
934.93493493 0.00611439
935.93593594 0.00611439
936.93693694 0.00611439
937.93793794 0.00611439
938.93893894 0.00611439
939.93993994 0.00611439
940.94094094 0.00611439
941.94194194 0.00611439
942.94294294 0.00611439
943.94394394 0.00611439
944.94494494 0.00611439
945.94594595 0.00611439
946.94694695 0.00611439
947.94794795 0.00611439
948.94894895 0.00611439
949.94994995 0.00611439
950.95095095 0.00611439
951.95195195 0.00611439
952.95295295 0.00611439
953.95395395 0.00611439
954.95495495 0.00611439
955.95595596 0.00611439
956.95695696 0.00611439
957.95795796 0.00611439
958.95895896 0.00611439
959.95995996 0.00611439
960.96096096 0.00611439
961.96196196 0.00611439
962.96296296 0.00611439
963.96396396 0.00611439
964.96496496 0.00611439
965.96596597 0.00611439
966.96696697 0.00611439
967.96796797 0.00611439
968.96896897 0.00611439
969.96996997 0.00611439
970.97097097 0.00611439
971.97197197 0.00611439
972.97297297 0.00611439
973.97397397 0.00611439
974.97497497 0.00611439
975.97597598 0.00611439
976.97697698 0.00611439
977.97797798 0.00611439
978.97897898 0.00611439
979.97997998 0.00611439
980.98098098 0.00611439
981.98198198 0.00611439
982.98298298 0.00611439
983.98398398 0.00611439
984.98498498 0.00611439
985.98598599 0.00611439
986.98698699 0.00611439
987.98798799 0.00611439
988.98898899 0.00611439
989.98998999 0.00611439
990.99099099 0.00611439
991.99199199 0.00611439
992.99299299 0.00611439
993.99399399 0.00611439
994.99499499 0.00611439
995.99599600 0.00611439
996.99699700 0.00611439
997.99799800 0.00611439
998.99899900 0.00611439
1000.00000000 0.00611439
