0.00000000 2.99999941
1.00100100 3.06134888
2.00200200 3.02052019
3.00300300 2.97272062
4.00400400 2.93480948
5.00500501 2.90223226
6.00600601 2.87499868
7.00700701 2.85077288
8.00800801 2.82307070
9.00900901 2.78659273
10.01001001 2.74671147
11.01101101 2.71806468
12.01201201 2.70294572
13.01301301 2.67869778
14.01401401 2.63363879
15.01501502 2.59837552
16.01601602 2.58605591
17.01701702 2.55895053
18.01801802 2.52308805
19.01901902 2.50401843
20.02002002 2.46842685
21.02102102 2.43919553
22.02202202 2.42445322
23.02302302 2.39407853
24.02402402 2.37029308
25.02502503 2.33428164
26.02602603 2.31549643
27.02702703 2.29299189
28.02802803 2.27014917
29.02902903 2.23820073
30.03003003 2.21683624
31.03103103 2.19307662
32.03203203 2.16858092
33.03303303 2.14761217
34.03403403 2.12461872
35.03503504 2.09694310
36.03603604 2.07451473
37.03703704 2.05628416
38.03803804 2.03272039
39.03903904 2.00962059
40.04004004 1.98667915
41.04104104 1.96476251
42.04204204 1.94620947
43.04304304 1.92328447
44.04404404 1.90255814
45.04504505 1.88172869
46.04604605 1.85972119
47.04704705 1.84065485
48.04804805 1.82143038
49.04904905 1.80143842
50.05005005 1.77913783
51.05105105 1.76122893
52.05205205 1.74230154
53.05305305 1.72312975
54.05405405 1.70376108
55.05505506 1.68515392
56.05605606 1.66590968
57.05705706 1.64845316
58.05805806 1.63012649
59.05905906 1.61233209
60.06006006 1.59431585
61.06106106 1.57577757
62.06206206 1.55946246
63.06306306 1.54244412
64.06406406 1.52474306
65.06506507 1.50782153
66.06606607 1.49110066
67.06706707 1.47483637
68.06806807 1.45826828
69.06906907 1.44234285
70.07007007 1.42605968
71.07107107 1.40991751
72.07207207 1.39451195
73.07307307 1.37904526
74.07407407 1.36375159
75.07507508 1.34818337
76.07607608 1.33306770
77.07707708 1.31841315
78.07807808 1.30374051
79.07907908 1.28885574
80.08008008 1.27460961
81.08108108 1.26013601
82.08208208 1.24597365
83.08308308 1.23211976
84.08408408 1.21827672
85.08508509 1.20444241
86.08608609 1.19076426
87.08708709 1.17747046
88.08808809 1.16420687
89.08908909 1.15102879
90.09009009 1.13795152
91.09109109 1.12502820
92.09209209 1.11237517
93.09309309 1.09970561
94.09409409 1.08725963
95.09509510 1.07491106
96.09609610 1.06260029
97.09709710 1.05050904
98.09809810 1.03863083
99.09909910 1.02675945
100.10010010 1.01498005
101.10110110 1.00339187
102.10210210 0.99191679
103.10310310 0.98058878
104.10410410 0.96932780
105.10510511 0.95821430
106.10610611 0.94718397
107.10710711 0.93629744
108.10810811 0.92553752
109.10910911 0.91488754
110.11011011 0.90433482
111.11111111 0.89385044
112.11211211 0.88354937
113.11311311 0.87335171
114.11411411 0.86321784
115.11511512 0.85321437
116.11611612 0.84331170
117.11711712 0.83350956
118.11811812 0.82382714
119.11911912 0.81424498
120.12012012 0.80474864
121.12112112 0.79535771
122.12212212 0.78605999
123.12312312 0.77688779
124.12412412 0.76779781
125.12512513 0.75879247
126.12612613 0.74988788
127.12712713 0.74108685
128.12812813 0.73238103
129.12912913 0.72375473
130.13013013 0.71523504
131.13113113 0.70679376
132.13213213 0.69844052
133.13313313 0.69019374
134.13413413 0.68202509
135.13513514 0.67394202
136.13613614 0.66594312
137.13713714 0.65803385
138.13813814 0.65021376
139.13913914 0.64247433
140.14014014 0.63481342
141.14114114 0.62723912
142.14214214 0.61974559
143.14314314 0.61233192
144.14414414 0.60500161
145.14514515 0.59774846
146.14614615 0.59057045
147.14714715 0.58347016
148.14814815 0.57645377
149.14914915 0.56950772
150.15015015 0.56263721
151.15115115 0.55584136
152.15215215 0.54911901
153.15315315 0.54247220
154.15415415 0.53589563
155.15515516 0.52939100
156.15615616 0.52295758
157.15715716 0.51659249
158.15815816 0.51029912
159.15915916 0.50407517
160.16016016 0.49791806
161.16116116 0.49182673
162.16216216 0.48580450
163.16316316 0.47984828
164.16416416 0.47395697
165.16516517 0.46813041
166.16616617 0.46236825
167.16716717 0.45666887
168.16816817 0.45103338
169.16916917 0.44546021
170.17017017 0.43994818
171.17117117 0.43449747
172.17217217 0.42910617
173.17317317 0.42377624
174.17417417 0.41850538
175.17517518 0.41329232
176.17617618 0.40813761
177.17717718 0.40304071
178.17817818 0.39800043
179.17917918 0.39301679
180.18018018 0.38808897
181.18118118 0.38321614
182.18218218 0.37839780
183.18318318 0.37363409
184.18418418 0.36892397
185.18518519 0.36426681
186.18618619 0.35966195
187.18718719 0.35510928
188.18818819 0.35060820
189.18918919 0.34615823
190.19019019 0.34175836
191.19119119 0.33740881
192.19219219 0.33310850
193.19319319 0.32885713
194.19419419 0.32465458
195.19519520 0.32049983
196.19619620 0.31639252
197.19719720 0.31233225
198.19819820 0.30831869
199.19919920 0.30435122
200.20020020 0.30042934
201.20120120 0.29655260
202.20220220 0.29272061
203.20320320 0.28893292
204.20420420 0.28518906
205.20520521 0.28148858
206.20620621 0.27783109
207.20720721 0.27421598
208.20820821 0.27064303
209.20920921 0.26711183
210.21021021 0.26362178
211.21121121 0.26017250
212.21221221 0.25676370
213.21321321 0.25339484
214.21421421 0.25006563
215.21521522 0.24677556
216.21621622 0.24352429
217.21721722 0.24031138
218.21821822 0.23713648
219.21921922 0.23399921
220.22022022 0.23089916
221.22122122 0.22783595
222.22222222 0.22480916
223.22322322 0.22181850
224.22422422 0.21886358
225.22522523 0.21594398
226.22622623 0.21305937
227.22722723 0.21020939
228.22822823 0.20739367
229.22922923 0.20461189
230.23023023 0.20186366
231.23123123 0.19914864
232.23223223 0.19646649
233.23323323 0.19381687
234.23423423 0.19119945
235.23523524 0.18861389
236.23623624 0.18605984
237.23723724 0.18353699
238.23823824 0.18104500
239.23923924 0.17858356
240.24024024 0.17615234
241.24124124 0.17375103
242.24224224 0.17137930
243.24324324 0.16903685
244.24424424 0.16672338
245.24524525 0.16443857
246.24624625 0.16218211
247.24724725 0.15995371
248.24824825 0.15775307
249.24924925 0.15557990
250.25025025 0.15343390
251.25125125 0.15131477
252.25225225 0.14922225
253.25325325 0.14715603
254.25425425 0.14511583
255.25525526 0.14310138
256.25625626 0.14111241
257.25725726 0.13914862
258.25825826 0.13720975
259.25925926 0.13529554
260.26026026 0.13340571
261.26126126 0.13154000
262.26226226 0.12969815
263.26326326 0.12787988
264.26426426 0.12608496
265.26526527 0.12431312
266.26626627 0.12256411
267.26726727 0.12083767
268.26826827 0.11913356
269.26926927 0.11745154
270.27027027 0.11579135
271.27127127 0.11415276
272.27227227 0.11253552
273.27327327 0.11093940
274.27427427 0.10936416
275.27527528 0.10780958
276.27627628 0.10627541
277.27727728 0.10476142
278.27827828 0.10326740
279.27927928 0.10179312
280.28028028 0.10033835
281.28128128 0.09890287
282.28228228 0.09748646
283.28328328 0.09608891
284.28428428 0.09471001
285.28528529 0.09334953
286.28628629 0.09200727
287.28728729 0.09068302
288.28828829 0.08937658
289.28928929 0.08808773
290.29029029 0.08681627
291.29129129 0.08556201
292.29229229 0.08432474
293.29329329 0.08310427
294.29429429 0.08190040
295.29529530 0.08071293
296.29629630 0.07954169
297.29729730 0.07838646
298.29829830 0.07724707
299.29929930 0.07612333
300.30030030 0.07501506
301.30130130 0.07392207
302.30230230 0.07284418
303.30330330 0.07178121
304.30430430 0.07073298
305.30530531 0.06969933
306.30630631 0.06868006
307.30730731 0.06767501
308.30830831 0.06668402
309.30930931 0.06570690
310.31031031 0.06474350
311.31131131 0.06379364
312.31231231 0.06285716
313.31331331 0.06193390
314.31431431 0.06102370
315.31531532 0.06012639
316.31631632 0.05924183
317.31731732 0.05836984
318.31831832 0.05751029
319.31931932 0.05666301
320.32032032 0.05582785
321.32132132 0.05500467
322.32232232 0.05419330
323.32332332 0.05339362
324.32432432 0.05260546
325.32532533 0.05182869
326.32632633 0.05106316
327.32732733 0.05030873
328.32832833 0.04956527
329.32932933 0.04883262
330.33033033 0.04811066
331.33133133 0.04739926
332.33233233 0.04669826
333.33333333 0.04600755
334.33433433 0.04532699
335.33533534 0.04465645
336.33633634 0.04399580
337.33733734 0.04334491
338.33833834 0.04270367
339.33933934 0.04207193
340.34034034 0.04144959
341.34134134 0.04083651
342.34234234 0.04023258
343.34334334 0.03963767
344.34434434 0.03905168
345.34534535 0.03847447
346.34634635 0.03790595
347.34734735 0.03734598
348.34834835 0.03679446
349.34934935 0.03625127
350.35035035 0.03571631
351.35135135 0.03518947
352.35235235 0.03467063
353.35335335 0.03415970
354.35435435 0.03365655
355.35535536 0.03316110
356.35635636 0.03267323
357.35735736 0.03219284
358.35835836 0.03171983
359.35935936 0.03125411
360.36036036 0.03079557
361.36136136 0.03034411
362.36236236 0.02989963
363.36336336 0.02946205
364.36436436 0.02903127
365.36536537 0.02860718
366.36636637 0.02818971
367.36736737 0.02777876
368.36836837 0.02737424
369.36936937 0.02697605
370.37037037 0.02658411
371.37137137 0.02619834
372.37237237 0.02581865
373.37337337 0.02544495
374.37437437 0.02507715
375.37537538 0.02471518
376.37637638 0.02435895
377.37737738 0.02400839
378.37837838 0.02366340
379.37937938 0.02332392
380.38038038 0.02298985
381.38138138 0.02266114
382.38238238 0.02233769
383.38338338 0.02201943
384.38438438 0.02170630
385.38538539 0.02139821
386.38638639 0.02109509
387.38738739 0.02079687
388.38838839 0.02050348
389.38938939 0.02021484
390.39039039 0.01993090
391.39139139 0.01965158
392.39239239 0.01937681
393.39339339 0.01910653
394.39439439 0.01884067
395.39539540 0.01857916
396.39639640 0.01832194
397.39739740 0.01806896
398.39839840 0.01782013
399.39939940 0.01757541
400.40040040 0.01733474
401.40140140 0.01709804
402.40240240 0.01686527
403.40340340 0.01663635
404.40440440 0.01641125
405.40540541 0.01618989
406.40640641 0.01597222
407.40740741 0.01575819
408.40840841 0.01554774
409.40940941 0.01534082
410.41041041 0.01513737
411.41141141 0.01493734
412.41241241 0.01474068
413.41341341 0.01454733
414.41441441 0.01435725
415.41541542 0.01417038
416.41641642 0.01398668
417.41741742 0.01380610
418.41841842 0.01362858
419.41941942 0.01345409
420.42042042 0.01328257
421.42142142 0.01311398
422.42242242 0.01294827
423.42342342 0.01278539
424.42442442 0.01262532
425.42542543 0.01246799
426.42642643 0.01231336
427.42742743 0.01216140
428.42842843 0.01201206
429.42942943 0.01186531
430.43043043 0.01172109
431.43143143 0.01157937
432.43243243 0.01144011
433.43343343 0.01130327
434.43443443 0.01116881
435.43543544 0.01103669
436.43643644 0.01090689
437.43743744 0.01077935
438.43843844 0.01065404
439.43943944 0.01053093
440.44044044 0.01040998
441.44144144 0.01029116
442.44244244 0.01017443
443.44344344 0.01005976
444.44444444 0.00994711
445.44544545 0.00983645
446.44644645 0.00972776
447.44744745 0.00962099
448.44844845 0.00951612
449.44944945 0.00941311
450.45045045 0.00931193
451.45145145 0.00921256
452.45245245 0.00911496
453.45345345 0.00901911
454.45445445 0.00892498
455.45545546 0.00883253
456.45645646 0.00874174
457.45745746 0.00865258
458.45845846 0.00856503
459.45945946 0.00847906
460.46046046 0.00839463
461.46146146 0.00831174
462.46246246 0.00823034
463.46346346 0.00815042
464.46446446 0.00807195
465.46546547 0.00799490
466.46646647 0.00791926
467.46746747 0.00784499
468.46846847 0.00777208
469.46946947 0.00770050
470.47047047 0.00763022
471.47147147 0.00756124
472.47247247 0.00749352
473.47347347 0.00742704
474.47447447 0.00736178
475.47547548 0.00729773
476.47647648 0.00723486
477.47747748 0.00717314
478.47847848 0.00711257
479.47947948 0.00705311
480.48048048 0.00699476
481.48148148 0.00693749
482.48248248 0.00688128
483.48348348 0.00682612
484.48448448 0.00677198
485.48548549 0.00671885
486.48648649 0.00666671
487.48748749 0.00661555
488.48848849 0.00656534
489.48948949 0.00651608
490.49049049 0.00646773
491.49149149 0.00642030
492.49249249 0.00637375
493.49349349 0.00632809
494.49449449 0.00628328
495.49549550 0.00623931
496.49649650 0.00619618
497.49749750 0.00615386
498.49849850 0.00611234
499.49949950 0.00607161
500.50050050 0.00603165
501.50150150 0.00599245
502.50250250 0.00595400
503.50350350 0.00591628
504.50450450 0.00587927
505.50550551 0.00584297
506.50650651 0.00580737
507.50750751 0.00577245
508.50850851 0.00573819
509.50950951 0.00570459
510.51051051 0.00567164
511.51151151 0.00563931
512.51251251 0.00560761
513.51351351 0.00557652
514.51451451 0.00554603
515.51551552 0.00551613
516.51651652 0.00548680
517.51751752 0.00545804
518.51851852 0.00542984
519.51951952 0.00540218
520.52052052 0.00537506
521.52152152 0.00534847
522.52252252 0.00532239
523.52352352 0.00529682
524.52452452 0.00527175
525.52552553 0.00524717
526.52652653 0.00522307
527.52752753 0.00519944
528.52852853 0.00517627
529.52952953 0.00515355
530.53053053 0.00513128
531.53153153 0.00510945
532.53253253 0.00508804
533.53353353 0.00506706
534.53453453 0.00504648
535.53553554 0.00502632
536.53653654 0.00500655
537.53753754 0.00498717
538.53853854 0.00496818
539.53953954 0.00494956
540.54054054 0.00493131
541.54154154 0.00491342
542.54254254 0.00489588
543.54354354 0.00487869
544.54454454 0.00486185
545.54554555 0.00484534
546.54654655 0.00482916
547.54754755 0.00481330
548.54854855 0.00479776
549.54954955 0.00478253
550.55055055 0.00476760
551.55155155 0.00475297
552.55255255 0.00473864
553.55355355 0.00472459
554.55455455 0.00471082
555.55555556 0.00469733
556.55655656 0.00468411
557.55755756 0.00467116
558.55855856 0.00465847
559.55955956 0.00464603
560.56056056 0.00463385
561.56156156 0.00462191
562.56256256 0.00461021
563.56356356 0.00459875
564.56456456 0.00458753
565.56556557 0.00457652
566.56656657 0.00456575
567.56756757 0.00455519
568.56856857 0.00454484
569.56956957 0.00453471
570.57057057 0.00452478
571.57157157 0.00451506
572.57257257 0.00450553
573.57357357 0.00449620
574.57457457 0.00448706
575.57557558 0.00447810
576.57657658 0.00446933
577.57757758 0.00446074
578.57857858 0.00445233
579.57957958 0.00444408
580.58058058 0.00443601
581.58158158 0.00442810
582.58258258 0.00442036
583.58358358 0.00441277
584.58458458 0.00440534
585.58558559 0.00439807
586.58658659 0.00439094
587.58758759 0.00438397
588.58858859 0.00437713
589.58958959 0.00437044
590.59059059 0.00436389
591.59159159 0.00435747
592.59259259 0.00435118
593.59359359 0.00434503
594.59459459 0.00433900
595.59559560 0.00433310
596.59659660 0.00432732
597.59759760 0.00432167
598.59859860 0.00431613
599.59959960 0.00431070
600.60060060 0.00430539
601.60160160 0.00430019
602.60260260 0.00429510
603.60360360 0.00429012
604.60460460 0.00428524
605.60560561 0.00428046
606.60660661 0.00427578
607.60760761 0.00427120
608.60860861 0.00426672
609.60960961 0.00426233
610.61061061 0.00425803
611.61161161 0.00425383
612.61261261 0.00424971
613.61361361 0.00424568
614.61461461 0.00424173
615.61561562 0.00423787
616.61661662 0.00423409
617.61761762 0.00423039
618.61861862 0.00422677
619.61961962 0.00422322
620.62062062 0.00421975
621.62162162 0.00421635
622.62262262 0.00421303
623.62362362 0.00420978
624.62462462 0.00420659
625.62562563 0.00420347
626.62662663 0.00420042
627.62762763 0.00419744
628.62862863 0.00419452
629.62962963 0.00419166
630.63063063 0.00418886
631.63163163 0.00418612
632.63263263 0.00418344
633.63363363 0.00418082
634.63463463 0.00417825
635.63563564 0.00417574
636.63663664 0.00417328
637.63763764 0.00417087
638.63863864 0.00416852
639.63963964 0.00416622
640.64064064 0.00416397
641.64164164 0.00416176
642.64264264 0.00415960
643.64364364 0.00415749
644.64464464 0.00415543
645.64564565 0.00415341
646.64664665 0.00415143
647.64764765 0.00414950
648.64864865 0.00414760
649.64964965 0.00414575
650.65065065 0.00414394
651.65165165 0.00414217
652.65265265 0.00414043
653.65365365 0.00413874
654.65465465 0.00413708
655.65565566 0.00413545
656.65665666 0.00413387
657.65765766 0.00413231
658.65865866 0.00413079
659.65965966 0.00412931
660.66066066 0.00412785
661.66166166 0.00412643
662.66266266 0.00412504
663.66366366 0.00412368
664.66466466 0.00412235
665.66566567 0.00412104
666.66666667 0.00411977
667.66766767 0.00411852
668.66866867 0.00411730
669.66966967 0.00411611
670.67067067 0.00411495
671.67167167 0.00411381
672.67267267 0.00411269
673.67367367 0.00411160
674.67467467 0.00411053
675.67567568 0.00410949
676.67667668 0.00410847
677.67767768 0.00410747
678.67867868 0.00410650
679.67967968 0.00410554
680.68068068 0.00410461
681.68168168 0.00410370
682.68268268 0.00410280
683.68368368 0.00410193
684.68468468 0.00410108
685.68568569 0.00410024
686.68668669 0.00409943
687.68768769 0.00409863
688.68868869 0.00409785
689.68968969 0.00409708
690.69069069 0.00409634
691.69169169 0.00409561
692.69269269 0.00409489
693.69369369 0.00409420
694.69469469 0.00409351
695.69569570 0.00409285
696.69669670 0.00409220
697.69769770 0.00409156
698.69869870 0.00409093
699.69969970 0.00409032
700.70070070 0.00408973
701.70170170 0.00408915
702.70270270 0.00408858
703.70370370 0.00408802
704.70470470 0.00408748
705.70570571 0.00408694
706.70670671 0.00408642
707.70770771 0.00408591
708.70870871 0.00408542
709.70970971 0.00408493
710.71071071 0.00408446
711.71171171 0.00408399
712.71271271 0.00408354
713.71371371 0.00408309
714.71471471 0.00408266
715.71571572 0.00408224
716.71671672 0.00408182
717.71771772 0.00408142
718.71871872 0.00408102
719.71971972 0.00408063
720.72072072 0.00408025
721.72172172 0.00407988
722.72272272 0.00407952
723.72372372 0.00407917
724.72472472 0.00407882
725.72572573 0.00407848
726.72672673 0.00407815
727.72772773 0.00407783
728.72872873 0.00407752
729.72972973 0.00407721
730.73073073 0.00407691
731.73173173 0.00407661
732.73273273 0.00407633
733.73373373 0.00407604
734.73473473 0.00407577
735.73573574 0.00407550
736.73673674 0.00407524
737.73773774 0.00407498
738.73873874 0.00407473
739.73973974 0.00407449
740.74074074 0.00407425
741.74174174 0.00407401
742.74274274 0.00407378
743.74374374 0.00407356
744.74474474 0.00407334
745.74574575 0.00407313
746.74674675 0.00407292
747.74774775 0.00407272
748.74874875 0.00407252
749.74974975 0.00407232
750.75075075 0.00407213
751.75175175 0.00407195
752.75275275 0.00407177
753.75375375 0.00407159
754.75475475 0.00407142
755.75575576 0.00407125
756.75675676 0.00407108
757.75775776 0.00407092
758.75875876 0.00407076
759.75975976 0.00407061
760.76076076 0.00407046
761.76176176 0.00407031
762.76276276 0.00407017
763.76376376 0.00407003
764.76476476 0.00406989
765.76576577 0.00406975
766.76676677 0.00406962
767.76776777 0.00406950
768.76876877 0.00406937
769.76976977 0.00406925
770.77077077 0.00406913
771.77177177 0.00406901
772.77277277 0.00406890
773.77377377 0.00406879
774.77477477 0.00406868
775.77577578 0.00406857
776.77677678 0.00406847
777.77777778 0.00406837
778.77877878 0.00406827
779.77977978 0.00406817
780.78078078 0.00406808
781.78178178 0.00406798
782.78278278 0.00406789
783.78378378 0.00406781
784.78478478 0.00406772
785.78578579 0.00406764
786.78678679 0.00406755
787.78778779 0.00406747
788.78878879 0.00406740
789.78978979 0.00406732
790.79079079 0.00406724
791.79179179 0.00406717
792.79279279 0.00406710
793.79379379 0.00406703
794.79479479 0.00406696
795.79579580 0.00406690
796.79679680 0.00406683
797.79779780 0.00406677
798.79879880 0.00406671
799.79979980 0.00406665
800.80080080 0.00406659
801.80180180 0.00406653
802.80280280 0.00406647
803.80380380 0.00406642
804.80480480 0.00406636
805.80580581 0.00406631
806.80680681 0.00406626
807.80780781 0.00406621
808.80880881 0.00406616
809.80980981 0.00406611
810.81081081 0.00406607
811.81181181 0.00406602
812.81281281 0.00406598
813.81381381 0.00406593
814.81481481 0.00406589
815.81581582 0.00406585
816.81681682 0.00406581
817.81781782 0.00406577
818.81881882 0.00406573
819.81981982 0.00406569
820.82082082 0.00406566
821.82182182 0.00406562
822.82282282 0.00406559
823.82382382 0.00406555
824.82482482 0.00406552
825.82582583 0.00406549
826.82682683 0.00406545
827.82782783 0.00406542
828.82882883 0.00406539
829.82982983 0.00406536
830.83083083 0.00406533
831.83183183 0.00406531
832.83283283 0.00406528
833.83383383 0.00406525
834.83483483 0.00406523
835.83583584 0.00406520
836.83683684 0.00406517
837.83783784 0.00406515
838.83883884 0.00406513
839.83983984 0.00406510
840.84084084 0.00406508
841.84184184 0.00406506
842.84284284 0.00406504
843.84384384 0.00406501
844.84484484 0.00406499
845.84584585 0.00406497
846.84684685 0.00406495
847.84784785 0.00406493
848.84884885 0.00406492
849.84984985 0.00406490
850.85085085 0.00406488
851.85185185 0.00406486
852.85285285 0.00406485
853.85385385 0.00406483
854.85485485 0.00406481
855.85585586 0.00406480
856.85685686 0.00406478
857.85785786 0.00406477
858.85885886 0.00406475
859.85985986 0.00406474
860.86086086 0.00406472
861.86186186 0.00406471
862.86286286 0.00406470
863.86386386 0.00406468
864.86486486 0.00406467
865.86586587 0.00406466
866.86686687 0.00406464
867.86786787 0.00406463
868.86886887 0.00406462
869.86986987 0.00406461
870.87087087 0.00406460
871.87187187 0.00406459
872.87287287 0.00406458
873.87387387 0.00406457
874.87487487 0.00406456
875.87587588 0.00406455
876.87687688 0.00406454
877.87787788 0.00406453
878.87887888 0.00406452
879.87987988 0.00406451
880.88088088 0.00406450
881.88188188 0.00406449
882.88288288 0.00406449
883.88388388 0.00406448
884.88488488 0.00406447
885.88588589 0.00406446
886.88688689 0.00406445
887.88788789 0.00406445
888.88888889 0.00406444
889.88988989 0.00406443
890.89089089 0.00406443
891.89189189 0.00406442
892.89289289 0.00406441
893.89389389 0.00406441
894.89489489 0.00406440
895.89589590 0.00406439
896.89689690 0.00406439
897.89789790 0.00406438
898.89889890 0.00406438
899.89989990 0.00406437
900.90090090 0.00406437
901.90190190 0.00406436
902.90290290 0.00406436
903.90390390 0.00406435
904.90490490 0.00406435
905.90590591 0.00406434
906.90690691 0.00406434
907.90790791 0.00406433
908.90890891 0.00406433
909.90990991 0.00406432
910.91091091 0.00406432
911.91191191 0.00406432
912.91291291 0.00406431
913.91391391 0.00406431
914.91491491 0.00406430
915.91591592 0.00406430
916.91691692 0.00406430
917.91791792 0.00406429
918.91891892 0.00406429
919.91991992 0.00406429
920.92092092 0.00406428
921.92192192 0.00406428
922.92292292 0.00406428
923.92392392 0.00406427
924.92492492 0.00406427
925.92592593 0.00406427
926.92692693 0.00406426
927.92792793 0.00406426
928.92892893 0.00406426
929.92992993 0.00406426
930.93093093 0.00406425
931.93193193 0.00406425
932.93293293 0.00406425
933.93393393 0.00406425
934.93493493 0.00406424
935.93593594 0.00406424
936.93693694 0.00406424
937.93793794 0.00406424
938.93893894 0.00406424
939.93993994 0.00406423
940.94094094 0.00406423
941.94194194 0.00406423
942.94294294 0.00406423
943.94394394 0.00406423
944.94494494 0.00406422
945.94594595 0.00406422
946.94694695 0.00406422
947.94794795 0.00406422
948.94894895 0.00406422
949.94994995 0.00406422
950.95095095 0.00406421
951.95195195 0.00406421
952.95295295 0.00406421
953.95395395 0.00406421
954.95495495 0.00406421
955.95595596 0.00406421
956.95695696 0.00406421
957.95795796 0.00406420
958.95895896 0.00406420
959.95995996 0.00406420
960.96096096 0.00406420
961.96196196 0.00406420
962.96296296 0.00406420
963.96396396 0.00406420
964.96496496 0.00406420
965.96596597 0.00406419
966.96696697 0.00406419
967.96796797 0.00406419
968.96896897 0.00406419
969.96996997 0.00406419
970.97097097 0.00406419
971.97197197 0.00406419
972.97297297 0.00406419
973.97397397 0.00406419
974.97497497 0.00406419
975.97597598 0.00406419
976.97697698 0.00406418
977.97797798 0.00406418
978.97897898 0.00406418
979.97997998 0.00406418
980.98098098 0.00406418
981.98198198 0.00406418
982.98298298 0.00406418
983.98398398 0.00406418
984.98498498 0.00406418
985.98598599 0.00406418
986.98698699 0.00406418
987.98798799 0.00406418
988.98898899 0.00406418
989.98998999 0.00406418
990.99099099 0.00406417
991.99199199 0.00406417
992.99299299 0.00406417
993.99399399 0.00406417
994.99499499 0.00406417
995.99599600 0.00406417
996.99699700 0.00406417
997.99799800 0.00406417
998.99899900 0.00406417
1000.00000000 0.00406417
