0.00000000 2.99999941
1.00100100 2.52424065
2.00200200 1.95599295
3.00300300 1.49375357
4.00400400 1.12616808
5.00500501 0.83987167
6.00600601 0.62109663
7.00700701 0.45687974
8.00800801 0.33571981
9.00900901 0.24783060
10.01001001 0.18514227
11.01101101 0.14117077
12.01201201 0.11082946
13.01301301 0.09022163
14.01401401 0.07643293
15.01501502 0.06733502
16.01601602 0.06140904
17.01701702 0.05759428
18.01801802 0.05516465
19.01901902 0.05363204
20.02002002 0.05267361
21.02102102 0.05207889
22.02202202 0.05171242
23.02302302 0.05148801
24.02402402 0.05135136
25.02502503 0.05126858
26.02602603 0.05121865
27.02702703 0.05118866
28.02802803 0.05117072
29.02902903 0.05116002
30.03003003 0.05115365
31.03103103 0.05114988
32.03203203 0.05114765
33.03303303 0.05114634
34.03403403 0.05114556
35.03503504 0.05114511
36.03603604 0.05114484
37.03703704 0.05114468
38.03803804 0.05114459
39.03903904 0.05114454
40.04004004 0.05114451
41.04104104 0.05114449
42.04204204 0.05114448
43.04304304 0.05114447
44.04404404 0.05114447
45.04504505 0.05114447
46.04604605 0.05114446
47.04704705 0.05114446
48.04804805 0.05114446
49.04904905 0.05114446
50.05005005 0.05114446
51.05105105 0.05114446
52.05205205 0.05114446
53.05305305 0.05114446
54.05405405 0.05114446
55.05505506 0.05114446
56.05605606 0.05114446
57.05705706 0.05114446
58.05805806 0.05114446
59.05905906 0.05114446
60.06006006 0.05114446
61.06106106 0.05114446
62.06206206 0.05114446
63.06306306 0.05114446
64.06406406 0.05114446
65.06506507 0.05114446
66.06606607 0.05114446
67.06706707 0.05114446
68.06806807 0.05114446
69.06906907 0.05114446
70.07007007 0.05114446
71.07107107 0.05114446
72.07207207 0.05114446
73.07307307 0.05114446
74.07407407 0.05114446
75.07507508 0.05114446
76.07607608 0.05114446
77.07707708 0.05114446
78.07807808 0.05114446
79.07907908 0.05114446
80.08008008 0.05114446
81.08108108 0.05114446
82.08208208 0.05114446
83.08308308 0.05114446
84.08408408 0.05114446
85.08508509 0.05114446
86.08608609 0.05114446
87.08708709 0.05114446
88.08808809 0.05114446
89.08908909 0.05114446
90.09009009 0.05114446
91.09109109 0.05114446
92.09209209 0.05114446
93.09309309 0.05114446
94.09409409 0.05114446
95.09509510 0.05114446
96.09609610 0.05114446
97.09709710 0.05114446
98.09809810 0.05114446
99.09909910 0.05114446
100.10010010 0.05114446
101.10110110 0.05114446
102.10210210 0.05114446
103.10310310 0.05114446
104.10410410 0.05114446
105.10510511 0.05114446
106.10610611 0.05114446
107.10710711 0.05114446
108.10810811 0.05114446
109.10910911 0.05114446
110.11011011 0.05114446
111.11111111 0.05114446
112.11211211 0.05114446
113.11311311 0.05114446
114.11411411 0.05114446
115.11511512 0.05114446
116.11611612 0.05114446
117.11711712 0.05114446
118.11811812 0.05114446
119.11911912 0.05114446
120.12012012 0.05114446
121.12112112 0.05114446
122.12212212 0.05114446
123.12312312 0.05114446
124.12412412 0.05114446
125.12512513 0.05114446
126.12612613 0.05114446
127.12712713 0.05114446
128.12812813 0.05114446
129.12912913 0.05114446
130.13013013 0.05114446
131.13113113 0.05114446
132.13213213 0.05114446
133.13313313 0.05114446
134.13413413 0.05114446
135.13513514 0.05114446
136.13613614 0.05114446
137.13713714 0.05114446
138.13813814 0.05114446
139.13913914 0.05114446
140.14014014 0.05114446
141.14114114 0.05114446
142.14214214 0.05114446
143.14314314 0.05114446
144.14414414 0.05114446
145.14514515 0.05114446
146.14614615 0.05114446
147.14714715 0.05114446
148.14814815 0.05114446
149.14914915 0.05114446
150.15015015 0.05114446
151.15115115 0.05114446
152.15215215 0.05114446
153.15315315 0.05114446
154.15415415 0.05114446
155.15515516 0.05114446
156.15615616 0.05114446
157.15715716 0.05114446
158.15815816 0.05114446
159.15915916 0.05114446
160.16016016 0.05114446
161.16116116 0.05114446
162.16216216 0.05114446
163.16316316 0.05114446
164.16416416 0.05114446
165.16516517 0.05114446
166.16616617 0.05114446
167.16716717 0.05114446
168.16816817 0.05114446
169.16916917 0.05114446
170.17017017 0.05114446
171.17117117 0.05114446
172.17217217 0.05114446
173.17317317 0.05114446
174.17417417 0.05114446
175.17517518 0.05114446
176.17617618 0.05114446
177.17717718 0.05114446
178.17817818 0.05114446
179.17917918 0.05114446
180.18018018 0.05114446
181.18118118 0.05114446
182.18218218 0.05114446
183.18318318 0.05114446
184.18418418 0.05114446
185.18518519 0.05114446
186.18618619 0.05114446
187.18718719 0.05114446
188.18818819 0.05114446
189.18918919 0.05114446
190.19019019 0.05114446
191.19119119 0.05114446
192.19219219 0.05114446
193.19319319 0.05114446
194.19419419 0.05114446
195.19519520 0.05114446
196.19619620 0.05114446
197.19719720 0.05114446
198.19819820 0.05114446
199.19919920 0.05114446
200.20020020 0.05114446
201.20120120 0.05114446
202.20220220 0.05114446
203.20320320 0.05114446
204.20420420 0.05114446
205.20520521 0.05114446
206.20620621 0.05114446
207.20720721 0.05114446
208.20820821 0.05114446
209.20920921 0.05114446
210.21021021 0.05114446
211.21121121 0.05114446
212.21221221 0.05114446
213.21321321 0.05114446
214.21421421 0.05114446
215.21521522 0.05114446
216.21621622 0.05114446
217.21721722 0.05114446
218.21821822 0.05114446
219.21921922 0.05114446
220.22022022 0.05114446
221.22122122 0.05114446
222.22222222 0.05114446
223.22322322 0.05114446
224.22422422 0.05114446
225.22522523 0.05114446
226.22622623 0.05114446
227.22722723 0.05114446
228.22822823 0.05114446
229.22922923 0.05114446
230.23023023 0.05114446
231.23123123 0.05114446
232.23223223 0.05114446
233.23323323 0.05114446
234.23423423 0.05114446
235.23523524 0.05114446
236.23623624 0.05114446
237.23723724 0.05114446
238.23823824 0.05114446
239.23923924 0.05114446
240.24024024 0.05114446
241.24124124 0.05114446
242.24224224 0.05114446
243.24324324 0.05114446
244.24424424 0.05114446
245.24524525 0.05114446
246.24624625 0.05114446
247.24724725 0.05114446
248.24824825 0.05114446
249.24924925 0.05114446
250.25025025 0.05114446
251.25125125 0.05114446
252.25225225 0.05114446
253.25325325 0.05114446
254.25425425 0.05114446
255.25525526 0.05114446
256.25625626 0.05114446
257.25725726 0.05114446
258.25825826 0.05114446
259.25925926 0.05114446
260.26026026 0.05114446
261.26126126 0.05114446
262.26226226 0.05114446
263.26326326 0.05114446
264.26426426 0.05114446
265.26526527 0.05114446
266.26626627 0.05114446
267.26726727 0.05114446
268.26826827 0.05114446
269.26926927 0.05114446
270.27027027 0.05114446
271.27127127 0.05114446
272.27227227 0.05114446
273.27327327 0.05114446
274.27427427 0.05114446
275.27527528 0.05114446
276.27627628 0.05114446
277.27727728 0.05114446
278.27827828 0.05114446
279.27927928 0.05114446
280.28028028 0.05114446
281.28128128 0.05114446
282.28228228 0.05114446
283.28328328 0.05114446
284.28428428 0.05114446
285.28528529 0.05114446
286.28628629 0.05114446
287.28728729 0.05114446
288.28828829 0.05114446
289.28928929 0.05114446
290.29029029 0.05114446
291.29129129 0.05114446
292.29229229 0.05114446
293.29329329 0.05114446
294.29429429 0.05114446
295.29529530 0.05114446
296.29629630 0.05114446
297.29729730 0.05114446
298.29829830 0.05114446
299.29929930 0.05114446
300.30030030 0.05114446
301.30130130 0.05114446
302.30230230 0.05114446
303.30330330 0.05114446
304.30430430 0.05114446
305.30530531 0.05114446
306.30630631 0.05114446
307.30730731 0.05114446
308.30830831 0.05114446
309.30930931 0.05114446
310.31031031 0.05114446
311.31131131 0.05114446
312.31231231 0.05114446
313.31331331 0.05114446
314.31431431 0.05114446
315.31531532 0.05114446
316.31631632 0.05114446
317.31731732 0.05114446
318.31831832 0.05114446
319.31931932 0.05114446
320.32032032 0.05114446
321.32132132 0.05114446
322.32232232 0.05114446
323.32332332 0.05114446
324.32432432 0.05114446
325.32532533 0.05114446
326.32632633 0.05114446
327.32732733 0.05114446
328.32832833 0.05114446
329.32932933 0.05114446
330.33033033 0.05114446
331.33133133 0.05114446
332.33233233 0.05114446
333.33333333 0.05114446
334.33433433 0.05114446
335.33533534 0.05114446
336.33633634 0.05114446
337.33733734 0.05114446
338.33833834 0.05114446
339.33933934 0.05114446
340.34034034 0.05114446
341.34134134 0.05114446
342.34234234 0.05114446
343.34334334 0.05114446
344.34434434 0.05114446
345.34534535 0.05114446
346.34634635 0.05114446
347.34734735 0.05114446
348.34834835 0.05114446
349.34934935 0.05114446
350.35035035 0.05114446
351.35135135 0.05114446
352.35235235 0.05114446
353.35335335 0.05114446
354.35435435 0.05114446
355.35535536 0.05114446
356.35635636 0.05114446
357.35735736 0.05114446
358.35835836 0.05114446
359.35935936 0.05114446
360.36036036 0.05114446
361.36136136 0.05114446
362.36236236 0.05114446
363.36336336 0.05114446
364.36436436 0.05114446
365.36536537 0.05114446
366.36636637 0.05114446
367.36736737 0.05114446
368.36836837 0.05114446
369.36936937 0.05114446
370.37037037 0.05114446
371.37137137 0.05114446
372.37237237 0.05114446
373.37337337 0.05114446
374.37437437 0.05114446
375.37537538 0.05114446
376.37637638 0.05114446
377.37737738 0.05114446
378.37837838 0.05114446
379.37937938 0.05114446
380.38038038 0.05114446
381.38138138 0.05114446
382.38238238 0.05114446
383.38338338 0.05114446
384.38438438 0.05114446
385.38538539 0.05114446
386.38638639 0.05114446
387.38738739 0.05114446
388.38838839 0.05114446
389.38938939 0.05114446
390.39039039 0.05114446
391.39139139 0.05114446
392.39239239 0.05114446
393.39339339 0.05114446
394.39439439 0.05114446
395.39539540 0.05114446
396.39639640 0.05114446
397.39739740 0.05114446
398.39839840 0.05114446
399.39939940 0.05114446
400.40040040 0.05114446
401.40140140 0.05114446
402.40240240 0.05114446
403.40340340 0.05114446
404.40440440 0.05114446
405.40540541 0.05114446
406.40640641 0.05114446
407.40740741 0.05114446
408.40840841 0.05114446
409.40940941 0.05114446
410.41041041 0.05114446
411.41141141 0.05114446
412.41241241 0.05114446
413.41341341 0.05114446
414.41441441 0.05114446
415.41541542 0.05114446
416.41641642 0.05114446
417.41741742 0.05114446
418.41841842 0.05114446
419.41941942 0.05114446
420.42042042 0.05114446
421.42142142 0.05114446
422.42242242 0.05114446
423.42342342 0.05114446
424.42442442 0.05114446
425.42542543 0.05114446
426.42642643 0.05114446
427.42742743 0.05114446
428.42842843 0.05114446
429.42942943 0.05114446
430.43043043 0.05114446
431.43143143 0.05114446
432.43243243 0.05114446
433.43343343 0.05114446
434.43443443 0.05114446
435.43543544 0.05114446
436.43643644 0.05114446
437.43743744 0.05114446
438.43843844 0.05114446
439.43943944 0.05114446
440.44044044 0.05114446
441.44144144 0.05114446
442.44244244 0.05114446
443.44344344 0.05114446
444.44444444 0.05114446
445.44544545 0.05114446
446.44644645 0.05114446
447.44744745 0.05114446
448.44844845 0.05114446
449.44944945 0.05114446
450.45045045 0.05114446
451.45145145 0.05114446
452.45245245 0.05114446
453.45345345 0.05114446
454.45445445 0.05114446
455.45545546 0.05114446
456.45645646 0.05114446
457.45745746 0.05114446
458.45845846 0.05114446
459.45945946 0.05114446
460.46046046 0.05114446
461.46146146 0.05114446
462.46246246 0.05114446
463.46346346 0.05114446
464.46446446 0.05114446
465.46546547 0.05114446
466.46646647 0.05114446
467.46746747 0.05114446
468.46846847 0.05114446
469.46946947 0.05114446
470.47047047 0.05114446
471.47147147 0.05114446
472.47247247 0.05114446
473.47347347 0.05114446
474.47447447 0.05114446
475.47547548 0.05114446
476.47647648 0.05114446
477.47747748 0.05114446
478.47847848 0.05114446
479.47947948 0.05114446
480.48048048 0.05114446
481.48148148 0.05114446
482.48248248 0.05114446
483.48348348 0.05114446
484.48448448 0.05114446
485.48548549 0.05114446
486.48648649 0.05114446
487.48748749 0.05114446
488.48848849 0.05114446
489.48948949 0.05114446
490.49049049 0.05114446
491.49149149 0.05114446
492.49249249 0.05114446
493.49349349 0.05114446
494.49449449 0.05114446
495.49549550 0.05114446
496.49649650 0.05114446
497.49749750 0.05114446
498.49849850 0.05114446
499.49949950 0.05114446
500.50050050 0.05114446
501.50150150 0.05114446
502.50250250 0.05114446
503.50350350 0.05114446
504.50450450 0.05114446
505.50550551 0.05114446
506.50650651 0.05114446
507.50750751 0.05114446
508.50850851 0.05114446
509.50950951 0.05114446
510.51051051 0.05114446
511.51151151 0.05114446
512.51251251 0.05114446
513.51351351 0.05114446
514.51451451 0.05114446
515.51551552 0.05114446
516.51651652 0.05114446
517.51751752 0.05114446
518.51851852 0.05114446
519.51951952 0.05114446
520.52052052 0.05114446
521.52152152 0.05114446
522.52252252 0.05114446
523.52352352 0.05114446
524.52452452 0.05114446
525.52552553 0.05114446
526.52652653 0.05114446
527.52752753 0.05114446
528.52852853 0.05114446
529.52952953 0.05114446
530.53053053 0.05114446
531.53153153 0.05114446
532.53253253 0.05114446
533.53353353 0.05114446
534.53453453 0.05114446
535.53553554 0.05114446
536.53653654 0.05114446
537.53753754 0.05114446
538.53853854 0.05114446
539.53953954 0.05114446
540.54054054 0.05114446
541.54154154 0.05114446
542.54254254 0.05114446
543.54354354 0.05114446
544.54454454 0.05114446
545.54554555 0.05114446
546.54654655 0.05114446
547.54754755 0.05114446
548.54854855 0.05114446
549.54954955 0.05114446
550.55055055 0.05114446
551.55155155 0.05114446
552.55255255 0.05114446
553.55355355 0.05114446
554.55455455 0.05114446
555.55555556 0.05114446
556.55655656 0.05114446
557.55755756 0.05114446
558.55855856 0.05114446
559.55955956 0.05114446
560.56056056 0.05114446
561.56156156 0.05114446
562.56256256 0.05114446
563.56356356 0.05114446
564.56456456 0.05114446
565.56556557 0.05114446
566.56656657 0.05114446
567.56756757 0.05114446
568.56856857 0.05114446
569.56956957 0.05114446
570.57057057 0.05114446
571.57157157 0.05114446
572.57257257 0.05114446
573.57357357 0.05114446
574.57457457 0.05114446
575.57557558 0.05114446
576.57657658 0.05114446
577.57757758 0.05114446
578.57857858 0.05114446
579.57957958 0.05114446
580.58058058 0.05114446
581.58158158 0.05114446
582.58258258 0.05114446
583.58358358 0.05114446
584.58458458 0.05114446
585.58558559 0.05114446
586.58658659 0.05114446
587.58758759 0.05114446
588.58858859 0.05114446
589.58958959 0.05114446
590.59059059 0.05114446
591.59159159 0.05114446
592.59259259 0.05114446
593.59359359 0.05114446
594.59459459 0.05114446
595.59559560 0.05114446
596.59659660 0.05114446
597.59759760 0.05114446
598.59859860 0.05114446
599.59959960 0.05114446
600.60060060 0.05114446
601.60160160 0.05114446
602.60260260 0.05114446
603.60360360 0.05114446
604.60460460 0.05114446
605.60560561 0.05114446
606.60660661 0.05114446
607.60760761 0.05114446
608.60860861 0.05114446
609.60960961 0.05114446
610.61061061 0.05114446
611.61161161 0.05114446
612.61261261 0.05114446
613.61361361 0.05114446
614.61461461 0.05114446
615.61561562 0.05114446
616.61661662 0.05114446
617.61761762 0.05114446
618.61861862 0.05114446
619.61961962 0.05114446
620.62062062 0.05114446
621.62162162 0.05114446
622.62262262 0.05114446
623.62362362 0.05114446
624.62462462 0.05114446
625.62562563 0.05114446
626.62662663 0.05114446
627.62762763 0.05114446
628.62862863 0.05114446
629.62962963 0.05114446
630.63063063 0.05114446
631.63163163 0.05114446
632.63263263 0.05114446
633.63363363 0.05114446
634.63463463 0.05114446
635.63563564 0.05114446
636.63663664 0.05114446
637.63763764 0.05114446
638.63863864 0.05114446
639.63963964 0.05114446
640.64064064 0.05114446
641.64164164 0.05114446
642.64264264 0.05114446
643.64364364 0.05114446
644.64464464 0.05114446
645.64564565 0.05114446
646.64664665 0.05114446
647.64764765 0.05114446
648.64864865 0.05114446
649.64964965 0.05114446
650.65065065 0.05114446
651.65165165 0.05114446
652.65265265 0.05114446
653.65365365 0.05114446
654.65465465 0.05114446
655.65565566 0.05114446
656.65665666 0.05114446
657.65765766 0.05114446
658.65865866 0.05114446
659.65965966 0.05114446
660.66066066 0.05114446
661.66166166 0.05114446
662.66266266 0.05114446
663.66366366 0.05114446
664.66466466 0.05114446
665.66566567 0.05114446
666.66666667 0.05114446
667.66766767 0.05114446
668.66866867 0.05114446
669.66966967 0.05114446
670.67067067 0.05114446
671.67167167 0.05114446
672.67267267 0.05114446
673.67367367 0.05114446
674.67467467 0.05114446
675.67567568 0.05114446
676.67667668 0.05114446
677.67767768 0.05114446
678.67867868 0.05114446
679.67967968 0.05114446
680.68068068 0.05114446
681.68168168 0.05114446
682.68268268 0.05114446
683.68368368 0.05114446
684.68468468 0.05114446
685.68568569 0.05114446
686.68668669 0.05114446
687.68768769 0.05114446
688.68868869 0.05114446
689.68968969 0.05114446
690.69069069 0.05114446
691.69169169 0.05114446
692.69269269 0.05114446
693.69369369 0.05114446
694.69469469 0.05114446
695.69569570 0.05114446
696.69669670 0.05114446
697.69769770 0.05114446
698.69869870 0.05114446
699.69969970 0.05114446
700.70070070 0.05114446
701.70170170 0.05114446
702.70270270 0.05114446
703.70370370 0.05114446
704.70470470 0.05114446
705.70570571 0.05114446
706.70670671 0.05114446
707.70770771 0.05114446
708.70870871 0.05114446
709.70970971 0.05114446
710.71071071 0.05114446
711.71171171 0.05114446
712.71271271 0.05114446
713.71371371 0.05114446
714.71471471 0.05114446
715.71571572 0.05114446
716.71671672 0.05114446
717.71771772 0.05114446
718.71871872 0.05114446
719.71971972 0.05114446
720.72072072 0.05114446
721.72172172 0.05114446
722.72272272 0.05114446
723.72372372 0.05114446
724.72472472 0.05114446
725.72572573 0.05114446
726.72672673 0.05114446
727.72772773 0.05114446
728.72872873 0.05114446
729.72972973 0.05114446
730.73073073 0.05114446
731.73173173 0.05114446
732.73273273 0.05114446
733.73373373 0.05114446
734.73473473 0.05114446
735.73573574 0.05114446
736.73673674 0.05114446
737.73773774 0.05114446
738.73873874 0.05114446
739.73973974 0.05114446
740.74074074 0.05114446
741.74174174 0.05114446
742.74274274 0.05114446
743.74374374 0.05114446
744.74474474 0.05114446
745.74574575 0.05114446
746.74674675 0.05114446
747.74774775 0.05114446
748.74874875 0.05114446
749.74974975 0.05114446
750.75075075 0.05114446
751.75175175 0.05114446
752.75275275 0.05114446
753.75375375 0.05114446
754.75475475 0.05114446
755.75575576 0.05114446
756.75675676 0.05114446
757.75775776 0.05114446
758.75875876 0.05114446
759.75975976 0.05114446
760.76076076 0.05114446
761.76176176 0.05114446
762.76276276 0.05114446
763.76376376 0.05114446
764.76476476 0.05114446
765.76576577 0.05114446
766.76676677 0.05114446
767.76776777 0.05114446
768.76876877 0.05114446
769.76976977 0.05114446
770.77077077 0.05114446
771.77177177 0.05114446
772.77277277 0.05114446
773.77377377 0.05114446
774.77477477 0.05114446
775.77577578 0.05114446
776.77677678 0.05114446
777.77777778 0.05114446
778.77877878 0.05114446
779.77977978 0.05114446
780.78078078 0.05114446
781.78178178 0.05114446
782.78278278 0.05114446
783.78378378 0.05114446
784.78478478 0.05114446
785.78578579 0.05114446
786.78678679 0.05114446
787.78778779 0.05114446
788.78878879 0.05114446
789.78978979 0.05114446
790.79079079 0.05114446
791.79179179 0.05114446
792.79279279 0.05114446
793.79379379 0.05114446
794.79479479 0.05114446
795.79579580 0.05114446
796.79679680 0.05114446
797.79779780 0.05114446
798.79879880 0.05114446
799.79979980 0.05114446
800.80080080 0.05114446
801.80180180 0.05114446
802.80280280 0.05114446
803.80380380 0.05114446
804.80480480 0.05114446
805.80580581 0.05114446
806.80680681 0.05114446
807.80780781 0.05114446
808.80880881 0.05114446
809.80980981 0.05114446
810.81081081 0.05114446
811.81181181 0.05114446
812.81281281 0.05114446
813.81381381 0.05114446
814.81481481 0.05114446
815.81581582 0.05114446
816.81681682 0.05114446
817.81781782 0.05114446
818.81881882 0.05114446
819.81981982 0.05114446
820.82082082 0.05114446
821.82182182 0.05114446
822.82282282 0.05114446
823.82382382 0.05114446
824.82482482 0.05114446
825.82582583 0.05114446
826.82682683 0.05114446
827.82782783 0.05114446
828.82882883 0.05114446
829.82982983 0.05114446
830.83083083 0.05114446
831.83183183 0.05114446
832.83283283 0.05114446
833.83383383 0.05114446
834.83483483 0.05114446
835.83583584 0.05114446
836.83683684 0.05114446
837.83783784 0.05114446
838.83883884 0.05114446
839.83983984 0.05114446
840.84084084 0.05114446
841.84184184 0.05114446
842.84284284 0.05114446
843.84384384 0.05114446
844.84484484 0.05114446
845.84584585 0.05114446
846.84684685 0.05114446
847.84784785 0.05114446
848.84884885 0.05114446
849.84984985 0.05114446
850.85085085 0.05114446
851.85185185 0.05114446
852.85285285 0.05114446
853.85385385 0.05114446
854.85485485 0.05114446
855.85585586 0.05114446
856.85685686 0.05114446
857.85785786 0.05114446
858.85885886 0.05114446
859.85985986 0.05114446
860.86086086 0.05114446
861.86186186 0.05114446
862.86286286 0.05114446
863.86386386 0.05114446
864.86486486 0.05114446
865.86586587 0.05114446
866.86686687 0.05114446
867.86786787 0.05114446
868.86886887 0.05114446
869.86986987 0.05114446
870.87087087 0.05114446
871.87187187 0.05114446
872.87287287 0.05114446
873.87387387 0.05114446
874.87487487 0.05114446
875.87587588 0.05114446
876.87687688 0.05114446
877.87787788 0.05114446
878.87887888 0.05114446
879.87987988 0.05114446
880.88088088 0.05114446
881.88188188 0.05114446
882.88288288 0.05114446
883.88388388 0.05114446
884.88488488 0.05114446
885.88588589 0.05114446
886.88688689 0.05114446
887.88788789 0.05114446
888.88888889 0.05114446
889.88988989 0.05114446
890.89089089 0.05114446
891.89189189 0.05114446
892.89289289 0.05114446
893.89389389 0.05114446
894.89489489 0.05114446
895.89589590 0.05114446
896.89689690 0.05114446
897.89789790 0.05114446
898.89889890 0.05114446
899.89989990 0.05114446
900.90090090 0.05114446
901.90190190 0.05114446
902.90290290 0.05114446
903.90390390 0.05114446
904.90490490 0.05114446
905.90590591 0.05114446
906.90690691 0.05114446
907.90790791 0.05114446
908.90890891 0.05114446
909.90990991 0.05114446
910.91091091 0.05114446
911.91191191 0.05114446
912.91291291 0.05114446
913.91391391 0.05114446
914.91491491 0.05114446
915.91591592 0.05114446
916.91691692 0.05114446
917.91791792 0.05114446
918.91891892 0.05114446
919.91991992 0.05114446
920.92092092 0.05114446
921.92192192 0.05114446
922.92292292 0.05114446
923.92392392 0.05114446
924.92492492 0.05114446
925.92592593 0.05114446
926.92692693 0.05114446
927.92792793 0.05114446
928.92892893 0.05114446
929.92992993 0.05114446
930.93093093 0.05114446
931.93193193 0.05114446
932.93293293 0.05114446
933.93393393 0.05114446
934.93493493 0.05114446
935.93593594 0.05114446
936.93693694 0.05114446
937.93793794 0.05114446
938.93893894 0.05114446
939.93993994 0.05114446
940.94094094 0.05114446
941.94194194 0.05114446
942.94294294 0.05114446
943.94394394 0.05114446
944.94494494 0.05114446
945.94594595 0.05114446
946.94694695 0.05114446
947.94794795 0.05114446
948.94894895 0.05114446
949.94994995 0.05114446
950.95095095 0.05114446
951.95195195 0.05114446
952.95295295 0.05114446
953.95395395 0.05114446
954.95495495 0.05114446
955.95595596 0.05114446
956.95695696 0.05114446
957.95795796 0.05114446
958.95895896 0.05114446
959.95995996 0.05114446
960.96096096 0.05114446
961.96196196 0.05114446
962.96296296 0.05114446
963.96396396 0.05114446
964.96496496 0.05114446
965.96596597 0.05114446
966.96696697 0.05114446
967.96796797 0.05114446
968.96896897 0.05114446
969.96996997 0.05114446
970.97097097 0.05114446
971.97197197 0.05114446
972.97297297 0.05114446
973.97397397 0.05114446
974.97497497 0.05114446
975.97597598 0.05114446
976.97697698 0.05114446
977.97797798 0.05114446
978.97897898 0.05114446
979.97997998 0.05114446
980.98098098 0.05114446
981.98198198 0.05114446
982.98298298 0.05114446
983.98398398 0.05114446
984.98498498 0.05114446
985.98598599 0.05114446
986.98698699 0.05114446
987.98798799 0.05114446
988.98898899 0.05114446
989.98998999 0.05114446
990.99099099 0.05114446
991.99199199 0.05114446
992.99299299 0.05114446
993.99399399 0.05114446
994.99499499 0.05114446
995.99599600 0.05114446
996.99699700 0.05114446
997.99799800 0.05114446
998.99899900 0.05114446
1000.00000000 0.05114446
