0.00000000 2.99999941
1.00100100 2.98955763
2.00200200 2.96536893
3.00300300 2.94004135
4.00400400 2.91488257
5.00500501 2.88993590
6.00600601 2.86519968
7.00700701 2.84067205
8.00800801 2.81635123
9.00900901 2.79223547
10.01001001 2.76832303
11.01101101 2.74461222
12.01201201 2.72110136
13.01301301 2.69778877
14.01401401 2.67467282
15.01501502 2.65175189
16.01601602 2.62902436
17.01701702 2.60648865
18.01801802 2.58414319
19.01901902 2.56198641
20.02002002 2.54001678
21.02102102 2.51823276
22.02202202 2.49663285
23.02302302 2.47521554
24.02402402 2.45397934
25.02502503 2.43292278
26.02602603 2.41204439
27.02702703 2.39134273
28.02802803 2.37081635
29.02902903 2.35046383
30.03003003 2.33028376
31.03103103 2.31027472
32.03203203 2.29043533
33.03303303 2.27076420
34.03403403 2.25125997
35.03503504 2.23192127
36.03603604 2.21274676
37.03703704 2.19373509
38.03803804 2.17488494
39.03903904 2.15619498
40.04004004 2.13766391
41.04104104 2.11929044
42.04204204 2.10107326
43.04304304 2.08301111
44.04404404 2.06510271
45.04504505 2.04734681
46.04604605 2.02974215
47.04704705 2.01228750
48.04804805 1.99498163
49.04904905 1.97782331
50.05005005 1.96081133
51.05105105 1.94394449
52.05205205 1.92722160
53.05305305 1.91064147
54.05405405 1.89420293
55.05505506 1.87790482
56.05605606 1.86174596
57.05705706 1.84572523
58.05805806 1.82984147
59.05905906 1.81409355
60.06006006 1.79848036
61.06106106 1.78300078
62.06206206 1.76765371
63.06306306 1.75243804
64.06406406 1.73735270
65.06506507 1.72239660
66.06606607 1.70756867
67.06706707 1.69286784
68.06806807 1.67829307
69.06906907 1.66384331
70.07007007 1.64951752
71.07107107 1.63531467
72.07207207 1.62123373
73.07307307 1.60727369
74.07407407 1.59343355
75.07507508 1.57971231
76.07607608 1.56610898
77.07707708 1.55262256
78.07807808 1.53925210
79.07907908 1.52599662
80.08008008 1.51285516
81.08108108 1.49982676
82.08208208 1.48691049
83.08308308 1.47410541
84.08408408 1.46141058
85.08508509 1.44882508
86.08608609 1.43634801
87.08708709 1.42397844
88.08808809 1.41171547
89.08908909 1.39955823
90.09009009 1.38750580
91.09109109 1.37555733
92.09209209 1.36371193
93.09309309 1.35196874
94.09409409 1.34032689
95.09509510 1.32878555
96.09609610 1.31734385
97.09709710 1.30600097
98.09809810 1.29475606
99.09909910 1.28360831
100.10010010 1.27255690
101.10110110 1.26160101
102.10210210 1.25073984
103.10310310 1.23997259
104.10410410 1.22929847
105.10510511 1.21871668
106.10610611 1.20822646
107.10710711 1.19782702
108.10810811 1.18751759
109.10910911 1.17729743
110.11011011 1.16716576
111.11111111 1.15712185
112.11211211 1.14716494
113.11311311 1.13729431
114.11411411 1.12750922
115.11511512 1.11780894
116.11611612 1.10819276
117.11711712 1.09865996
118.11811812 1.08920984
119.11911912 1.07984168
120.12012012 1.07055481
121.12112112 1.06134852
122.12212212 1.05222212
123.12312312 1.04317495
124.12412412 1.03420633
125.12512513 1.02531559
126.12612613 1.01650206
127.12712713 1.00776509
128.12812813 0.99910402
129.12912913 0.99051821
130.13013013 0.98200703
131.13113113 0.97356982
132.13213213 0.96520596
133.13313313 0.95691483
134.13413413 0.94869580
135.13513514 0.94054826
136.13613614 0.93247159
137.13713714 0.92446520
138.13813814 0.91652848
139.13913914 0.90866083
140.14014014 0.90086167
141.14114114 0.89313041
142.14214214 0.88546647
143.14314314 0.87786927
144.14414414 0.87033824
145.14514515 0.86287281
146.14614615 0.85547242
147.14714715 0.84813652
148.14814815 0.84086455
149.14914915 0.83365597
150.15015015 0.82651022
151.15115115 0.81942678
152.15215215 0.81240510
153.15315315 0.80544465
154.15415415 0.79854492
155.15515516 0.79170538
156.15615616 0.78492550
157.15715716 0.77820479
158.15815816 0.77154272
159.15915916 0.76493881
160.16016016 0.75839253
161.16116116 0.75190341
162.16216216 0.74547095
163.16316316 0.73909466
164.16416416 0.73277405
165.16516517 0.72650865
166.16616617 0.72029799
167.16716717 0.71414158
168.16816817 0.70803897
169.16916917 0.70198969
170.17017017 0.69599328
171.17117117 0.69004928
172.17217217 0.68415724
173.17317317 0.67831672
174.17417417 0.67252726
175.17517518 0.66678843
176.17617618 0.66109980
177.17717718 0.65546092
178.17817818 0.64987137
179.17917918 0.64433072
180.18018018 0.63883855
181.18118118 0.63339444
182.18218218 0.62799797
183.18318318 0.62264874
184.18418418 0.61734633
185.18518519 0.61209034
186.18618619 0.60688037
187.18718719 0.60171601
188.18818819 0.59659689
189.18918919 0.59152259
190.19019019 0.58649274
191.19119119 0.58150695
192.19219219 0.57656484
193.19319319 0.57166602
194.19419419 0.56681013
195.19519520 0.56199680
196.19619620 0.55722564
197.19719720 0.55249631
198.19819820 0.54780843
199.19919920 0.54316164
200.20020020 0.53855560
201.20120120 0.53398994
202.20220220 0.52946431
203.20320320 0.52497838
204.20420420 0.52053178
205.20520521 0.51612419
206.20620621 0.51175526
207.20720721 0.50742465
208.20820821 0.50313204
209.20920921 0.49887709
210.21021021 0.49465948
211.21121121 0.49047888
212.21221221 0.48633498
213.21321321 0.48222744
214.21421421 0.47815595
215.21521522 0.47412021
216.21621622 0.47011990
217.21721722 0.46615471
218.21821822 0.46222433
219.21921922 0.45832847
220.22022022 0.45446682
221.22122122 0.45063909
222.22222222 0.44684498
223.22322322 0.44308419
224.22422422 0.43935644
225.22522523 0.43566144
226.22622623 0.43199890
227.22722723 0.42836854
228.22822823 0.42477008
229.22922923 0.42120325
230.23023023 0.41766776
231.23123123 0.41416334
232.23223223 0.41068972
233.23323323 0.40724664
234.23423423 0.40383383
235.23523524 0.40045102
236.23623624 0.39709795
237.23723724 0.39377436
238.23823824 0.39047999
239.23923924 0.38721460
240.24024024 0.38397792
241.24124124 0.38076971
242.24224224 0.37758971
243.24324324 0.37443769
244.24424424 0.37131339
245.24524525 0.36821658
246.24624625 0.36514701
247.24724725 0.36210445
248.24824825 0.35908865
249.24924925 0.35609940
250.25025025 0.35313644
251.25125125 0.35019957
252.25225225 0.34728853
253.25325325 0.34440312
254.25425425 0.34154311
255.25525526 0.33870827
256.25625626 0.33589838
257.25725726 0.33311323
258.25825826 0.33035260
259.25925926 0.32761627
260.26026026 0.32490404
261.26126126 0.32221568
262.26226226 0.31955100
263.26326326 0.31690979
264.26426426 0.31429183
265.26526527 0.31169693
266.26626627 0.30912489
267.26726727 0.30657549
268.26826827 0.30404856
269.26926927 0.30154388
270.27027027 0.29906127
271.27127127 0.29660053
272.27227227 0.29416147
273.27327327 0.29174389
274.27427427 0.28934762
275.27527528 0.28697246
276.27627628 0.28461823
277.27727728 0.28228475
278.27827828 0.27997183
279.27927928 0.27767929
280.28028028 0.27540696
281.28128128 0.27315466
282.28228228 0.27092221
283.28328328 0.26870943
284.28428428 0.26651617
285.28528529 0.26434223
286.28628629 0.26218746
287.28728729 0.26005169
288.28828829 0.25793475
289.28928929 0.25583647
290.29029029 0.25375669
291.29129129 0.25169525
292.29229229 0.24965199
293.29329329 0.24762675
294.29429429 0.24561936
295.29529530 0.24362968
296.29629630 0.24165755
297.29729730 0.23970281
298.29829830 0.23776531
299.29929930 0.23584490
300.30030030 0.23394143
301.30130130 0.23205475
302.30230230 0.23018472
303.30330330 0.22833118
304.30430430 0.22649399
305.30530531 0.22467301
306.30630631 0.22286810
307.30730731 0.22107911
308.30830831 0.21930590
309.30930931 0.21754834
310.31031031 0.21580629
311.31131131 0.21407962
312.31231231 0.21236818
313.31331331 0.21067184
314.31431431 0.20899047
315.31531532 0.20732394
316.31631632 0.20567212
317.31731732 0.20403488
318.31831832 0.20241209
319.31931932 0.20080362
320.32032032 0.19920935
321.32132132 0.19762916
322.32232232 0.19606291
323.32332332 0.19451049
324.32432432 0.19297177
325.32532533 0.19144664
326.32632633 0.18993497
327.32732733 0.18843665
328.32832833 0.18695156
329.32932933 0.18547958
330.33033033 0.18402059
331.33133133 0.18257449
332.33233233 0.18114116
333.33333333 0.17972048
334.33433433 0.17831235
335.33533534 0.17691666
336.33633634 0.17553329
337.33733734 0.17416214
338.33833834 0.17280309
339.33933934 0.17145605
340.34034034 0.17012091
341.34134134 0.16879756
342.34234234 0.16748589
343.34334334 0.16618582
344.34434434 0.16489722
345.34534535 0.16362001
346.34634635 0.16235408
347.34734735 0.16109933
348.34834835 0.15985567
349.34934935 0.15862300
350.35035035 0.15740121
351.35135135 0.15619022
352.35235235 0.15498992
353.35335335 0.15380023
354.35435435 0.15262106
355.35535536 0.15145230
356.35635636 0.15029386
357.35735736 0.14914567
358.35835836 0.14800761
359.35935936 0.14687962
360.36036036 0.14576159
361.36136136 0.14465344
362.36236236 0.14355508
363.36336336 0.14246643
364.36436436 0.14138740
365.36536537 0.14031791
366.36636637 0.13925786
367.36736737 0.13820719
368.36836837 0.13716580
369.36936937 0.13613362
370.37037037 0.13511055
371.37137137 0.13409653
372.37237237 0.13309148
373.37337337 0.13209530
374.37437437 0.13110793
375.37537538 0.13012929
376.37637638 0.12915930
377.37737738 0.12819789
378.37837838 0.12724497
379.37937938 0.12630047
380.38038038 0.12536433
381.38138138 0.12443646
382.38238238 0.12351679
383.38338338 0.12260525
384.38438438 0.12170178
385.38538539 0.12080629
386.38638639 0.11991871
387.38738739 0.11903899
388.38838839 0.11816704
389.38938939 0.11730280
390.39039039 0.11644620
391.39139139 0.11559718
392.39239239 0.11475566
393.39339339 0.11392158
394.39439439 0.11309488
395.39539540 0.11227549
396.39639640 0.11146334
397.39739740 0.11065838
398.39839840 0.10986053
399.39939940 0.10906974
400.40040040 0.10828594
401.40140140 0.10750907
402.40240240 0.10673908
403.40340340 0.10597589
404.40440440 0.10521945
405.40540541 0.10446970
406.40640641 0.10372658
407.40740741 0.10299004
408.40840841 0.10226001
409.40940941 0.10153643
410.41041041 0.10081926
411.41141141 0.10010842
412.41241241 0.09940388
413.41341341 0.09870556
414.41441441 0.09801343
415.41541542 0.09732741
416.41641642 0.09664746
417.41741742 0.09597353
418.41841842 0.09530556
419.41941942 0.09464349
420.42042042 0.09398729
421.42142142 0.09333688
422.42242242 0.09269223
423.42342342 0.09205329
424.42442442 0.09141999
425.42542543 0.09079230
426.42642643 0.09017016
427.42742743 0.08955352
428.42842843 0.08894234
429.42942943 0.08833657
430.43043043 0.08773615
431.43143143 0.08714105
432.43243243 0.08655121
433.43343343 0.08596659
434.43443443 0.08538714
435.43543544 0.08481282
436.43643644 0.08424358
437.43743744 0.08367938
438.43843844 0.08312016
439.43943944 0.08256590
440.44044044 0.08201654
441.44144144 0.08147204
442.44244244 0.08093236
443.44344344 0.08039745
444.44444444 0.07986728
445.44544545 0.07934179
446.44644645 0.07882096
447.44744745 0.07830473
448.44844845 0.07779308
449.44944945 0.07728595
450.45045045 0.07678331
451.45145145 0.07628511
452.45245245 0.07579132
453.45345345 0.07530191
454.45445445 0.07481682
455.45545546 0.07433603
456.45645646 0.07385949
457.45745746 0.07338717
458.45845846 0.07291903
459.45945946 0.07245503
460.46046046 0.07199514
461.46146146 0.07153931
462.46246246 0.07108752
463.46346346 0.07063973
464.46446446 0.07019590
465.46546547 0.06975600
466.46646647 0.06932000
467.46746747 0.06888785
468.46846847 0.06845952
469.46946947 0.06803499
470.47047047 0.06761422
471.47147147 0.06719716
472.47247247 0.06678380
473.47347347 0.06637410
474.47447447 0.06596803
475.47547548 0.06556554
476.47647648 0.06516662
477.47747748 0.06477123
478.47847848 0.06437934
479.47947948 0.06399092
480.48048048 0.06360594
481.48148148 0.06322437
482.48248248 0.06284617
483.48348348 0.06247132
484.48448448 0.06209978
485.48548549 0.06173154
486.48648649 0.06136656
487.48748749 0.06100480
488.48848849 0.06064625
489.48948949 0.06029087
490.49049049 0.05993864
491.49149149 0.05958952
492.49249249 0.05924350
493.49349349 0.05890054
494.49449449 0.05856061
495.49549550 0.05822370
496.49649650 0.05788976
497.49749750 0.05755879
498.49849850 0.05723074
499.49949950 0.05690559
500.50050050 0.05658333
501.50150150 0.05626391
502.50250250 0.05594733
503.50350350 0.05563355
504.50450450 0.05532254
505.50550551 0.05501429
506.50650651 0.05470876
507.50750751 0.05440595
508.50850851 0.05410581
509.50950951 0.05380833
510.51051051 0.05351348
511.51151151 0.05322124
512.51251251 0.05293159
513.51351351 0.05264451
514.51451451 0.05235996
515.51551552 0.05207794
516.51651652 0.05179841
517.51751752 0.05152136
518.51851852 0.05124676
519.51951952 0.05097459
520.52052052 0.05070483
521.52152152 0.05043746
522.52252252 0.05017245
523.52352352 0.04990980
524.52452452 0.04964946
525.52552553 0.04939143
526.52652653 0.04913569
527.52752753 0.04888221
528.52852853 0.04863098
529.52952953 0.04838197
530.53053053 0.04813516
531.53153153 0.04789054
532.53253253 0.04764809
533.53353353 0.04740778
534.53453453 0.04716960
535.53553554 0.04693353
536.53653654 0.04669954
537.53753754 0.04646764
538.53853854 0.04623778
539.53953954 0.04600996
540.54054054 0.04578415
541.54154154 0.04556035
542.54254254 0.04533853
543.54354354 0.04511867
544.54454454 0.04490076
545.54554555 0.04468477
546.54654655 0.04447070
547.54754755 0.04425853
548.54854855 0.04404823
549.54954955 0.04383980
550.55055055 0.04363321
551.55155155 0.04342845
552.55255255 0.04322550
553.55355355 0.04302436
554.55455455 0.04282499
555.55555556 0.04262738
556.55655656 0.04243153
557.55755756 0.04223741
558.55855856 0.04204501
559.55955956 0.04185432
560.56056056 0.04166531
561.56156156 0.04147798
562.56256256 0.04129230
563.56356356 0.04110827
564.56456456 0.04092587
565.56556557 0.04074508
566.56656657 0.04056590
567.56756757 0.04038830
568.56856857 0.04021228
569.56956957 0.04003781
570.57057057 0.03986489
571.57157157 0.03969350
572.57257257 0.03952362
573.57357357 0.03935525
574.57457457 0.03918838
575.57557558 0.03902298
576.57657658 0.03885904
577.57757758 0.03869656
578.57857858 0.03853551
579.57957958 0.03837590
580.58058058 0.03821769
581.58158158 0.03806089
582.58258258 0.03790547
583.58358358 0.03775143
584.58458458 0.03759876
585.58558559 0.03744743
586.58658659 0.03729745
587.58758759 0.03714880
588.58858859 0.03700146
589.58958959 0.03685543
590.59059059 0.03671069
591.59159159 0.03656723
592.59259259 0.03642504
593.59359359 0.03628411
594.59459459 0.03614443
595.59559560 0.03600599
596.59659660 0.03586877
597.59759760 0.03573277
598.59859860 0.03559797
599.59959960 0.03546436
600.60060060 0.03533194
601.60160160 0.03520070
602.60260260 0.03507061
603.60360360 0.03494168
604.60460460 0.03481388
605.60560561 0.03468722
606.60660661 0.03456169
607.60760761 0.03443726
608.60860861 0.03431393
609.60960961 0.03419170
610.61061061 0.03407055
611.61161161 0.03395048
612.61261261 0.03383146
613.61361361 0.03371350
614.61461461 0.03359659
615.61561562 0.03348071
616.61661662 0.03336585
617.61761762 0.03325202
618.61861862 0.03313919
619.61961962 0.03302736
620.62062062 0.03291653
621.62162162 0.03280667
622.62262262 0.03269779
623.62362362 0.03258987
624.62462462 0.03248290
625.62562563 0.03237689
626.62662663 0.03227181
627.62762763 0.03216766
628.62862863 0.03206444
629.62962963 0.03196213
630.63063063 0.03186073
631.63163163 0.03176022
632.63263263 0.03166061
633.63363363 0.03156187
634.63463463 0.03146401
635.63563564 0.03136702
636.63663664 0.03127089
637.63763764 0.03117561
638.63863864 0.03108117
639.63963964 0.03098757
640.64064064 0.03089480
641.64164164 0.03080285
642.64264264 0.03071171
643.64364364 0.03062138
644.64464464 0.03053185
645.64564565 0.03044312
646.64664665 0.03035517
647.64764765 0.03026800
648.64864865 0.03018160
649.64964965 0.03009596
650.65065065 0.03001109
651.65165165 0.02992696
652.65265265 0.02984359
653.65365365 0.02976095
654.65465465 0.02967904
655.65565566 0.02959786
656.65665666 0.02951739
657.65765766 0.02943764
658.65865866 0.02935860
659.65965966 0.02928025
660.66066066 0.02920260
661.66166166 0.02912564
662.66266266 0.02904936
663.66366366 0.02897375
664.66466466 0.02889882
665.66566567 0.02882455
666.66666667 0.02875093
667.66766767 0.02867797
668.66866867 0.02860565
669.66966967 0.02853398
670.67067067 0.02846294
671.67167167 0.02839253
672.67267267 0.02832274
673.67367367 0.02825357
674.67467467 0.02818501
675.67567568 0.02811706
676.67667668 0.02804972
677.67767768 0.02798297
678.67867868 0.02791681
679.67967968 0.02785123
680.68068068 0.02778624
681.68168168 0.02772182
682.68268268 0.02765798
683.68368368 0.02759469
684.68468468 0.02753197
685.68568569 0.02746981
686.68668669 0.02740819
687.68768769 0.02734712
688.68868869 0.02728660
689.68968969 0.02722660
690.69069069 0.02716714
691.69169169 0.02710821
692.69269269 0.02704980
693.69369369 0.02699190
694.69469469 0.02693452
695.69569570 0.02687765
696.69669670 0.02682128
697.69769770 0.02676541
698.69869870 0.02671003
699.69969970 0.02665515
700.70070070 0.02660075
701.70170170 0.02654683
702.70270270 0.02649340
703.70370370 0.02644043
704.70470470 0.02638793
705.70570571 0.02633590
706.70670671 0.02628433
707.70770771 0.02623322
708.70870871 0.02618255
709.70970971 0.02613234
710.71071071 0.02608257
711.71171171 0.02603325
712.71271271 0.02598436
713.71371371 0.02593590
714.71471471 0.02588787
715.71571572 0.02584027
716.71671672 0.02579309
717.71771772 0.02574633
718.71871872 0.02569998
719.71971972 0.02565404
720.72072072 0.02560851
721.72172172 0.02556338
722.72272272 0.02551865
723.72372372 0.02547432
724.72472472 0.02543038
725.72572573 0.02538683
726.72672673 0.02534367
727.72772773 0.02530089
728.72872873 0.02525848
729.72972973 0.02521646
730.73073073 0.02517480
731.73173173 0.02513352
732.73273273 0.02509260
733.73373373 0.02505204
734.73473473 0.02501184
735.73573574 0.02497200
736.73673674 0.02493251
737.73773774 0.02489337
738.73873874 0.02485457
739.73973974 0.02481612
740.74074074 0.02477802
741.74174174 0.02474024
742.74274274 0.02470281
743.74374374 0.02466570
744.74474474 0.02462893
745.74574575 0.02459248
746.74674675 0.02455635
747.74774775 0.02452054
748.74874875 0.02448505
749.74974975 0.02444987
750.75075075 0.02441501
751.75175175 0.02438045
752.75275275 0.02434620
753.75375375 0.02431226
754.75475475 0.02427861
755.75575576 0.02424526
756.75675676 0.02421221
757.75775776 0.02417945
758.75875876 0.02414698
759.75975976 0.02411480
760.76076076 0.02408290
761.76176176 0.02405129
762.76276276 0.02401996
763.76376376 0.02398890
764.76476476 0.02395812
765.76576577 0.02392761
766.76676677 0.02389737
767.76776777 0.02386740
768.76876877 0.02383770
769.76976977 0.02380825
770.77077077 0.02377907
771.77177177 0.02375015
772.77277277 0.02372148
773.77377377 0.02369307
774.77477477 0.02366491
775.77577578 0.02363700
776.77677678 0.02360934
777.77777778 0.02358192
778.77877878 0.02355474
779.77977978 0.02352780
780.78078078 0.02350111
781.78178178 0.02347465
782.78278278 0.02344842
783.78378378 0.02342243
784.78478478 0.02339666
785.78578579 0.02337113
786.78678679 0.02334582
787.78778779 0.02332074
788.78878879 0.02329587
789.78978979 0.02327123
790.79079079 0.02324681
791.79179179 0.02322260
792.79279279 0.02319861
793.79379379 0.02317483
794.79479479 0.02315126
795.79579580 0.02312789
796.79679680 0.02310474
797.79779780 0.02308179
798.79879880 0.02305904
799.79979980 0.02303650
800.80080080 0.02301416
801.80180180 0.02299201
802.80280280 0.02297006
803.80380380 0.02294830
804.80480480 0.02292674
805.80580581 0.02290537
806.80680681 0.02288418
807.80780781 0.02286319
808.80880881 0.02284238
809.80980981 0.02282175
810.81081081 0.02280131
811.81181181 0.02278105
812.81281281 0.02276097
813.81381381 0.02274106
814.81481481 0.02272134
815.81581582 0.02270178
816.81681682 0.02268240
817.81781782 0.02266320
818.81881882 0.02264416
819.81981982 0.02262529
820.82082082 0.02260659
821.82182182 0.02258805
822.82282282 0.02256968
823.82382382 0.02255147
824.82482482 0.02253342
825.82582583 0.02251553
826.82682683 0.02249780
827.82782783 0.02248023
828.82882883 0.02246281
829.82982983 0.02244555
830.83083083 0.02242844
831.83183183 0.02241148
832.83283283 0.02239467
833.83383383 0.02237801
834.83483483 0.02236150
835.83583584 0.02234514
836.83683684 0.02232892
837.83783784 0.02231284
838.83883884 0.02229691
839.83983984 0.02228111
840.84084084 0.02226546
841.84184184 0.02224995
842.84284284 0.02223457
843.84384384 0.02221933
844.84484484 0.02220422
845.84584585 0.02218925
846.84684685 0.02217441
847.84784785 0.02215970
848.84884885 0.02214512
849.84984985 0.02213068
850.85085085 0.02211636
851.85185185 0.02210216
852.85285285 0.02208809
853.85385385 0.02207415
854.85485485 0.02206033
855.85585586 0.02204663
856.85685686 0.02203306
857.85785786 0.02201960
858.85885886 0.02200626
859.85985986 0.02199305
860.86086086 0.02197995
861.86186186 0.02196696
862.86286286 0.02195409
863.86386386 0.02194133
864.86486486 0.02192869
865.86586587 0.02191616
866.86686687 0.02190374
867.86786787 0.02189143
868.86886887 0.02187923
869.86986987 0.02186713
870.87087087 0.02185515
871.87187187 0.02184327
872.87287287 0.02183149
873.87387387 0.02181982
874.87487487 0.02180826
875.87587588 0.02179679
876.87687688 0.02178543
877.87787788 0.02177417
878.87887888 0.02176300
879.87987988 0.02175194
880.88088088 0.02174098
881.88188188 0.02173011
882.88288288 0.02171934
883.88388388 0.02170866
884.88488488 0.02169808
885.88588589 0.02168759
886.88688689 0.02167719
887.88788789 0.02166689
888.88888889 0.02165668
889.88988989 0.02164656
890.89089089 0.02163652
891.89189189 0.02162658
892.89289289 0.02161673
893.89389389 0.02160696
894.89489489 0.02159728
895.89589590 0.02158768
896.89689690 0.02157817
897.89789790 0.02156874
898.89889890 0.02155940
899.89989990 0.02155014
900.90090090 0.02154096
901.90190190 0.02153187
902.90290290 0.02152285
903.90390390 0.02151392
904.90490490 0.02150506
905.90590591 0.02149628
906.90690691 0.02148758
907.90790791 0.02147896
908.90890891 0.02147041
909.90990991 0.02146194
910.91091091 0.02145354
911.91191191 0.02144522
912.91291291 0.02143697
913.91391391 0.02142879
914.91491491 0.02142069
915.91591592 0.02141266
916.91691692 0.02140470
917.91791792 0.02139681
918.91891892 0.02138899
919.91991992 0.02138124
920.92092092 0.02137356
921.92192192 0.02136595
922.92292292 0.02135840
923.92392392 0.02135092
924.92492492 0.02134351
925.92592593 0.02133616
926.92692693 0.02132888
927.92792793 0.02132166
928.92892893 0.02131451
929.92992993 0.02130742
930.93093093 0.02130039
931.93193193 0.02129342
932.93293293 0.02128652
933.93393393 0.02127968
934.93493493 0.02127289
935.93593594 0.02126617
936.93693694 0.02125951
937.93793794 0.02125291
938.93893894 0.02124636
939.93993994 0.02123988
940.94094094 0.02123345
941.94194194 0.02122707
942.94294294 0.02122076
943.94394394 0.02121450
944.94494494 0.02120829
945.94594595 0.02120214
946.94694695 0.02119605
947.94794795 0.02119001
948.94894895 0.02118402
949.94994995 0.02117808
950.95095095 0.02117220
951.95195195 0.02116637
952.95295295 0.02116059
953.95395395 0.02115487
954.95495495 0.02114919
955.95595596 0.02114357
956.95695696 0.02113799
957.95795796 0.02113246
958.95895896 0.02112698
959.95995996 0.02112156
960.96096096 0.02111617
961.96196196 0.02111084
962.96296296 0.02110555
963.96396396 0.02110032
964.96496496 0.02109512
965.96596597 0.02108997
966.96696697 0.02108487
967.96796797 0.02107982
968.96896897 0.02107481
969.96996997 0.02106984
970.97097097 0.02106492
971.97197197 0.02106004
972.97297297 0.02105520
973.97397397 0.02105041
974.97497497 0.02104566
975.97597598 0.02104095
976.97697698 0.02103628
977.97797798 0.02103165
978.97897898 0.02102707
979.97997998 0.02102253
980.98098098 0.02101802
981.98198198 0.02101356
982.98298298 0.02100913
983.98398398 0.02100475
984.98498498 0.02100040
985.98598599 0.02099609
986.98698699 0.02099182
987.98798799 0.02098759
988.98898899 0.02098340
989.98998999 0.02097924
990.99099099 0.02097512
991.99199199 0.02097104
992.99299299 0.02096699
993.99399399 0.02096298
994.99499499 0.02095900
995.99599600 0.02095506
996.99699700 0.02095115
997.99799800 0.02094728
998.99899900 0.02094344
1000.00000000 0.02093964
