0.00000000 12.00000000 0.00000149
1.00050025 12.15012612 0.14161304
2.00100050 11.95903861 0.23249534
3.00150075 11.92849304 0.26748779
4.00200100 11.91512426 0.31576091
5.00250125 11.82342329 0.36276417
6.00300150 11.88559888 0.44251104
7.00350175 11.75357612 0.43193874
8.00400200 11.69958090 0.46841614
9.00450225 11.66296041 0.50499763
10.00500250 11.62449078 0.53853799
11.00550275 11.58755003 0.61019551
12.00600300 11.52083673 0.60008881
13.00650325 11.48101358 0.61676150
14.00700350 11.44613129 0.65157444
15.00750375 11.40835402 0.66793406
16.00800400 11.38117017 0.71054199
17.00850425 11.35045600 0.73129178
18.00900450 11.31295633 0.76115271
19.00950475 11.28739613 0.77753559
20.01000500 11.23165277 0.78319893
21.01050525 11.18586707 0.82183209
22.01100550 11.16812639 0.85457351
23.01150575 11.12791688 0.90064296
24.01200600 11.10720903 0.90063125
25.01250625 11.05121912 0.93168953
26.01300650 11.01860593 0.94149227
27.01350675 11.00856209 0.96841356
28.01400700 10.97858392 0.97680331
29.01450725 10.94386184 0.99874769
30.01500750 10.90500399 1.04398941
31.01550775 10.87439237 1.06364297
32.01600800 10.83716625 1.07139025
33.01650825 10.81421698 1.08902774
34.01700850 10.78879137 1.11070864
35.01750875 10.76663262 1.13769497
36.01800900 10.72691960 1.16894382
37.01850925 10.69433400 1.18396478
38.01900950 10.65997663 1.21065670
39.01950975 10.62951941 1.22176542
40.02001001 10.60935769 1.25263501
41.02051026 10.58853718 1.26929356
42.02101051 10.56236199 1.29660697
43.02151076 10.54447075 1.29970267
44.02201101 10.53233681 1.32245585
45.02251126 10.50776062 1.32476754
46.02301151 10.48569189 1.34189533
47.02351176 10.46284921 1.37018727
48.02401201 10.41890619 1.38492019
49.02451226 10.39512334 1.40008006
50.02501251 10.37125834 1.40540384
51.02551276 10.34424093 1.41451610
52.02601301 10.30550356 1.44563857
53.02651326 10.28407108 1.45852770
54.02701351 10.25767685 1.47076959
55.02751376 10.23599932 1.50156206
56.02801401 10.21109466 1.51308487
57.02851426 10.20797929 1.51697373
58.02901451 10.18271649 1.52746796
59.02951476 10.16335963 1.53194028
60.03001501 10.12671050 1.57142120
61.03051526 10.11169584 1.56387632
62.03101551 10.08848187 1.56731614
63.03151576 10.07571771 1.56336558
64.03201601 10.06331571 1.57015628
65.03251626 10.03015372 1.58711996
66.03301651 10.01416362 1.58638147
67.03351676 9.99140781 1.60238337
68.03401701 9.97879389 1.60999262
69.03451726 9.95624194 1.62514038
70.03501751 9.93985546 1.63255479
71.03551776 9.91850341 1.64894079
72.03601801 9.88580602 1.65055715
73.03651826 9.86142385 1.66228194
74.03701851 9.85405418 1.66050036
75.03751876 9.82368925 1.67037260
76.03801901 9.79551807 1.68674790
77.03851926 9.76955921 1.70871197
78.03901951 9.74739035 1.71252254
79.03951976 9.72881217 1.73224761
80.04002001 9.71555341 1.74562395
81.04052026 9.70600577 1.73800120
82.04102051 9.68861990 1.74249761
83.04152076 9.65290659 1.75487423
84.04202101 9.62131846 1.77545183
85.04252126 9.58305386 1.80702234
86.04302151 9.57867443 1.82474560
87.04352176 9.55047653 1.84559016
88.04402201 9.53308702 1.85225816
89.04452226 9.50670858 1.86381560
90.04502251 9.47996556 1.87045513
91.04552276 9.45741317 1.89128444
92.04602301 9.43887251 1.90087630
93.04652326 9.40925296 1.90548413
94.04702351 9.39343285 1.92041781
95.04752376 9.37216615 1.91853631
96.04802401 9.36421794 1.92640749
97.04852426 9.33922237 1.93260018
98.04902451 9.31265163 1.95245892
99.04952476 9.28103543 1.97241058
100.05002501 9.23320381 2.00152391
101.05052526 9.21345756 2.01037499
102.05102551 9.18763389 2.01429212
103.05152576 9.16648488 2.02433840
104.05202601 9.12705606 2.04537372
105.05252626 9.10097947 2.07821050
106.05302651 9.07380614 2.08818821
107.05352676 9.05811578 2.10101332
108.05402701 9.03136070 2.10499349
109.05452726 8.99816467 2.11551153
110.05502751 8.98650027 2.12240902
111.05552776 8.96135422 2.15112666
112.05602801 8.93523487 2.16088878
113.05652826 8.90145485 2.17227743
114.05702851 8.88605161 2.17893662
115.05752876 8.85579262 2.19267260
116.05802901 8.83130263 2.22204619
117.05852926 8.81303510 2.23110793
118.05902951 8.79784534 2.24022339
119.05952976 8.77609709 2.25466463
120.06003002 8.75668850 2.26533363
121.06053027 8.75727664 2.26287454
122.06103052 8.72482867 2.27663364
123.06153077 8.71101100 2.28501764
124.06203102 8.68308596 2.30610435
125.06253127 8.66691948 2.31332707
126.06303152 8.65744860 2.32729592
127.06353177 8.62981896 2.33069719
128.06403202 8.61032631 2.33182313
129.06453227 8.58555326 2.33273216
130.06503252 8.57426395 2.34056920
131.06553277 8.56021180 2.35226236
132.06603302 8.53110404 2.35399306
133.06653327 8.49660952 2.37769988
134.06703352 8.47783359 2.39396788
135.06753377 8.46310006 2.40260255
136.06803402 8.43679193 2.40404298
137.06853427 8.40792506 2.41873782
138.06903452 8.39368058 2.43804782
139.06953477 8.36884793 2.45402800
140.07003502 8.34796261 2.45632306
141.07053527 8.30988537 2.46176270
142.07103552 8.28850882 2.46930579
143.07153577 8.27327008 2.47293299
144.07203602 8.24401023 2.48691516
145.07253627 8.22952901 2.49868317
146.07303652 8.20509847 2.51236909
147.07353677 8.18367943 2.52486068
148.07403702 8.16689490 2.53421302
149.07453727 8.14636015 2.54523112
150.07503752 8.12495206 2.55646499
151.07553777 8.08904875 2.57129164
152.07603802 8.07786266 2.58306127
153.07653827 8.06195951 2.59291604
154.07703852 8.04397151 2.60914046
155.07753877 8.03287340 2.60518167
156.07803902 8.00564775 2.61690032
157.07853927 7.98718621 2.63244141
158.07903952 7.97628813 2.63972574
159.07953977 7.94884091 2.65926783
160.08004002 7.92219433 2.68053491
161.08054027 7.90115140 2.69380784
162.08104052 7.88462050 2.69090133
163.08154077 7.86053143 2.70291126
164.08204102 7.83541926 2.70642833
165.08254127 7.82862596 2.70609478
166.08304152 7.79744065 2.71729133
167.08354177 7.77370774 2.72648490
168.08404202 7.76403491 2.72672125
169.08454227 7.72630341 2.75493796
170.08504252 7.70087833 2.77373363
171.08554277 7.69013226 2.78203875
172.08604302 7.65930111 2.78959813
173.08654327 7.62837606 2.80802368
174.08704352 7.61584034 2.81773756
175.08754377 7.59109554 2.82389390
176.08804402 7.56311970 2.83354115
177.08854427 7.53811162 2.84787747
178.08904452 7.51398339 2.85542395
179.08954477 7.50530681 2.85671508
180.09004502 7.47450275 2.86495801
181.09054527 7.45823897 2.87734002
182.09104552 7.44000190 2.89018831
183.09154577 7.41867810 2.89317867
184.09204602 7.40502930 2.88931885
185.09254627 7.39397250 2.90088441
186.09304652 7.37403336 2.90664845
187.09354677 7.35440825 2.90783148
188.09404702 7.33663321 2.92246020
189.09454727 7.32270781 2.93801100
190.09504752 7.30849076 2.93433033
191.09554777 7.28431321 2.93686920
192.09604802 7.26747471 2.94543217
193.09654827 7.26126431 2.94043837
194.09704852 7.24847192 2.94863486
195.09754877 7.21282146 2.95050340
196.09804902 7.19653518 2.95669488
197.09854927 7.16946155 2.96825679
198.09904952 7.14650665 2.97890147
199.09954977 7.12270145 2.98747613
200.10005003 7.11169595 2.98872676
201.10055028 7.08487158 2.99265882
202.10105053 7.06539410 2.99923040
203.10155078 7.04634333 3.01103207
204.10205103 7.02774326 3.01905427
205.10255128 7.01567841 3.01906886
206.10305153 6.99391401 3.03235485
207.10355178 6.97966677 3.03972258
208.10405203 6.95622050 3.02980746
209.10455228 6.93342534 3.03383547
210.10505253 6.92774741 3.04087372
211.10555278 6.89539800 3.05781766
212.10605303 6.88591910 3.05060232
213.10655328 6.86209851 3.05695442
214.10705353 6.84928076 3.06311886
215.10755378 6.83404691 3.06482146
216.10805403 6.81654858 3.07024736
217.10855428 6.78888311 3.07303484
218.10905453 6.76232305 3.07204415
219.10955478 6.75229777 3.08504401
220.11005503 6.72638234 3.09079158
221.11055528 6.70937857 3.08969659
222.11105553 6.69749255 3.09570202
223.11155578 6.68842214 3.10162817
224.11205603 6.67354304 3.10595218
225.11255628 6.65948311 3.11740412
226.11305653 6.63454389 3.12639956
227.11355678 6.61122840 3.13330952
228.11405703 6.57708507 3.13625520
229.11455728 6.55212598 3.14681887
230.11505753 6.53279962 3.15755400
231.11555778 6.52626772 3.16420400
232.11605803 6.50415333 3.17503932
233.11655828 6.47311857 3.18461257
234.11705853 6.44063210 3.20621044
235.11755878 6.41333592 3.21511255
236.11805903 6.39215850 3.21333067
237.11855928 6.36649445 3.21437370
238.11905953 6.34059296 3.21843018
239.11955978 6.31071097 3.21565994
240.12006003 6.28080170 3.22001813
241.12056028 6.25259455 3.22398877
242.12106053 6.22759504 3.22696248
243.12156078 6.21247103 3.22690166
244.12206103 6.19428182 3.22090672
245.12256128 6.16649706 3.22519089
246.12306153 6.15906317 3.22829893
247.12356178 6.15538003 3.22976061
248.12406203 6.12609282 3.23800508
249.12456228 6.11337032 3.23674836
250.12506253 6.08636336 3.24154743
251.12556278 6.06995061 3.24599266
252.12606303 6.03311544 3.24365886
253.12656328 6.01410058 3.23603792
254.12706353 5.99201521 3.24722348
255.12756378 5.98388366 3.24979802
256.12806403 5.97226578 3.24626792
257.12856428 5.93232048 3.25625417
258.12906453 5.90935059 3.24866703
259.12956478 5.89805420 3.25169286
260.13006503 5.87437786 3.24656113
261.13056528 5.85940949 3.24788432
262.13106553 5.83944405 3.24531586
263.13156578 5.82532029 3.25177813
264.13206603 5.80537682 3.26268853
265.13256628 5.78738501 3.26963828
266.13306653 5.77005179 3.26847327
267.13356678 5.75794014 3.27100672
268.13406703 5.73650723 3.28534347
269.13456728 5.71383403 3.28220154
270.13506753 5.70414981 3.28459115
271.13556778 5.69531792 3.28922027
272.13606803 5.66881818 3.27799544
273.13656828 5.64395711 3.27471185
274.13706853 5.62880457 3.27834359
275.13756878 5.60245686 3.28063711
276.13806903 5.58581249 3.28312782
277.13856928 5.56894834 3.28598931
278.13906953 5.54265330 3.28908235
279.13956978 5.50058409 3.29256647
280.14007004 5.49155729 3.29052036
281.14057029 5.48908190 3.29428868
282.14107054 5.46773030 3.29303627
283.14157079 5.45581933 3.29676418
284.14207104 5.44381469 3.29813449
285.14257129 5.42232411 3.29440635
286.14307154 5.41383886 3.29923407
287.14357179 5.39216111 3.30346424
288.14407204 5.37472806 3.31159721
289.14457229 5.36270935 3.31452802
290.14507254 5.34681268 3.31178974
291.14557279 5.32353447 3.31481478
292.14607304 5.30015866 3.32067714
293.14657329 5.27107100 3.31380586
294.14707354 5.25185469 3.31905667
295.14757379 5.23586865 3.32746390
296.14807404 5.22097851 3.33071502
297.14857429 5.19773162 3.33375546
298.14907454 5.16748406 3.34152884
299.14957479 5.14503627 3.33682165
300.15007504 5.13724048 3.34041834
301.15057529 5.11588186 3.33714774
302.15107554 5.09149138 3.33347627
303.15157579 5.06461993 3.34244428
304.15207604 5.03170482 3.33751360
305.15257629 5.00552764 3.33463559
306.15307654 4.99581464 3.32922871
307.15357679 4.97255106 3.32538554
308.15407704 4.95902341 3.32858531
309.15457729 4.93111311 3.32157484
310.15507754 4.92294506 3.32457629
311.15557779 4.90731874 3.33248732
312.15607804 4.89506222 3.34108033
313.15657829 4.87083739 3.32938922
314.15707854 4.84613528 3.33690692
315.15757879 4.82976337 3.33908641
316.15807904 4.80212806 3.33058391
317.15857929 4.78713017 3.32803218
318.15907954 4.77380673 3.33338239
319.15957979 4.75712701 3.33723897
320.16008004 4.74252552 3.32737639
321.16058029 4.72405794 3.32606697
322.16108054 4.69825469 3.32852575
323.16158079 4.68385914 3.33205533
324.16208104 4.65812249 3.32751458
325.16258129 4.64739194 3.32976468
326.16308154 4.62566481 3.33655358
327.16358179 4.60658871 3.34315197
328.16408204 4.58385813 3.33931068
329.16458229 4.55577226 3.34211705
330.16508254 4.54297538 3.34402809
331.16558279 4.52592581 3.34338344
332.16608304 4.50082548 3.34078769
333.16658329 4.48986745 3.33459321
334.16708354 4.46907493 3.33187381
335.16758379 4.44911707 3.33499620
336.16808404 4.43570802 3.32995271
337.16858429 4.40373883 3.32275556
338.16908454 4.38525395 3.31770497
339.16958479 4.36812654 3.32234683
340.17008504 4.34910965 3.32316407
341.17058529 4.32207694 3.30854273
342.17108554 4.30468246 3.31243754
343.17158579 4.28309621 3.30754117
344.17208604 4.26253081 3.30955516
345.17258629 4.25072994 3.31176773
346.17308654 4.22519994 3.31160664
347.17358679 4.21205678 3.31134332
348.17408704 4.19923306 3.31267542
349.17458729 4.17903557 3.30946406
350.17508754 4.16955982 3.31571555
351.17558779 4.14995685 3.32122035
352.17608804 4.13331508 3.32007488
353.17658829 4.12097075 3.32136558
354.17708854 4.10637161 3.32454190
355.17758879 4.08951291 3.32613615
356.17808904 4.05581616 3.30919489
357.17858929 4.03143067 3.30185886
358.17908954 4.01714368 3.30132163
359.17958979 3.99278683 3.29523187
360.18009005 3.98155261 3.30295267
361.18059030 3.95637432 3.29154484
362.18109055 3.94579082 3.29414711
363.18159080 3.92868769 3.28463897
364.18209105 3.91078444 3.28155691
365.18259130 3.89110764 3.28059645
366.18309155 3.86479250 3.27195478
367.18359180 3.84232802 3.26662482
368.18409205 3.82846097 3.26563482
369.18459230 3.81516766 3.26371901
370.18509255 3.79399541 3.26220596
371.18559280 3.77789975 3.26016294
372.18609305 3.75761026 3.26502403
373.18659330 3.74800074 3.27084792
374.18709355 3.72647814 3.26975263
375.18759380 3.71669212 3.26466925
376.18809405 3.69961091 3.26591653
377.18859430 3.68583455 3.25605116
378.18909455 3.66909086 3.25621592
379.18959480 3.66922702 3.25339517
380.19009505 3.65507825 3.25744799
381.19059530 3.63572253 3.25709446
382.19109555 3.63181781 3.26119447
383.19159580 3.62654580 3.26270240
384.19209605 3.61231300 3.25558563
385.19259630 3.59562680 3.24352841
386.19309655 3.56827696 3.24757112
387.19359680 3.56243096 3.24691757
388.19409705 3.54396400 3.24892397
389.19459730 3.52764425 3.24960652
390.19509755 3.50646469 3.25713504
391.19559780 3.48937788 3.25040050
392.19609805 3.47732601 3.25603384
393.19659830 3.46257962 3.25314165
394.19709855 3.44104117 3.24483291
395.19759880 3.42925232 3.25043073
396.19809905 3.41483972 3.24975627
397.19859930 3.41347301 3.24934283
398.19909955 3.39376795 3.25165987
399.19959980 3.38118380 3.24381922
400.20010005 3.36448614 3.24231590
401.20060030 3.35187955 3.24037403
402.20110055 3.33372365 3.24042488
403.20160080 3.30785806 3.23372805
404.20210105 3.29277053 3.23467936
405.20260130 3.27548365 3.22658788
406.20310155 3.26444760 3.22722576
407.20360180 3.25757236 3.22388413
408.20410205 3.24013205 3.21783636
409.20460230 3.22520436 3.21689570
410.20510255 3.20763039 3.20962169
411.20560280 3.19785358 3.20730268
412.20610305 3.18506517 3.20832677
413.20660330 3.16791269 3.19648050
414.20710355 3.15528187 3.19486515
415.20760380 3.14277674 3.19486873
416.20810405 3.12911733 3.19674875
417.20860430 3.10807408 3.19016656
418.20910455 3.09278894 3.18664702
419.20960480 3.08233976 3.18894491
420.21010505 3.06964843 3.18164948
421.21060530 3.06424503 3.18138067
422.21110555 3.05708162 3.18516632
423.21160580 3.05120196 3.18925675
424.21210605 3.03848521 3.17828470
425.21260630 3.03125001 3.17965025
426.21310655 3.01789796 3.17619608
427.21360680 3.00504950 3.17596212
428.21410705 2.99178760 3.17200841
429.21460730 2.96927812 3.15924129
430.21510755 2.95846373 3.14673540
431.21560780 2.93148291 3.13331195
432.21610805 2.92517788 3.13225390
433.21660830 2.90003311 3.11749465
434.21710855 2.87808058 3.10176966
435.21760880 2.86506205 3.09824100
436.21810905 2.85237422 3.09688163
437.21860930 2.84086592 3.09283792
438.21910955 2.82764799 3.07991323
439.21960980 2.81350954 3.06736945
440.22011006 2.79292580 3.06487073
441.22061031 2.77220180 3.05171463
442.22111056 2.75869959 3.04251273
443.22161081 2.73667612 3.03023031
444.22211106 2.73451946 3.03813743
445.22261131 2.71330700 3.03416775
446.22311156 2.70343347 3.03308936
447.22361181 2.68475773 3.02788379
448.22411206 2.67507655 3.02101622
449.22461231 2.67064831 3.02745249
450.22511256 2.64602135 3.01641907
451.22561281 2.64123690 3.01728273
452.22611306 2.62739895 3.00852117
453.22661331 2.62269637 3.00951623
454.22711356 2.60786776 3.00435972
455.22761381 2.60350667 3.00589535
456.22811406 2.59407335 3.00540082
457.22861431 2.58635127 3.00758336
458.22911456 2.56465515 2.99626331
459.22961481 2.54405390 2.99327754
460.23011506 2.52976916 2.98242186
461.23061531 2.52334755 2.97968482
462.23111556 2.49768840 2.97687351
463.23161581 2.48846640 2.97919977
464.23211606 2.48163378 2.97784475
465.23261631 2.46979237 2.96785847
466.23311656 2.46618079 2.96659613
467.23361681 2.46207012 2.96843210
468.23411706 2.45163664 2.96480732
469.23461731 2.43830651 2.96276433
470.23511756 2.42609215 2.95231176
471.23561781 2.41895534 2.95227973
472.23611806 2.39539019 2.94923055
473.23661831 2.39083840 2.94161314
474.23711856 2.38805325 2.94023071
475.23761881 2.37237406 2.92954448
476.23811906 2.36310139 2.92819966
477.23861931 2.34868477 2.91928510
478.23911956 2.34196424 2.91488880
479.23961981 2.33451485 2.91615252
480.24012006 2.31962902 2.90641654
481.24062031 2.31053457 2.90685748
482.24112056 2.30509729 2.89926178
483.24162081 2.30236119 2.90051884
484.24212106 2.29826744 2.90019154
485.24262131 2.28980380 2.89147421
486.24312156 2.27600303 2.88585761
487.24362181 2.26791151 2.88264974
488.24412206 2.25485989 2.87847045
489.24462231 2.23975592 2.87770497
490.24512256 2.23164480 2.87018497
491.24562281 2.22654951 2.87173814
492.24612306 2.21905995 2.87006161
493.24662331 2.20821162 2.86381463
494.24712356 2.19461187 2.85893177
495.24762381 2.19159304 2.85883724
496.24812406 2.18323640 2.85378646
497.24862431 2.17144645 2.84693185
498.24912456 2.15726709 2.84295577
499.24962481 2.14985317 2.83623583
500.25012506 2.13777663 2.82340719
501.25062531 2.12826416 2.82272970
502.25112556 2.11903868 2.81128331
503.25162581 2.10356342 2.80666375
504.25212606 2.08577795 2.79882450
505.25262631 2.06953268 2.79360837
506.25312656 2.05064777 2.77905319
507.25362681 2.04321360 2.78216367
508.25412706 2.04047348 2.77697995
509.25462731 2.02631601 2.76947543
510.25512756 2.01724984 2.76001150
511.25562781 2.00061438 2.73946297
512.25612806 1.98568732 2.73310095
513.25662831 1.96989455 2.72338522
514.25712856 1.95843737 2.71829461
515.25762881 1.94418030 2.70489925
516.25812906 1.94123863 2.70186069
517.25862931 1.93120323 2.69469758
518.25912956 1.92422251 2.68769559
519.25962981 1.90322339 2.67737975
520.26013007 1.89641385 2.67558815
521.26063032 1.89023276 2.66650279
522.26113057 1.88470860 2.66748475
523.26163082 1.86411885 2.65454227
524.26213107 1.86285621 2.65632402
525.26263132 1.84993977 2.64602397
526.26313157 1.83619628 2.63829682
527.26363182 1.83091517 2.63829414
528.26413207 1.81631598 2.62700653
529.26463232 1.80471674 2.61993889
530.26513257 1.79450158 2.61530958
531.26563282 1.78126860 2.60670457
532.26613307 1.77184375 2.60706738
533.26663332 1.75299985 2.60154495
534.26713357 1.74362052 2.59582759
535.26763382 1.73444953 2.59361135
536.26813407 1.72227204 2.59230378
537.26863432 1.71191869 2.58482103
538.26913457 1.70554536 2.58486839
539.26963482 1.69186064 2.57052208
540.27013507 1.68489401 2.56709383
541.27063532 1.68482708 2.56814350
542.27113557 1.67837413 2.57057603
543.27163582 1.67471032 2.57298963
544.27213607 1.66887289 2.56785663
545.27263632 1.66312795 2.56535606
546.27313657 1.66333091 2.56754309
547.27363682 1.65989639 2.56673451
548.27413707 1.65683815 2.56782515
549.27463732 1.65396461 2.56596361
550.27513757 1.64287821 2.55793104
551.27563782 1.64276387 2.56154700
552.27613807 1.64084082 2.56181343
553.27663832 1.63084965 2.55035705
554.27713857 1.62078374 2.54451110
555.27763882 1.61150099 2.53939187
556.27813907 1.60114313 2.53466188
557.27863932 1.59263795 2.52696438
558.27913957 1.58677003 2.52717129
559.27963982 1.57549853 2.51375398
560.28014007 1.56809985 2.51191849
561.28064032 1.56088937 2.51000294
562.28114057 1.56386451 2.50602949
563.28164082 1.55954950 2.50267585
564.28214107 1.55343216 2.50253985
565.28264132 1.55226806 2.50217768
566.28314157 1.54606562 2.50349929
567.28364182 1.53725291 2.49310542
568.28414207 1.53413285 2.48923029
569.28464232 1.52289242 2.47958960
570.28514257 1.51159675 2.47048090
571.28564282 1.50468725 2.46361813
572.28614307 1.49829448 2.46706052
573.28664332 1.48774399 2.46257871
574.28714357 1.47939209 2.45096646
575.28764382 1.47402725 2.44850502
576.28814407 1.46346521 2.43674287
577.28864432 1.45948883 2.42472970
578.28914457 1.44457699 2.40448153
579.28964482 1.44201946 2.40925457
580.29014507 1.43532487 2.40301658
581.29064532 1.43160730 2.39863709
582.29114557 1.41533859 2.38216182
583.29164582 1.39992463 2.37370992
584.29214607 1.39414519 2.36002661
585.29264632 1.38524250 2.34407316
586.29314657 1.38010188 2.33795594
587.29364682 1.37677261 2.34071939
588.29414707 1.36665715 2.33656753
589.29464732 1.36386544 2.33804106
590.29514757 1.35854035 2.33443774
591.29564782 1.35408785 2.32201397
592.29614807 1.34477756 2.31225523
593.29664832 1.33089032 2.29455782
594.29714857 1.32422921 2.29409844
595.29764882 1.31998295 2.29068073
596.29814907 1.31378606 2.27833982
597.29864932 1.30914196 2.27234161
598.29914957 1.30343804 2.27215077
599.29964982 1.29152648 2.26036934
600.30015008 1.28691895 2.26098730
601.30065033 1.27935616 2.25354967
602.30115058 1.27268159 2.24495353
603.30165083 1.26603652 2.24080085
604.30215108 1.25724131 2.22612890
605.30265133 1.25105301 2.21987176
606.30315158 1.24875077 2.21773327
607.30365183 1.24620189 2.21536088
608.30415208 1.24412703 2.21424248
609.30465233 1.22684814 2.18744605
610.30515258 1.22231447 2.18755188
611.30565283 1.22146310 2.18691654
612.30615308 1.21127134 2.18322841
613.30665333 1.20309572 2.17689956
614.30715358 1.19899851 2.17706265
615.30765383 1.19079859 2.17220071
616.30815408 1.18111292 2.16894891
617.30865433 1.17716058 2.16178719
618.30915458 1.16373981 2.14606546
619.30965483 1.16141936 2.14907380
620.31015508 1.16210049 2.15269851
621.31065533 1.15408808 2.14082439
622.31115558 1.15191188 2.14238784
623.31165583 1.14647059 2.14141513
624.31215608 1.14298836 2.13278839
625.31265633 1.13794473 2.13111621
626.31315658 1.13223721 2.13044012
627.31365683 1.12465090 2.12596198
628.31415708 1.11672441 2.11955606
629.31465733 1.11274304 2.11998196
630.31515758 1.10682837 2.11495171
631.31565783 1.10337509 2.11285232
632.31615808 1.10044856 2.11085904
633.31665833 1.09674010 2.10552999
634.31715858 1.09465974 2.10600465
635.31765883 1.09346716 2.11000443
636.31815908 1.08229946 2.10096031
637.31865933 1.08148745 2.09918041
638.31915958 1.07400904 2.09456455
639.31965983 1.06387920 2.07900260
640.32016008 1.05780064 2.07533048
641.32066033 1.06103098 2.07289040
642.32116058 1.05498849 2.07204985
643.32166083 1.04891269 2.06667449
644.32216108 1.04234098 2.05461947
645.32266133 1.04067594 2.05821637
646.32316158 1.04017754 2.06335701
647.32366183 1.03749486 2.06082222
648.32416208 1.02856466 2.05473555
649.32466233 1.02572384 2.05278144
650.32516258 1.02858783 2.05691828
651.32566283 1.02215623 2.04504054
652.32616308 1.01766858 2.04045528
653.32666333 1.01134722 2.03223068
654.32716358 1.00791168 2.02635813
655.32766383 1.00550523 2.02296851
656.32816408 1.00478293 2.02204702
657.32866433 0.99851932 2.01650317
658.32916458 1.00258232 2.02119786
659.32966483 0.99855332 2.01891099
660.33016508 0.99156889 2.01392605
661.33066533 0.98615462 2.00887454
662.33116558 0.98117615 2.00573649
663.33166583 0.97250865 1.99292162
664.33216608 0.96726722 1.98959355
665.33266633 0.96258124 1.98180689
666.33316658 0.95210826 1.95204763
667.33366683 0.94059288 1.94075950
668.33416708 0.93154290 1.93172679
669.33466733 0.92685412 1.92627563
670.33516758 0.92174586 1.92504835
671.33566783 0.91373388 1.91086670
672.33616808 0.90997142 1.90753617
673.33666833 0.89825003 1.89162194
674.33716858 0.89065939 1.87427197
675.33766883 0.88064734 1.86314599
676.33816908 0.87674417 1.86236553
677.33866933 0.86662386 1.84690058
678.33916958 0.85883146 1.83785984
679.33966983 0.85478851 1.83891260
680.34017009 0.85091580 1.83280549
681.34067034 0.84107633 1.82442542
682.34117059 0.84468170 1.83187516
683.34167084 0.84492549 1.84418974
684.34217109 0.84084093 1.83986933
685.34267134 0.83321688 1.83077936
686.34317159 0.82677594 1.81870301
687.34367184 0.82430875 1.81336373
688.34417209 0.81729861 1.80436294
689.34467234 0.82001105 1.80975483
690.34517259 0.81412649 1.80490908
691.34567284 0.80743093 1.79700127
692.34617309 0.80136263 1.78768864
693.34667334 0.79188963 1.76880075
694.34717359 0.78548218 1.76473477
695.34767384 0.78713329 1.76426360
696.34817409 0.78264625 1.75479477
697.34867434 0.78303450 1.75602253
698.34917459 0.78518178 1.75684252
699.34967484 0.78266770 1.75627681
700.35017509 0.77710612 1.75007563
701.35067534 0.77632048 1.75470897
702.35117559 0.77410037 1.75624509
703.35167584 0.77225526 1.75132843
704.35217609 0.76965358 1.75079060
705.35267634 0.77101391 1.75155738
706.35317659 0.75904569 1.73424615
707.35367684 0.74891768 1.72180713
708.35417709 0.74612090 1.72019437
709.35467734 0.74045050 1.71651964
710.35517759 0.72997114 1.69426982
711.35567784 0.72656121 1.69066460
712.35617809 0.72515967 1.69066589
713.35667834 0.72182613 1.69196976
714.35717859 0.71692648 1.68391678
715.35767884 0.71410183 1.67937059
716.35817909 0.71865723 1.68073600
717.35867934 0.71159825 1.67590353
718.35917959 0.70992102 1.67176025
719.35967984 0.70248002 1.65244101
720.36018009 0.70166732 1.65144531
721.36068034 0.69853187 1.64872899
722.36118059 0.69378258 1.63644806
723.36168084 0.69083886 1.63674638
724.36218109 0.68377258 1.62384078
725.36268134 0.68215987 1.62548107
726.36318159 0.66931178 1.60919650
727.36368184 0.66676840 1.60894018
728.36418209 0.66473230 1.60320736
729.36468234 0.66171240 1.60023404
730.36518259 0.65814213 1.59688434
731.36568284 0.65305451 1.59515469
732.36618309 0.64752814 1.58910812
733.36668334 0.64330822 1.58606493
734.36718359 0.64183878 1.58504103
735.36768384 0.63232334 1.56574195
736.36818409 0.62760572 1.55382966
737.36868434 0.62370013 1.54783205
738.36918459 0.61865114 1.53984671
739.36968484 0.61996517 1.54087579
740.37018509 0.61346347 1.52913919
741.37068534 0.61255907 1.53178296
742.37118559 0.61014404 1.52910972
743.37168584 0.61100953 1.53400037
744.37218609 0.60791410 1.53179045
745.37268634 0.60371770 1.53257611
746.37318659 0.59780407 1.51938500
747.37368684 0.59808918 1.52242084
748.37418709 0.59730322 1.52228246
749.37468734 0.59356811 1.51130637
750.37518759 0.59084078 1.50899499
751.37568784 0.58739114 1.50663791
752.37618809 0.58271135 1.49984992
753.37668834 0.57729198 1.49115858
754.37718859 0.57072230 1.48260234
755.37768884 0.56784235 1.47888020
756.37818909 0.56269977 1.47063041
757.37868934 0.55979555 1.46643097
758.37918959 0.55617602 1.46355790
759.37968984 0.55532737 1.46492666
760.38019010 0.55239491 1.46192921
761.38069035 0.55061825 1.46293037
762.38119060 0.54561337 1.45913192
763.38169085 0.54689266 1.45656311
764.38219110 0.54450574 1.45389725
765.38269135 0.54023161 1.44818263
766.38319160 0.53687083 1.44547409
767.38369185 0.53283639 1.43744062
768.38419210 0.52927573 1.42228719
769.38469235 0.52545659 1.41386306
770.38519260 0.52244676 1.41115185
771.38569285 0.52038135 1.41021263
772.38619310 0.51411705 1.38611527
773.38669335 0.51176917 1.38191072
774.38719360 0.50626851 1.37647958
775.38769385 0.50309001 1.37297424
776.38819410 0.50068054 1.36922711
777.38869435 0.49871255 1.36817165
778.38919460 0.49614105 1.36477892
779.38969485 0.49253143 1.35012981
780.39019510 0.48721043 1.32554478
781.39069535 0.48692584 1.32983979
782.39119560 0.48323278 1.32357494
783.39169585 0.48317178 1.32548061
784.39219610 0.47986260 1.32029607
785.39269635 0.47953931 1.31715477
786.39319660 0.47690682 1.31413056
787.39369685 0.47288786 1.30585239
788.39419710 0.47423820 1.30499363
789.39469735 0.47069532 1.29600989
790.39519760 0.46666268 1.29082831
791.39569785 0.46092095 1.27271786
792.39619810 0.46405379 1.26713934
793.39669835 0.45675227 1.25588558
794.39719860 0.45295867 1.24637413
795.39769885 0.45335052 1.25085912
796.39819910 0.45115971 1.24780487
797.39869935 0.44927601 1.24335801
798.39919960 0.44518933 1.24169119
799.39969985 0.43605884 1.21876983
800.40020010 0.43490798 1.21198682
801.40070035 0.43595022 1.20846776
802.40120060 0.43309252 1.20123880
803.40170085 0.43157688 1.19821146
804.40220110 0.43005670 1.20336194
805.40270135 0.42422921 1.19440316
806.40320160 0.42709268 1.19500843
807.40370185 0.42555510 1.20573242
808.40420210 0.41892630 1.18620541
809.40470235 0.41825859 1.18493322
810.40520260 0.41803462 1.18765337
811.40570285 0.41612634 1.18144129
812.40620310 0.41167795 1.16697252
813.40670335 0.40633342 1.16233049
814.40720360 0.40362015 1.16121522
815.40770385 0.40010515 1.15459690
816.40820410 0.39253189 1.13705228
817.40870435 0.39121478 1.13710118
818.40920460 0.38917980 1.13366525
819.40970485 0.38255459 1.12011230
820.41020510 0.37938479 1.11530911
821.41070535 0.37627903 1.10419364
822.41120560 0.37622441 1.10285721
823.41170585 0.37190325 1.08685950
824.41220610 0.37143735 1.08997332
825.41270635 0.36987477 1.08968764
826.41320660 0.37059286 1.09349829
827.41370685 0.36361870 1.08262548
828.41420710 0.36380955 1.08578412
829.41470735 0.35756010 1.07338546
830.41520760 0.35620309 1.07495643
831.41570785 0.35356645 1.07091640
832.41620810 0.34956440 1.06594203
833.41670835 0.34739930 1.06418433
834.41720860 0.34346322 1.05485820
835.41770885 0.33875897 1.03987837
836.41820910 0.33869002 1.04416666
837.41870935 0.33868419 1.04796625
838.41920960 0.33861236 1.04428172
839.41970985 0.33702551 1.04234635
840.42021011 0.33108048 1.02956652
841.42071036 0.32844653 1.03188535
842.42121061 0.32541720 1.02913927
843.42171086 0.32549672 1.03279040
844.42221111 0.32310109 1.01737083
845.42271136 0.31802843 1.01096750
846.42321161 0.31724182 1.00820141
847.42371186 0.31697215 1.01032073
848.42421211 0.31457816 1.00780077
849.42471236 0.31667470 1.00799893
850.42521261 0.31604665 1.00885736
851.42571286 0.31285725 1.00271617
852.42621311 0.31275927 1.00239019
853.42671336 0.31038944 1.00424613
854.42721361 0.30767453 0.99886642
855.42771386 0.30340301 0.99066040
856.42821411 0.30228148 0.98812083
857.42871436 0.30122804 0.98529472
858.42921461 0.30011776 0.98382789
859.42971486 0.29838408 0.98478163
860.43021511 0.29795222 0.99102110
861.43071536 0.29346906 0.97590541
862.43121561 0.29517971 0.97687633
863.43171586 0.29230866 0.96521768
864.43221611 0.28948009 0.95957742
865.43271636 0.28604691 0.95370495
866.43321661 0.28514813 0.95172568
867.43371686 0.28130138 0.94653006
868.43421711 0.27814404 0.94317371
869.43471736 0.27703433 0.94241580
870.43521761 0.27051731 0.92886759
871.43571786 0.26938437 0.93086852
872.43621811 0.26770618 0.92959535
873.43671836 0.26226025 0.92125138
874.43721861 0.25915638 0.91710325
875.43771886 0.25915150 0.91929077
876.43821911 0.25824282 0.91727535
877.43871936 0.25714189 0.91622015
878.43921961 0.25761256 0.91680767
879.43971986 0.25199526 0.90679208
880.44022011 0.25129834 0.90671653
881.44072036 0.24895838 0.90591250
882.44122061 0.24779307 0.90369740
883.44172086 0.24639131 0.90241911
884.44222111 0.24223463 0.89223486
885.44272136 0.23989939 0.88069949
886.44322161 0.23779345 0.87476019
887.44372186 0.23601832 0.87689304
888.44422211 0.23581230 0.87867514
889.44472236 0.23442024 0.87877491
890.44522261 0.23414548 0.88255956
891.44572286 0.23067654 0.87994067
892.44622311 0.22986665 0.88095562
893.44672336 0.22802451 0.87785096
894.44722361 0.22736811 0.87617021
895.44772386 0.22430415 0.87036450
896.44822411 0.22328656 0.86397218
897.44872436 0.22333594 0.86902580
898.44922461 0.21928940 0.85904478
899.44972486 0.21859093 0.85897469
900.45022511 0.21819021 0.85811144
901.45072536 0.21772887 0.85698211
902.45122561 0.21338954 0.84493956
903.45172586 0.21481234 0.85417618
904.45222611 0.20762037 0.83758262
905.45272636 0.20757541 0.84312991
906.45322661 0.20275215 0.81572896
907.45372686 0.20070555 0.82022428
908.45422711 0.19890219 0.81015683
909.45472736 0.19789811 0.81518458
910.45522761 0.19424847 0.80805367
911.45572786 0.19024097 0.80090362
912.45622811 0.18863430 0.78941069
913.45672836 0.18021474 0.76198640
914.45722861 0.17817536 0.75882941
915.45772886 0.17543886 0.75452446
916.45822911 0.17456398 0.75508135
917.45872936 0.17432619 0.75476645
918.45922961 0.17335860 0.75456865
919.45972986 0.16783881 0.74131878
920.46023012 0.16620963 0.73824876
921.46073037 0.16589059 0.74794848
922.46123062 0.16555360 0.74051718
923.46173087 0.16419960 0.73773526
924.46223112 0.16474540 0.74050393
925.46273137 0.16157566 0.72929343
926.46323162 0.15775418 0.71411396
927.46373187 0.15828027 0.71598260
928.46423212 0.15758158 0.71189436
929.46473237 0.15612784 0.70752144
930.46523262 0.15624376 0.71148952
931.46573287 0.15481038 0.70563655
932.46623312 0.15312500 0.69340750
933.46673337 0.15319133 0.69961747
934.46723362 0.14966015 0.69390367
935.46773387 0.14885869 0.68825394
936.46823412 0.15087395 0.69604447
937.46873437 0.15060832 0.70005502
938.46923462 0.14768264 0.69083484
939.46973487 0.14672990 0.69080970
940.47023512 0.14309316 0.68579211
941.47073537 0.14298480 0.68620622
942.47123562 0.14219336 0.68366365
943.47173587 0.14288474 0.68128347
944.47223612 0.14144757 0.67977114
945.47273637 0.14135364 0.67651630
946.47323662 0.14128193 0.67724749
947.47373687 0.14143101 0.68175750
948.47423712 0.13900960 0.67543332
949.47473737 0.13625179 0.66579116
950.47523762 0.13594745 0.66960464
951.47573787 0.13272979 0.66316421
952.47623812 0.13146329 0.65811898
953.47673837 0.13257765 0.65879468
954.47723862 0.13191683 0.65981271
955.47773887 0.13091625 0.65675250
956.47823912 0.12936213 0.65262362
957.47873937 0.12811151 0.65210147
958.47923962 0.12521412 0.64722177
959.47973987 0.12372226 0.64387575
960.48024012 0.12284372 0.64277924
961.48074037 0.12186260 0.64173598
962.48124062 0.12029577 0.63458572
963.48174087 0.11563098 0.61348282
964.48224112 0.11509638 0.61498431
965.48274137 0.11573180 0.61567751
966.48324162 0.11495535 0.61228737
967.48374187 0.11335667 0.61314079
968.48424212 0.11234093 0.60778575
969.48474237 0.11305425 0.61425156
970.48524262 0.11028404 0.60009816
971.48574287 0.11163357 0.60269138
972.48624312 0.11104078 0.59980751
973.48674337 0.11104236 0.60013106
974.48724362 0.11074906 0.60264160
975.48774387 0.11126164 0.60720202
976.48824412 0.11164667 0.61000541
977.48874437 0.11247995 0.60693787
978.48924462 0.11162399 0.60732996
979.48974487 0.11019438 0.60530523
980.49024512 0.10976350 0.60592296
981.49074537 0.10987321 0.60761749
982.49124562 0.10770678 0.59945336
983.49174587 0.10210825 0.58172593
984.49224612 0.10126745 0.58008391
985.49274637 0.09932498 0.57655722
986.49324662 0.09828713 0.57093025
987.49374687 0.09630818 0.54908819
988.49424712 0.09546642 0.54544837
989.49474737 0.09520387 0.54711040
990.49524762 0.09376376 0.54476646
991.49574787 0.09431714 0.54382672
992.49624812 0.09472596 0.54434031
993.49674837 0.09499015 0.54636536
994.49724862 0.09237842 0.54031997
995.49774887 0.09152415 0.53981802
996.49824912 0.09205765 0.54170377
997.49874937 0.09030756 0.53772123
998.49924962 0.08968524 0.53676851
999.49974987 0.08842344 0.50599124
1000.50025013 0.08841905 0.50268557
1001.50075038 0.08719264 0.49480304
1002.50125063 0.08662546 0.49615494
1003.50175088 0.08486364 0.49848663
1004.50225113 0.08455331 0.49784356
1005.50275138 0.08280898 0.49050784
1006.50325163 0.08358945 0.48972484
1007.50375188 0.08285551 0.49207278
1008.50425213 0.08228993 0.49337780
1009.50475238 0.08026399 0.48986891
1010.50525263 0.07890256 0.48659772
1011.50575288 0.08007607 0.49308405
1012.50625313 0.07910362 0.49245904
1013.50675338 0.08032968 0.49799920
1014.50725363 0.07899356 0.49651062
1015.50775388 0.07869543 0.49624036
1016.50825413 0.07782067 0.49408117
1017.50875438 0.07638913 0.49044247
1018.50925463 0.07616796 0.49260411
1019.50975488 0.07562167 0.49262393
1020.51025513 0.07492814 0.49194473
1021.51075538 0.07471165 0.48885642
1022.51125563 0.07424511 0.48764704
1023.51175588 0.07444790 0.48845051
1024.51225613 0.07225752 0.47345435
1025.51275638 0.07279304 0.47707186
1026.51325663 0.06946838 0.46805035
1027.51375688 0.06912439 0.46649677
1028.51425713 0.06845428 0.46701026
1029.51475738 0.06941563 0.46745078
1030.51525763 0.06864668 0.46682422
1031.51575788 0.06760497 0.46158475
1032.51625813 0.06727252 0.46393936
1033.51675838 0.06649590 0.46119190
1034.51725863 0.06708920 0.46438446
1035.51775888 0.06802119 0.47675517
1036.51825913 0.06752761 0.47330223
1037.51875938 0.06799741 0.47608506
1038.51925963 0.06710067 0.47197740
1039.51975988 0.06608446 0.46900561
1040.52026013 0.06744085 0.46674512
1041.52076038 0.06978609 0.47188473
1042.52126063 0.06879424 0.46588140
1043.52176088 0.06742392 0.46691717
1044.52226113 0.06676723 0.46480292
1045.52276138 0.06510756 0.46056186
1046.52326163 0.06644880 0.46290823
1047.52376188 0.06354606 0.44586263
1048.52426213 0.06527194 0.46062547
1049.52476238 0.06441068 0.45934341
1050.52526263 0.06414575 0.46043068
1051.52576288 0.06365110 0.46045407
1052.52626313 0.06209283 0.44851043
1053.52676338 0.06137221 0.44602033
1054.52726363 0.06140706 0.44945013
1055.52776388 0.06206926 0.44652390
1056.52826413 0.06360234 0.44868858
1057.52876438 0.06264570 0.44789591
1058.52926463 0.06193214 0.44542605
1059.52976488 0.05956002 0.43694799
1060.53026513 0.05849058 0.43504611
1061.53076538 0.05856573 0.43473537
1062.53126563 0.05823264 0.43405433
1063.53176588 0.05720700 0.43026372
1064.53226613 0.05772176 0.42875184
1065.53276638 0.05730586 0.42895936
1066.53326663 0.05507384 0.42393208
1067.53376688 0.05384019 0.42348067
1068.53426713 0.05406077 0.42422329
1069.53476738 0.05394673 0.42368612
1070.53526763 0.05352947 0.42356131
1071.53576788 0.05224247 0.42270310
1072.53626813 0.05156646 0.42104762
1073.53676838 0.04882412 0.41190915
1074.53726863 0.04966122 0.41404773
1075.53776888 0.05050432 0.41413484
1076.53826913 0.05082268 0.41420766
1077.53876938 0.04965235 0.41263809
1078.53926963 0.04858897 0.41232965
1079.53976988 0.04754116 0.41027088
1080.54027014 0.04765135 0.41114158
1081.54077039 0.04669485 0.41029923
1082.54127064 0.04569804 0.40957083
1083.54177089 0.04616951 0.41102003
1084.54227114 0.04586392 0.41073527
1085.54277139 0.04524035 0.40944726
1086.54327164 0.04543685 0.41052938
1087.54377189 0.04575309 0.41205905
1088.54427214 0.04474870 0.41003652
1089.54477239 0.04353155 0.40772365
1090.54527264 0.04352632 0.40858018
1091.54577289 0.04366949 0.40840856
1092.54627314 0.04330626 0.40756081
1093.54677339 0.04348736 0.40746165
1094.54727364 0.04345040 0.40657702
1095.54777389 0.04388401 0.40727187
1096.54827414 0.04408252 0.40850813
1097.54877439 0.04509354 0.41031076
1098.54927464 0.04480185 0.40960482
1099.54977489 0.04382991 0.40802805
1100.55027514 0.04309954 0.40833062
1101.55077539 0.04246417 0.40692714
1102.55127564 0.04120318 0.40585142
1103.55177589 0.04315784 0.40193222
1104.55227614 0.04372882 0.40319195
1105.55277639 0.04542854 0.40469915
1106.55327664 0.04570450 0.40563608
1107.55377689 0.04599749 0.40581048
1108.55427714 0.04520848 0.40295749
1109.55477739 0.04515128 0.40642591
1110.55527764 0.04484381 0.40519031
1111.55577789 0.04465177 0.40493015
1112.55627814 0.04382173 0.40455614
1113.55677839 0.04239076 0.40070341
1114.55727864 0.04308919 0.40214841
1115.55777889 0.04331316 0.40367855
1116.55827914 0.04445604 0.40584693
1117.55877939 0.04316661 0.40204839
1118.55927964 0.04371360 0.40461306
1119.55977989 0.04343766 0.40337589
1120.56028014 0.04282937 0.40183710
1121.56078039 0.04235916 0.40399803
1122.56128064 0.04157115 0.40207500
1123.56178089 0.04144245 0.40170436
1124.56228114 0.04168362 0.40304175
1125.56278139 0.04130211 0.40012914
1126.56328164 0.04023160 0.39612379
1127.56378189 0.04012971 0.39692406
1128.56428214 0.03948194 0.39452435
1129.56478239 0.03935989 0.39557362
1130.56528264 0.03985890 0.39629045
1131.56578289 0.03913256 0.39450597
1132.56628314 0.03898177 0.39497139
1133.56678339 0.03898521 0.39486931
1134.56728364 0.03820836 0.39412419
1135.56778389 0.03740589 0.39235298
1136.56828414 0.03716898 0.39190680
1137.56878439 0.03664404 0.39196359
1138.56928464 0.03660923 0.39162983
1139.56978489 0.03665687 0.39199983
1140.57028514 0.03626864 0.39145906
1141.57078539 0.03559708 0.38945636
1142.57128564 0.03427842 0.38826009
1143.57178589 0.03471638 0.38717661
1144.57228614 0.03447182 0.38660929
1145.57278639 0.03419796 0.38673769
1146.57328664 0.03333768 0.38624631
1147.57378689 0.03351661 0.38652958
1148.57428714 0.03367171 0.38664559
1149.57478739 0.03310734 0.38630817
1150.57528764 0.03320980 0.38623403
1151.57578789 0.03310295 0.38613381
1152.57628814 0.03302917 0.38704410
1153.57678839 0.03244654 0.38579009
1154.57728864 0.03215370 0.38540916
1155.57778889 0.03241103 0.38619660
1156.57828914 0.03172467 0.38537147
1157.57878939 0.03062183 0.38400765
1158.57928964 0.03059499 0.38486544
1159.57978989 0.03073943 0.38473122
1160.58029015 0.03094719 0.38443566
1161.58079040 0.03094831 0.38501303
1162.58129065 0.03063912 0.38522111
1163.58179090 0.03100987 0.38487206
1164.58229115 0.03128392 0.38547589
1165.58279140 0.03136457 0.38556543
1166.58329165 0.03109368 0.38491976
1167.58379190 0.03159172 0.38536509
1168.58429215 0.03151354 0.38527864
1169.58479240 0.03122565 0.38496640
1170.58529265 0.03088021 0.38535836
1171.58579290 0.03086630 0.38561490
1172.58629315 0.03060200 0.38498356
1173.58679340 0.03106574 0.38562840
1174.58729365 0.03069302 0.38575680
1175.58779390 0.03000265 0.38482843
1176.58829415 0.03167338 0.38692064
1177.58879440 0.03249070 0.38845424
1178.58929465 0.03317277 0.38865096
1179.58979490 0.03290159 0.38884486
1180.59029515 0.03193490 0.38896240
1181.59079540 0.03209900 0.38909500
1182.59129565 0.03165583 0.38772460
1183.59179590 0.03191595 0.38926121
1184.59229615 0.03134958 0.38864506
1185.59279640 0.03145043 0.38874524
1186.59329665 0.03132271 0.38852704
1187.59379690 0.03022357 0.38491366
1188.59429715 0.03064151 0.38562900
1189.59479740 0.02963258 0.38562316
1190.59529765 0.02961370 0.38495457
1191.59579790 0.02982924 0.38498864
1192.59629815 0.03007839 0.38604472
1193.59679840 0.03003414 0.38590217
1194.59729865 0.03036192 0.38587705
1195.59779890 0.03012247 0.38611165
1196.59829915 0.03033178 0.38670124
1197.59879940 0.03031822 0.38652945
1198.59929965 0.03007715 0.38644866
1199.59979990 0.02995944 0.38667422
1200.60030015 0.03043017 0.38662480
1201.60080040 0.03070279 0.38661347
1202.60130065 0.03040326 0.38703489
1203.60180090 0.03035572 0.38658728
1204.60230115 0.03019726 0.38683953
1205.60280140 0.03011690 0.38715353
1206.60330165 0.03149221 0.38847356
1207.60380190 0.03105435 0.38844843
1208.60430215 0.03219633 0.38943405
1209.60480240 0.03266851 0.38962183
1210.60530265 0.03228635 0.38901557
1211.60580290 0.03191142 0.38841017
1212.60630315 0.03190034 0.38849562
1213.60680340 0.03426327 0.39042659
1214.60730365 0.03424267 0.39090770
1215.60780390 0.03389256 0.39075232
1216.60830415 0.03438139 0.39122710
1217.60880440 0.03399300 0.39153325
1218.60930465 0.03327578 0.39063395
1219.60980490 0.03216127 0.38949159
1220.61030515 0.03176747 0.38945700
1221.61080540 0.03183642 0.38994364
1222.61130565 0.03212849 0.39015698
1223.61180590 0.03206733 0.39008625
1224.61230615 0.03209701 0.39033915
1225.61280640 0.03297691 0.39075360
1226.61330665 0.03354943 0.39147858
1227.61380690 0.03211773 0.39022276
1228.61430715 0.03156111 0.38934663
1229.61480740 0.03165204 0.38952687
1230.61530765 0.03140967 0.38948501
1231.61580790 0.03266055 0.39042646
1232.61630815 0.03195809 0.39025745
1233.61680840 0.03169046 0.39015983
1234.61730865 0.03237561 0.39035190
1235.61780890 0.03197592 0.39059738
1236.61830915 0.03114985 0.38966698
1237.61880940 0.03095144 0.38956298
1238.61930965 0.03034150 0.38976708
1239.61980990 0.03020843 0.38945213
1240.62031016 0.03008530 0.38946041
1241.62081041 0.02951255 0.38858318
1242.62131066 0.02932217 0.38910714
1243.62181091 0.02945164 0.38900756
1244.62231116 0.02924521 0.38880966
1245.62281141 0.02911946 0.38916121
1246.62331166 0.02947867 0.39003201
1247.62381191 0.03054380 0.39096124
1248.62431216 0.03087716 0.39142149
1249.62481241 0.03050824 0.39135757
1250.62531266 0.03081846 0.39222365
1251.62581291 0.02985866 0.39069019
1252.62631316 0.02991915 0.38999773
1253.62681341 0.02923988 0.38985338
1254.62731366 0.02908195 0.39057415
1255.62781391 0.02896712 0.39092422
1256.62831416 0.02866408 0.38941651
1257.62881441 0.02882896 0.39040210
1258.62931466 0.02858362 0.39047631
1259.62981491 0.02771306 0.38928750
1260.63031516 0.02915844 0.39140629
1261.63081541 0.02921716 0.39174078
1262.63131566 0.02947443 0.39204352
1263.63181591 0.02872517 0.39100448
1264.63231616 0.02871773 0.39164416
1265.63281641 0.02910360 0.39167351
1266.63331666 0.02881517 0.39066776
1267.63381691 0.02816903 0.39099156
1268.63431716 0.02754438 0.39059677
1269.63481741 0.02727785 0.39065060
1270.63531766 0.02686405 0.39035967
1271.63581791 0.02778342 0.39112571
1272.63631816 0.02772574 0.39098345
1273.63681841 0.02682766 0.39029867
1274.63731866 0.02659392 0.38984935
1275.63781891 0.02668821 0.39001882
1276.63831916 0.02681209 0.39006287
1277.63881941 0.02679012 0.39013133
1278.63931966 0.02672306 0.39018770
1279.63981991 0.02668541 0.39086369
1280.64032016 0.02644883 0.39054978
1281.64082041 0.02673498 0.39070442
1282.64132066 0.02636785 0.39070283
1283.64182091 0.02777052 0.39201435
1284.64232116 0.02729496 0.39161823
1285.64282141 0.02733069 0.39198436
1286.64332166 0.02937482 0.39391887
1287.64382191 0.02942906 0.39425564
1288.64432216 0.02907575 0.39417965
1289.64482241 0.02932710 0.39467062
1290.64532266 0.02944430 0.39521608
1291.64582291 0.02864675 0.39408435
1292.64632316 0.02739783 0.39205041
1293.64682341 0.02703166 0.39131610
1294.64732366 0.02660752 0.39123184
1295.64782391 0.02684872 0.39158736
1296.64832416 0.02649555 0.39113581
1297.64882441 0.02602992 0.39076949
1298.64932466 0.02629975 0.39087332
1299.64982491 0.02498704 0.38935353
1300.65032516 0.02480281 0.38961069
1301.65082541 0.02388644 0.38923887
1302.65132566 0.02379515 0.38900913
1303.65182591 0.02375062 0.38899450
1304.65232616 0.02358648 0.38933392
1305.65282641 0.02370008 0.38970404
1306.65332666 0.02348797 0.38966124
1307.65382691 0.02347109 0.39014032
1308.65432716 0.02333477 0.38988183
1309.65482741 0.02337561 0.39023611
1310.65532766 0.02282067 0.38969645
1311.65582791 0.02342245 0.39009806
1312.65632816 0.02359925 0.39038900
1313.65682841 0.02359027 0.39056233
1314.65732866 0.02317662 0.39017121
1315.65782891 0.02327912 0.38978307
1316.65832916 0.02330227 0.38981315
1317.65882941 0.02335309 0.39010967
1318.65932966 0.02315319 0.38968895
1319.65982991 0.02279467 0.38987086
1320.66033017 0.02049541 0.33445666
1321.66083042 0.01929282 0.29623980
1322.66133067 0.01923127 0.29314227
1323.66183092 0.01889701 0.29766575
1324.66233117 0.01854526 0.29700729
1325.66283142 0.01907315 0.27348154
1326.66333167 0.01897994 0.26700345
1327.66383192 0.01729045 0.23536445
1328.66433217 0.01516947 0.22968273
1329.66483242 0.01473000 0.22419490
1330.66533267 0.01478801 0.22471740
1331.66583292 0.01476056 0.22403755
1332.66633317 0.01443138 0.21888022
1333.66683342 0.01457884 0.22201480
1334.66733367 0.01439705 0.21879595
1335.66783392 0.01457266 0.21488334
1336.66833417 0.01456309 0.20983112
1337.66883442 0.01440933 0.21119875
1338.66933467 0.01392425 0.20826405
1339.66983492 0.01382772 0.20908535
1340.67033517 0.01368546 0.20375916
1341.67083542 0.01413258 0.18232687
1342.67133567 0.01393586 0.18610302
1343.67183592 0.01385190 0.19063606
1344.67233617 0.01319067 0.17221431
1345.67283642 0.01385808 0.18506851
1346.67333667 0.01367823 0.18017747
1347.67383692 0.01290097 0.17807288
1348.67433717 0.01274297 0.18160686
1349.67483742 0.01323910 0.18266444
1350.67533767 0.01507391 0.18542970
1351.67583792 0.01432676 0.15786512
1352.67633817 0.01471794 0.16140460
1353.67683842 0.01409786 0.16039935
1354.67733867 0.01249706 0.13527983
1355.67783892 0.01208822 0.12893966
1356.67833917 0.01161496 0.12548468
1357.67883942 0.01116742 0.12034783
1358.67933967 0.01090447 0.12074460
1359.67983992 0.01044236 0.11579951
1360.68034017 0.01043595 0.11398314
1361.68084042 0.01083824 0.11545972
1362.68134067 0.01046279 0.11124151
1363.68184092 0.01023435 0.11066587
1364.68234117 0.01001830 0.10859457
1365.68284142 0.00957328 0.10285348
1366.68334167 0.00923139 0.10184923
1367.68384192 0.00834978 0.09756423
1368.68434217 0.00827619 0.09578671
1369.68484242 0.00829680 0.09407734
1370.68534267 0.00845238 0.09370581
1371.68584292 0.00862647 0.09287327
1372.68634317 0.00851189 0.09078236
1373.68684342 0.00908308 0.09162410
1374.68734367 0.00902698 0.09030657
1375.68784392 0.00867652 0.08876823
1376.68834417 0.00833945 0.08673269
1377.68884442 0.00812123 0.08401024
1378.68934467 0.00833014 0.08480697
1379.68984492 0.00845508 0.08448723
1380.69034517 0.00874645 0.08389353
1381.69084542 0.00879240 0.08277952
1382.69134567 0.00962346 0.08427685
1383.69184592 0.00973064 0.08401324
1384.69234617 0.01060593 0.08783755
1385.69284642 0.01205663 0.09607296
1386.69334667 0.01117273 0.09146227
1387.69384692 0.01082571 0.08804641
1388.69434717 0.00996641 0.08224229
1389.69484742 0.00965569 0.08059768
1390.69534767 0.00953365 0.08090717
1391.69584792 0.00966752 0.08107458
1392.69634817 0.00967316 0.06760481
1393.69684842 0.01057557 0.07041110
1394.69734867 0.01089603 0.07227627
1395.69784892 0.01032490 0.07212093
1396.69834917 0.00975001 0.06817413
1397.69884942 0.00954240 0.06233863
1398.69934967 0.00947618 0.06319573
1399.69984992 0.00908751 0.06193624
1400.70035018 0.00871308 0.06005152
1401.70085043 0.00899865 0.06223051
1402.70135068 0.00910807 0.06254525
1403.70185093 0.01045498 0.07062877
1404.70235118 0.01014161 0.07152182
1405.70285143 0.00968543 0.06868277
1406.70335168 0.00886744 0.06383779
1407.70385193 0.00933710 0.06468454
1408.70435218 0.00917735 0.06523074
1409.70485243 0.00936506 0.06451989
1410.70535268 0.01004429 0.06643261
1411.70585293 0.01027292 0.06595241
1412.70635318 0.01000200 0.06535810
1413.70685343 0.00984317 0.06439398
1414.70735368 0.00966769 0.06375671
1415.70785393 0.00937898 0.06353040
1416.70835418 0.00906416 0.06161453
1417.70885443 0.00907763 0.06037622
1418.70935468 0.01148207 0.07363523
1419.70985493 0.01195371 0.07646473
1420.71035518 0.01141702 0.07557242
1421.71085543 0.01130134 0.07347855
1422.71135568 0.01105234 0.07450555
1423.71185593 0.01167259 0.07734523
1424.71235618 0.01191944 0.07834870
1425.71285643 0.01142987 0.07496427
1426.71335668 0.01123698 0.07441294
1427.71385693 0.01135742 0.07492969
1428.71435718 0.01084365 0.07145709
1429.71485743 0.01019714 0.06520976
1430.71535768 0.00993007 0.06282534
1431.71585793 0.00881005 0.05711367
1432.71635818 0.00848393 0.05564865
1433.71685843 0.00848532 0.05681704
1434.71735868 0.00846655 0.05722396
1435.71785893 0.00842112 0.05607523
1436.71835918 0.00833048 0.05482467
1437.71885943 0.00821999 0.05496618
1438.71935968 0.00793626 0.05449744
1439.71985993 0.00798757 0.05651905
1440.72036018 0.00785077 0.05464049
1441.72086043 0.00739954 0.05080696
1442.72136068 0.00707706 0.04858369
1443.72186093 0.00846301 0.05899419
1444.72236118 0.00778611 0.05209671
1445.72286143 0.00786005 0.05303276
1446.72336168 0.00686615 0.04705164
1447.72386193 0.00704530 0.04864095
1448.72436218 0.00707324 0.04657136
1449.72486243 0.00686654 0.04593144
1450.72536268 0.00657767 0.04252676
1451.72586293 0.00535531 0.03161950
1452.72636318 0.00554971 0.03255970
1453.72686343 0.00569459 0.03456800
1454.72736368 0.00543026 0.03143461
1455.72786393 0.00491343 0.02813575
1456.72836418 0.00535813 0.03855159
1457.72886443 0.00546815 0.03736548
1458.72936468 0.00502585 0.03199761
1459.72986493 0.00506656 0.03236741
1460.73036518 0.00519415 0.03444890
1461.73086543 0.00504754 0.02944989
1462.73136568 0.00714397 0.04869482
1463.73186593 0.00641078 0.04214616
1464.73236618 0.00682393 0.04694400
1465.73286643 0.00715491 0.04831222
1466.73336668 0.00741039 0.04770287
1467.73386693 0.00741700 0.04763242
1468.73436718 0.00707508 0.04656983
1469.73486743 0.00701530 0.04491272
1470.73536768 0.00715389 0.04488440
1471.73586793 0.00697290 0.04500020
1472.73636818 0.00651610 0.04247518
1473.73686843 0.00672256 0.04364585
1474.73736868 0.00706199 0.04598022
1475.73786893 0.00725916 0.04726801
1476.73836918 0.00704968 0.04517194
1477.73886943 0.00722926 0.04649549
1478.73936968 0.00699178 0.04722549
1479.73986993 0.00739526 0.04787926
1480.74037019 0.00763916 0.04889650
1481.74087044 0.00758844 0.05152244
1482.74137069 0.00688129 0.04579132
1483.74187094 0.00628727 0.03909823
1484.74237119 0.00675034 0.04204547
1485.74287144 0.00667337 0.04196579
1486.74337169 0.00584388 0.03314582
1487.74387194 0.00523835 0.02814357
1488.74437219 0.00549606 0.03146313
1489.74487244 0.00558658 0.03350742
1490.74537269 0.00541361 0.03426843
1491.74587294 0.00542136 0.03556863
1492.74637319 0.00719001 0.05055277
1493.74687344 0.00733448 0.05115225
1494.74737369 0.00789997 0.05462225
1495.74787394 0.00826427 0.05488406
1496.74837419 0.00820718 0.05342704
1497.74887444 0.00805849 0.05197347
1498.74937469 0.00786091 0.05062055
1499.74987494 0.00811688 0.05052574
1500.75037519 0.00828753 0.05062375
1501.75087544 0.01008516 0.06459327
1502.75137569 0.00988160 0.06424538
1503.75187594 0.01048655 0.06826583
1504.75237619 0.01022759 0.06790107
1505.75287644 0.00959003 0.06382326
1506.75337669 0.00970874 0.06535234
1507.75387694 0.01090562 0.07181861
1508.75437719 0.01037314 0.06672558
1509.75487744 0.01060553 0.06495522
1510.75537769 0.00989281 0.05882173
1511.75587794 0.01022256 0.06223042
1512.75637819 0.00991918 0.06226632
1513.75687844 0.00986877 0.05990426
1514.75737869 0.01023160 0.06092915
1515.75787894 0.01099712 0.07061271
1516.75837919 0.01079962 0.07200889
1517.75887944 0.01126711 0.07157041
1518.75937969 0.01098756 0.07041878
1519.75987994 0.01059847 0.06947999
1520.76038019 0.01040342 0.06929441
1521.76088044 0.01022345 0.06758757
1522.76138069 0.01019890 0.06756035
1523.76188094 0.00972792 0.06600476
1524.76238119 0.01123828 0.07372201
1525.76288144 0.01136919 0.07553766
1526.76338169 0.01129942 0.07408911
1527.76388194 0.01084669 0.07105867
1528.76438219 0.01076025 0.07260658
1529.76488244 0.01119790 0.07467190
1530.76538269 0.01073505 0.06952375
1531.76588294 0.01035191 0.06622457
1532.76638319 0.01011513 0.06426913
1533.76688344 0.01006442 0.06378327
1534.76738369 0.00963319 0.06106197
1535.76788394 0.00864788 0.05436203
1536.76838419 0.00830500 0.05303583
1537.76888444 0.00790837 0.05139442
1538.76938469 0.00799492 0.05307407
1539.76988494 0.00770999 0.05217122
1540.77038519 0.00760250 0.05087161
1541.77088544 0.00785498 0.05231959
1542.77138569 0.00822743 0.05141069
1543.77188594 0.00863391 0.05425039
1544.77238619 0.00839027 0.05368538
1545.77288644 0.00798485 0.05136597
1546.77338669 0.00812111 0.05245080
1547.77388694 0.00825957 0.05314226
1548.77438719 0.00787184 0.05168535
1549.77488744 0.00772942 0.05087848
1550.77538769 0.00725375 0.04903356
1551.77588794 0.00694999 0.04847568
1552.77638819 0.00657032 0.04574203
1553.77688844 0.00684569 0.04680291
1554.77738869 0.00733683 0.04863909
1555.77788894 0.00714859 0.04509404
1556.77838919 0.00692369 0.04267241
1557.77888944 0.00689279 0.04243342
1558.77938969 0.00656115 0.03918868
1559.77988994 0.00660696 0.03825800
1560.78039020 0.00664263 0.03834320
1561.78089045 0.00673431 0.04109214
1562.78139070 0.00636434 0.04098334
1563.78189095 0.00664807 0.04004050
1564.78239120 0.00734174 0.04265990
1565.78289145 0.00885987 0.05830180
1566.78339170 0.00889801 0.05655146
1567.78389195 0.00890767 0.05579785
1568.78439220 0.00862966 0.05537207
1569.78489245 0.00848119 0.05485596
1570.78539270 0.00776148 0.05088270
1571.78589295 0.00793896 0.05189327
1572.78639320 0.00813495 0.05314295
1573.78689345 0.00768283 0.05020475
1574.78739370 0.00743701 0.04944339
1575.78789395 0.00723057 0.04992723
1576.78839420 0.00800367 0.05303605
1577.78889445 0.00886109 0.05677002
1578.78939470 0.00829785 0.05457071
1579.78989495 0.00775284 0.05171655
1580.79039520 0.00807280 0.05181467
1581.79089545 0.00804325 0.05057205
1582.79139570 0.00804123 0.05140998
1583.79189595 0.00782869 0.05066145
1584.79239620 0.00742369 0.04787773
1585.79289645 0.00727914 0.04744871
1586.79339670 0.00706781 0.04743555
1587.79389695 0.00689880 0.04693567
1588.79439720 0.00663353 0.04725279
1589.79489745 0.00670331 0.04665196
1590.79539770 0.00687406 0.04587202
1591.79589795 0.00710838 0.04733292
1592.79639820 0.00809459 0.05439643
1593.79689845 0.00849486 0.05694082
1594.79739870 0.01120184 0.07317706
1595.79789895 0.01114308 0.07112295
1596.79839920 0.01271401 0.07965382
1597.79889945 0.01249871 0.07894410
1598.79939970 0.01162166 0.07366116
1599.79989995 0.01174451 0.07691909
1600.80040020 0.01140166 0.07451609
1601.80090045 0.01151825 0.07665206
1602.80140070 0.01208237 0.08091690
1603.80190095 0.01216639 0.07897513
1604.80240120 0.01354421 0.08490425
1605.80290145 0.01324004 0.08379351
1606.80340170 0.01293301 0.08358698
1607.80390195 0.01231971 0.07908653
1608.80440220 0.01201907 0.07577007
1609.80490245 0.01190586 0.07246366
1610.80540270 0.01152337 0.06920839
1611.80590295 0.01135421 0.06914635
1612.80640320 0.01168182 0.07245519
1613.80690345 0.01141869 0.07185215
1614.80740370 0.01087216 0.06925768
1615.80790395 0.01046296 0.06771281
1616.80840420 0.00922188 0.06018103
1617.80890445 0.00887175 0.05764248
1618.80940470 0.00869537 0.05635545
1619.80990495 0.00879807 0.05581673
1620.81040520 0.01077357 0.06972417
1621.81090545 0.01249454 0.08072215
1622.81140570 0.01263194 0.08133358
1623.81190595 0.01239209 0.08150363
1624.81240620 0.01243024 0.08581325
1625.81290645 0.01234630 0.08752928
1626.81340670 0.01372413 0.09208200
1627.81390695 0.01506764 0.09694366
1628.81440720 0.01504159 0.09819097
1629.81490745 0.01455152 0.09350382
1630.81540770 0.01476228 0.09367686
1631.81590795 0.01517096 0.09651555
1632.81640820 0.01469484 0.09320006
1633.81690845 0.01402143 0.09029351
1634.81740870 0.01372831 0.09171790
1635.81790895 0.01360342 0.09041517
1636.81840920 0.01339945 0.08856908
1637.81890945 0.01487502 0.09539330
1638.81940970 0.01467402 0.09420979
1639.81990995 0.01427165 0.09212482
1640.82041021 0.01640369 0.10074019
1641.82091046 0.01686450 0.10473876
1642.82141071 0.01665108 0.10351427
1643.82191096 0.01617280 0.10110440
1644.82241121 0.01522123 0.09375663
1645.82291146 0.01519160 0.09418201
1646.82341171 0.01517185 0.09387724
1647.82391196 0.01469045 0.09185924
1648.82441221 0.01476932 0.09147053
1649.82491246 0.01487095 0.09154679
1650.82541271 0.01444552 0.08566787
1651.82591296 0.01469080 0.08699194
1652.82641321 0.01561458 0.08881841
1653.82691346 0.01519177 0.08674019
1654.82741371 0.01493663 0.08646925
1655.82791396 0.01441926 0.08531311
1656.82841421 0.01314619 0.07674581
1657.82891446 0.01290307 0.07802533
1658.82941471 0.01238598 0.07549885
1659.82991496 0.01238904 0.07528529
1660.83041521 0.01268663 0.07742717
1661.83091546 0.01254331 0.07692375
1662.83141571 0.01247640 0.07572433
1663.83191596 0.01256305 0.07619784
1664.83241621 0.01192295 0.07519367
1665.83291646 0.01159671 0.07499432
1666.83341671 0.01171919 0.07415421
1667.83391696 0.01169488 0.07374766
1668.83441721 0.01145777 0.07250238
1669.83491746 0.01358184 0.08376722
1670.83541771 0.01427498 0.08858554
1671.83591796 0.01425524 0.08869361
1672.83641821 0.01376752 0.08637954
1673.83691846 0.01380894 0.08785194
1674.83741871 0.01430586 0.09364156
1675.83791896 0.01358254 0.08703015
1676.83841921 0.01194917 0.06832115
1677.83891946 0.01229837 0.07039790
1678.83941971 0.01276099 0.07426354
1679.83991996 0.01331716 0.07649184
1680.84042021 0.01308302 0.07456691
1681.84092046 0.01292559 0.07408051
1682.84142071 0.01259559 0.07309170
1683.84192096 0.01147029 0.06814948
1684.84242121 0.01109952 0.06526417
1685.84292146 0.01101389 0.06470168
1686.84342171 0.01059379 0.06313277
1687.84392196 0.00965790 0.05915969
1688.84442221 0.00973297 0.05923025
1689.84492246 0.01001047 0.06005231
1690.84542271 0.00950500 0.05845313
1691.84592296 0.00946149 0.05854256
1692.84642321 0.00936816 0.05853778
1693.84692346 0.00892802 0.05718897
1694.84742371 0.00869857 0.05619764
1695.84792396 0.01098259 0.07344450
1696.84842421 0.01097955 0.07644746
1697.84892446 0.01097308 0.07628741
1698.84942471 0.01195783 0.08025145
1699.84992496 0.01213849 0.08074563
1700.85042521 0.01209842 0.08195086
1701.85092546 0.01149496 0.07703544
1702.85142571 0.01120077 0.07430999
1703.85192596 0.01228782 0.07908961
1704.85242621 0.01303908 0.08445343
1705.85292646 0.01303214 0.08528599
1706.85342671 0.01268412 0.08387965
1707.85392696 0.01228007 0.08144602
1708.85442721 0.01214482 0.08131477
1709.85492746 0.01472233 0.09262834
1710.85542771 0.01443401 0.09318697
1711.85592796 0.01636185 0.10477041
1712.85642821 0.01612876 0.10481259
1713.85692846 0.01546999 0.10036339
1714.85742871 0.01571100 0.09987306
1715.85792896 0.01623811 0.10153502
1716.85842921 0.01623718 0.10457138
1717.85892946 0.01550038 0.09827785
1718.85942971 0.01639323 0.10563508
1719.85992996 0.01661647 0.10666894
1720.86043022 0.01667786 0.10590225
1721.86093047 0.01609948 0.10415607
1722.86143072 0.01563798 0.10348308
1723.86193097 0.01564323 0.10450745
1724.86243122 0.01602123 0.10670290
1725.86293147 0.01512783 0.09830815
1726.86343172 0.01533750 0.09780250
1727.86393197 0.01541335 0.10267965
1728.86443222 0.01556676 0.10665314
1729.86493247 0.01520314 0.10125298
1730.86543272 0.01479380 0.09779331
1731.86593297 0.01454568 0.09870625
1732.86643322 0.01415170 0.09785128
1733.86693347 0.01446490 0.10026630
1734.86743372 0.01432269 0.10000910
1735.86793397 0.01419794 0.10124510
1736.86843422 0.01372260 0.09665002
1737.86893447 0.01425512 0.09834428
1738.86943472 0.01475247 0.10084975
1739.86993497 0.01426046 0.09776360
1740.87043522 0.01595281 0.10412355
1741.87093547 0.01619820 0.10604279
1742.87143572 0.01622016 0.10764681
1743.87193597 0.01545104 0.10503838
1744.87243622 0.01504783 0.10199192
1745.87293647 0.01447207 0.10040135
1746.87343672 0.01471806 0.10452904
1747.87393697 0.01479636 0.10572175
1748.87443722 0.01449079 0.10280540
1749.87493747 0.01339971 0.09129048
1750.87543772 0.01308869 0.08955121
1751.87593797 0.01286472 0.08874508
1752.87643822 0.01298412 0.09079669
1753.87693847 0.01277931 0.09126588
1754.87743872 0.01275834 0.09133064
1755.87793897 0.01232115 0.08573342
1756.87843922 0.01416671 0.09488838
1757.87893947 0.01408801 0.09270480
1758.87943972 0.01393750 0.09160085
1759.87993997 0.01362583 0.09085039
1760.88044022 0.01338614 0.08987674
1761.88094047 0.01290251 0.08673985
1762.88144072 0.01207363 0.08281028
1763.88194097 0.01229197 0.08217879
1764.88244122 0.01300720 0.08514913
1765.88294147 0.01276923 0.08532876
1766.88344172 0.01271578 0.08326692
1767.88394197 0.01310011 0.08422534
1768.88444222 0.01290752 0.08220022
1769.88494247 0.01245371 0.07984091
1770.88544272 0.01219393 0.07793336
1771.88594297 0.01170248 0.07301404
1772.88644322 0.01192511 0.07383627
1773.88694347 0.01150041 0.07196436
1774.88744372 0.01082967 0.07008135
1775.88794397 0.01047565 0.06905125
1776.88844422 0.01091640 0.06903327
1777.88894447 0.01085091 0.06776320
1778.88944472 0.01007134 0.06534098
1779.88994497 0.00967191 0.06417695
1780.89044522 0.01011937 0.06517322
1781.89094547 0.01018892 0.06375432
1782.89144572 0.01031344 0.06748231
1783.89194597 0.00984981 0.06582838
1784.89244622 0.00915309 0.06035003
1785.89294647 0.00903271 0.06131571
1786.89344672 0.00891083 0.06259314
1787.89394697 0.00824992 0.05525759
1788.89444722 0.00762417 0.05086998
1789.89494747 0.00780406 0.05359750
1790.89544772 0.00742468 0.04897265
1791.89594797 0.00758214 0.05027430
1792.89644822 0.00766718 0.05204937
1793.89694847 0.00719656 0.04865442
1794.89744872 0.00672534 0.04465721
1795.89794897 0.00677098 0.04606130
1796.89844922 0.00685103 0.04493290
1797.89894947 0.00821123 0.05513311
1798.89944972 0.00822644 0.05499850
1799.89994997 0.01003763 0.06756548
1800.90045023 0.00997726 0.06866023
1801.90095048 0.00941274 0.06358556
1802.90145073 0.01199710 0.08094409
1803.90195098 0.01288862 0.09001298
1804.90245123 0.01250831 0.08732257
1805.90295148 0.01235919 0.08641999
1806.90345173 0.01427472 0.09531846
1807.90395198 0.01487311 0.09913138
1808.90445223 0.01511734 0.09656829
1809.90495248 0.01608424 0.09866383
1810.90545273 0.01562751 0.09448796
1811.90595298 0.01571337 0.09548148
1812.90645323 0.01552546 0.09471757
1813.90695348 0.01498515 0.09177083
1814.90745373 0.01401457 0.08832564
1815.90795398 0.01374857 0.08836337
1816.90845423 0.01389811 0.09138346
1817.90895448 0.01341515 0.09026150
1818.90945473 0.01353490 0.08946361
1819.90995498 0.01340263 0.08919324
1820.91045523 0.01490906 0.09595837
1821.91095548 0.01599684 0.09923019
1822.91145573 0.01542630 0.09551100
1823.91195598 0.01695709 0.10290682
1824.91245623 0.01661527 0.10005386
1825.91295648 0.01645355 0.09934455
1826.91345673 0.01545713 0.09568254
1827.91395698 0.01571160 0.09507825
1828.91445723 0.01627727 0.09831036
1829.91495748 0.01806387 0.10564107
1830.91545773 0.01717259 0.10073680
1831.91595798 0.01642934 0.09665545
1832.91645823 0.01577591 0.09497476
1833.91695848 0.01473432 0.09110714
1834.91745873 0.01484050 0.08949571
1835.91795898 0.01417944 0.08395233
1836.91845923 0.01434294 0.08553888
1837.91895948 0.01381181 0.08472137
1838.91945973 0.01340999 0.08189313
1839.91995998 0.01304781 0.07960688
1840.92046023 0.01243195 0.07710136
1841.92096048 0.01221386 0.07623272
1842.92146073 0.01241490 0.07645220
1843.92196098 0.01206609 0.07460032
1844.92246123 0.01248529 0.07757417
1845.92296148 0.01207350 0.07315266
1846.92346173 0.01159042 0.06863616
1847.92396198 0.01065205 0.06658156
1848.92446223 0.01038827 0.06518734
1849.92496248 0.00991524 0.06183535
1850.92546273 0.01022519 0.06376399
1851.92596298 0.00969804 0.06041144
1852.92646323 0.01163792 0.07184409
1853.92696348 0.01161022 0.07106123
1854.92746373 0.01112317 0.06758294
1855.92796398 0.01069097 0.06468551
1856.92846423 0.01052175 0.06356786
1857.92896448 0.01065634 0.06419381
1858.92946473 0.01027017 0.06281127
1859.92996498 0.00974978 0.06099921
1860.93046523 0.00989610 0.06371328
1861.93096548 0.01004775 0.06343753
1862.93146573 0.00932763 0.06000960
1863.93196598 0.00982532 0.06060592
1864.93246623 0.00976754 0.06043946
1865.93296648 0.00969069 0.06247292
1866.93346673 0.00961481 0.06299247
1867.93396698 0.00953403 0.05999475
1868.93446723 0.00924584 0.05662225
1869.93496748 0.00913745 0.05802083
1870.93546773 0.01051790 0.06840410
1871.93596798 0.00997956 0.06435177
1872.93646823 0.00908501 0.05765932
1873.93696848 0.00871754 0.05354126
1874.93746873 0.00941080 0.05740405
1875.93796898 0.01121190 0.06714341
1876.93846923 0.01029659 0.06101284
1877.93896948 0.01090043 0.06503769
1878.93946973 0.01240330 0.07388933
1879.93996998 0.01234825 0.07377409
1880.94047024 0.01192173 0.07394181
1881.94097049 0.01095063 0.06888562
1882.94147074 0.01106823 0.06897462
1883.94197099 0.01114825 0.07060798
1884.94247124 0.01252236 0.07983141
1885.94297149 0.01204950 0.07586973
1886.94347174 0.01352706 0.08196465
1887.94397199 0.01348187 0.08267589
1888.94447224 0.01295826 0.07791702
1889.94497249 0.01402265 0.08306371
1890.94547274 0.01461049 0.08552085
1891.94597299 0.01507513 0.08413798
1892.94647324 0.01451442 0.07941611
1893.94697349 0.01370003 0.07684161
1894.94747374 0.01377675 0.07699544
1895.94797399 0.01341223 0.07510927
1896.94847424 0.01384970 0.07760349
1897.94897449 0.01393826 0.07610323
1898.94947474 0.01403212 0.07702997
1899.94997499 0.01336719 0.07566778
1900.95047524 0.01275298 0.07286314
1901.95097549 0.01268652 0.07242468
1902.95147574 0.01231890 0.07109850
1903.95197599 0.01157159 0.06929458
1904.95247624 0.01175947 0.07039191
1905.95297649 0.01184526 0.07056811
1906.95347674 0.01202502 0.07359691
1907.95397699 0.01188563 0.07319717
1908.95447724 0.01158005 0.07172619
1909.95497749 0.01129355 0.07019957
1910.95547774 0.01120181 0.07046800
1911.95597799 0.00985478 0.06231087
1912.95647824 0.00971844 0.06219468
1913.95697849 0.00962774 0.06157422
1914.95747874 0.00961916 0.06173813
1915.95797899 0.00953410 0.06154909
1916.95847924 0.00956439 0.06070212
1917.95897949 0.01020703 0.06117893
1918.95947974 0.01036556 0.06034092
1919.95997999 0.01071935 0.06180863
1920.96048024 0.01243864 0.07352420
1921.96098049 0.01199367 0.06958591
1922.96148074 0.01212393 0.06821131
1923.96198099 0.01338703 0.07605088
1924.96248124 0.01359873 0.08027595
1925.96298149 0.01319059 0.07897317
1926.96348174 0.01283685 0.07701828
1927.96398199 0.01280896 0.07798377
1928.96448224 0.01257034 0.07698728
1929.96498249 0.01414842 0.08684048
1930.96548274 0.01429484 0.08717396
1931.96598299 0.01411650 0.08335456
1932.96648324 0.01398615 0.08216826
1933.96698349 0.01412847 0.08558470
1934.96748374 0.01375160 0.08220085
1935.96798399 0.01340362 0.08158880
1936.96848424 0.01436362 0.08712337
1937.96898449 0.01435417 0.08498594
1938.96948474 0.01408111 0.08542117
1939.96998499 0.01412490 0.08691601
1940.97048524 0.01396062 0.08658630
1941.97098549 0.01324399 0.07997564
1942.97148574 0.01207728 0.06987934
1943.97198599 0.01198735 0.07067606
1944.97248624 0.01127174 0.06809505
1945.97298649 0.01149306 0.06920780
1946.97348674 0.01169902 0.07002427
1947.97398699 0.01178605 0.06973140
1948.97448724 0.01164474 0.06918970
1949.97498749 0.01163180 0.06955137
1950.97548774 0.01212806 0.07333396
1951.97598799 0.01135299 0.06802834
1952.97648824 0.01159045 0.07183398
1953.97698849 0.01119094 0.06894887
1954.97748874 0.01219208 0.07322871
1955.97798899 0.01256002 0.07816955
1956.97848924 0.01199773 0.07299816
1957.97898949 0.01190105 0.07648175
1958.97948974 0.01167854 0.07716262
1959.97998999 0.01293833 0.08092109
1960.98049025 0.01302719 0.07962334
1961.98099050 0.01243219 0.07564676
1962.98149075 0.01195870 0.07282219
1963.98199100 0.01089825 0.06819272
1964.98249125 0.01079077 0.06696020
1965.98299150 0.01100762 0.06875865
1966.98349175 0.01059093 0.06627750
1967.98399200 0.01027158 0.06551369
1968.98449225 0.01002814 0.06377010
1969.98499250 0.00964468 0.06054800
1970.98549275 0.00915711 0.05727147
1971.98599300 0.00886356 0.05656199
1972.98649325 0.00898432 0.05914266
1973.98699350 0.00891532 0.06004956
1974.98749375 0.00918302 0.05961379
1975.98799400 0.00929809 0.06087454
1976.98849425 0.00964189 0.06262746
1977.98899450 0.00979006 0.06128621
1978.98949475 0.00954643 0.05881786
1979.98999500 0.00902944 0.05728362
1980.99049525 0.00952710 0.06123938
1981.99099550 0.00985565 0.06285077
1982.99149575 0.00981366 0.06232995
1983.99199600 0.00946750 0.06156731
1984.99249625 0.00949210 0.06162430
1985.99299650 0.00936945 0.06017105
1986.99349675 0.00908256 0.05800657
1987.99399700 0.00874728 0.05640040
1988.99449725 0.00820829 0.05408140
1989.99499750 0.00818906 0.05352952
1990.99549775 0.00873026 0.05514583
1991.99599800 0.00885975 0.05654866
1992.99649825 0.00882017 0.05650297
1993.99699850 0.00874590 0.05610086
1994.99749875 0.00865299 0.05594224
1995.99799900 0.01155315 0.07306048
1996.99849925 0.01108456 0.07133897
1997.99899950 0.01059382 0.06680981
1998.99949975 0.00979006 0.06263868
2000.00000000 0.00908091 0.05660239
