0.00000000 7.00000000 0.00000057
1.00100100 6.85972624 0.31195253
2.00200200 6.63647416 0.52901101
3.00300300 6.40359597 0.68074302
4.00400400 6.21439282 0.81600648
5.00500501 6.04324647 0.88970623
6.00600601 5.86328708 0.96129058
7.00700701 5.67023059 1.04974298
8.00800801 5.43566910 1.12496968
9.00900901 5.26846176 1.16325165
10.01001001 5.04039619 1.21050628
11.01101101 4.85410470 1.27166345
12.01201201 4.64553918 1.31278601
13.01301301 4.50025396 1.31655720
14.01401401 4.32139157 1.32737837
15.01501502 4.16052577 1.34365463
16.01601602 3.95502976 1.31563821
17.01701702 3.80656235 1.32018755
18.01801802 3.63401021 1.31278350
19.01901902 3.44688092 1.31099905
20.02002002 3.29775560 1.32906156
21.02102102 3.13342236 1.32374603
22.02202202 2.99727181 1.34483242
23.02302302 2.86156317 1.32573834
24.02402402 2.72773778 1.29999846
25.02502503 2.59096317 1.27623748
26.02602603 2.47016269 1.26097038
27.02702703 2.35473839 1.24631354
28.02802803 2.23630726 1.21887864
29.02902903 2.12020468 1.18220599
30.03003003 2.01027552 1.17281753
31.03103103 1.90987203 1.13982459
32.03203203 1.81952201 1.14004523
33.03303303 1.69824339 1.10385576
34.03403403 1.61183619 1.07601495
35.03503504 1.53057349 1.04520751
36.03603604 1.45087039 1.02968619
37.03703704 1.37898570 1.01807029
38.03803804 1.30793535 1.00011231
39.03903904 1.23548429 0.97088051
40.04004004 1.17319463 0.94741267
41.04104104 1.10557511 0.91251944
42.04204204 1.04269162 0.89750636
43.04304304 0.98215025 0.88247083
44.04404404 0.92762764 0.85037752
45.04504505 0.87710558 0.82449639
46.04604605 0.82728048 0.80713391
47.04704705 0.78290216 0.78798762
48.04804805 0.73135478 0.75612151
49.04904905 0.69363040 0.73900145
50.05005005 0.64628088 0.70824322
51.05105105 0.60884916 0.68148770
52.05205205 0.56874303 0.65106973
53.05305305 0.53799198 0.62828462
54.05405405 0.50602091 0.61359074
55.05505506 0.47267723 0.58543174
56.05605606 0.44655791 0.58305693
57.05705706 0.42440991 0.57414650
58.05805806 0.39776107 0.54160815
59.05905906 0.37554355 0.51572402
60.06006006 0.34735419 0.48633240
61.06106106 0.33157612 0.47933093
62.06206206 0.31576287 0.47545714
63.06306306 0.29890523 0.45151707
64.06406406 0.29859545 0.47906314
65.06506507 0.28616972 0.47071863
66.06606607 0.27413522 0.45710437
67.06706707 0.25947211 0.45773590
68.06806807 0.25427433 0.44816521
69.06906907 0.24552717 0.43787891
70.07007007 0.23134130 0.42472325
71.07107107 0.21789288 0.40314450
72.07207207 0.20937656 0.38000802
73.07307307 0.19844926 0.37772500
74.07407407 0.19394307 0.37267277
75.07507508 0.18822988 0.36836571
76.07607608 0.18004251 0.35609203
77.07707708 0.16751667 0.33271004
78.07807808 0.15779141 0.32476680
79.07907908 0.15592720 0.31978398
80.08008008 0.14951265 0.30234335
81.08108108 0.14233915 0.28753405
82.08208208 0.14212851 0.27941156
83.08308308 0.13312974 0.25434057
84.08408408 0.13063360 0.25087762
85.08508509 0.12616967 0.24078070
86.08608609 0.12235941 0.23309075
87.08708709 0.12131682 0.22814382
88.08808809 0.11334886 0.23561245
89.08908909 0.11064776 0.22559377
90.09009009 0.10435562 0.21108646
91.09109109 0.10210923 0.20820011
92.09209209 0.10006765 0.20362173
93.09309309 0.09162774 0.18769861
94.09409409 0.09238171 0.18940910
95.09509510 0.09606160 0.19343899
96.09609610 0.09463760 0.19376052
97.09709710 0.09888433 0.20832899
98.09809810 0.09738233 0.20122678
99.09909910 0.09657590 0.20227469
100.10010010 0.10129106 0.21070095
101.10110110 0.09901014 0.20675439
102.10210210 0.09404804 0.19661398
103.10310310 0.09287962 0.19386138
104.10410410 0.09176925 0.19326125
105.10510511 0.09031713 0.18779628
106.10610611 0.09060427 0.19444913
107.10710711 0.08497450 0.18535181
108.10810811 0.08493386 0.18654846
109.10910911 0.08131100 0.18209013
110.11011011 0.08097452 0.18236311
111.11111111 0.08306385 0.18582988
112.11211211 0.08474432 0.19037148
113.11311311 0.08501213 0.19502859
114.11411411 0.07834588 0.18209028
115.11511512 0.07662208 0.18312777
116.11611612 0.07572400 0.18212422
117.11711712 0.07553033 0.17990266
118.11811812 0.07602769 0.18240170
119.11911912 0.07672520 0.18489100
120.12012012 0.07539804 0.18750635
121.12112112 0.07877457 0.19974365
122.12212212 0.08113366 0.20451035
123.12312312 0.07533987 0.19362642
124.12412412 0.06922411 0.17861628
125.12512513 0.06839917 0.17650606
126.12612613 0.06683454 0.17564815
127.12712713 0.06384828 0.16631894
128.12812813 0.06469277 0.17210938
129.12912913 0.06221417 0.16701212
130.13013013 0.06512414 0.17436733
131.13113113 0.06744400 0.17764544
132.13213213 0.06553504 0.17198696
133.13313313 0.06881159 0.18234723
134.13413413 0.06864261 0.18207081
135.13513514 0.06993572 0.18532165
136.13613614 0.06640086 0.17833619
137.13713714 0.06528673 0.17438611
138.13813814 0.06114974 0.16468752
139.13913914 0.06007424 0.16382780
140.14014014 0.06158939 0.17005664
141.14114114 0.06507041 0.17546287
142.14214214 0.06603572 0.17463246
143.14314314 0.06723937 0.18408666
144.14414414 0.06603899 0.18232562
145.14514515 0.06434130 0.18824838
146.14614615 0.05926881 0.17540638
147.14714715 0.06747190 0.18849870
148.14814815 0.06860501 0.18822071
149.14914915 0.07062778 0.19602949
150.15015015 0.07070882 0.19833707
151.15115115 0.07764901 0.21570832
152.15215215 0.07380858 0.20587238
153.15315315 0.07767310 0.20884984
154.15415415 0.07708175 0.21049441
155.15515516 0.07324244 0.20228375
156.15615616 0.07469566 0.20001061
157.15715716 0.07317842 0.19358801
158.15815816 0.07519429 0.19674813
159.15915916 0.07287068 0.18975338
160.16016016 0.06740517 0.17480082
161.16116116 0.07151954 0.18343923
162.16216216 0.07272799 0.18730063
163.16316316 0.07264652 0.18548389
164.16416416 0.08090920 0.20735346
165.16516517 0.08420341 0.21330007
166.16616617 0.07926018 0.20297253
167.16716717 0.08388195 0.21472206
168.16816817 0.07961691 0.21084258
169.16916917 0.08260682 0.21088799
170.17017017 0.08574096 0.21896590
171.17117117 0.08488645 0.21163086
172.17217217 0.08508229 0.21381391
173.17317317 0.08167781 0.20765228
174.17417417 0.07946958 0.20590934
175.17517518 0.07824640 0.20068696
176.17617618 0.07986893 0.20381951
177.17717718 0.08115033 0.20395339
178.17817818 0.08124675 0.20012189
179.17917918 0.08231756 0.20233082
180.18018018 0.08633729 0.21410700
181.18118118 0.08482541 0.20947614
182.18218218 0.08376420 0.21450367
183.18318318 0.08476961 0.21722059
184.18418418 0.08087026 0.20800625
185.18518519 0.08305777 0.22463082
186.18618619 0.07787030 0.21173560
187.18718719 0.07900103 0.21663755
188.18818819 0.08144037 0.22511900
189.18918919 0.08436945 0.22424538
190.19019019 0.08154812 0.21398599
191.19119119 0.08615934 0.21909483
192.19219219 0.08372938 0.21136738
193.19319319 0.08637271 0.22421820
194.19419419 0.08279171 0.21401455
195.19519520 0.07981894 0.20727541
196.19619620 0.08648763 0.22339127
197.19719720 0.08969778 0.22767599
198.19819820 0.08722153 0.22632848
199.19919920 0.08345708 0.21914678
200.20020020 0.08318591 0.21912685
201.20120120 0.08596631 0.22347943
202.20220220 0.08401898 0.21446456
203.20320320 0.08429002 0.21223293
204.20420420 0.07944288 0.19894616
205.20520521 0.08210087 0.20174932
206.20620621 0.08472434 0.21321357
207.20720721 0.08584727 0.21452960
208.20820821 0.08486010 0.21386692
209.20920921 0.08814153 0.21893558
210.21021021 0.09055971 0.22324546
211.21121121 0.09290094 0.23137526
212.21221221 0.09449197 0.23403205
213.21321321 0.08699610 0.21867956
214.21421421 0.08854847 0.22398922
215.21521522 0.08355448 0.21135985
216.21621622 0.07856116 0.19875858
217.21721722 0.07438803 0.18928450
218.21821822 0.08177193 0.20591206
219.21921922 0.08013994 0.20471435
220.22022022 0.08217276 0.20960259
221.22122122 0.08179846 0.20760822
222.22222222 0.07855135 0.20199606
223.22322322 0.07910512 0.20114055
224.22422422 0.07547930 0.18880454
225.22522523 0.07460822 0.18806491
226.22622623 0.07263734 0.18325967
227.22722723 0.07413509 0.18891756
228.22822823 0.07311317 0.19020604
229.22922923 0.07355778 0.19018986
230.23023023 0.07489556 0.19407781
231.23123123 0.07975338 0.20249871
232.23223223 0.08328917 0.21141073
233.23323323 0.08203409 0.20682531
234.23423423 0.08482226 0.21276430
235.23523524 0.08074704 0.20908500
236.23623624 0.07994958 0.20708115
237.23723724 0.08032798 0.20862177
238.23823824 0.08159787 0.21332937
239.23923924 0.07674703 0.20019001
240.24024024 0.08070918 0.21125650
241.24124124 0.07486410 0.19501509
242.24224224 0.07892054 0.20216179
243.24324324 0.07811050 0.20044126
244.24424424 0.08188413 0.20313037
245.24524525 0.07407042 0.18987407
246.24624625 0.07265278 0.18287508
247.24724725 0.07926909 0.19423426
248.24824825 0.07883372 0.19599828
249.24924925 0.07690927 0.19311719
250.25025025 0.08050590 0.19951310
251.25125125 0.07581390 0.18465628
252.25225225 0.07719362 0.18936662
253.25325325 0.07820162 0.19196473
254.25425425 0.08386908 0.20904602
255.25525526 0.08424044 0.20964843
256.25625626 0.08388689 0.20668144
257.25725726 0.07997193 0.19756543
258.25825826 0.07471564 0.18810713
259.25925926 0.08182174 0.20156038
260.26026026 0.08194977 0.20262298
261.26126126 0.07715763 0.19392675
262.26226226 0.07400040 0.18802250
263.26326326 0.07547144 0.19157662
264.26426426 0.08021026 0.20074852
265.26526527 0.08490986 0.20559351
266.26626627 0.08488292 0.20539359
267.26726727 0.08677805 0.20795700
268.26826827 0.08331869 0.20665405
269.26926927 0.08256467 0.21244700
270.27027027 0.07823991 0.20283014
271.27127127 0.08461299 0.21554345
272.27227227 0.08430068 0.21532913
273.27327327 0.08095559 0.20953932
274.27427427 0.08414240 0.21655256
275.27527528 0.08223115 0.21482476
276.27627628 0.08232135 0.21358657
277.27727728 0.08208081 0.21228935
278.27827828 0.08132077 0.20680285
279.27927928 0.07989927 0.20200830
280.28028028 0.07869225 0.19933861
281.28128128 0.08279358 0.20842396
282.28228228 0.08383667 0.21128209
283.28328328 0.08572434 0.21170875
284.28428428 0.08546558 0.20832042
285.28528529 0.08633102 0.20583159
286.28628629 0.08501272 0.20490895
287.28728729 0.07839509 0.19214807
288.28828829 0.07394271 0.18484802
289.28928929 0.07239847 0.18303323
290.29029029 0.07327592 0.18492605
291.29129129 0.06800013 0.17547591
292.29229229 0.06604613 0.16976506
293.29329329 0.06795512 0.17891770
294.29429429 0.07025353 0.18661273
295.29529530 0.06691314 0.17927954
296.29629630 0.06818872 0.17966677
297.29729730 0.06811703 0.18213591
298.29829830 0.06621624 0.17821182
299.29929930 0.07014724 0.18612874
300.30030030 0.07232749 0.19102102
301.30130130 0.07036857 0.18740732
302.30230230 0.07110692 0.18770343
303.30330330 0.08262995 0.21354139
304.30430430 0.08309467 0.21104888
305.30530531 0.08363830 0.21318191
306.30630631 0.08422090 0.21194548
307.30730731 0.07776769 0.19238314
308.30830831 0.07749833 0.19893608
309.30930931 0.07899721 0.20364140
310.31031031 0.07430981 0.19576816
311.31131131 0.07478275 0.19452317
312.31231231 0.07139104 0.18817689
313.31331331 0.07041773 0.18647736
314.31431431 0.07129071 0.18823289
315.31531532 0.07144799 0.19360773
316.31631632 0.06713383 0.18709452
317.31731732 0.06715092 0.18696825
318.31831832 0.06720955 0.18671202
319.31931932 0.06332549 0.17762632
320.32032032 0.06797211 0.19201273
321.32132132 0.06757180 0.19021268
322.32232232 0.06913956 0.19012614
323.32332332 0.06681178 0.18377308
324.32432432 0.06759908 0.19518122
325.32532533 0.06648112 0.19308535
326.32632633 0.06637986 0.19265184
327.32732733 0.06847346 0.19775909
328.32832833 0.06956235 0.19521617
329.32932933 0.06376991 0.18139927
330.33033033 0.06703904 0.18846224
331.33133133 0.06708430 0.19006338
332.33233233 0.06659037 0.18845533
333.33333333 0.06768058 0.19189043
334.33433433 0.06298300 0.18064276
335.33533534 0.06372402 0.18097999
336.33633634 0.06241228 0.17859397
337.33733734 0.06746575 0.19089215
338.33833834 0.06479894 0.18506943
339.33933934 0.06128030 0.17793489
340.34034034 0.06328690 0.17936002
341.34134134 0.06588933 0.18766448
342.34234234 0.07159919 0.20357505
343.34334334 0.07136438 0.20053323
344.34434434 0.07144725 0.19970024
345.34534535 0.07383617 0.20097685
346.34634635 0.07764382 0.20717702
347.34734735 0.07807386 0.20779785
348.34834835 0.08070266 0.21425360
349.34934935 0.08059697 0.21182313
350.35035035 0.08029103 0.21238795
351.35135135 0.08185386 0.21682258
352.35235235 0.08579422 0.22415358
353.35335335 0.08216657 0.21755453
354.35435435 0.08077607 0.21169297
355.35535536 0.07525535 0.19809820
356.35635636 0.07042419 0.18680101
357.35735736 0.07709820 0.20124357
358.35835836 0.08206899 0.21363187
359.35935936 0.08237277 0.22160611
360.36036036 0.07929843 0.21474952
361.36136136 0.08079602 0.21365568
362.36236236 0.07928361 0.20740904
363.36336336 0.08831372 0.22178257
364.36436436 0.09245068 0.22760176
365.36536537 0.09583012 0.23539147
366.36636637 0.09536928 0.23445959
367.36736737 0.09637697 0.23815382
368.36836837 0.09366099 0.23106438
369.36936937 0.09090354 0.22678173
370.37037037 0.09055179 0.22527252
371.37137137 0.08924172 0.21948141
372.37237237 0.08589868 0.21204916
373.37337337 0.08433392 0.20856253
374.37437437 0.08089681 0.20148829
375.37537538 0.07875136 0.19674276
376.37637638 0.07542606 0.19169100
377.37737738 0.08149504 0.20302380
378.37837838 0.07933441 0.21007175
379.37937938 0.07411291 0.19919531
380.38038038 0.06920180 0.18928433
381.38138138 0.06831329 0.18789585
382.38238238 0.06762794 0.18506705
383.38338338 0.06846412 0.18483203
384.38438438 0.07434988 0.20001111
385.38538539 0.07437058 0.20104903
386.38638639 0.07764232 0.20437915
387.38738739 0.08403352 0.22251019
388.38838839 0.08086359 0.21552590
389.38938939 0.08376753 0.22053739
390.39039039 0.08404650 0.22071879
391.39139139 0.07800857 0.20626890
392.39239239 0.07976363 0.20840468
393.39339339 0.08309085 0.22257224
394.39439439 0.08880545 0.23268566
395.39539540 0.08397931 0.22024448
396.39639640 0.08041788 0.20920044
397.39739740 0.07949963 0.20632412
398.39839840 0.07403044 0.19552949
399.39939940 0.07749178 0.20227194
400.40040040 0.07570666 0.20161983
401.40140140 0.08123499 0.21599148
402.40240240 0.08145250 0.22026710
403.40340340 0.08403741 0.21405503
404.40440440 0.08192902 0.20839228
405.40540541 0.07971625 0.20384783
406.40640641 0.07975147 0.20128287
407.40740741 0.08163102 0.20206129
408.40840841 0.08029096 0.19995775
409.40940941 0.08165877 0.20309264
410.41041041 0.07498800 0.19049833
411.41141141 0.07067559 0.18184687
412.41241241 0.06806596 0.17664668
413.41341341 0.06924442 0.17943412
414.41441441 0.06486335 0.16908808
415.41541542 0.06183515 0.16008487
416.41641642 0.06175179 0.16133967
417.41741742 0.05838203 0.15392008
418.41841842 0.06529451 0.17494277
419.41941942 0.06168145 0.16961645
420.42042042 0.06662417 0.18366391
421.42142142 0.06372993 0.17648245
422.42242242 0.06805239 0.18728812
423.42342342 0.07154839 0.19913865
424.42442442 0.07038826 0.19439299
425.42542543 0.06488883 0.17874823
426.42642643 0.07363399 0.20136502
427.42742743 0.07643392 0.20740420
428.42842843 0.08843616 0.24435058
429.42942943 0.08696405 0.23978184
430.43043043 0.08191199 0.22875859
431.43143143 0.07803949 0.20801708
432.43243243 0.08461409 0.22554230
433.43343343 0.08927055 0.23384805
434.43443443 0.08833284 0.23143185
435.43543544 0.08633164 0.22821282
436.43643644 0.08644045 0.22555245
437.43743744 0.08493720 0.21878413
438.43843844 0.08337637 0.21409935
439.43943944 0.08768826 0.22209349
440.44044044 0.07909754 0.20256447
441.44144144 0.08286076 0.21210488
442.44244244 0.08251615 0.21066956
443.44344344 0.08388692 0.21082728
444.44444444 0.08155577 0.20552928
445.44544545 0.07576342 0.19453933
446.44644645 0.07474364 0.19215248
447.44744745 0.07162883 0.18660650
448.44844845 0.07558008 0.19171022
449.44944945 0.07336409 0.18650463
450.45045045 0.07332348 0.18958492
451.45145145 0.07451632 0.19268751
452.45245245 0.07680285 0.19611728
453.45345345 0.07861801 0.20029567
454.45445445 0.07996932 0.20080483
455.45545546 0.08257592 0.20746826
456.45645646 0.08082288 0.20585156
457.45745746 0.07737660 0.19684105
458.45845846 0.08493872 0.21412454
459.45945946 0.08004326 0.20400809
460.46046046 0.08569850 0.21918569
461.46146146 0.09010768 0.23232368
462.46246246 0.08430687 0.21747115
463.46346346 0.08229237 0.21448722
464.46446446 0.08230957 0.21706956
465.46546547 0.08088693 0.21210290
466.46646647 0.08560730 0.22071033
467.46746747 0.08165839 0.20759461
468.46846847 0.07879806 0.20178713
469.46946947 0.07897063 0.20466823
470.47047047 0.07671925 0.19555912
471.47147147 0.07337051 0.18685911
472.47247247 0.06852794 0.17626193
473.47347347 0.06851838 0.17660316
474.47447447 0.07406084 0.18891634
475.47547548 0.06940477 0.17898152
476.47647648 0.06745184 0.17452372
477.47747748 0.06721148 0.17592685
478.47847848 0.06786826 0.17709488
479.47947948 0.07134977 0.18867927
480.48048048 0.06862351 0.18218965
481.48148148 0.06996685 0.18574903
482.48248248 0.07196324 0.19060692
483.48348348 0.06767184 0.18103385
484.48448448 0.07251490 0.19258783
485.48548549 0.06689948 0.17830435
486.48648649 0.06845209 0.18488906
487.48748749 0.06987720 0.18677374
488.48848849 0.07154968 0.19199005
489.48948949 0.07078677 0.20276658
490.49049049 0.06354915 0.18351561
491.49149149 0.06489894 0.18574335
492.49249249 0.06827253 0.19121924
493.49349349 0.06940671 0.19770437
494.49449449 0.06521112 0.18522547
495.49549550 0.06255524 0.17802516
496.49649650 0.05710808 0.16917502
497.49749750 0.06183397 0.18247118
498.49849850 0.05878121 0.17151471
499.49949950 0.06035512 0.18031426
500.50050050 0.05942957 0.17754992
501.50150150 0.05541211 0.16653990
502.50250250 0.06056801 0.18013774
503.50350350 0.05894975 0.17390045
504.50450450 0.06934130 0.19787701
505.50550551 0.06956600 0.20025359
506.50650651 0.06762009 0.19703126
507.50750751 0.07358230 0.21024078
508.50850851 0.07535816 0.21371027
509.50950951 0.07756028 0.21500987
510.51051051 0.07576179 0.21673158
511.51151151 0.07848345 0.22147157
512.51251251 0.07719570 0.21894323
513.51351351 0.07465554 0.21195290
514.51451451 0.06988095 0.20370892
515.51551552 0.06755415 0.19182510
516.51651652 0.06929106 0.19809152
517.51751752 0.06801860 0.19373456
518.51851852 0.06230016 0.17988820
519.51951952 0.06190255 0.17880089
520.52052052 0.06832911 0.19545074
521.52152152 0.06270850 0.18150582
522.52252252 0.05798185 0.17244423
523.52352352 0.05725865 0.17349021
524.52452452 0.05860317 0.17566954
525.52552553 0.06149167 0.18590299
526.52652653 0.05885983 0.18126454
527.52752753 0.05648147 0.17610339
528.52852853 0.05861606 0.18033952
529.52952953 0.06016797 0.18325938
530.53053053 0.06040141 0.18262261
531.53153153 0.06404346 0.19036830
532.53253253 0.06799434 0.19886688
533.53353353 0.07679962 0.22266854
534.53453453 0.07922868 0.22937363
535.53553554 0.07586199 0.22514409
536.53653654 0.07439433 0.22067161
537.53753754 0.07004393 0.20749402
538.53853854 0.06762238 0.19850489
539.53953954 0.06477046 0.19250213
540.54054054 0.06741333 0.19735993
541.54154154 0.06842932 0.19768482
542.54254254 0.07216294 0.21128203
543.54354354 0.07451519 0.21253278
544.54454454 0.07385790 0.20936903
545.54554555 0.07316278 0.20987200
546.54654655 0.07229341 0.20642730
547.54754755 0.07289067 0.20901080
548.54854855 0.07895295 0.21715462
549.54954955 0.07540279 0.21024642
550.55055055 0.08130563 0.22836431
551.55155155 0.08147459 0.23045475
552.55255255 0.08048800 0.23342025
553.55355355 0.07955716 0.22788137
554.55455455 0.07818939 0.22493130
555.55555556 0.07852421 0.22774869
556.55655656 0.07809822 0.22295061
557.55755756 0.08511630 0.24302960
558.55855856 0.09390012 0.25640540
559.55955956 0.09348613 0.25482106
560.56056056 0.09084318 0.24591988
561.56156156 0.09377868 0.24583692
562.56256256 0.08966805 0.23575485
563.56356356 0.09042423 0.25574755
564.56456456 0.08575405 0.24853121
565.56556557 0.08147129 0.23687573
566.56656657 0.08214426 0.24019290
567.56756757 0.08411363 0.23771195
568.56856857 0.08141960 0.23249601
569.56956957 0.07936331 0.22368244
570.57057057 0.08304752 0.22602426
571.57157157 0.08918918 0.24557902
572.57257257 0.08458746 0.23729817
573.57357357 0.08762810 0.23487413
574.57457457 0.08606142 0.23479282
575.57557558 0.08507005 0.23232826
576.57657658 0.08839204 0.23871240
577.57757758 0.08254901 0.21960322
578.57857858 0.08641096 0.22673240
579.57957958 0.08421157 0.22235683
580.58058058 0.08511602 0.22354878
581.58158158 0.08430612 0.22271655
582.58258258 0.08808651 0.22936443
583.58358358 0.07919472 0.20952960
584.58458458 0.07781676 0.20651645
585.58558559 0.08416807 0.21903643
586.58658659 0.08202058 0.21669713
587.58758759 0.08090843 0.21403051
588.58858859 0.08066898 0.21252360
589.58958959 0.07742835 0.20424388
590.59059059 0.07473200 0.19663762
591.59159159 0.07263893 0.19057980
592.59259259 0.07048063 0.18619566
593.59359359 0.07310114 0.19308402
594.59459459 0.07193859 0.18883739
595.59559560 0.07251833 0.19365870
596.59659660 0.07312843 0.19583070
597.59759760 0.08001030 0.21226033
598.59859860 0.07752067 0.21126418
599.59959960 0.07672401 0.20695565
600.60060060 0.07099977 0.19202908
601.60160160 0.06764081 0.18167259
602.60260260 0.06596889 0.17841626
603.60360360 0.06411384 0.17693772
604.60460460 0.05832202 0.16248657
605.60560561 0.05437595 0.15117658
606.60660661 0.05620639 0.15926677
607.60760761 0.06146059 0.17337649
608.60860861 0.06015817 0.17024559
609.60960961 0.06388391 0.17945632
610.61061061 0.06043682 0.17065902
611.61161161 0.06198456 0.17466761
612.61261261 0.06349379 0.17879723
613.61361361 0.06533313 0.18047514
614.61461461 0.06960212 0.18630786
615.61561562 0.08115286 0.21529444
616.61661662 0.08245104 0.21551778
617.61761762 0.09203638 0.23100116
618.61861862 0.08751843 0.22108951
619.61961962 0.08130290 0.21031628
620.62062062 0.08461360 0.21524047
621.62162162 0.08084918 0.20672972
622.62262262 0.08237557 0.20995291
623.62362362 0.07805468 0.20217468
624.62462462 0.07511564 0.19817169
625.62562563 0.07216881 0.19303587
626.62662663 0.07223757 0.19131932
627.62762763 0.06815647 0.18489597
628.62862863 0.06329349 0.17364798
629.62962963 0.06238434 0.17189173
630.63063063 0.06501021 0.17926320
631.63163163 0.06768587 0.18757642
632.63263263 0.06649318 0.18185551
633.63363363 0.06544628 0.17812282
634.63463463 0.06385842 0.17029388
635.63563564 0.07014876 0.19149402
636.63663664 0.06914175 0.19241781
637.63763764 0.06559970 0.18474595
638.63863864 0.06309785 0.17986315
639.63963964 0.06541131 0.18550065
640.64064064 0.06459850 0.18340434
641.64164164 0.06446477 0.18262442
642.64264264 0.06372351 0.17995694
643.64364364 0.06591393 0.18405032
644.64464464 0.06234114 0.17813763
645.64564565 0.06325837 0.18356566
646.64664665 0.06528936 0.18811584
647.64764765 0.06443361 0.18596193
648.64864865 0.07109982 0.20198930
649.64964965 0.06431372 0.18459667
650.65065065 0.06760848 0.19205442
651.65165165 0.07033267 0.19868739
652.65265265 0.07136850 0.20181024
653.65365365 0.07741780 0.21520265
654.65465465 0.08315348 0.22588364
655.65565566 0.08772997 0.23451330
656.65665666 0.08383872 0.22383373
657.65765766 0.08191257 0.21981667
658.65865866 0.07982969 0.21466035
659.65965966 0.08059032 0.21549001
660.66066066 0.08489272 0.22604943
661.66166166 0.07961750 0.21494122
662.66266266 0.07889651 0.21291051
663.66366366 0.08026854 0.21842864
664.66466466 0.08295686 0.22053757
665.66566567 0.08321112 0.22093433
666.66666667 0.07855779 0.20772771
667.66766767 0.07762354 0.19923388
668.66866867 0.07951578 0.20702520
669.66966967 0.07584457 0.19909135
670.67067067 0.08025196 0.21230662
671.67167167 0.07941487 0.21368753
672.67267267 0.08275864 0.21935403
673.67367367 0.08740031 0.22315290
674.67467467 0.08826873 0.22152534
675.67567568 0.08858383 0.22674128
676.67667668 0.09219603 0.22742744
677.67767768 0.09623559 0.23477950
678.67867868 0.08893667 0.22169652
679.67967968 0.08726095 0.21676395
680.68068068 0.07903936 0.19957759
681.68168168 0.08517861 0.21460533
682.68268268 0.08439621 0.21306815
683.68368368 0.08116399 0.20308317
684.68468468 0.08087768 0.20587880
685.68568569 0.08125846 0.21170438
686.68668669 0.07976715 0.20859643
687.68768769 0.07589575 0.20090746
688.68868869 0.07511291 0.19901354
689.68968969 0.07146723 0.19262723
690.69069069 0.07088194 0.19063471
691.69169169 0.07203962 0.19448144
692.69269269 0.07406393 0.19710239
693.69369369 0.07219309 0.19491983
694.69469469 0.06901550 0.18325109
695.69569570 0.07022128 0.18429424
696.69669670 0.07778199 0.20274860
697.69769770 0.08268290 0.21358614
698.69869870 0.08194163 0.20731177
699.69969970 0.08576955 0.21726208
700.70070070 0.08265448 0.21360258
701.70170170 0.08497482 0.21743789
702.70270270 0.08604235 0.21752572
703.70370370 0.08419147 0.21531720
704.70470470 0.08233700 0.20994626
705.70570571 0.08181114 0.20946588
706.70670671 0.07609861 0.19932937
707.70770771 0.07416950 0.19425860
708.70870871 0.07033792 0.18789442
709.70970971 0.06988292 0.18743148
710.71071071 0.06684564 0.17710005
711.71171171 0.07285095 0.19358379
712.71271271 0.07549815 0.20234015
713.71371371 0.07952546 0.20823828
714.71471471 0.07939214 0.20918964
715.71571572 0.08220925 0.21439642
716.71671672 0.08480562 0.21692701
717.71771772 0.08198035 0.21083625
718.71871872 0.07996190 0.20627201
719.71971972 0.08179825 0.21132976
720.72072072 0.08053320 0.20822862
721.72172172 0.08020124 0.20335950
722.72272272 0.08254947 0.20924535
723.72372372 0.08837648 0.21993217
724.72472472 0.08935571 0.21875233
725.72572573 0.08517814 0.21620261
726.72672673 0.07961247 0.20422568
727.72772773 0.08121187 0.20654283
728.72872873 0.08229793 0.21251217
729.72972973 0.08835623 0.22515730
730.73073073 0.09225571 0.23093929
731.73173173 0.08979928 0.22355218
732.73273273 0.08716280 0.21719511
733.73373373 0.08683242 0.21465676
734.73473473 0.08339967 0.20649468
735.73573574 0.08000807 0.19968311
736.73673674 0.08352400 0.21003887
737.73773774 0.08594329 0.21343613
738.73873874 0.08592116 0.21715882
739.73973974 0.08208000 0.21245233
740.74074074 0.08145993 0.21039633
741.74174174 0.07967095 0.21122949
742.74274274 0.07677112 0.20212095
743.74374374 0.07725832 0.20277567
744.74474474 0.07637249 0.20374308
745.74574575 0.07221526 0.19123286
746.74674675 0.06644370 0.17416347
747.74774775 0.06413260 0.17141220
748.74874875 0.06699600 0.17946136
749.74974975 0.06613342 0.18190508
750.75075075 0.06735849 0.18439289
751.75175175 0.06969819 0.19127656
752.75275275 0.07511340 0.20415102
753.75375375 0.07903190 0.21569766
754.75475475 0.08507753 0.22969470
755.75575576 0.08306154 0.22497183
756.75675676 0.08164003 0.22276640
757.75775776 0.07887545 0.21479892
758.75875876 0.08106921 0.22341880
759.75975976 0.07917545 0.21654260
760.76076076 0.08085226 0.21855169
761.76176176 0.08034882 0.21792933
762.76276276 0.08231739 0.22121165
763.76376376 0.07902299 0.21366608
764.76476476 0.07989644 0.21811043
765.76576577 0.08507168 0.23123943
766.76676677 0.08485806 0.22807967
767.76776777 0.08282655 0.22135012
768.76876877 0.08244461 0.21782392
769.76976977 0.07870851 0.20644387
770.77077077 0.07991619 0.20841924
771.77177177 0.07842845 0.20855009
772.77277277 0.08580858 0.23267516
773.77377377 0.08830994 0.23578130
774.77477477 0.08801455 0.23441888
775.77577578 0.08667356 0.23296603
776.77677678 0.08706692 0.22928749
777.77777778 0.08756732 0.23467694
778.77877878 0.08301234 0.22515177
779.77977978 0.08116430 0.21480677
780.78078078 0.07910055 0.20909754
781.78178178 0.07707190 0.20482287
782.78278278 0.07978605 0.21046179
783.78378378 0.08148311 0.21723371
784.78478478 0.07597719 0.20702603
785.78578579 0.07717148 0.21103497
786.78678679 0.07660860 0.21012355
787.78778779 0.07599134 0.21509150
788.78878879 0.07590493 0.21551773
789.78978979 0.07211041 0.20425860
790.79079079 0.07299548 0.20303801
791.79179179 0.07219296 0.20327132
792.79279279 0.07095592 0.20662963
793.79379379 0.07248881 0.21127747
794.79479479 0.07005191 0.20538793
795.79579580 0.06642949 0.19787704
796.79679680 0.07080036 0.21222076
797.79779780 0.06498216 0.19649217
798.79879880 0.06497099 0.19407088
799.79979980 0.06468642 0.19016515
800.80080080 0.07071248 0.20445966
801.80180180 0.07884480 0.21977976
802.80280280 0.07595406 0.21307479
803.80380380 0.07319230 0.20449312
804.80480480 0.06956302 0.19649824
805.80580581 0.07291122 0.20403768
806.80680681 0.07284666 0.20587007
807.80780781 0.07386962 0.20491842
808.80880881 0.07395893 0.19971294
809.80980981 0.07161401 0.19550858
810.81081081 0.06756672 0.18555666
811.81181181 0.06752586 0.18335104
812.81281281 0.06569161 0.17815483
813.81381381 0.06308321 0.17308145
814.81481481 0.06641263 0.17896287
815.81581582 0.06620761 0.17886287
816.81681682 0.07130473 0.19173553
817.81781782 0.07284194 0.19803958
818.81881882 0.07638430 0.20877916
819.81981982 0.07544032 0.20776620
820.82082082 0.08168295 0.22019545
821.82182182 0.07857728 0.20997238
822.82282282 0.07751416 0.20769171
823.82382382 0.07630196 0.20322735
824.82482482 0.07238847 0.19470404
825.82582583 0.07334257 0.19974786
826.82682683 0.06774234 0.18697613
827.82782783 0.06975016 0.19163966
828.82882883 0.07035524 0.19375848
829.82982983 0.07145108 0.19585640
830.83083083 0.07733244 0.20849645
831.83183183 0.07371415 0.20190112
832.83283283 0.07532831 0.20424457
833.83383383 0.07728022 0.21481146
834.83483483 0.07256372 0.19856257
835.83583584 0.07581620 0.20768209
836.83683684 0.07286041 0.20394240
837.83783784 0.06972670 0.19553939
838.83883884 0.06614501 0.18985373
839.83983984 0.07063829 0.20220950
840.84084084 0.06925633 0.19823090
841.84184184 0.07096875 0.20477043
842.84284284 0.06842434 0.19745904
843.84384384 0.06577187 0.19065709
844.84484484 0.07005813 0.19817826
845.84584585 0.07609375 0.21614010
846.84684685 0.07092775 0.20593988
847.84784785 0.06809473 0.19467350
848.84884885 0.06448200 0.18809663
849.84984985 0.06536957 0.18860894
850.85085085 0.06812088 0.19528862
851.85185185 0.06726343 0.19372748
852.85285285 0.07026849 0.19961544
853.85385385 0.06857831 0.19675136
854.85485485 0.06775162 0.19172600
855.85585586 0.07298200 0.20575646
856.85685686 0.07560456 0.21036595
857.85785786 0.07269032 0.20363710
858.85885886 0.07162976 0.19664129
859.85985986 0.07654475 0.20693569
860.86086086 0.07546267 0.20198733
861.86186186 0.07779856 0.20852348
862.86286286 0.07940712 0.21682860
863.86386386 0.07657551 0.20605075
864.86486486 0.07918974 0.21517192
865.86586587 0.07835139 0.21186847
866.86686687 0.07784114 0.21018884
867.86786787 0.08375290 0.22100308
868.86886887 0.08033927 0.21335748
869.86986987 0.07746008 0.20862658
870.87087087 0.07765404 0.21117799
871.87187187 0.07518337 0.20144144
872.87287287 0.07109700 0.19268323
873.87387387 0.06637911 0.18141033
874.87487487 0.06616272 0.18730369
875.87587588 0.06829134 0.19187487
876.87687688 0.06446848 0.18501586
877.87787788 0.06722516 0.18874260
878.87887888 0.06644383 0.18243855
879.87987988 0.06334213 0.17538508
880.88088088 0.06786112 0.18843208
881.88188188 0.06702927 0.18817535
882.88288288 0.06740393 0.18827366
883.88388388 0.06545416 0.18425962
884.88488488 0.06295007 0.17914406
885.88588589 0.06451755 0.18077744
886.88688689 0.06422066 0.18263693
887.88788789 0.06324853 0.17654427
888.88888889 0.06457650 0.17955403
889.88988989 0.06866276 0.18926600
890.89089089 0.07374301 0.20261862
891.89189189 0.07093314 0.19713798
892.89289289 0.06875918 0.19690323
893.89389389 0.06787241 0.19431840
894.89489489 0.06850171 0.19717151
895.89589590 0.06787597 0.20758221
896.89689690 0.07398232 0.22624247
897.89789790 0.07341189 0.22286045
898.89889890 0.07783392 0.22595226
899.89989990 0.07357094 0.21542681
900.90090090 0.08999559 0.25674283
901.90190190 0.09336182 0.26303224
902.90290290 0.10479319 0.27627911
903.90390390 0.10800065 0.27640738
904.90490490 0.10740267 0.27211621
905.90590591 0.10651740 0.26497269
906.90690691 0.10560590 0.26129626
907.90790791 0.10378333 0.25725114
908.90890891 0.09657041 0.23603245
909.90990991 0.08917318 0.22361485
910.91091091 0.08837109 0.22278531
911.91191191 0.08749305 0.21930566
912.91291291 0.08225634 0.20928866
913.91391391 0.08501737 0.21620907
914.91491491 0.08989422 0.22839226
915.91591592 0.08630895 0.21784750
916.91691692 0.08141627 0.20701039
917.91791792 0.07761236 0.20075725
918.91891892 0.07600137 0.19964580
919.91991992 0.07928253 0.21153609
920.92092092 0.07963612 0.20914134
921.92192192 0.08139020 0.21513525
922.92292292 0.07721797 0.20651101
923.92392392 0.08196816 0.21668315
924.92492492 0.08342131 0.21924035
925.92592593 0.08329664 0.22442208
926.92692693 0.07838666 0.21336274
927.92792793 0.07448803 0.20482683
928.92892893 0.07998264 0.21568727
929.92992993 0.07830008 0.20951197
930.93093093 0.08083662 0.21508375
931.93193193 0.07446201 0.20317347
932.93293293 0.07192193 0.19583649
933.93393393 0.07575048 0.19923036
934.93493493 0.07176364 0.18949130
935.93593594 0.07177781 0.18823635
936.93693694 0.07014457 0.18034634
937.93793794 0.07257513 0.18755918
938.93893894 0.07651802 0.19658697
939.93993994 0.07814512 0.20091830
940.94094094 0.07833286 0.20282737
941.94194194 0.07541608 0.19648802
942.94294294 0.07373552 0.19841564
943.94394394 0.08129984 0.21813512
944.94494494 0.07570389 0.19385612
945.94594595 0.07871235 0.20088592
946.94694695 0.08094371 0.20471798
947.94794795 0.07865038 0.19799674
948.94894895 0.07156433 0.17613639
949.94994995 0.07219075 0.18406896
950.95095095 0.07628297 0.19723254
951.95195195 0.07921673 0.20111863
952.95295295 0.07585272 0.19814739
953.95395395 0.07019783 0.18506472
954.95495495 0.07002302 0.18416326
955.95595596 0.07008511 0.18144378
956.95695696 0.07060701 0.18962003
957.95795796 0.07139261 0.19133401
958.95895896 0.07007175 0.19395774
959.95995996 0.07089610 0.19528838
960.96096096 0.07386125 0.21928167
961.96196196 0.07463318 0.22262197
962.96296296 0.07506668 0.21969484
963.96396396 0.07889770 0.22491606
964.96496496 0.07925262 0.23364022
965.96596597 0.08344235 0.23701245
966.96696697 0.07284624 0.20928183
967.96796797 0.07421938 0.21373005
968.96896897 0.07207552 0.21025739
969.96996997 0.07276557 0.21336770
970.97097097 0.07083831 0.20558730
971.97197197 0.07570165 0.21674971
972.97297297 0.07869051 0.22348479
973.97397397 0.07759755 0.21833506
974.97497497 0.07711199 0.21905621
975.97597598 0.07839998 0.21727309
976.97697698 0.07713117 0.20642289
977.97797798 0.07816583 0.20938106
978.97897898 0.07504580 0.20088057
979.97997998 0.07363661 0.19660016
980.98098098 0.07509181 0.19812974
981.98198198 0.07004151 0.18706384
982.98298298 0.06722573 0.18107799
983.98398398 0.06399752 0.17235546
984.98498498 0.06368125 0.17138316
985.98598599 0.06574925 0.17910181
986.98698699 0.06674420 0.18182575
987.98798799 0.06759357 0.18434348
988.98898899 0.06838569 0.18863593
989.98998999 0.07886599 0.21257439
990.99099099 0.08285530 0.21984565
991.99199199 0.07751368 0.20769069
992.99299299 0.07963753 0.20941846
993.99399399 0.08373716 0.21985164
994.99499499 0.08168753 0.21532375
995.99599600 0.07898005 0.20711969
996.99699700 0.07911558 0.20294431
997.99799800 0.07447829 0.18684173
998.99899900 0.07110625 0.18131693
1000.00000000 0.07134745 0.18634793
