0.00000000 0.00000000 0.00000000
1.00050025 0.01225846 0.00327779
2.00100050 0.01306993 0.00542087
3.00150075 0.01912841 0.00850238
4.00200100 0.01354525 0.00831333
5.00250125 0.01289521 0.00806293
6.00300150 0.01192886 0.00933498
7.00350175 0.01465781 0.01035235
8.00400200 0.01646983 0.01155246
9.00450225 0.01638378 0.01258293
10.00500250 0.01624019 0.01146868
11.00550275 0.01448505 0.01076366
12.00600300 0.01558569 0.01136560
13.00650325 0.01602718 0.01325028
14.00700350 0.01777891 0.01472217
15.00750375 0.01715086 0.01442853
16.00800400 0.01692583 0.01667159
17.00850425 0.01640330 0.01570738
18.00900450 0.01723092 0.01635932
19.00950475 0.01762395 0.01747534
20.01000500 0.01779923 0.01896156
21.01050525 0.01763194 0.01909613
22.01100550 0.01789211 0.01921447
23.01150575 0.01779061 0.01736987
24.01200600 0.01766593 0.01713950
25.01250625 0.01786699 0.01762890
26.01300650 0.01828873 0.01922423
27.01350675 0.01836118 0.01925545
28.01400700 0.01831932 0.01815522
29.01450725 0.01839001 0.01862749
30.01500750 0.01871748 0.01906980
31.01550775 0.01906800 0.01933468
32.01600800 0.01960105 0.02041517
33.01650825 0.01964434 0.02101529
34.01700850 0.01957604 0.02119396
35.01750875 0.01962534 0.02061758
36.01800900 0.01965557 0.02089755
37.01850925 0.01969031 0.02202787
38.01900950 0.01973579 0.02187726
39.01950975 0.01969319 0.02140979
40.02001001 0.01985247 0.02215099
41.02051026 0.01972215 0.02184248
42.02101051 0.01983295 0.02259529
43.02151076 0.02042618 0.02461314
44.02201101 0.02046267 0.02398805
45.02251126 0.02015837 0.02306840
46.02301151 0.02087092 0.02735174
47.02351176 0.02071418 0.03061180
48.02401201 0.02110647 0.02855197
49.02451226 0.02128276 0.02830238
50.02501251 0.02172067 0.03029091
51.02551276 0.02164126 0.03014489
52.02601301 0.02209194 0.03150280
53.02651326 0.02210764 0.03285187
54.02701351 0.02172987 0.03098173
55.02751376 0.02161035 0.02979495
56.02801401 0.02173796 0.02970930
57.02851426 0.02186907 0.03109600
58.02901451 0.02191204 0.03063715
59.02951476 0.02185230 0.03075224
60.03001501 0.02190859 0.03111098
61.03051526 0.02198162 0.03112667
62.03101551 0.02195181 0.03047358
63.03151576 0.02206535 0.03060721
64.03201601 0.02259088 0.03764339
65.03251626 0.02228290 0.03556013
66.03301651 0.02254297 0.03687938
67.03351676 0.02243983 0.03582436
68.03401701 0.02251531 0.03603774
69.03451726 0.02259025 0.03623400
70.03501751 0.02260987 0.03615520
71.03551776 0.02232710 0.03609317
72.03601801 0.02219367 0.03536484
73.03651826 0.02239478 0.03586350
74.03701851 0.02242949 0.03522265
75.03751876 0.02214762 0.03527046
76.03801901 0.02209063 0.03520971
77.03851926 0.02208566 0.03520851
78.03901951 0.02239724 0.03506367
79.03951976 0.02230005 0.03518302
80.04002001 0.02374863 0.04972513
81.04052026 0.02368705 0.04968810
82.04102051 0.02387997 0.04953033
83.04152076 0.02380448 0.04905727
84.04202101 0.02392461 0.05039811
85.04252126 0.02415993 0.05192437
86.04302151 0.02398859 0.05211834
87.04352176 0.02379159 0.05022033
88.04402201 0.02389359 0.05188328
89.04452226 0.02410738 0.05202024
90.04502251 0.02416818 0.05090698
91.04552276 0.02429735 0.05096551
92.04602301 0.02410683 0.05220410
93.04652326 0.02387670 0.05134912
94.04702351 0.02363637 0.05074044
95.04752376 0.02372054 0.05097142
96.04802401 0.02375386 0.05101097
97.04852426 0.02356519 0.05050131
98.04902451 0.02367027 0.05070982
99.04952476 0.02370405 0.05076834
100.05002501 0.02351554 0.05042550
101.05052526 0.02332688 0.05021641
102.05102551 0.02345511 0.05044001
103.05152576 0.02311694 0.05014157
104.05202601 0.02334793 0.05045386
105.05252626 0.02319310 0.05034242
106.05302651 0.02271375 0.04958265
107.05352676 0.02330839 0.05023076
108.05402701 0.02308151 0.04973232
109.05452726 0.02316089 0.04999621
110.05502751 0.02301741 0.04956662
111.05552776 0.02311058 0.04979785
112.05602801 0.02322511 0.04992110
113.05652826 0.02351548 0.05019181
114.05702851 0.02360550 0.05007796
115.05752876 0.02343500 0.05003797
116.05802901 0.02327498 0.04986861
117.05852926 0.02330304 0.04980649
118.05902951 0.02366783 0.05044650
119.05952976 0.02412899 0.05093517
120.06003002 0.02412862 0.05093429
121.06053027 0.02408954 0.05096934
122.06103052 0.02399960 0.05101617
123.06153077 0.02393844 0.05109543
124.06203102 0.02400918 0.05096513
125.06253127 0.02393289 0.05054930
126.06303152 0.02402394 0.05090700
127.06353177 0.02386187 0.05077513
128.06403202 0.02384417 0.05067992
129.06453227 0.02363019 0.05018690
130.06503252 0.02367023 0.05069382
131.06553277 0.02350220 0.05041409
132.06603302 0.02341645 0.05062550
133.06653327 0.02360008 0.05202052
134.06703352 0.02365445 0.05225556
135.06753377 0.02346309 0.05204172
136.06803402 0.02445573 0.05664979
137.06853427 0.02439055 0.05706899
138.06903452 0.02543340 0.05925166
139.06953477 0.02518110 0.05899942
140.07003502 0.02497186 0.05931527
141.07053527 0.02477670 0.05918926
142.07103552 0.02496987 0.05925139
143.07153577 0.02507247 0.05885669
144.07203602 0.02514072 0.05934044
145.07253627 0.02564182 0.06237729
146.07303652 0.02575142 0.06355382
147.07353677 0.02571698 0.06421937
148.07403702 0.02584115 0.06414659
149.07453727 0.02563329 0.06299379
150.07503752 0.02559761 0.06270336
151.07553777 0.02525972 0.06214985
152.07603802 0.02502923 0.06219304
153.07653827 0.02553653 0.06326739
154.07703852 0.02544832 0.06307426
155.07753877 0.02499636 0.06234184
156.07803902 0.02476752 0.06179345
157.07853927 0.02470952 0.06185120
158.07903952 0.02470169 0.06172668
159.07953977 0.02471790 0.06177569
160.08004002 0.02463746 0.06154642
161.08054027 0.02527035 0.06326485
162.08104052 0.02513888 0.06310962
163.08154077 0.02509368 0.06321304
164.08204102 0.02508693 0.06333066
165.08254127 0.02505249 0.06296733
166.08304152 0.02482370 0.06245229
167.08354177 0.02383341 0.05899478
168.08404202 0.02388054 0.05903874
169.08454227 0.02393817 0.05946062
170.08504252 0.02537347 0.06611397
171.08554277 0.02520356 0.06548537
172.08604302 0.02501148 0.06605616
173.08654327 0.02478771 0.06556655
174.08704352 0.02481663 0.06558613
175.08754377 0.02470854 0.06533699
176.08804402 0.02449561 0.06470936
177.08854427 0.02423545 0.06423944
178.08904452 0.02453266 0.06486169
179.08954477 0.02460133 0.06510120
180.09004502 0.02448116 0.06443862
181.09054527 0.02438303 0.06462438
182.09104552 0.02409335 0.06481306
183.09154577 0.02323043 0.05881034
184.09204602 0.02332626 0.06087233
185.09254627 0.02383873 0.06132959
186.09304652 0.02359135 0.05974394
187.09354677 0.02336152 0.05887572
188.09404702 0.02339534 0.05946672
189.09454727 0.02322256 0.05924991
190.09504752 0.02305902 0.05826997
191.09554777 0.02312181 0.05863066
192.09604802 0.02421018 0.06332721
193.09654827 0.02406625 0.06303882
194.09704852 0.02394166 0.06329362
195.09754877 0.02399539 0.06360941
196.09804902 0.02378763 0.06312851
197.09854927 0.02370892 0.06290711
198.09904952 0.02334372 0.06243704
199.09954977 0.02344126 0.06260675
200.10005003 0.02353306 0.06242147
201.10055028 0.02350768 0.06293885
202.10105053 0.02327948 0.06232786
203.10155078 0.02305751 0.06169490
204.10205103 0.02315598 0.06171321
205.10255128 0.02326871 0.06194060
206.10305153 0.02321709 0.06188377
207.10355178 0.02322762 0.06203917
208.10405203 0.02298279 0.06129771
209.10455228 0.02301790 0.06165555
210.10505253 0.02324420 0.06156631
211.10555278 0.02369469 0.06252731
212.10605303 0.02364769 0.06210508
213.10655328 0.02332042 0.06208224
214.10705353 0.02328174 0.06165800
215.10755378 0.02364550 0.06237386
216.10805403 0.02414735 0.06307077
217.10855428 0.02420276 0.06364522
218.10905453 0.02466995 0.06426590
219.10955478 0.02457374 0.06421387
220.11005503 0.02445079 0.06402172
221.11055528 0.02440088 0.06384048
222.11105553 0.02416631 0.06334318
223.11155578 0.02432666 0.06342467
224.11205603 0.02468857 0.06431723
225.11255628 0.02452458 0.06325181
226.11305653 0.02436246 0.06298944
227.11355678 0.02415182 0.06232893
228.11405703 0.02366686 0.06008273
229.11455728 0.02379778 0.06080887
230.11505753 0.02364527 0.06060722
231.11555778 0.02346943 0.05973804
232.11605803 0.02358446 0.06004953
233.11655828 0.02353296 0.05989807
234.11705853 0.02369618 0.05994619
235.11755878 0.02341904 0.05916035
236.11805903 0.02321293 0.05961208
237.11855928 0.02353869 0.05989785
238.11905953 0.02348382 0.05997662
239.11955978 0.02344349 0.05962828
240.12006003 0.02345303 0.05997548
241.12056028 0.02505579 0.06725092
242.12106053 0.02547242 0.06990179
243.12156078 0.02517660 0.06958102
244.12206103 0.02531720 0.06988036
245.12256128 0.02641362 0.07539450
246.12306153 0.02610806 0.07432084
247.12356178 0.02584849 0.07346577
248.12406203 0.02577668 0.07354331
249.12456228 0.02595091 0.07441571
250.12506253 0.02578912 0.07440013
251.12556278 0.02769519 0.08631519
252.12606303 0.02727346 0.08339353
253.12656328 0.02723203 0.08338436
254.12706353 0.02719152 0.08445533
255.12756378 0.02719763 0.08463678
256.12806403 0.02637037 0.08131040
257.12856428 0.02624648 0.08116667
258.12906453 0.02614672 0.08072123
259.12956478 0.02616588 0.08132181
260.13006503 0.02602036 0.08074887
261.13056528 0.02558727 0.07833337
262.13106553 0.02532594 0.07790950
263.13156578 0.02513270 0.07782743
264.13206603 0.02538912 0.07870198
265.13256628 0.02592266 0.07951803
266.13306653 0.02509651 0.07225577
267.13356678 0.02545381 0.07286922
268.13406703 0.02513027 0.07157153
269.13456728 0.02510099 0.07151209
270.13506753 0.02490957 0.07184888
271.13556778 0.02471960 0.07129594
272.13606803 0.02473023 0.07178179
273.13656828 0.02488454 0.07174019
274.13706853 0.02599558 0.07694784
275.13756878 0.02607588 0.07688244
276.13806903 0.02771276 0.08799347
277.13856928 0.02770693 0.08757046
278.13906953 0.02755547 0.08649579
279.13956978 0.02747690 0.08659403
280.14007004 0.02738791 0.08679338
281.14057029 0.02731389 0.08737258
282.14107054 0.02848166 0.09162093
283.14157079 0.02840837 0.09121594
284.14207104 0.02834714 0.09110358
285.14257129 0.02814426 0.09090142
286.14307154 0.02809553 0.09140982
287.14357179 0.02796263 0.09052431
288.14407204 0.02799848 0.09067002
289.14457229 0.02809624 0.09063215
290.14507254 0.02769142 0.09017611
291.14557279 0.02782964 0.09015691
292.14607304 0.02942349 0.09527330
293.14657329 0.02929534 0.09492802
294.14707354 0.02930658 0.09479424
295.14757379 0.02907408 0.09484346
296.14807404 0.02896039 0.09412158
297.14857429 0.02882909 0.09407507
298.14907454 0.02884638 0.09431168
299.14957479 0.02883630 0.09420203
300.15007504 0.02853986 0.09352539
301.15057529 0.02847917 0.09357376
302.15107554 0.02847244 0.09361696
303.15157579 0.02870662 0.09424262
304.15207604 0.02861057 0.09418594
305.15257629 0.02941588 0.09894325
306.15307654 0.02931614 0.09866101
307.15357679 0.03021143 0.10049518
308.15407704 0.03042905 0.10212205
309.15457729 0.03029220 0.10161179
310.15507754 0.02992984 0.10019949
311.15557779 0.02942979 0.09728096
312.15607804 0.02949362 0.09711238
313.15657829 0.02959433 0.09823237
314.15707854 0.02934468 0.09807477
315.15757879 0.02926261 0.09767054
316.15807904 0.02896284 0.09699310
317.15857929 0.02881800 0.09647103
318.15907954 0.02881811 0.09692306
319.15957979 0.02908251 0.09697494
320.16008004 0.02885170 0.09640704
321.16058029 0.02866033 0.09615677
322.16108054 0.02894381 0.09625997
323.16158079 0.02896357 0.09635435
324.16208104 0.02915183 0.09640895
325.16258129 0.03080186 0.10359498
326.16308154 0.03054378 0.10287969
327.16358179 0.03045212 0.10231719
328.16408204 0.03050122 0.10281048
329.16458229 0.02996369 0.10043727
330.16508254 0.02995128 0.10020127
331.16558279 0.02971883 0.10010493
332.16608304 0.02962209 0.10024479
333.16658329 0.02963732 0.09979729
334.16708354 0.02958031 0.09950707
335.16758379 0.02964248 0.09943230
336.16808404 0.02942564 0.09901181
337.16858429 0.02922489 0.09880291
338.16908454 0.02908777 0.09865891
339.16958479 0.03010521 0.10136395
340.17008504 0.02999103 0.10095445
341.17058529 0.02969799 0.10031406
342.17108554 0.02968583 0.10071490
343.17158579 0.02952538 0.10030045
344.17208604 0.02923367 0.09935347
345.17258629 0.02907324 0.09920311
346.17308654 0.02907209 0.09931017
347.17358679 0.02890373 0.09887805
348.17408704 0.02973839 0.09956340
349.17458729 0.02981958 0.09954388
350.17508754 0.02960121 0.09918321
351.17558779 0.03060871 0.10142003
352.17608804 0.03061689 0.10138724
353.17658829 0.03053974 0.10100613
354.17708854 0.03044193 0.10092034
355.17758879 0.03045719 0.10093581
356.17808904 0.03027664 0.10033418
357.17858929 0.03006688 0.09997227
358.17908954 0.02989374 0.09995684
359.17958979 0.02976034 0.09960795
360.18009005 0.03149414 0.10686402
361.18059030 0.03093687 0.10607999
362.18109055 0.03024242 0.10474651
363.18159080 0.03028961 0.10465046
364.18209105 0.03013751 0.10429840
365.18259130 0.02998618 0.10385896
366.18309155 0.02982024 0.10356628
367.18359180 0.02973584 0.10356148
368.18409205 0.02963817 0.10340721
369.18459230 0.02956912 0.10306992
370.18509255 0.02946507 0.10292213
371.18559280 0.02939514 0.10300019
372.18609305 0.02932916 0.10279021
373.18659330 0.02924094 0.10234129
374.18709355 0.02901382 0.10214455
375.18759380 0.02883311 0.10184917
376.18809405 0.02857348 0.10160826
377.18859430 0.02882095 0.10145741
378.18909455 0.02852944 0.10097234
379.18959480 0.02867233 0.10096231
380.19009505 0.02860253 0.10080129
381.19059530 0.02855646 0.10075551
382.19109555 0.02837199 0.10033942
383.19159580 0.02829573 0.10014836
384.19209605 0.02810544 0.09987282
385.19259630 0.02806789 0.09964635
386.19309655 0.02774726 0.09939278
387.19359680 0.02779249 0.09924219
388.19409705 0.02930895 0.10492135
389.19459730 0.02933699 0.10538993
390.19509755 0.02922335 0.10500445
391.19559780 0.03062431 0.10936170
392.19609805 0.03231995 0.11221601
393.19659830 0.03212219 0.11151368
394.19709855 0.03182589 0.11101525
395.19759880 0.03159208 0.11052467
396.19809905 0.03161306 0.11078717
397.19859930 0.03172829 0.11162784
398.19909955 0.03173923 0.11131655
399.19959980 0.03150383 0.11025878
400.20010005 0.03139501 0.10979655
401.20060030 0.03141986 0.11054441
402.20110055 0.03128583 0.11050715
403.20160080 0.03100175 0.10908471
404.20210105 0.03078885 0.10834242
405.20260130 0.03075202 0.10794258
406.20310155 0.02991053 0.10643335
407.20360180 0.02982201 0.10669554
408.20410205 0.02988308 0.10668526
409.20460230 0.03081803 0.10810208
410.20510255 0.03059978 0.10738297
411.20560280 0.03073109 0.10862884
412.20610305 0.03065384 0.10850697
413.20660330 0.03071412 0.10858110
414.20710355 0.03152108 0.11053087
415.20760380 0.03136735 0.11017368
416.20810405 0.03113275 0.10964508
417.20860430 0.03108451 0.10967945
418.20910455 0.03115378 0.10988739
419.20960480 0.03098308 0.10919549
420.21010505 0.03095499 0.10939072
421.21060530 0.03067489 0.10821306
422.21110555 0.03059379 0.10794023
423.21160580 0.03048736 0.10782039
424.21210605 0.03025916 0.10720282
425.21260630 0.03004964 0.10563745
426.21310655 0.02977210 0.10535529
427.21360680 0.02965403 0.10504295
428.21410705 0.02966214 0.10516273
429.21460730 0.02938373 0.10439521
430.21510755 0.02936227 0.10446256
431.21560780 0.02918804 0.10400763
432.21610805 0.02903171 0.10381476
433.21660830 0.02887791 0.10361743
434.21710855 0.02975634 0.10521309
435.21760880 0.02976789 0.10506695
436.21810905 0.02980017 0.10524060
437.21860930 0.02937475 0.10456589
438.21910955 0.02905908 0.10416507
439.21960980 0.02903068 0.10420385
440.22011006 0.02887371 0.10395938
441.22061031 0.02874828 0.10357597
442.22111056 0.02863516 0.10337684
443.22161081 0.02848431 0.10270687
444.22211106 0.02812122 0.10141915
445.22261131 0.02827418 0.10335623
446.22311156 0.02918402 0.10543435
447.22361181 0.02918392 0.10517581
448.22411206 0.02912170 0.10527771
449.22461231 0.02873364 0.10407172
450.22511256 0.02834821 0.10261548
451.22561281 0.02825978 0.10238128
452.22611306 0.02749641 0.10114717
453.22661331 0.02762311 0.10190897
454.22711356 0.02743666 0.10120416
455.22761381 0.02732098 0.10084750
456.22811406 0.02840991 0.10368274
457.22861431 0.02762366 0.10242272
458.22911456 0.02747376 0.10097020
459.22961481 0.02861210 0.10401594
460.23011506 0.02846456 0.10317518
461.23061531 0.02835017 0.10313147
462.23111556 0.02780400 0.10185336
463.23161581 0.02784388 0.10173946
464.23211606 0.02788457 0.10215058
465.23261631 0.02777395 0.10186091
466.23311656 0.02741096 0.10093956
467.23361681 0.02736802 0.10056572
468.23411706 0.02737467 0.10075999
469.23461731 0.02859425 0.10465605
470.23511756 0.02850107 0.10475981
471.23561781 0.02813825 0.10305662
472.23611806 0.02956957 0.10744608
473.23661831 0.02952239 0.10713199
474.23711856 0.02933456 0.10712303
475.23761881 0.02929467 0.10702402
476.23811906 0.02904557 0.10578581
477.23861931 0.02904395 0.10616639
478.23911956 0.02895192 0.10599204
479.23961981 0.02891291 0.10602384
480.24012006 0.02865372 0.10528055
481.24062031 0.02846051 0.10493455
482.24112056 0.02726202 0.10131523
483.24162081 0.02726008 0.10133754
484.24212106 0.02846619 0.10444520
485.24262131 0.02837613 0.10419550
486.24312156 0.02834604 0.10376089
487.24362181 0.02835939 0.10373054
488.24412206 0.02842282 0.10390557
489.24462231 0.02853271 0.10430396
490.24512256 0.02827589 0.10368331
491.24562281 0.02792463 0.10281429
492.24612306 0.02763168 0.10237345
493.24662331 0.02690514 0.10017363
494.24712356 0.02707771 0.10046399
495.24762381 0.02685309 0.09995759
496.24812406 0.02671356 0.09987319
497.24862431 0.02580517 0.09588416
498.24912456 0.02570706 0.09581817
499.24962481 0.02544385 0.09523855
500.25012506 0.02540458 0.09553677
501.25062531 0.02520483 0.09455348
502.25112556 0.02530471 0.09467622
503.25162581 0.02382257 0.08811666
504.25212606 0.02387372 0.08832926
505.25262631 0.02499136 0.09105274
506.25312656 0.02467551 0.09010168
507.25362681 0.02523845 0.09088103
508.25412706 0.02527089 0.09041553
509.25462731 0.02519047 0.09098263
510.25512756 0.02485574 0.08983648
511.25562781 0.02496035 0.09003939
512.25612806 0.02503713 0.08952296
513.25662831 0.02506910 0.08969697
514.25712856 0.02501147 0.08931885
515.25762881 0.02491251 0.08915845
516.25812906 0.02462813 0.08859602
517.25862931 0.02599965 0.09289229
518.25912956 0.02656491 0.09494003
519.25962981 0.02659603 0.09435235
520.26013007 0.02614584 0.09232930
521.26063032 0.02606317 0.09200684
522.26113057 0.02588490 0.09143705
523.26163082 0.02576727 0.09124713
524.26213107 0.02549692 0.08988843
525.26263132 0.02559688 0.09050690
526.26313157 0.02543036 0.08984952
527.26363182 0.02539462 0.08998231
528.26413207 0.02518965 0.08915328
529.26463232 0.02533597 0.08943698
530.26513257 0.02545272 0.08950945
531.26563282 0.02496379 0.08725867
532.26613307 0.02497977 0.08686270
533.26663332 0.02513011 0.08720601
534.26713357 0.02518857 0.08737509
535.26763382 0.02493577 0.08656788
536.26813407 0.02468401 0.08597833
537.26863432 0.02469791 0.08589073
538.26913457 0.02468904 0.08626936
539.26963482 0.02452480 0.08556355
540.27013507 0.02440234 0.08544634
541.27063532 0.02439297 0.08500307
542.27113557 0.02448740 0.08532409
543.27163582 0.02427302 0.08462671
544.27213607 0.02427601 0.08456735
545.27263632 0.02405694 0.08410846
546.27313657 0.02404350 0.08401072
547.27363682 0.02387937 0.08374477
548.27413707 0.02551235 0.09028090
549.27463732 0.02531589 0.09087899
550.27513757 0.02540929 0.09231082
551.27563782 0.02524105 0.09146596
552.27613807 0.02492711 0.09040604
553.27663832 0.02482729 0.09024830
554.27713857 0.02477112 0.08967083
555.27763882 0.02479443 0.09012991
556.27813907 0.02450439 0.08944403
557.27863932 0.02436509 0.08850224
558.27913957 0.02415092 0.08659799
559.27963982 0.02393843 0.08584812
560.28014007 0.02405859 0.08605295
561.28064032 0.02591101 0.09477313
562.28114057 0.02584466 0.09487973
563.28164082 0.02557027 0.09378366
564.28214107 0.02638304 0.09601944
565.28264132 0.02634364 0.09618067
566.28314157 0.02621104 0.09590780
567.28364182 0.02624252 0.09608534
568.28414207 0.02608640 0.09536644
569.28464232 0.02626852 0.09629502
570.28514257 0.02570844 0.09545399
571.28564282 0.02565883 0.09555278
572.28614307 0.02561131 0.09535118
573.28664332 0.02542849 0.09523581
574.28714357 0.02535900 0.09499928
575.28764382 0.02525515 0.09508911
576.28814407 0.02515329 0.09457405
577.28864432 0.02497386 0.09409290
578.28914457 0.02495907 0.09429890
579.28964482 0.02476714 0.09352769
580.29014507 0.02465956 0.09359758
581.29064532 0.02455094 0.09314190
582.29114557 0.02450716 0.09311689
583.29164582 0.02424564 0.09213819
584.29214607 0.02389937 0.09125475
585.29264632 0.02375775 0.09075106
586.29314657 0.02406422 0.09290257
587.29364682 0.02386212 0.09113427
588.29414707 0.02377957 0.09099059
589.29464732 0.02361283 0.09007484
590.29514757 0.02377826 0.09110105
591.29564782 0.02363237 0.09057244
592.29614807 0.02354388 0.09067842
593.29664832 0.02332565 0.08962556
594.29714857 0.02307724 0.08824301
595.29764882 0.02308605 0.08833306
596.29814907 0.02305690 0.08866092
597.29864932 0.02279172 0.08779530
598.29914957 0.02274002 0.08789762
599.29964982 0.02246201 0.08690712
600.30015008 0.02255111 0.08657988
601.30065033 0.02368096 0.08971125
602.30115058 0.02354319 0.08895064
603.30165083 0.02303900 0.08766519
604.30215108 0.02292976 0.08733333
605.30265133 0.02306022 0.08761823
606.30315158 0.02266197 0.08647347
607.30365183 0.02271512 0.08666114
608.30415208 0.02254132 0.08629661
609.30465233 0.02234306 0.08578791
610.30515258 0.02224423 0.08535077
611.30565283 0.02249294 0.08582243
612.30615308 0.02238955 0.08546173
613.30665333 0.02225836 0.08512197
614.30715358 0.02060114 0.07732304
615.30765383 0.02061429 0.07706623
616.30815408 0.02067255 0.07707105
617.30865433 0.02062018 0.07692229
618.30915458 0.02047794 0.07657262
619.30965483 0.02030232 0.07615670
620.31015508 0.02034165 0.07601259
621.31065533 0.02048912 0.07599451
622.31115558 0.02055713 0.07586101
623.31165583 0.02043676 0.07544742
624.31215608 0.01982560 0.07267979
625.31265633 0.01983757 0.07281773
626.31315658 0.01979191 0.07249577
627.31365683 0.01968525 0.07212618
628.31415708 0.01978088 0.07213014
629.31465733 0.01961071 0.07176856
630.31515758 0.02136293 0.08097672
631.31565783 0.02130243 0.08101188
632.31615808 0.02253199 0.08537176
633.31665833 0.02246804 0.08524493
634.31715858 0.02243087 0.08548687
635.31765883 0.02240085 0.08542991
636.31815908 0.02371398 0.09035027
637.31865933 0.02353855 0.08941513
638.31915958 0.02331182 0.08899808
639.31965983 0.02337944 0.08917293
640.32016008 0.02333438 0.08922922
641.32066033 0.02347469 0.08951926
642.32116058 0.02343117 0.08886507
643.32166083 0.02325433 0.08863964
644.32216108 0.02308560 0.08808959
645.32266133 0.02306482 0.08845354
646.32316158 0.02425999 0.09334268
647.32366183 0.02421722 0.09347459
648.32416208 0.02405358 0.09250864
649.32466233 0.02377257 0.09152826
650.32516258 0.02366703 0.09118917
651.32566283 0.02363822 0.09054007
652.32616308 0.02357972 0.08991794
653.32666333 0.02353670 0.09029794
654.32716358 0.02352668 0.09038941
655.32766383 0.02337551 0.08973451
656.32816408 0.02330831 0.08962056
657.32866433 0.02318476 0.08922084
658.32916458 0.02309265 0.08914755
659.32966483 0.02305955 0.08913420
660.33016508 0.02290918 0.08888901
661.33066533 0.02274155 0.08833632
662.33116558 0.02264985 0.08806010
663.33166583 0.02263387 0.08796262
664.33216608 0.02263797 0.08791608
665.33266633 0.02252184 0.08760529
666.33316658 0.02239749 0.08734153
667.33366683 0.02410659 0.09554985
668.33416708 0.02406396 0.09573557
669.33466733 0.02394750 0.09571359
670.33516758 0.02385671 0.09492425
671.33566783 0.02386334 0.09510033
672.33616808 0.02366935 0.09457173
673.33666833 0.02329633 0.09426041
674.33716858 0.02326107 0.09402857
675.33766883 0.02324667 0.09379421
676.33816908 0.02328328 0.09379548
677.33866933 0.02304223 0.09312748
678.33916958 0.02293917 0.09305755
679.33966983 0.02292303 0.09297576
680.34017009 0.02283949 0.09271186
681.34067034 0.02272775 0.09250021
682.34117059 0.02280248 0.09233125
683.34167084 0.02266752 0.09177456
684.34217109 0.02251822 0.09108124
685.34267134 0.02234430 0.09037262
686.34317159 0.02215769 0.09007902
687.34367184 0.02374949 0.09695947
688.34417209 0.02379298 0.09765064
689.34467234 0.02367037 0.09689412
690.34517259 0.02355423 0.09630191
691.34567284 0.02347305 0.09654260
692.34617309 0.02343987 0.09698877
693.34667334 0.02331402 0.09665487
694.34717359 0.02329602 0.09626167
695.34767384 0.02188317 0.08936460
696.34817409 0.02173120 0.08898274
697.34867434 0.02201321 0.08930170
698.34917459 0.02194530 0.08913505
699.34967484 0.02177826 0.08877359
700.35017509 0.02182096 0.08851156
701.35067534 0.02167841 0.08820368
702.35117559 0.02167379 0.08824759
703.35167584 0.02153709 0.08802972
704.35217609 0.02106825 0.08694879
705.35267634 0.02107168 0.08672878
706.35317659 0.02259506 0.09319469
707.35367684 0.02242715 0.09282630
708.35417709 0.02193756 0.09006950
709.35467734 0.02178297 0.08955132
710.35517759 0.02177572 0.08953214
711.35567784 0.02176026 0.08926262
712.35617809 0.02180358 0.08967402
713.35667834 0.02167148 0.08901922
714.35717859 0.02184333 0.09120524
715.35767884 0.02186884 0.09200432
716.35817909 0.02185571 0.09141071
717.35867934 0.02181687 0.09156415
718.35917959 0.02163421 0.09113318
719.35967984 0.02155718 0.09096502
720.36018009 0.02142848 0.09069824
721.36068034 0.02145013 0.09075844
722.36118059 0.02134527 0.09066279
723.36168084 0.02127253 0.09041531
724.36218109 0.02110288 0.09041725
725.36268134 0.02101090 0.08972419
726.36318159 0.02095863 0.08973577
727.36368184 0.02104800 0.08970644
728.36418209 0.02092815 0.08971131
729.36468234 0.02084445 0.08940939
730.36518259 0.02071600 0.08918326
731.36568284 0.02081357 0.08930865
732.36618309 0.02194738 0.09307840
733.36668334 0.02363999 0.09952055
734.36718359 0.02519754 0.10465356
735.36768384 0.02496901 0.10414715
736.36818409 0.02580912 0.10527530
737.36868434 0.02575903 0.10497340
738.36918459 0.02550536 0.10417166
739.36968484 0.02760871 0.10910176
740.37018509 0.02724217 0.10848420
741.37068534 0.02757031 0.10856745
742.37118559 0.02733293 0.10784877
743.37168584 0.02704510 0.10684202
744.37218609 0.02691865 0.10659492
745.37268634 0.02676762 0.10649701
746.37318659 0.02675273 0.10661180
747.37368684 0.02671342 0.10658234
748.37418709 0.02657595 0.10589724
749.37468734 0.02642517 0.10536082
750.37518759 0.02636460 0.10518773
751.37568784 0.02633593 0.10538955
752.37618809 0.02625554 0.10444864
753.37668834 0.02760273 0.10789356
754.37718859 0.02788725 0.10947773
755.37768884 0.02785308 0.10957548
756.37818909 0.02769041 0.10875697
757.37868934 0.02755899 0.10789945
758.37918959 0.02641762 0.10228693
759.37968984 0.02650865 0.10227249
760.38019010 0.02797551 0.11132720
761.38069035 0.02789214 0.11131520
762.38119060 0.02767165 0.11032929
763.38169085 0.02757367 0.10990221
764.38219110 0.02881788 0.11397253
765.38269135 0.02900870 0.11471199
766.38319160 0.02878515 0.11377583
767.38369185 0.02868354 0.11372898
768.38419210 0.02858741 0.11327906
769.38469235 0.02844378 0.11310855
770.38519260 0.02865725 0.11292549
771.38569285 0.02856478 0.11299246
772.38619310 0.02858015 0.11227337
773.38669335 0.02986151 0.11571366
774.38719360 0.02995607 0.11760818
775.38769385 0.02980549 0.11672246
776.38819410 0.02949913 0.11592102
777.38869435 0.02938809 0.11531094
778.38919460 0.02927530 0.11479617
779.38969485 0.02922636 0.11517858
780.39019510 0.02860866 0.11172808
781.39069535 0.02855495 0.11142541
782.39119560 0.02834027 0.11062470
783.39169585 0.02819236 0.10995133
784.39219610 0.02849866 0.11175681
785.39269635 0.02836866 0.11139621
786.39319660 0.02817425 0.11022839
787.39369685 0.02813674 0.11061014
788.39419710 0.02807742 0.11028964
789.39469735 0.02807592 0.11080505
790.39519760 0.02865414 0.11224296
791.39569785 0.02844704 0.11100898
792.39619810 0.02815338 0.10975163
793.39669835 0.02850087 0.11087564
794.39719860 0.02845288 0.11139545
795.39769885 0.02808680 0.11064949
796.39819910 0.02793104 0.11051634
797.39869935 0.02916350 0.11360905
798.39919960 0.02933404 0.11530900
799.39969985 0.02923396 0.11442060
800.40020010 0.02904788 0.11375434
801.40070035 0.02920526 0.11419915
802.40120060 0.02901133 0.11169531
803.40170085 0.02900108 0.11182229
804.40220110 0.02917966 0.11257543
805.40270135 0.02894149 0.11145036
806.40320160 0.02823297 0.10749196
807.40370185 0.02818767 0.10780215
808.40420210 0.02804200 0.10772343
809.40470235 0.02800740 0.10766709
810.40520260 0.02797403 0.10782437
811.40570285 0.02779542 0.10701580
812.40620310 0.02758475 0.10630491
813.40670335 0.02756874 0.10629392
814.40720360 0.02749049 0.10630757
815.40770385 0.02737969 0.10617842
816.40820410 0.02726941 0.10575863
817.40870435 0.02854321 0.10894563
818.40920460 0.02845391 0.10915083
819.40970485 0.02827118 0.10859971
820.41020510 0.02810223 0.10845034
821.41070535 0.02795403 0.10816254
822.41120560 0.02786621 0.10730697
823.41170585 0.02779008 0.10706718
824.41220610 0.02772995 0.10724970
825.41270635 0.02751564 0.10681296
826.41320660 0.02740760 0.10638745
827.41370685 0.02678461 0.10326328
828.41420710 0.02688367 0.10319710
829.41470735 0.02691679 0.10325935
830.41520760 0.02660598 0.10223716
831.41570785 0.02660317 0.10223952
832.41620810 0.02644325 0.10186329
833.41670835 0.02803351 0.10509322
834.41720860 0.02786882 0.10449149
835.41770885 0.02812906 0.10541596
836.41820910 0.02764782 0.10497572
837.41870935 0.02727314 0.10371149
838.41920960 0.02723199 0.10359682
839.41970985 0.02719736 0.10342764
840.42021011 0.02863627 0.10930773
841.42071036 0.02855376 0.10951714
842.42121061 0.02790999 0.10641027
843.42171086 0.02737111 0.10437774
844.42221111 0.02742946 0.10499360
845.42271136 0.02756214 0.10581277
846.42321161 0.02745729 0.10565558
847.42371186 0.02750101 0.10516863
848.42421211 0.02734499 0.10469020
849.42471236 0.02694462 0.10344069
850.42521261 0.02566792 0.09904357
851.42571286 0.02605743 0.10079510
852.42621311 0.02559405 0.09982098
853.42671336 0.02563191 0.10085636
854.42721361 0.02559149 0.10066500
855.42771386 0.02558239 0.10069588
856.42821411 0.02568820 0.10047338
857.42871436 0.02574377 0.10049296
858.42921461 0.02548219 0.09995450
859.42971486 0.02542215 0.09963590
860.43021511 0.02515193 0.09882101
861.43071536 0.02528813 0.09877894
862.43121561 0.02672245 0.10385365
863.43171586 0.02670684 0.10397404
864.43221611 0.02646516 0.10321106
865.43271636 0.02640454 0.10300101
866.43321661 0.02559373 0.10060105
867.43371686 0.02562364 0.10051596
868.43421711 0.02561136 0.10085071
869.43471736 0.02545640 0.10140353
870.43521761 0.02514834 0.09973077
871.43571786 0.02505788 0.09957820
872.43621811 0.02526056 0.10203571
873.43671836 0.02701211 0.10927897
874.43721861 0.02696102 0.10935761
875.43771886 0.02673945 0.10790594
876.43821911 0.02673987 0.10819534
877.43871936 0.02805827 0.11194250
878.43921961 0.02801577 0.11219736
879.43971986 0.02778219 0.11135994
880.44022011 0.02764865 0.11073481
881.44072036 0.02652338 0.10778384
882.44122061 0.02656054 0.10852527
883.44172086 0.02642134 0.10803305
884.44222111 0.02628850 0.10730120
885.44272136 0.02626794 0.10733605
886.44322161 0.02618911 0.10705708
887.44372186 0.02617582 0.10696736
888.44422211 0.02607147 0.10671703
889.44472236 0.02600770 0.10651921
890.44522261 0.02598452 0.10632237
891.44572286 0.02620708 0.10668015
892.44622311 0.02607746 0.10614232
893.44672336 0.02597802 0.10608011
894.44722361 0.02601177 0.10584061
895.44772386 0.02594751 0.10574871
896.44822411 0.02582213 0.10541572
897.44872436 0.02575455 0.10500284
898.44922461 0.02453511 0.09931402
899.44972486 0.02443161 0.09918359
900.45022511 0.02425455 0.09863917
901.45072536 0.02413440 0.09844709
902.45122561 0.02412966 0.09833579
903.45172586 0.02402878 0.09797434
904.45222611 0.02390950 0.09775545
905.45272636 0.02283668 0.09109962
906.45322661 0.02280556 0.09120905
907.45372686 0.02279844 0.09126943
908.45422711 0.02278857 0.09132413
909.45472736 0.02258981 0.09068859
910.45522761 0.02240606 0.09021601
911.45572786 0.02236362 0.09006098
912.45622811 0.02228622 0.08984560
913.45672836 0.02222276 0.08966293
914.45722861 0.02221561 0.08959436
915.45772886 0.02203438 0.08923097
916.45822911 0.02361529 0.09535397
917.45872936 0.02369126 0.09584210
918.45922961 0.02365826 0.09560314
919.45972986 0.02345597 0.09494362
920.46023012 0.02331428 0.09465748
921.46073037 0.02325514 0.09461203
922.46123062 0.02310709 0.09402720
923.46173087 0.02306465 0.09384182
924.46223112 0.02150397 0.08486502
925.46273137 0.02155290 0.08459394
926.46323162 0.02160053 0.08427160
927.46373187 0.02088897 0.08277437
928.46423212 0.02245714 0.08939429
929.46473237 0.02234559 0.08861347
930.46523262 0.02212299 0.08807636
931.46573287 0.02212432 0.08840318
932.46623312 0.02207376 0.08831816
933.46673337 0.02191153 0.08776051
934.46723362 0.02242517 0.09143322
935.46773387 0.02238709 0.09130173
936.46823412 0.02372822 0.09638528
937.46873437 0.02373365 0.09708651
938.46923462 0.02350913 0.09539766
939.46973487 0.02477372 0.10137131
940.47023512 0.02479861 0.10079273
941.47073537 0.02499528 0.10190843
942.47123562 0.02545476 0.10397537
943.47173587 0.02544659 0.10441252
944.47223612 0.02527790 0.10333284
945.47273637 0.02512665 0.10295752
946.47323662 0.02510473 0.10236256
947.47373687 0.02442636 0.09857645
948.47423712 0.02450383 0.09898224
949.47473737 0.02447840 0.09898922
950.47523762 0.02432914 0.09884690
951.47573787 0.02421786 0.09855966
952.47623812 0.02433266 0.09953460
953.47673837 0.02416381 0.09818413
954.47723862 0.02487767 0.09982258
955.47773887 0.02466632 0.09913982
956.47823912 0.02415079 0.09732091
957.47873937 0.02420255 0.09771854
958.47923962 0.02436302 0.09798095
959.47973987 0.02405809 0.09705697
960.48024012 0.02388685 0.09663703
961.48074037 0.02392999 0.09710468
962.48124062 0.02380580 0.09646761
963.48174087 0.02373837 0.09638256
964.48224112 0.02368616 0.09604825
965.48274137 0.02387335 0.09623101
966.48324162 0.02370422 0.09583811
967.48374187 0.02263607 0.09270790
968.48424212 0.02248356 0.09232837
969.48474237 0.02239379 0.09196090
970.48524262 0.02240128 0.09192016
971.48574287 0.02262761 0.09227397
972.48624312 0.02258440 0.09194497
973.48674337 0.02236112 0.09134941
974.48724362 0.02404221 0.09889875
975.48774387 0.02397014 0.09851971
976.48824412 0.02391059 0.09839867
977.48874437 0.02386793 0.09833845
978.48924462 0.02361185 0.09732400
979.48974487 0.02394870 0.09722580
980.49024512 0.02555452 0.10267549
981.49074537 0.02560422 0.10343267
982.49124562 0.02538930 0.10258328
983.49174587 0.02532509 0.10305387
984.49224612 0.02692801 0.10872391
985.49274637 0.02657426 0.10675356
986.49324662 0.02791462 0.11029474
987.49374687 0.02791022 0.11091813
988.49424712 0.02802824 0.11198163
989.49474737 0.02785040 0.11132230
990.49524762 0.02786501 0.11134504
991.49574787 0.02755470 0.10973684
992.49624812 0.02767764 0.11067014
993.49674837 0.02749050 0.11010654
994.49724862 0.02757060 0.11079829
995.49774887 0.02738284 0.11013465
996.49824912 0.02707764 0.10802143
997.49874937 0.02689166 0.10708412
998.49924962 0.02856793 0.11336882
999.49974987 0.02853876 0.11354309
1000.50025013 0.02997206 0.11772815
1001.50075038 0.02982244 0.11712997
1002.50125063 0.02930847 0.11654017
1003.50175088 0.02920483 0.11600468
1004.50225113 0.02905273 0.11576210
1005.50275138 0.02901851 0.11563528
1006.50325163 0.02821248 0.11260142
1007.50375188 0.02995093 0.11796658
1008.50425213 0.02978872 0.11700968
1009.50475238 0.02967481 0.11674097
1010.50525263 0.02938114 0.11579460
1011.50575288 0.02932916 0.11565200
1012.50625313 0.02931639 0.11592724
1013.50675338 0.02924912 0.11615605
1014.50725363 0.02922854 0.11563758
1015.50775388 0.02914299 0.11558703
1016.50825413 0.02911734 0.11567927
1017.50875438 0.02897474 0.11525156
1018.50925463 0.02756617 0.11040758
1019.50975488 0.02739986 0.11013210
1020.51025513 0.02730320 0.10986894
1021.51075538 0.02728135 0.10949666
1022.51125563 0.02722187 0.10924336
1023.51175588 0.02715274 0.10916545
1024.51225613 0.02679152 0.10792202
1025.51275638 0.02664555 0.10743914
1026.51325663 0.02652501 0.10716119
1027.51375688 0.02636719 0.10699718
1028.51425713 0.02635223 0.10683247
1029.51475738 0.02639549 0.10657289
1030.51525763 0.02624744 0.10564093
1031.51575788 0.02602449 0.10517934
1032.51625813 0.02583038 0.10477506
1033.51675838 0.02583977 0.10478141
1034.51725863 0.02568087 0.10470150
1035.51775888 0.02571521 0.10452869
1036.51825913 0.02558707 0.10413647
1037.51875938 0.02581276 0.10432985
1038.51925963 0.02588944 0.10422330
1039.51975988 0.02604758 0.10466093
1040.52026013 0.02599885 0.10431141
1041.52076038 0.02729579 0.10703077
1042.52126063 0.02723173 0.10613462
1043.52176088 0.02733809 0.10642811
1044.52226113 0.02740458 0.10693570
1045.52276138 0.02726239 0.10662680
1046.52326163 0.02842425 0.10945449
1047.52376188 0.02818722 0.10903168
1048.52426213 0.02724865 0.10462394
1049.52476238 0.02739559 0.10469821
1050.52526263 0.02742872 0.10500579
1051.52576288 0.02699640 0.10373531
1052.52626313 0.02679169 0.10323570
1053.52676338 0.02666151 0.10279984
1054.52726363 0.02673100 0.10287502
1055.52776388 0.02654348 0.10257814
1056.52826413 0.02651288 0.10233720
1057.52876438 0.02638038 0.10208892
1058.52926463 0.02626694 0.10163019
1059.52976488 0.02619047 0.10141160
1060.53026513 0.02606217 0.10134280
1061.53076538 0.02473983 0.09527425
1062.53126563 0.02454603 0.09466443
1063.53176588 0.02453206 0.09438662
1064.53226613 0.02447785 0.09419890
1065.53276638 0.02436501 0.09401287
1066.53326663 0.02423666 0.09372374
1067.53376688 0.02450059 0.09607558
1068.53426713 0.02445238 0.09626913
1069.53476738 0.02447312 0.09683355
1070.53526763 0.02560373 0.09970002
1071.53576788 0.02552075 0.09972077
1072.53626813 0.02512288 0.09713200
1073.53676838 0.02511663 0.09724643
1074.53726863 0.02454230 0.09631607
1075.53776888 0.02425683 0.09463733
1076.53826913 0.02406235 0.09370405
1077.53876938 0.02340832 0.09034385
1078.53926963 0.02296050 0.08878509
1079.53976988 0.02305030 0.08910404
1080.54027014 0.02453951 0.09482860
1081.54077039 0.02440470 0.09406049
1082.54127064 0.02409024 0.09297617
1083.54177089 0.02393554 0.09247462
1084.54227114 0.02354377 0.09157878
1085.54277139 0.02356225 0.09190674
1086.54327164 0.02344608 0.09132305
1087.54377189 0.02338655 0.09150376
1088.54427214 0.02318352 0.09037975
1089.54477239 0.02315155 0.09065027
1090.54527264 0.02309226 0.09021064
1091.54577289 0.02294141 0.08997116
1092.54627314 0.02287014 0.08977403
1093.54677339 0.02291839 0.08962714
1094.54727364 0.02195713 0.08674457
1095.54777389 0.02186317 0.08655617
1096.54827414 0.02184781 0.08658526
1097.54877439 0.02173320 0.08632803
1098.54927464 0.02168287 0.08612898
1099.54977489 0.02153236 0.08562209
1100.55027514 0.02140585 0.08540573
1101.55077539 0.02090711 0.08326858
1102.55127564 0.02078989 0.08300403
1103.55177589 0.02073790 0.08274031
1104.55227614 0.02059385 0.08248232
1105.55277639 0.02057755 0.08233759
1106.55327664 0.02045203 0.08229539
1107.55377689 0.02035821 0.08201265
1108.55427714 0.02035206 0.08188303
1109.55477739 0.02053984 0.08312085
1110.55527764 0.02054083 0.08333443
1111.55577789 0.02054427 0.08254588
1112.55627814 0.01957541 0.07935129
1113.55677839 0.01925254 0.07843821
1114.55727864 0.01919853 0.07875245
1115.55777889 0.01963207 0.07950353
1116.55827914 0.01963976 0.07962640
1117.55877939 0.01956429 0.07939386
1118.55927964 0.01947809 0.07914822
1119.55977989 0.01925443 0.07861180
1120.56028014 0.01926440 0.07838150
1121.56078039 0.01918872 0.07829521
1122.56128064 0.01917498 0.07798217
1123.56178089 0.01911094 0.07783033
1124.56228114 0.01906336 0.07756983
1125.56278139 0.01982895 0.08228601
1126.56328164 0.01973949 0.08221057
1127.56378189 0.02107973 0.08697628
1128.56428214 0.02113154 0.08703244
1129.56478239 0.02108526 0.08666574
1130.56528264 0.02095548 0.08645282
1131.56578289 0.02095511 0.08708627
1132.56628314 0.02085791 0.08649873
1133.56678339 0.02078731 0.08620464
1134.56728364 0.02088390 0.08727216
1135.56778389 0.02085026 0.08742518
1136.56828414 0.02035412 0.08490289
1137.56878439 0.02023424 0.08449347
1138.56928464 0.02032109 0.08523480
1139.56978489 0.02018317 0.08451268
1140.57028514 0.02020090 0.08458118
1141.57078539 0.02002701 0.08394949
1142.57128564 0.02004246 0.08391488
1143.57178589 0.01896725 0.07820505
1144.57228614 0.01889842 0.07828382
1145.57278639 0.01883714 0.07806906
1146.57328664 0.01867551 0.07755271
1147.57378689 0.01868307 0.07756383
1148.57428714 0.01858362 0.07752576
1149.57478739 0.02001958 0.08420180
1150.57528764 0.01991223 0.08388335
1151.57578789 0.01987593 0.08347480
1152.57628814 0.01981999 0.08385480
1153.57678839 0.01988454 0.08371888
1154.57728864 0.01987617 0.08340372
1155.57778889 0.01977025 0.08323224
1156.57828914 0.01960858 0.08330853
1157.57878939 0.02005787 0.08357465
1158.57928964 0.02053312 0.08401428
1159.57978989 0.02058163 0.08406461
1160.58029015 0.02038731 0.08381032
1161.58079040 0.02025381 0.08350574
1162.58129065 0.02026781 0.08333367
1163.58179090 0.02031954 0.08309951
1164.58229115 0.02027887 0.08300228
1165.58279140 0.02014836 0.08277104
1166.58329165 0.02023445 0.08271191
1167.58379190 0.02018782 0.08252707
1168.58429215 0.02039260 0.08363959
1169.58479240 0.02031586 0.08311354
1170.58529265 0.02036691 0.08307985
1171.58579290 0.02030048 0.08249158
1172.58629315 0.02024491 0.08285708
1173.58679340 0.02017205 0.08284082
1174.58729365 0.02018631 0.08264389
1175.58779390 0.02015085 0.08248619
1176.58829415 0.02005148 0.08214768
1177.58879440 0.01999538 0.08211397
1178.58929465 0.01986268 0.08202607
1179.58979490 0.01980071 0.08176305
1180.59029515 0.01977219 0.08167617
1181.59079540 0.01980244 0.08160952
1182.59129565 0.01925580 0.07986380
1183.59179590 0.01925049 0.08000426
1184.59229615 0.01917624 0.07994192
1185.59279640 0.01906300 0.07964930
1186.59329665 0.01894204 0.07945510
1187.59379690 0.01893054 0.07919967
1188.59429715 0.01888094 0.07911255
1189.59479740 0.01884708 0.07927314
1190.59529765 0.01879849 0.07885457
1191.59579790 0.02035029 0.08655986
1192.59629815 0.02032614 0.08655453
1193.59679840 0.01949539 0.08245425
1194.59729865 0.01947999 0.08270923
1195.59779890 0.01906209 0.08015082
1196.59829915 0.01895530 0.08008135
1197.59879940 0.01905897 0.08045609
1198.59929965 0.01918403 0.08181685
1199.59979990 0.01901973 0.08157746
1200.60030015 0.01898530 0.08157228
1201.60080040 0.01864014 0.07869043
1202.60130065 0.01857457 0.07891842
1203.60180090 0.01855077 0.07909142
1204.60230115 0.01899795 0.07923326
1205.60280140 0.01934654 0.08174895
1206.60330165 0.02096754 0.08923293
1207.60380190 0.02191018 0.09164928
1208.60430215 0.02188653 0.09169246
1209.60480240 0.02129024 0.08957706
1210.60530265 0.02042853 0.08319110
1211.60580290 0.02039289 0.08294568
1212.60630315 0.02020525 0.08185093
1213.60680340 0.02014414 0.08197355
1214.60730365 0.02003593 0.08183903
1215.60780390 0.02147070 0.08810892
1216.60830415 0.02155795 0.08836389
1217.60880440 0.02150475 0.08802179
1218.60930465 0.02140590 0.08729171
1219.60980490 0.02116765 0.08696696
1220.61030515 0.02110716 0.08671074
1221.61080540 0.02109790 0.08672671
1222.61130565 0.02123610 0.08691448
1223.61180590 0.02090060 0.08651625
1224.61230615 0.02197556 0.09003940
1225.61280640 0.02191135 0.08991428
1226.61330665 0.02198657 0.09031704
1227.61380690 0.02199520 0.09024967
1228.61430715 0.02191624 0.09011047
1229.61480740 0.02104005 0.08653815
1230.61530765 0.02102701 0.08674983
1231.61580790 0.02134549 0.08725860
1232.61630815 0.02152627 0.08782274
1233.61680840 0.02264681 0.09177988
1234.61730865 0.02252569 0.09117609
1235.61780890 0.02255438 0.09121912
1236.61830915 0.02254293 0.09129414
1237.61880940 0.02247610 0.09149131
1238.61930965 0.02255978 0.09121762
1239.61980990 0.02242889 0.09102386
1240.62031016 0.02207455 0.09009848
1241.62081041 0.02205937 0.09021864
1242.62131066 0.02205028 0.09019846
1243.62181091 0.02186849 0.09008282
1244.62231116 0.02173998 0.08984400
1245.62281141 0.02154064 0.08936351
1246.62331166 0.02153600 0.08929377
1247.62381191 0.02147107 0.08920407
1248.62431216 0.02180894 0.08966930
1249.62481241 0.02167770 0.08863475
1250.62531266 0.02127943 0.08754017
1251.62581291 0.02130316 0.08860166
1252.62631316 0.02123966 0.08933774
1253.62681341 0.02104586 0.08882830
1254.62731366 0.02208864 0.09156140
1255.62781391 0.02216961 0.09148296
1256.62831416 0.02195907 0.09023551
1257.62881441 0.02170180 0.08972817
1258.62931466 0.02171336 0.09026332
1259.62981491 0.02172468 0.09062596
1260.63031516 0.02156168 0.08944794
1261.63081541 0.02147386 0.08905207
1262.63131566 0.02135097 0.08922172
1263.63181591 0.02278180 0.09458575
1264.63231616 0.02272312 0.09455909
1265.63281641 0.02274525 0.09499146
1266.63331666 0.02268654 0.09435263
1267.63381691 0.02256375 0.09352982
1268.63431716 0.02253341 0.09382780
1269.63481741 0.02250916 0.09372473
1270.63531766 0.02242914 0.09334354
1271.63581791 0.02228407 0.09300094
1272.63631816 0.02224177 0.09306499
1273.63681841 0.02218551 0.09298888
1274.63731866 0.02271708 0.09308098
1275.63781891 0.02260583 0.09288605
1276.63831916 0.02256581 0.09297431
1277.63881941 0.02245926 0.09258501
1278.63931966 0.02240663 0.09215656
1279.63981991 0.02367045 0.09679992
1280.64032016 0.02364730 0.09673784
1281.64082041 0.02346134 0.09596179
1282.64132066 0.02349143 0.09584447
1283.64182091 0.02346306 0.09606165
1284.64232116 0.02259503 0.09188903
1285.64282141 0.02248628 0.09156719
1286.64332166 0.02232938 0.09053976
1287.64382191 0.02226795 0.09031010
1288.64432216 0.02212241 0.08995514
1289.64482241 0.02198713 0.08997189
1290.64532266 0.02224605 0.09165354
1291.64582291 0.02218825 0.09169426
1292.64632316 0.02211435 0.09152921
1293.64682341 0.02203606 0.09159519
1294.64732366 0.02195679 0.09092656
1295.64782391 0.02185688 0.09050796
1296.64832416 0.02180886 0.09026746
1297.64882441 0.02337706 0.09711718
1298.64932466 0.02339494 0.09773558
1299.64982491 0.02327480 0.09736795
1300.65032516 0.02318383 0.09674001
1301.65082541 0.02307619 0.09659020
1302.65132566 0.02295261 0.09597388
1303.65182591 0.02311092 0.09597613
1304.65232616 0.02298363 0.09580368
1305.65282641 0.02289024 0.09546283
1306.65332666 0.02274519 0.09519114
1307.65382691 0.02263411 0.09499164
1308.65432716 0.02250670 0.09471947
1309.65482741 0.02249658 0.09460617
1310.65532766 0.02241625 0.09455243
1311.65582791 0.02242016 0.09431653
1312.65632816 0.02230901 0.09404170
1313.65682841 0.02250462 0.09435430
1314.65732866 0.02253279 0.09444266
1315.65782891 0.02242044 0.09409535
1316.65832916 0.02252608 0.09378819
1317.65882941 0.02200246 0.09252493
1318.65932966 0.02195339 0.09253741
1319.65982991 0.02240286 0.09280759
1320.66033017 0.02242298 0.09283974
1321.66083042 0.02228201 0.09275421
1322.66133067 0.02210162 0.09225080
1323.66183092 0.02213933 0.09225106
1324.66233117 0.02205311 0.09206470
1325.66283142 0.02311055 0.09623320
1326.66333167 0.02306356 0.09639340
1327.66383192 0.02413552 0.09883854
1328.66433217 0.02395509 0.09836554
1329.66483242 0.02400171 0.09817876
1330.66533267 0.02371443 0.09730723
1331.66583292 0.02283973 0.09419708
1332.66633317 0.02283069 0.09403399
1333.66683342 0.02281672 0.09368209
1334.66733367 0.02281709 0.09373825
1335.66783392 0.02431260 0.10008062
1336.66833417 0.02429277 0.10072435
1337.66883442 0.02402980 0.09942419
1338.66933467 0.02349458 0.09692083
1339.66983492 0.02369582 0.09722903
1340.67033517 0.02367802 0.09691567
1341.67083542 0.02356892 0.09713382
1342.67133567 0.02340263 0.09673687
1343.67183592 0.02327247 0.09669887
1344.67233617 0.02305574 0.09603932
1345.67283642 0.02298983 0.09559026
1346.67333667 0.02334674 0.09594071
1347.67383692 0.02336274 0.09615557
1348.67433717 0.02317524 0.09557446
1349.67483742 0.02299178 0.09519760
1350.67533767 0.02297995 0.09514461
1351.67583792 0.02296773 0.09504915
1352.67633817 0.02198161 0.08999744
1353.67683842 0.02212374 0.09101895
1354.67733867 0.02173964 0.08903451
1355.67783892 0.02332511 0.09569784
1356.67833917 0.02274242 0.09412402
1357.67883942 0.02275390 0.09441424
1358.67933967 0.02262448 0.09415907
1359.67983992 0.02265802 0.09666614
1360.68034017 0.02270794 0.09678755
1361.68084042 0.02263749 0.09619117
1362.68134067 0.02258170 0.09647589
1363.68184092 0.02397163 0.10187141
1364.68234117 0.02379977 0.10153836
1365.68284142 0.02377748 0.10113976
1366.68334167 0.02363089 0.10033334
1367.68384192 0.02496482 0.10452792
1368.68434217 0.02455768 0.10290179
1369.68484242 0.02449086 0.10285297
1370.68534267 0.02446609 0.10244423
1371.68584292 0.02467506 0.10286162
1372.68634317 0.02796261 0.11476958
1373.68684342 0.02638470 0.11001815
1374.68734367 0.02633960 0.10987635
1375.68784392 0.02636359 0.10948954
1376.68834417 0.02654547 0.10951936
1377.68884442 0.02628295 0.10767296
1378.68934467 0.02607337 0.10720071
1379.68984492 0.02592540 0.10744852
1380.69034517 0.02602647 0.10808899
1381.69084542 0.02589390 0.10737398
1382.69134567 0.02611181 0.10790805
1383.69184592 0.02581883 0.10654063
1384.69234617 0.02552761 0.10693867
1385.69284642 0.02564227 0.10668760
1386.69334667 0.02571844 0.10671105
1387.69384692 0.02565422 0.10649333
1388.69434717 0.02557475 0.10605869
1389.69484742 0.02542898 0.10598967
1390.69534767 0.02517466 0.10531699
1391.69584792 0.02686931 0.11113750
1392.69634817 0.02674057 0.11002171
1393.69684842 0.02854262 0.11751374
1394.69734867 0.02844077 0.11748274
1395.69784892 0.02846366 0.11979751
1396.69834917 0.02846380 0.12017857
1397.69884942 0.02804174 0.11848372
1398.69934967 0.02795913 0.11768097
1399.69984992 0.02784368 0.11738972
1400.70035018 0.02785585 0.11803342
1401.70085043 0.02779603 0.11795252
1402.70135068 0.02773524 0.11785455
1403.70185093 0.02749546 0.11684461
1404.70235118 0.02616590 0.11168629
1405.70285143 0.02611502 0.11188667
1406.70335168 0.02610266 0.11185623
1407.70385193 0.02603435 0.11162448
1408.70435218 0.02592249 0.11105927
1409.70485243 0.02567929 0.11056942
1410.70535268 0.02583155 0.11076514
1411.70585293 0.02601498 0.11049958
1412.70635318 0.02601041 0.11045817
1413.70685343 0.02583183 0.11016715
1414.70735368 0.02564662 0.10955957
1415.70785393 0.02562346 0.10950813
1416.70835418 0.02573660 0.10967952
1417.70885443 0.02567514 0.10932650
1418.70935468 0.02413003 0.10412064
1419.70985493 0.02389947 0.10343543
1420.71035518 0.02381872 0.10336383
1421.71085543 0.02361689 0.10310669
1422.71135568 0.02362861 0.10291640
1423.71185593 0.02356602 0.10270872
1424.71235618 0.02340414 0.10251381
1425.71285643 0.02320397 0.10205758
1426.71335668 0.02312218 0.10209203
1427.71385693 0.02312451 0.10189843
1428.71435718 0.02296015 0.10131010
1429.71485743 0.02279626 0.10115241
1430.71535768 0.02273372 0.10098037
1431.71585793 0.02270061 0.10081584
1432.71635818 0.02270330 0.10083306
1433.71685843 0.02279531 0.10060873
1434.71735868 0.02278269 0.10053135
1435.71785893 0.02476466 0.10756316
1436.71835918 0.02473886 0.10705067
1437.71885943 0.02468060 0.10665806
1438.71935968 0.02458357 0.10646598
1439.71985993 0.02438603 0.10612812
1440.72036018 0.02428798 0.10606093
1441.72086043 0.02418312 0.10593128
1442.72136068 0.02531720 0.10850021
1443.72186093 0.02524949 0.10844569
1444.72236118 0.02524993 0.10878377
1445.72286143 0.02503367 0.10809925
1446.72336168 0.02486819 0.10774876
1447.72386193 0.02476858 0.10749480
1448.72436218 0.02456613 0.10742295
1449.72486243 0.02447270 0.10715959
1450.72536268 0.02429786 0.10651845
1451.72586293 0.02444897 0.10681634
1452.72636318 0.02618031 0.11323184
1453.72686343 0.02539998 0.10887991
1454.72736368 0.02559735 0.11052077
1455.72786393 0.02665352 0.11316737
1456.72836418 0.02671873 0.11455327
1457.72886443 0.02679188 0.11565142
1458.72936468 0.02674400 0.11571039
1459.72986493 0.02656393 0.11522790
1460.73036518 0.02655372 0.11527559
1461.73086543 0.02680371 0.11701138
1462.73136568 0.02601400 0.11671141
1463.73186593 0.02512303 0.11196984
1464.73236618 0.02540154 0.11308515
1465.73286643 0.02509553 0.11065663
1466.73336668 0.02427631 0.11080079
1467.73386693 0.02327558 0.10841462
1468.73436718 0.02328367 0.10905232
1469.73486743 0.02305139 0.10782980
1470.73536768 0.02304358 0.10793970
1471.73586793 0.02082611 0.09915190
1472.73636818 0.02084318 0.09954056
1473.73686843 0.02080483 0.09948564
1474.73736868 0.02358671 0.10808826
1475.73786893 0.02491786 0.11246224
1476.73836918 0.02482023 0.11263562
1477.73886943 0.02490008 0.11309758
1478.73936968 0.02463402 0.11175404
1479.73986993 0.02460007 0.11177075
1480.74037019 0.02461237 0.11196780
1481.74087044 0.02439283 0.11138738
1482.74137069 0.02432128 0.11085317
1483.74187094 0.02607563 0.11748690
1484.74237119 0.02614288 0.11789849
1485.74287144 0.02590941 0.11691534
1486.74337169 0.02583582 0.11693808
1487.74387194 0.02575670 0.11674423
1488.74437219 0.02572730 0.11666693
1489.74487244 0.02560525 0.11654806
1490.74537269 0.02556995 0.11640461
1491.74587294 0.02670154 0.11977191
1492.74637319 0.02656094 0.11946564
1493.74687344 0.02661247 0.11977257
1494.74737369 0.02655954 0.11956944
1495.74787394 0.02640750 0.11909482
1496.74837419 0.02636766 0.11885198
1497.74887444 0.02633745 0.11908045
1498.74937469 0.02625928 0.11890113
1499.74987494 0.02626979 0.11911820
1500.75037519 0.02638764 0.12006948
1501.75087544 0.02621716 0.11938632
1502.75137569 0.02623047 0.11974274
1503.75187594 0.02604428 0.11880333
1504.75237619 0.02598684 0.11894699
1505.75287644 0.02598940 0.11869464
1506.75337669 0.02607085 0.12005770
1507.75387694 0.02624397 0.12149700
1508.75437719 0.02605215 0.11984035
1509.75487744 0.02600022 0.11953072
1510.75537769 0.02607187 0.11995774
1511.75587794 0.02595634 0.11982215
1512.75637819 0.02549167 0.11778944
1513.75687844 0.02549716 0.11795269
1514.75737869 0.02564671 0.11859899
1515.75787894 0.02562053 0.11862679
1516.75837919 0.02540875 0.11746117
1517.75887944 0.02568802 0.11862488
1518.75937969 0.02546159 0.11821603
1519.75987994 0.02565223 0.11812307
1520.76038019 0.02560724 0.11814564
1521.76088044 0.02403128 0.11172452
1522.76138069 0.02387032 0.11130336
1523.76188094 0.02392581 0.11132975
1524.76238119 0.02392617 0.11135970
1525.76288144 0.02407797 0.11132912
1526.76338169 0.02364439 0.10968531
1527.76388194 0.02362476 0.10942095
1528.76438219 0.02368567 0.10957241
1529.76488244 0.02361637 0.10944623
1530.76538269 0.02353285 0.10927184
1531.76588294 0.02335139 0.10906912
1532.76638319 0.02472559 0.11337096
1533.76688344 0.02471746 0.11256687
1534.76738369 0.02472652 0.11272824
1535.76788394 0.02469911 0.11282158
1536.76838419 0.02378542 0.11083169
1537.76888444 0.02352979 0.10860268
1538.76938469 0.02452434 0.11072991
1539.76988494 0.02459900 0.11091950
1540.77038519 0.02445006 0.11065272
1541.77088544 0.02408212 0.10977390
1542.77138569 0.02402619 0.10965081
1543.77188594 0.02386450 0.10887058
1544.77238619 0.02386126 0.10890135
1545.77288644 0.02459106 0.11319286
1546.77338669 0.02465253 0.11416161
1547.77388694 0.02470769 0.11528475
1548.77438719 0.02630724 0.12037855
1549.77488744 0.02614319 0.11953000
1550.77538769 0.02569130 0.11641380
1551.77588794 0.02558424 0.11602055
1552.77638819 0.02561201 0.11656632
1553.77688844 0.02558807 0.11658478
1554.77738869 0.02542136 0.11554161
1555.77788894 0.02526636 0.11498086
1556.77838919 0.02525296 0.11498123
1557.77888944 0.02533208 0.11590788
1558.77938969 0.02506244 0.11515407
1559.77988994 0.02649916 0.11938341
1560.78039020 0.02646015 0.11916956
1561.78089045 0.02645778 0.11936455
1562.78139070 0.02644977 0.11942337
1563.78189095 0.02627677 0.11854782
1564.78239120 0.02859244 0.12488226
1565.78289145 0.02868770 0.12559864
1566.78339170 0.02855941 0.12534696
1567.78389195 0.02835609 0.12426738
1568.78439220 0.02728521 0.12050049
1569.78489245 0.02739258 0.12136526
1570.78539270 0.02851141 0.12416934
1571.78589295 0.02878542 0.12449967
1572.78639320 0.02866810 0.12358932
1573.78689345 0.02827666 0.12173948
1574.78739370 0.02732310 0.11808094
1575.78789395 0.02737391 0.11780724
1576.78839420 0.02680372 0.11656231
1577.78889445 0.02676368 0.11724421
1578.78939470 0.02668086 0.11671753
1579.78989495 0.02642447 0.11575886
1580.79039520 0.02651231 0.11615645
1581.79089545 0.02651141 0.11609087
1582.79139570 0.02635652 0.11565992
1583.79189595 0.02757221 0.11905799
1584.79239620 0.02748925 0.11840545
1585.79289645 0.02746170 0.11832690
1586.79339670 0.02737933 0.11826617
1587.79389695 0.02740683 0.11850469
1588.79439720 0.02739717 0.11849666
1589.79489745 0.02727771 0.11794963
1590.79539770 0.02903648 0.12378749
1591.79589795 0.02887397 0.12340480
1592.79639820 0.02873658 0.12270894
1593.79689845 0.02666741 0.11676059
1594.79739870 0.02749270 0.11894738
1595.79789895 0.02749459 0.11866767
1596.79839920 0.02739073 0.11816239
1597.79889945 0.02723250 0.11802153
1598.79939970 0.02717749 0.11777822
1599.79989995 0.02723504 0.11779533
1600.80040020 0.02731088 0.11770502
1601.80090045 0.02724173 0.11744555
1602.80140070 0.02623293 0.11459818
1603.80190095 0.02620471 0.11453988
1604.80240120 0.02614438 0.11451748
1605.80290145 0.02603591 0.11427035
1606.80340170 0.02596571 0.11404900
1607.80390195 0.02585305 0.11382940
1608.80440220 0.02581778 0.11366917
1609.80490245 0.02654313 0.11582213
1610.80540270 0.02661448 0.11599100
1611.80590295 0.02804492 0.12119490
1612.80640320 0.02943024 0.12482517
1613.80690345 0.02877910 0.12158457
1614.80740370 0.02869313 0.12136662
1615.80790395 0.02849243 0.12059457
1616.80840420 0.02833167 0.12004927
1617.80890445 0.02839068 0.12049384
1618.80940470 0.02788503 0.11935084
1619.80990495 0.02901498 0.12219632
1620.81040520 0.02911563 0.12297229
1621.81090545 0.02923690 0.12376820
1622.81140570 0.02916108 0.12344650
1623.81190595 0.02904552 0.12303953
1624.81240620 0.02896087 0.12323957
1625.81290645 0.02915623 0.12330595
1626.81340670 0.02903426 0.12271535
1627.81390695 0.02909434 0.12308123
1628.81440720 0.02807546 0.12059446
1629.81490745 0.02804708 0.12026006
1630.81540770 0.02803910 0.12017934
1631.81590795 0.02797467 0.12009624
1632.81640820 0.02781984 0.11973140
1633.81690845 0.02649909 0.11474165
1634.81740870 0.02645119 0.11461996
1635.81790895 0.02553550 0.10995939
1636.81840920 0.02537868 0.10957391
1637.81890945 0.02537009 0.10938681
1638.81940970 0.02462337 0.10807610
1639.81990995 0.02467043 0.10800818
1640.82041021 0.02458417 0.10808297
1641.82091046 0.02478729 0.10866483
1642.82141071 0.02470937 0.10822576
1643.82191096 0.02468022 0.10842013
1644.82241121 0.02538626 0.11212135
1645.82291146 0.02541577 0.11223712
1646.82341171 0.02542446 0.11155557
1647.82391196 0.02500800 0.11098468
1648.82441221 0.02484810 0.11053397
1649.82491246 0.02487627 0.11074379
1650.82541271 0.02704935 0.12030757
1651.82591296 0.02720587 0.12108859
1652.82641321 0.02722355 0.12100519
1653.82691346 0.02697264 0.11951032
1654.82741371 0.02686303 0.11967508
1655.82791396 0.02682563 0.12004463
1656.82841421 0.02687501 0.12055648
1657.82891446 0.02652628 0.11981573
1658.82941471 0.02632061 0.11839580
1659.82991496 0.02629734 0.11847425
1660.83041521 0.02630091 0.11907301
1661.83091546 0.02583597 0.11893230
1662.83141571 0.02746544 0.12413570
1663.83191596 0.02735713 0.12383336
1664.83241621 0.02922751 0.12764628
1665.83291646 0.02913630 0.12754292
1666.83341671 0.02893932 0.12686113
1667.83391696 0.02774303 0.12287219
1668.83441721 0.02615175 0.11505628
1669.83491746 0.02619176 0.11505572
1670.83541771 0.02608344 0.11484467
1671.83591796 0.02604385 0.11501762
1672.83641821 0.02581415 0.11406191
1673.83691846 0.02579888 0.11421899
1674.83741871 0.02593733 0.11620716
1675.83791896 0.02582235 0.11577786
1676.83841921 0.02567388 0.11559602
1677.83891946 0.02553446 0.11476950
1678.83941971 0.02545073 0.11448636
1679.83991996 0.02537132 0.11439859
1680.84042021 0.02536458 0.11456253
1681.84092046 0.02464769 0.11162605
1682.84142071 0.02454130 0.11123184
1683.84192096 0.02435154 0.11027622
1684.84242121 0.02438800 0.11046461
1685.84292146 0.02334339 0.10477728
1686.84342171 0.02377330 0.10449689
1687.84392196 0.02381568 0.10484315
1688.84442221 0.02374606 0.10448454
1689.84492246 0.02363553 0.10424649
1690.84542271 0.02352407 0.10395352
1691.84592296 0.02352328 0.10411537
1692.84642321 0.02347731 0.10401276
1693.84692346 0.02314858 0.10303314
1694.84742371 0.02417777 0.10810255
1695.84792396 0.02394508 0.10700726
1696.84842421 0.02365548 0.10577430
1697.84892446 0.02340718 0.10488138
1698.84942471 0.02488860 0.10992234
1699.84992496 0.02460504 0.10909012
1700.85042521 0.02610267 0.11397975
1701.85092546 0.02609682 0.11388416
1702.85142571 0.02606863 0.11343011
1703.85192596 0.02586980 0.11312494
1704.85242621 0.02578728 0.11291573
1705.85292646 0.02587019 0.11266665
1706.85342671 0.02584524 0.11225958
1707.85392696 0.02582726 0.11281997
1708.85442721 0.02564788 0.11244934
1709.85492746 0.02545227 0.11229547
1710.85542771 0.02535123 0.11189596
1711.85592796 0.02521113 0.11169828
1712.85642821 0.02515213 0.11153533
1713.85692846 0.02458242 0.10835488
1714.85742871 0.02449679 0.10844829
1715.85792896 0.02445946 0.10825570
1716.85842921 0.02453079 0.10800856
1717.85892946 0.02447236 0.10800259
1718.85942971 0.02428078 0.10716957
1719.85992996 0.02315230 0.10390148
1720.86043022 0.02326280 0.10396377
1721.86093047 0.02312870 0.10358986
1722.86143072 0.02308326 0.10316224
1723.86193097 0.02306268 0.10292499
1724.86243122 0.02299551 0.10276776
1725.86293147 0.02287998 0.10237655
1726.86343172 0.02286319 0.10236070
1727.86393197 0.02273415 0.10197788
1728.86443222 0.02252237 0.10161642
1729.86493247 0.02250595 0.10147602
1730.86543272 0.02240094 0.10120696
1731.86593297 0.02243482 0.10109420
1732.86643322 0.02228483 0.10087115
1733.86693347 0.02216294 0.10063793
1734.86743372 0.02199149 0.10025514
1735.86793397 0.02194794 0.09985267
1736.86843422 0.02195596 0.09987872
1737.86893447 0.02192251 0.09998347
1738.86943472 0.02178454 0.09966776
1739.86993497 0.02220465 0.10494542
1740.87043522 0.02391264 0.11165945
1741.87093547 0.02384885 0.11135343
1742.87143572 0.02408070 0.11133566
1743.87193597 0.02387550 0.11080724
1744.87243622 0.02386356 0.11099437
1745.87293647 0.02377230 0.11083216
1746.87343672 0.02381447 0.11127048
1747.87393697 0.02366403 0.11067281
1748.87443722 0.02353164 0.10984563
1749.87493747 0.02347586 0.10996980
1750.87543772 0.02286158 0.10876192
1751.87593797 0.02448809 0.11422069
1752.87643822 0.02439625 0.11350289
1753.87693847 0.02437862 0.11342616
1754.87743872 0.02426043 0.11329947
1755.87793897 0.02433769 0.11424593
1756.87843922 0.02428877 0.11415170
1757.87893947 0.02408454 0.11308951
1758.87943972 0.02533460 0.11719002
1759.87993997 0.02520721 0.11659818
1760.88044022 0.02529909 0.11728688
1761.88094047 0.02518563 0.11681991
1762.88144072 0.02514466 0.11699916
1763.88194097 0.02473851 0.11580892
1764.88244122 0.02497821 0.11559623
1765.88294147 0.02578852 0.11591801
1766.88344172 0.02612984 0.11771146
1767.88394197 0.02618095 0.11708494
1768.88444222 0.02593697 0.11617713
1769.88494247 0.02578377 0.11607305
1770.88544272 0.02581265 0.11657955
1771.88594297 0.02562374 0.11551163
1772.88644322 0.02571195 0.11572783
1773.88694347 0.02562954 0.11600085
1774.88744372 0.02540601 0.11529510
1775.88794397 0.02525092 0.11480580
1776.88844422 0.02526346 0.11490250
1777.88894447 0.02521760 0.11466178
1778.88944472 0.02647571 0.11799306
1779.88994497 0.02645628 0.11821507
1780.89044522 0.02833875 0.12383609
1781.89094547 0.03027121 0.13042646
1782.89144572 0.03021762 0.13059577
1783.89194597 0.02998971 0.12964735
1784.89244622 0.03006989 0.12961741
1785.89294647 0.02965455 0.12833035
1786.89344672 0.02955062 0.12796104
1787.89394697 0.02982684 0.12922271
1788.89444722 0.02998983 0.13050523
1789.89494747 0.02995750 0.13054798
1790.89544772 0.03102820 0.13432195
1791.89594797 0.03114870 0.13436260
1792.89644822 0.03106052 0.13405222
1793.89694847 0.03089653 0.13334716
1794.89744872 0.03086720 0.13347644
1795.89794897 0.02929631 0.12902862
1796.89844922 0.02932450 0.12916467
1797.89894947 0.02922082 0.12859929
1798.89944972 0.02910949 0.12862577
1799.89994997 0.02890544 0.12785936
1800.90045023 0.02888500 0.12830040
1801.90095048 0.02879922 0.12784520
1802.90145073 0.02877252 0.12775175
1803.90195098 0.02863778 0.12736404
1804.90245123 0.02850456 0.12726498
1805.90295148 0.02844955 0.12705192
1806.90345173 0.02833891 0.12663506
1807.90395198 0.02826810 0.12627588
1808.90445223 0.02820731 0.12615296
1809.90495248 0.02815433 0.12619229
1810.90545273 0.02824006 0.12726749
1811.90595298 0.02810721 0.12684698
1812.90645323 0.02977231 0.13174496
1813.90695348 0.02966233 0.13137078
1814.90745373 0.02969746 0.13217528
1815.90795398 0.02959922 0.13191023
1816.90845423 0.02949402 0.13137592
1817.90895448 0.02932212 0.13078015
1818.90945473 0.03077851 0.13457902
1819.90995498 0.03084155 0.13500824
1820.91045523 0.03070130 0.13426913
1821.91095548 0.03073028 0.13437017
1822.91145573 0.03197761 0.13750430
1823.91195598 0.03212078 0.13831203
1824.91245623 0.03193550 0.13754419
1825.91295648 0.02992715 0.13165964
1826.91345673 0.02952035 0.13121709
1827.91395698 0.02900580 0.12715182
1828.91445723 0.02894488 0.12722217
1829.91495748 0.02893989 0.12691323
1830.91545773 0.02846797 0.12571892
1831.91595798 0.02790548 0.12248225
1832.91645823 0.02679748 0.11836908
1833.91695848 0.02681616 0.11807245
1834.91745873 0.02653294 0.11689179
1835.91795898 0.02534956 0.11183987
1836.91845923 0.02513475 0.11160049
1837.91895948 0.02516030 0.11186725
1838.91945973 0.02550252 0.11442772
1839.91995998 0.02490050 0.11136535
1840.92046023 0.02465492 0.11027592
1841.92096048 0.02461652 0.11097783
1842.92146073 0.02580540 0.11366096
1843.92196098 0.02667370 0.11647090
1844.92246123 0.02667720 0.11583758
1845.92296148 0.02682651 0.11605450
1846.92346173 0.02690374 0.11522922
1847.92396198 0.02709689 0.11669383
1848.92446223 0.02691865 0.11558248
1849.92496248 0.02831631 0.11924782
1850.92546273 0.02807882 0.11823382
1851.92596298 0.02933017 0.12149938
1852.92646323 0.02902260 0.12036212
1853.92696348 0.02936503 0.12214525
1854.92746373 0.02959370 0.12342949
1855.92796398 0.03094830 0.12717844
1856.92846423 0.03064251 0.12605090
1857.92896448 0.03055709 0.12553581
1858.92946473 0.03041684 0.12482316
1859.92996498 0.03040544 0.12481169
1860.93046523 0.03009516 0.12467308
1861.93096548 0.03018371 0.12416833
1862.93146573 0.03031335 0.12388125
1863.93196598 0.03031423 0.12390297
1864.93246623 0.03013498 0.12344153
1865.93296648 0.03152698 0.12729296
1866.93346673 0.03131511 0.12594755
1867.93396698 0.03129048 0.12572798
1868.93446723 0.03101810 0.12514412
1869.93496748 0.03096159 0.12531669
1870.93546773 0.03075997 0.12449044
1871.93596798 0.03077566 0.12457721
1872.93646823 0.02944020 0.12069151
1873.93696848 0.02951796 0.12049135
1874.93746873 0.02956472 0.12055572
1875.93796898 0.02939316 0.12024514
1876.93846923 0.02956711 0.12175837
1877.93896948 0.02872971 0.11646039
1878.93946973 0.02849662 0.11664681
1879.93996998 0.02923606 0.12006028
1880.94047024 0.02931809 0.11907789
1881.94097049 0.02919846 0.11922352
1882.94147074 0.02834299 0.11660528
1883.94197099 0.02835021 0.11682777
1884.94247124 0.02822066 0.11626148
1885.94297149 0.02828190 0.11667087
1886.94347174 0.02805550 0.11614798
1887.94397199 0.02851279 0.11565690
1888.94447224 0.02822539 0.11431489
1889.94497249 0.02780714 0.11413449
1890.94547274 0.02782779 0.11472356
1891.94597299 0.02764678 0.11399077
1892.94647324 0.02758283 0.11393881
1893.94697349 0.02756339 0.11340342
1894.94747374 0.02628745 0.10891260
1895.94797399 0.02770313 0.11358792
1896.94847424 0.02921648 0.11827960
1897.94897449 0.02891070 0.11753158
1898.94947474 0.02870935 0.11680778
1899.94997499 0.02805437 0.11594522
1900.95047524 0.02824705 0.11625779
1901.95097549 0.02799070 0.11591490
1902.95147574 0.02779147 0.11562983
1903.95197599 0.02762144 0.11512378
1904.95247624 0.02711218 0.11415484
1905.95297649 0.02705881 0.11380518
1906.95347674 0.02587610 0.11093168
1907.95397699 0.02574604 0.11027338
1908.95447724 0.02554911 0.10984614
1909.95497749 0.02588969 0.11148152
1910.95547774 0.02677140 0.11567394
1911.95597799 0.02687126 0.11617388
1912.95647824 0.02677419 0.11557128
1913.95697849 0.02684460 0.11517463
1914.95747874 0.02692603 0.11554202
1915.95797899 0.02694680 0.11554406
1916.95847924 0.02689046 0.11483478
1917.95897949 0.02834618 0.11966951
1918.95947974 0.02835029 0.12016873
1919.95997999 0.02833987 0.12040101
1920.96048024 0.02828821 0.12017302
1921.96098049 0.02835078 0.12096897
1922.96148074 0.02974526 0.12493524
1923.96198099 0.02947214 0.12404880
1924.96248124 0.02832618 0.12048709
1925.96298149 0.02805937 0.11829520
1926.96348174 0.02776874 0.11804040
1927.96398199 0.02819718 0.11813377
1928.96448224 0.02861900 0.12145917
1929.96498249 0.02871541 0.12183065
1930.96548274 0.02857368 0.12126555
1931.96598299 0.02847349 0.12085370
1932.96648324 0.02833778 0.12034516
1933.96698349 0.02842304 0.12029292
1934.96748374 0.02834365 0.12004058
1935.96798399 0.02833650 0.12079577
1936.96848424 0.02803873 0.11923338
1937.96898449 0.02801191 0.11903437
1938.96948474 0.02798412 0.11901082
1939.96998499 0.02712780 0.11783166
1940.97048524 0.02859722 0.12213122
1941.97098549 0.02839922 0.12153482
1942.97148574 0.02817608 0.12087718
1943.97198599 0.02831183 0.12157991
1944.97248624 0.02830429 0.12151403
1945.97298649 0.02779533 0.12061621
1946.97348674 0.02756760 0.11990662
1947.97398699 0.02752630 0.11994591
1948.97448724 0.02797600 0.12355567
1949.97498749 0.02807874 0.12418857
1950.97548774 0.02985994 0.13041940
1951.97598799 0.03114080 0.13365809
1952.97648824 0.03140055 0.13390335
1953.97698849 0.03167526 0.13547131
1954.97748874 0.03155889 0.13546412
1955.97798899 0.03028893 0.13180603
1956.97848924 0.03013757 0.13116533
1957.97898949 0.03034808 0.13258531
1958.97948974 0.03025797 0.13286935
1959.97998999 0.02979707 0.13000533
1960.98049025 0.02989627 0.13086337
1961.98099050 0.03017426 0.13251244
1962.98149075 0.02991576 0.13158430
1963.98199100 0.03008954 0.13285575
1964.98249125 0.02984853 0.13209095
1965.98299150 0.03158537 0.13709681
1966.98349175 0.03023651 0.13259600
1967.98399200 0.03210954 0.13833012
1968.98449225 0.03125840 0.13613372
1969.98499250 0.03123173 0.13518140
1970.98549275 0.03117236 0.13535665
1971.98599300 0.03124540 0.13564004
1972.98649325 0.03103049 0.13519124
1973.98699350 0.03102376 0.13552569
1974.98749375 0.03094721 0.13538854
1975.98799400 0.03097146 0.13526413
1976.98849425 0.03069448 0.13398478
1977.98899450 0.03067765 0.13403079
1978.98949475 0.02963582 0.13019113
1979.98999500 0.02962475 0.13003911
1980.99049525 0.02950218 0.12976379
1981.99099550 0.02946645 0.12980108
1982.99149575 0.02804577 0.12503436
1983.99199600 0.02992579 0.12971242
1984.99249625 0.02977808 0.12906042
1985.99299650 0.02973094 0.12931255
1986.99349675 0.02969141 0.12895973
1987.99399700 0.02958932 0.12883393
1988.99449725 0.03117642 0.13345273
1989.99499750 0.03186913 0.13418920
1990.99549775 0.03189174 0.13461649
1991.99599800 0.03332434 0.13798027
1992.99649825 0.03330584 0.13785085
1993.99699850 0.03358319 0.13839294
1994.99749875 0.03345339 0.13699584
1995.99799900 0.03478110 0.14032519
1996.99849925 0.03488784 0.14088521
1997.99899950 0.03541398 0.14124540
1998.99949975 0.03536967 0.14105620
2000.00000000 0.03545120 0.14120529
