0.00000000 2.00000000 0.00000013
1.00100100 1.99970155 0.00412365
2.00200200 1.99894254 0.00542824
3.00300300 1.99775492 0.01285914
4.00400400 1.99551638 0.02516596
5.00500501 1.99355734 0.03498570
6.00600601 1.99144317 0.03853493
7.00700701 1.98962031 0.04549042
8.00800801 1.98912915 0.04572540
9.00900901 1.98857879 0.04650137
10.01001001 1.98775351 0.04744287
11.01101101 1.98357809 0.06511401
12.01201201 1.98316801 0.06585552
13.01301301 1.98099929 0.07178435
14.01401401 1.97790335 0.08761366
15.01501502 1.97641293 0.09142600
16.01601602 1.97466075 0.09471235
17.01701702 1.97429215 0.09471713
18.01801802 1.97359364 0.09512887
19.01901902 1.97332443 0.09477815
20.02002002 1.96980984 0.10383557
21.02102102 1.96766881 0.10753487
22.02202202 1.96497582 0.11423954
23.02302302 1.96290344 0.12130872
24.02402402 1.96257222 0.12083806
25.02502503 1.96185063 0.12116561
26.02602603 1.96165129 0.12122662
27.02702703 1.95999724 0.12499097
28.02802803 1.95941680 0.12641814
29.02902903 1.95785862 0.13066573
30.03003003 1.95690308 0.13221563
31.03103103 1.95062618 0.14287122
32.03203203 1.94750450 0.14821593
33.03303303 1.94245426 0.15660174
34.03403403 1.94187106 0.15664066
35.03503504 1.93723028 0.16479023
36.03603604 1.93531823 0.16768024
37.03703704 1.93528054 0.16744546
38.03803804 1.93529158 0.16760206
39.03903904 1.93510387 0.16770800
40.04004004 1.93018058 0.17708591
41.04104104 1.92706416 0.18154966
42.04204204 1.92617161 0.18165850
43.04304304 1.92464421 0.18433419
44.04404404 1.92426281 0.18439847
45.04504505 1.92398419 0.18432700
46.04604605 1.92178229 0.18732558
47.04704705 1.92131626 0.18856290
48.04804805 1.91818630 0.19323245
49.04904905 1.91716166 0.19450580
50.05005005 1.91486222 0.19725747
51.05105105 1.91246751 0.19970956
52.05205205 1.91107136 0.20112642
53.05305305 1.90651222 0.21004454
54.05405405 1.90482122 0.21232219
55.05505506 1.90052133 0.21828783
56.05605606 1.89784554 0.22284904
57.05705706 1.89568771 0.22539335
58.05805806 1.89187185 0.22921106
59.05905906 1.89121665 0.22965287
60.06006006 1.88712429 0.23351761
61.06106106 1.88576733 0.23498632
62.06206206 1.88507826 0.23509242
63.06306306 1.88503603 0.23523826
64.06406406 1.88183178 0.23903569
65.06506507 1.87985766 0.24150790
66.06606607 1.87420989 0.24686381
67.06706707 1.86987540 0.25110979
68.06806807 1.86741489 0.25376934
69.06906907 1.86692793 0.25413417
70.07007007 1.86542093 0.25597499
71.07107107 1.86222879 0.26501610
72.07207207 1.86106347 0.26546385
73.07307307 1.86073397 0.26552217
74.07407407 1.85796222 0.26775795
75.07507508 1.85612438 0.26999627
76.07607608 1.85481804 0.27052825
77.07707708 1.85286614 0.27209839
78.07807808 1.85092087 0.27368160
79.07907908 1.85078402 0.27385581
80.08008008 1.84677507 0.27706029
81.08108108 1.84579306 0.27738352
82.08208208 1.84134306 0.28249416
83.08308308 1.83950227 0.28415422
84.08408408 1.83529898 0.28611415
85.08508509 1.83374188 0.28770004
86.08608609 1.83164954 0.28888337
87.08708709 1.83093399 0.28984853
88.08808809 1.83054532 0.29018349
89.08908909 1.82872866 0.29178048
90.09009009 1.82852742 0.29193468
91.09109109 1.82440074 0.29646633
92.09209209 1.82147270 0.29787982
93.09309309 1.81812149 0.30055735
94.09409409 1.81659143 0.30149527
95.09509510 1.81482774 0.30276170
96.09609610 1.81252292 0.30438065
97.09709710 1.81011851 0.30582888
98.09809810 1.80805094 0.30699521
99.09909910 1.80787480 0.30707368
100.10010010 1.80652837 0.30909492
101.10110110 1.80557996 0.30904024
102.10210210 1.80480321 0.31054692
103.10310310 1.80006665 0.31404798
104.10410410 1.79983989 0.31468909
105.10510511 1.79891155 0.31658655
106.10610611 1.79708547 0.31786227
107.10710711 1.79366989 0.32062371
108.10810811 1.79363105 0.32063225
109.10910911 1.79132540 0.32251024
110.11011011 1.78782321 0.32508254
111.11111111 1.78322361 0.33065564
112.11211211 1.78147747 0.33167901
113.11311311 1.78132373 0.33183502
114.11411411 1.78013704 0.33209794
115.11511512 1.78005193 0.33222052
116.11611612 1.77648415 0.33335750
117.11711712 1.77468558 0.33454904
118.11811812 1.77281368 0.33580373
119.11911912 1.77289448 0.33580306
120.12012012 1.77260992 0.33593424
121.12112112 1.77216954 0.33628763
122.12212212 1.77120971 0.33661567
123.12312312 1.76653706 0.34023459
124.12412412 1.76645090 0.34024646
125.12512513 1.76134330 0.34331606
126.12612613 1.75951195 0.34432635
127.12712713 1.75920391 0.34442963
128.12812813 1.75745015 0.34578663
129.12912913 1.75541713 0.34657744
130.13013013 1.75524446 0.34696549
131.13113113 1.75313251 0.34774636
132.13213213 1.75053485 0.34882841
133.13313313 1.74578050 0.35282309
134.13413413 1.74451083 0.35502725
135.13513514 1.74343566 0.35516547
136.13613614 1.74045593 0.35619487
137.13713714 1.74029564 0.35631008
138.13813814 1.73809377 0.35725732
139.13913914 1.73409135 0.35863246
140.14014014 1.72794060 0.36375526
141.14114114 1.72430126 0.36561649
142.14214214 1.72401159 0.36609062
143.14314314 1.72105729 0.36758187
144.14414414 1.71451889 0.37145993
145.14514515 1.71065784 0.37294669
146.14614615 1.70801624 0.37536217
147.14714715 1.70732772 0.37628080
148.14814815 1.70547839 0.37693689
149.14914915 1.70198467 0.37808911
150.15015015 1.70180178 0.37823696
151.15115115 1.69929283 0.37933587
152.15215215 1.69894761 0.37967335
153.15315315 1.69524598 0.38072608
154.15415415 1.68957142 0.38614690
155.15515516 1.68908380 0.38632486
156.15615616 1.68664211 0.38739623
157.15715716 1.68456273 0.38805823
158.15815816 1.68270260 0.38873580
159.15915916 1.68192896 0.38875827
160.16016016 1.67634440 0.39427687
161.16116116 1.67633943 0.39445848
162.16216216 1.67616373 0.39464197
163.16316316 1.67348481 0.39758316
164.16416416 1.67283875 0.39866100
165.16516517 1.66942455 0.39987150
166.16616617 1.66924147 0.40010610
167.16716717 1.66834537 0.40155335
168.16816817 1.66797351 0.40196919
169.16916917 1.66774416 0.40219673
170.17017017 1.66221244 0.40342129
171.17117117 1.66075590 0.40448544
172.17217217 1.65885895 0.40496036
173.17317317 1.65405444 0.40623118
174.17417417 1.65379088 0.40650321
175.17517518 1.64865963 0.40773372
176.17617618 1.64502314 0.40861304
177.17717718 1.64073211 0.41000752
178.17817818 1.64047824 0.41022501
179.17917918 1.63524136 0.41164524
180.18018018 1.63358164 0.41189839
181.18118118 1.63333608 0.41214049
182.18218218 1.63302727 0.41239327
183.18318318 1.63124825 0.41316754
184.18418418 1.62819338 0.41482627
185.18518519 1.62630483 0.41481829
186.18618619 1.62494096 0.41725422
187.18718719 1.61937667 0.42142278
188.18818819 1.61898375 0.42164779
189.18918919 1.61500146 0.42268681
190.19019019 1.61330935 0.42310790
191.19119119 1.61310562 0.42327082
192.19219219 1.61249013 0.42359335
193.19319319 1.61074320 0.42381443
194.19419419 1.60949911 0.42353632
195.19519520 1.60927409 0.42370770
196.19619620 1.60509857 0.42434115
197.19719720 1.60011750 0.42618025
198.19819820 1.59875104 0.42618997
199.19919920 1.59854455 0.42634568
200.20020020 1.59822253 0.42660238
201.20120120 1.59799388 0.42678734
202.20220220 1.59765741 0.42701565
203.20320320 1.59735106 0.42717209
204.20420420 1.59410295 0.42752299
205.20520521 1.59241413 0.43052404
206.20620621 1.58976133 0.43249054
207.20720721 1.58779298 0.43278347
208.20820821 1.58683636 0.43401002
209.20920921 1.58461365 0.43413102
210.21021021 1.58333758 0.43567718
211.21121121 1.57714614 0.43572879
212.21221221 1.57570354 0.43725411
213.21321321 1.57583561 0.43713021
214.21421421 1.57542679 0.43749628
215.21521522 1.57450831 0.43742990
216.21621622 1.57425570 0.43762506
217.21721722 1.57213327 0.43958473
218.21821822 1.57019908 0.43973998
219.21921922 1.56816872 0.43997104
220.22022022 1.56773914 0.44029723
221.22122122 1.56739673 0.44036011
222.22222222 1.56701942 0.44096169
223.22322322 1.56670098 0.44116538
224.22422422 1.56666753 0.44104896
225.22522523 1.56502553 0.44306727
226.22622623 1.55928333 0.44379124
227.22722723 1.55844945 0.44395993
228.22822823 1.55633076 0.44405680
229.22922923 1.55617070 0.44430241
230.23023023 1.55596195 0.44442510
231.23123123 1.55572882 0.44466454
232.23223223 1.55141421 0.44629374
233.23323323 1.55088227 0.44620818
234.23423423 1.54879207 0.44653502
235.23523524 1.54602870 0.44796321
236.23623624 1.54564384 0.44816203
237.23723724 1.54377909 0.44876115
238.23823824 1.54353718 0.44890348
239.23923924 1.54003711 0.45059609
240.24024024 1.53359357 0.45332989
241.24124124 1.53164249 0.45353363
242.24224224 1.52971984 0.45346792
243.24324324 1.52298372 0.45648033
244.24424424 1.52169010 0.45807996
245.24524525 1.51980008 0.46105289
246.24624625 1.51818112 0.46245298
247.24724725 1.51694064 0.46281376
248.24824825 1.51501825 0.46274218
249.24924925 1.51240878 0.46382605
250.25025025 1.51053230 0.46656023
251.25125125 1.50921461 0.46716769
252.25225225 1.50945504 0.46685027
253.25325325 1.50764623 0.46793859
254.25425425 1.50662242 0.46912285
255.25525526 1.50638342 0.46929572
256.25625626 1.50258334 0.46877060
257.25725726 1.49755346 0.46906984
258.25825826 1.49394205 0.47048704
259.25925926 1.49220447 0.47048984
260.26026026 1.49028641 0.47051650
261.26126126 1.48844742 0.47063198
262.26226226 1.48621349 0.47075973
263.26326326 1.48578706 0.47110228
264.26426426 1.48365264 0.47113404
265.26526527 1.48093379 0.47168045
266.26626627 1.47893687 0.47188183
267.26726727 1.47797980 0.47279625
268.26826827 1.47578218 0.47596858
269.26926927 1.47490273 0.47626280
270.27027027 1.47455444 0.47656243
271.27127127 1.47438102 0.47691087
272.27227227 1.47408659 0.47710231
273.27327327 1.47097804 0.47756770
274.27427427 1.46905043 0.47738775
275.27527528 1.46890886 0.47762901
276.27627628 1.46695927 0.47757579
277.27727728 1.46496062 0.47742668
278.27827828 1.45618519 0.47673453
279.27927928 1.45506730 0.47781822
280.28028028 1.45319586 0.47786677
281.28128128 1.45286455 0.47809527
282.28228228 1.45259190 0.47828381
283.28328328 1.45210132 0.47886534
284.28428428 1.45011335 0.47863500
285.28528529 1.44855372 0.48054785
286.28628629 1.44816033 0.48090090
287.28728729 1.44273458 0.48034534
288.28828829 1.44237446 0.48055023
289.28928929 1.44044923 0.48066958
290.29029029 1.44012815 0.48086673
291.29129129 1.43949655 0.48137567
292.29229229 1.43739861 0.48116419
293.29329329 1.43549339 0.48074639
294.29429429 1.42922346 0.48208277
295.29529530 1.42982749 0.48192692
296.29629630 1.42901068 0.48254228
297.29729730 1.42868369 0.48256751
298.29829830 1.42741438 0.48360766
299.29929930 1.42428481 0.48562239
300.30030030 1.42393860 0.48580277
301.30130130 1.42072147 0.48561014
302.30230230 1.42045158 0.48577180
303.30330330 1.41995632 0.48604380
304.30430430 1.41484849 0.48712537
305.30530531 1.41251685 0.48972865
306.30630631 1.40915201 0.48955752
307.30730731 1.40887489 0.48969628
308.30830831 1.40579500 0.48925816
309.30930931 1.40259426 0.48900906
310.31031031 1.40240543 0.48913108
311.31131131 1.40206713 0.48937158
312.31231231 1.39975712 0.48923325
313.31331331 1.39952171 0.48935945
314.31431431 1.39923740 0.48953016
315.31531532 1.39577961 0.48988802
316.31631632 1.39522583 0.48983991
317.31731732 1.39470242 0.49019158
318.31831832 1.39295986 0.49170286
319.31931932 1.38999107 0.49217424
320.32032032 1.38972124 0.49235724
321.32132132 1.38762250 0.49195903
322.32232232 1.38729418 0.49216299
323.32332332 1.38688369 0.49243081
324.32432432 1.38633580 0.49278210
325.32532533 1.38224515 0.49244791
326.32632633 1.38170390 0.49278816
327.32732733 1.38141819 0.49295933
328.32832833 1.37958109 0.49315112
329.32932933 1.37914321 0.49350153
330.33033033 1.37542500 0.49257511
331.33133133 1.37342605 0.49206350
332.33233233 1.37312346 0.49224162
333.33333333 1.36933678 0.49131753
334.33433433 1.36722079 0.49109723
335.33533534 1.36690758 0.49128491
336.33633634 1.36542891 0.49259392
337.33733734 1.36305921 0.49169915
338.33833834 1.35970906 0.49270953
339.33933934 1.35943329 0.49286685
340.34034034 1.35739033 0.49232497
341.34134134 1.35706194 0.49252712
342.34234234 1.35674285 0.49272527
343.34334334 1.35522873 0.49419294
344.34434434 1.35091955 0.49521381
345.34534535 1.34715036 0.49422927
346.34634635 1.34362353 0.49446651
347.34734735 1.34168407 0.49411502
348.34834835 1.33962920 0.49372702
349.34934935 1.33764022 0.49348062
350.35035035 1.33661307 0.49432577
351.35135135 1.33606011 0.49502312
352.35235235 1.33570259 0.49520454
353.35335335 1.33195030 0.49417628
354.35435435 1.33151267 0.49440946
355.35535536 1.32963039 0.49408574
356.35635636 1.32614455 0.49262778
357.35735736 1.32446254 0.49458772
358.35835836 1.32408045 0.49491676
359.35935936 1.32381854 0.49507333
360.36036036 1.31922263 0.50012883
361.36136136 1.31889805 0.50030009
362.36236236 1.31685524 0.49962658
363.36336336 1.31320280 0.49855675
364.36436436 1.31112624 0.49841017
365.36536537 1.30982596 0.50024506
366.36636637 1.30936014 0.50061790
367.36736737 1.30266957 0.50530134
368.36836837 1.30235679 0.50548177
369.36936937 1.30193077 0.50579383
370.37037037 1.30153936 0.50594452
371.37137137 1.29967988 0.50550275
372.37237237 1.29929487 0.50575449
373.37337337 1.29890885 0.50605864
374.37437437 1.29839432 0.50634411
375.37537538 1.29863432 0.50579582
376.37637638 1.29690486 0.50704445
377.37737738 1.29451671 0.50678142
378.37837838 1.29417121 0.50705740
379.37937938 1.29261382 0.50720919
380.38038038 1.28926408 0.50748848
381.38138138 1.28886345 0.50768898
382.38238238 1.28829002 0.50806371
383.38338338 1.28801711 0.50819247
384.38438438 1.28625409 0.50972875
385.38538539 1.28300584 0.50913112
386.38638639 1.28072137 0.50851489
387.38738739 1.28021336 0.50882669
388.38838839 1.27901473 0.50967700
389.38938939 1.27868278 0.50988843
390.39039039 1.27328459 0.50961083
391.39139139 1.27291923 0.50981666
392.39239239 1.27202768 0.51031660
393.39339339 1.27157046 0.51083867
394.39439439 1.26861416 0.51052347
395.39539540 1.26776077 0.51096337
396.39639640 1.26634162 0.51211988
397.39739740 1.26599926 0.51232582
398.39839840 1.26317973 0.51519886
399.39939940 1.26285281 0.51540019
400.40040040 1.26088373 0.51496751
401.40140140 1.26055552 0.51515497
402.40240240 1.26035154 0.51528857
403.40340340 1.25904499 0.51613867
404.40440440 1.25703031 0.51523629
405.40540541 1.25679645 0.51528762
406.40640641 1.25462867 0.51711447
407.40740741 1.25252825 0.51627681
408.40840841 1.24961639 0.51661773
409.40940941 1.24795741 0.51660484
410.41041041 1.24321747 0.51763716
411.41141141 1.24288097 0.51782474
412.41241241 1.23987096 0.51767475
413.41341341 1.23945260 0.51787746
414.41441441 1.23744499 0.51984108
415.41541542 1.23546219 0.51923128
416.41641642 1.23352912 0.51871220
417.41741742 1.23151951 0.51778251
418.41841842 1.22996870 0.51882377
419.41941942 1.22902156 0.51940792
420.42042042 1.22862919 0.51962441
421.42142142 1.22886262 0.51945641
422.42242242 1.22848416 0.51966515
423.42342342 1.22813248 0.51984979
424.42442442 1.22605598 0.51885048
425.42542543 1.22568176 0.51906130
426.42642643 1.22339737 0.51837701
427.42742743 1.22222215 0.51918126
428.42842843 1.22088977 0.52018176
429.42942943 1.22093752 0.51967579
430.43043043 1.22037334 0.52002608
431.43143143 1.21881228 0.52112571
432.43243243 1.21828678 0.52151342
433.43343343 1.21781835 0.52177996
434.43443443 1.21627867 0.52262696
435.43543544 1.21604972 0.52258413
436.43643644 1.21379585 0.52178738
437.43743744 1.21344349 0.52197769
438.43843844 1.21405964 0.52134893
439.43943944 1.21201778 0.52043797
440.44044044 1.20996069 0.51990448
441.44144144 1.20810228 0.51880596
442.44244244 1.20594116 0.51781930
443.44344344 1.20479821 0.51856019
444.44444444 1.20273021 0.51751158
445.44544545 1.20221671 0.51780533
446.44644645 1.20188536 0.51796253
447.44744745 1.19942812 0.51985500
448.44844845 1.19752435 0.52127065
449.44944945 1.19547743 0.52038241
450.45045045 1.19261286 0.51987650
451.45145145 1.19090313 0.52111180
452.45245245 1.19097025 0.52085940
453.45345345 1.18918233 0.51986355
454.45445445 1.18905948 0.51980925
455.45545546 1.18872766 0.51998595
456.45645646 1.18825205 0.52018001
457.45745746 1.18674838 0.52109664
458.45845846 1.18629788 0.52134244
459.45945946 1.18580574 0.52167661
460.46046046 1.18527126 0.52176656
461.46146146 1.18502105 0.52174292
462.46246246 1.18471823 0.52185524
463.46346346 1.18434148 0.52204535
464.46446446 1.18237364 0.52242163
465.46546547 1.18123233 0.52400301
466.46646647 1.17856712 0.52524868
467.46746747 1.17488576 0.52338402
468.46846847 1.17456672 0.52354581
469.46946947 1.17248913 0.52243350
470.47047047 1.17212818 0.52261513
471.47147147 1.17148735 0.52302897
472.47247247 1.17117784 0.52314271
473.47347347 1.17083049 0.52330693
474.47447447 1.17050806 0.52347853
475.47547548 1.16655366 0.52766434
476.47647648 1.16570161 0.52828600
477.47747748 1.16530477 0.52843187
478.47847848 1.16345305 0.53007969
479.47947948 1.15963308 0.52777171
480.48048048 1.15918992 0.52798665
481.48148148 1.15880462 0.52814681
482.48248248 1.15831883 0.52834290
483.48348348 1.15793689 0.52852797
484.48448448 1.15588749 0.52741483
485.48548549 1.15317766 0.52797490
486.48648649 1.15156809 0.52907251
487.48748749 1.15116965 0.52924772
488.48848849 1.14855183 0.52822740
489.48948949 1.14819333 0.52839794
490.49049049 1.14782854 0.52857624
491.49149149 1.14747251 0.52874971
492.49249249 1.14743476 0.52871035
493.49349349 1.14576453 0.52929537
494.49449449 1.14537724 0.52948028
495.49549550 1.14280517 0.52893285
496.49649650 1.14254581 0.52903279
497.49749750 1.14009933 0.52795549
498.49849850 1.13683736 0.52716155
499.49949950 1.13640317 0.52737770
500.50050050 1.13454879 0.52688609
501.50150150 1.13249058 0.52560158
502.50250250 1.13054722 0.52432687
503.50350350 1.12820185 0.52659510
504.50450450 1.12782875 0.52677017
505.50550551 1.12599563 0.52618693
506.50650651 1.12571891 0.52634901
507.50750751 1.12514877 0.52662965
508.50850851 1.12373261 0.52711847
509.50950951 1.12332945 0.52724388
510.51051051 1.12311516 0.52745444
511.51151151 1.12100088 0.52618329
512.51251251 1.12063943 0.52635793
513.51351351 1.11849241 0.52827456
514.51451451 1.11813150 0.52844705
515.51551552 1.11474875 0.52893341
516.51651652 1.11437428 0.52908754
517.51751752 1.11257766 0.52933320
518.51851852 1.11115441 0.53001072
519.51951952 1.10898101 0.52882090
520.52052052 1.10540961 0.52727976
521.52152152 1.10500175 0.52747847
522.52252252 1.10464385 0.52764454
523.52352352 1.10345951 0.52814076
524.52452452 1.10021900 0.53055692
525.52552553 1.09824377 0.53027491
526.52652653 1.09781411 0.53046130
527.52752753 1.09772920 0.53080748
528.52852853 1.09621097 0.53152694
529.52952953 1.09294293 0.53102437
530.53053053 1.09072388 0.53216794
531.53153153 1.09050761 0.53230099
532.53253253 1.08716982 0.53081425
533.53353353 1.08676152 0.53097751
534.53453453 1.08637682 0.53107764
535.53553554 1.08601241 0.53124418
536.53653654 1.08459259 0.53187843
537.53753754 1.08422353 0.53204812
538.53853854 1.08197386 0.53378354
539.53953954 1.07970086 0.53239217
540.54054054 1.07936032 0.53253490
541.54154154 1.07890647 0.53285662
542.54254254 1.07826491 0.53275945
543.54354354 1.07768525 0.53280453
544.54454454 1.07730982 0.53297864
545.54554555 1.07688873 0.53321350
546.54654655 1.07635478 0.53345108
547.54754755 1.07611578 0.53344785
548.54854855 1.07404438 0.53198922
549.54954955 1.07268901 0.53266837
550.55055055 1.07094474 0.53374577
551.55155155 1.07029507 0.53414288
552.55255255 1.06650010 0.53343292
553.55355355 1.06619720 0.53353539
554.55455455 1.06568795 0.53374631
555.55555556 1.06474289 0.53433364
556.55655656 1.06509889 0.53424967
557.55755756 1.06466882 0.53299667
558.55855856 1.06327244 0.53398671
559.55955956 1.06058375 0.53459261
560.56056056 1.05690318 0.53187035
561.56156156 1.05493944 0.53088817
562.56256256 1.05461247 0.53105752
563.56356356 1.05094442 0.52838645
564.56456456 1.05054789 0.52856308
565.56556557 1.04945232 0.52880317
566.56656657 1.04870713 0.52899616
567.56756757 1.04531344 0.52710953
568.56856857 1.04487265 0.52726996
569.56956957 1.04449907 0.52743338
570.57057057 1.04347311 0.52529164
571.57157157 1.03923658 0.52457859
572.57257257 1.03810439 0.52505780
573.57357357 1.03746983 0.52508118
574.57457457 1.03627683 0.52582988
575.57557558 1.03550099 0.52582885
576.57657658 1.03502085 0.52601610
577.57757758 1.03444761 0.52621717
578.57857858 1.03403020 0.52638901
579.57957958 1.03135446 0.52769020
580.58058058 1.02808381 0.52971617
581.58158158 1.02634340 0.52988724
582.58258258 1.02468996 0.52795886
583.58358358 1.02560795 0.52747375
584.58458458 1.02507252 0.52760945
585.58558559 1.02357746 0.52840357
586.58658659 1.02321068 0.52855924
587.58758759 1.02283681 0.52872787
588.58858859 1.02083418 0.53030883
589.58958959 1.02045186 0.53047680
590.59059059 1.02006450 0.53067819
591.59159159 1.02045188 0.53062163
592.59259259 1.02009206 0.53079378
593.59359359 1.01832007 0.52959409
594.59459459 1.01618090 0.52797489
595.59559560 1.01621131 0.52782677
596.59659660 1.01578660 0.52805425
597.59759760 1.01577502 0.52776447
598.59859860 1.01546862 0.52787974
599.59959960 1.01508733 0.52804560
600.60060060 1.01391917 0.52911892
601.60160160 1.01201117 0.52797269
602.60260260 1.00838395 0.52857322
603.60360360 1.00747614 0.52886357
604.60460460 1.00692642 0.52902219
605.60560561 1.00653602 0.52916282
606.60660661 1.00625305 0.52925795
607.60760761 1.00430467 0.53061813
608.60860861 1.00423663 0.53072664
609.60960961 0.99958469 0.52743635
610.61061061 0.99881015 0.52756374
611.61161161 0.99689722 0.52860953
612.61261261 0.99482094 0.52961097
613.61361361 0.99259369 0.52815413
614.61461461 0.99240336 0.52833397
615.61561562 0.99211727 0.52845367
616.61661662 0.99173328 0.52861299
617.61761762 0.99144758 0.52866112
618.61861862 0.99083222 0.52881981
619.61961962 0.99051823 0.52897717
620.62062062 0.99020488 0.52912874
621.62162162 0.98704491 0.53035703
622.62262262 0.98669289 0.53048742
623.62362362 0.98454406 0.52876841
624.62462462 0.98390759 0.52914758
625.62562563 0.98040812 0.52670281
626.62662663 0.98006216 0.52681333
627.62762763 0.97778138 0.52503905
628.62862863 0.97799235 0.52473477
629.62962963 0.97752029 0.52498189
630.63063063 0.97735550 0.52493203
631.63163163 0.97583503 0.52578025
632.63263263 0.97535443 0.52588404
633.63363363 0.97323489 0.52408075
634.63463463 0.97024000 0.52265684
635.63563564 0.96985982 0.52283490
636.63663664 0.96774134 0.52101407
637.63763764 0.96589020 0.52231889
638.63863864 0.96368669 0.52051036
639.63963964 0.96334036 0.52061897
640.64064064 0.96295495 0.52077953
641.64164164 0.96254089 0.52084546
642.64264264 0.96254894 0.52082551
643.64364364 0.96237372 0.52073069
644.64464464 0.96070383 0.52083828
645.64564565 0.96034879 0.52094682
646.64664665 0.95997092 0.52107871
647.64764765 0.95671585 0.51965802
648.64864865 0.95314065 0.51860704
649.64964965 0.95270319 0.51885888
650.65065065 0.94874092 0.51818312
651.65165165 0.94844626 0.51820906
652.65265265 0.94806784 0.51835546
653.65365365 0.94593964 0.51643776
654.65465465 0.94675314 0.51625046
655.65565566 0.94640020 0.51638626
656.65665666 0.94618887 0.51652011
657.65765766 0.94522277 0.51696013
658.65865866 0.94481707 0.51708631
659.65965966 0.94440902 0.51721857
660.66066066 0.94297492 0.51690231
661.66166166 0.94252509 0.51713155
662.66266266 0.94248011 0.51702585
663.66366366 0.94210089 0.51716912
664.66466466 0.93996123 0.51522414
665.66566567 0.93952635 0.51542397
666.66666667 0.93930385 0.51548269
667.66766767 0.93905413 0.51558566
668.66866867 0.93670687 0.51692428
669.66966967 0.93303171 0.51260261
670.67067067 0.93263166 0.51273843
671.67167167 0.93223562 0.51289371
672.67267267 0.92836709 0.51204223
673.67367367 0.92796668 0.51217810
674.67467467 0.92685330 0.51271688
675.67567568 0.92651823 0.51281211
676.67667668 0.92614454 0.51294756
677.67767768 0.92583602 0.51306398
678.67867868 0.92545711 0.51319716
679.67967968 0.92346087 0.51361506
680.68068068 0.92302540 0.51378099
681.68168168 0.92304484 0.51365256
682.68268268 0.92125567 0.51481292
683.68368368 0.92092487 0.51488219
684.68468468 0.91951449 0.51545594
685.68568569 0.91927508 0.51554703
686.68668669 0.91822999 0.51582100
687.68768769 0.91316032 0.51428788
688.68868869 0.91362394 0.51367120
689.68968969 0.91311739 0.51376428
690.69069069 0.91271678 0.51392225
691.69169169 0.91236400 0.51403419
692.69269269 0.91198972 0.51415832
693.69369369 0.90728532 0.50994587
694.69469469 0.90340953 0.50883687
695.69569570 0.90122159 0.50667113
696.69669670 0.90084453 0.50678909
697.69769770 0.90046213 0.50691649
698.69869870 0.90009510 0.50702830
699.69969970 0.89972085 0.50716416
700.70070070 0.89848811 0.50736004
701.70170170 0.89806170 0.50751501
702.70270270 0.89766972 0.50770157
703.70370370 0.89405990 0.50713333
704.70470470 0.89452703 0.50701854
705.70570571 0.89413474 0.50713301
706.70670671 0.89375799 0.50725942
707.70770771 0.89336279 0.50736497
708.70870871 0.89299410 0.50749705
709.70970971 0.89211307 0.50784720
710.71071071 0.89000380 0.50566090
711.71171171 0.88800487 0.50350935
712.71271271 0.88700866 0.50402801
713.71371371 0.88490423 0.50190417
714.71471471 0.88325480 0.50222147
715.71571572 0.88286987 0.50234650
716.71671672 0.88250228 0.50246568
717.71771772 0.88220148 0.50249692
718.71871872 0.88148721 0.50204256
719.71971972 0.88111195 0.50216891
720.72072072 0.88073618 0.50229254
721.72172172 0.87905453 0.50280559
722.72272272 0.87876249 0.50280892
723.72372372 0.87828774 0.50303293
724.72472472 0.87784591 0.50321890
725.72572573 0.87746520 0.50333657
726.72672673 0.87538322 0.50113227
727.72772773 0.87689539 0.50042742
728.72872873 0.87652715 0.50054868
729.72972973 0.87624933 0.50064817
730.73073073 0.87485351 0.50090019
731.73173173 0.87453263 0.50090804
732.73273273 0.87229095 0.50120639
733.73373373 0.86997477 0.50166220
734.73473473 0.86958424 0.50179159
735.73573574 0.86919789 0.50191827
736.73673674 0.86882770 0.50203611
737.73773774 0.86795633 0.50216029
738.73873874 0.86513400 0.50169787
739.73973974 0.86154064 0.50331066
740.74074074 0.85949573 0.50186865
741.74174174 0.85925416 0.50203933
742.74274274 0.85888041 0.50215810
743.74374374 0.85774581 0.50281340
744.74474474 0.85565994 0.50420370
745.74574575 0.85530112 0.50429891
746.74674675 0.85495164 0.50441152
747.74774775 0.85506714 0.50436249
748.74874875 0.85469172 0.50448373
749.74974975 0.85462378 0.50425343
750.75075075 0.85110874 0.50395859
751.75175175 0.85233279 0.50371804
752.75275275 0.85007912 0.50479187
753.75375375 0.84987699 0.50490755
754.75475475 0.84808800 0.50530595
755.75575576 0.84594803 0.50295916
756.75675676 0.84354854 0.50431338
757.75775776 0.84293309 0.50458668
758.75875876 0.84246144 0.50468273
759.75975976 0.84203947 0.50479685
760.76076076 0.84161862 0.50496802
761.76176176 0.84123362 0.50507751
762.76276276 0.84083353 0.50515735
763.76376376 0.84044875 0.50527003
764.76476476 0.84008672 0.50539089
765.76576577 0.84078043 0.50489015
766.76676677 0.84039568 0.50500063
767.76776777 0.83823778 0.50258174
768.76876877 0.83707527 0.50342494
769.76976977 0.83464932 0.50534658
770.77077077 0.83427296 0.50548256
771.77177177 0.83507681 0.50512967
772.77277277 0.83292912 0.50276078
773.77377377 0.83258500 0.50286985
774.77477477 0.83226090 0.50294646
775.77577578 0.83177330 0.50301489
776.77677678 0.83140798 0.50311834
777.77777778 0.83079498 0.50321941
778.77877878 0.83042362 0.50332575
779.77977978 0.83003256 0.50343057
780.78078078 0.82975520 0.50347133
781.78178178 0.82941515 0.50355174
782.78278278 0.82903715 0.50365865
783.78378378 0.82875848 0.50381685
784.78478478 0.82831808 0.50395943
785.78578579 0.82785335 0.50394241
786.78678679 0.82742012 0.50400893
787.78778779 0.82808298 0.50391115
788.78878879 0.82776720 0.50402932
789.78978979 0.82742297 0.50413077
790.79079079 0.82711534 0.50420300
791.79179179 0.82623615 0.50401693
792.79279279 0.82581527 0.50416031
793.79379379 0.82535994 0.50418102
794.79479479 0.82304720 0.50203223
795.79579580 0.82277952 0.50215340
796.79679680 0.82279029 0.50202048
797.79779780 0.82354404 0.50177775
798.79879880 0.82318211 0.50187768
799.79979980 0.82368816 0.50249583
800.80080080 0.82153090 0.50098913
801.80180180 0.82119785 0.50109952
802.80280280 0.82116422 0.50116990
803.80380380 0.81848447 0.49780600
804.80480480 0.81814937 0.49791707
805.80580581 0.81777884 0.49814980
806.80680681 0.81767729 0.49810253
807.80780781 0.81592373 0.49872689
808.80880881 0.81199336 0.50073155
809.80980981 0.81089713 0.50088273
810.81081081 0.81053897 0.50096789
811.81181181 0.81043612 0.50113345
812.81281281 0.80989242 0.50120258
813.81381381 0.80967162 0.50123511
814.81481481 0.80930370 0.50133985
815.81581582 0.80895084 0.50142185
816.81681682 0.80873881 0.50145440
817.81781782 0.80668375 0.50214437
818.81881882 0.80632036 0.50224934
819.81981982 0.80347361 0.50268821
820.82082082 0.80167866 0.50132768
821.82182182 0.80186950 0.50126162
822.82282282 0.80145117 0.50122654
823.82382382 0.79880210 0.50201200
824.82482482 0.79719774 0.50181536
825.82582583 0.79681710 0.50191197
826.82682683 0.79645391 0.50201249
827.82782783 0.79610117 0.50212118
828.82882883 0.79577928 0.50216428
829.82982983 0.79534675 0.50235818
830.83083083 0.79605217 0.50221276
831.83183183 0.79562225 0.50229099
832.83283283 0.79526387 0.50237858
833.83383383 0.79489922 0.50247527
834.83483483 0.79458184 0.50256491
835.83583584 0.79409674 0.50256783
836.83683684 0.79281315 0.50291714
837.83783784 0.78949658 0.50174988
838.83883884 0.78555082 0.49674072
839.83983984 0.78518643 0.49684042
840.84084084 0.78286215 0.49597690
841.84184184 0.78247628 0.49606660
842.84284284 0.78211412 0.49615862
843.84384384 0.78154365 0.49632384
844.84484484 0.78120691 0.49644844
845.84584585 0.77986008 0.49701589
846.84684685 0.77750015 0.49790592
847.84784785 0.77714072 0.49800081
848.84884885 0.77538436 0.49805083
849.84984985 0.77500031 0.49815154
850.85085085 0.77494533 0.49809103
851.85185185 0.77458753 0.49817906
852.85285285 0.77423742 0.49825306
853.85385385 0.77386944 0.49834411
854.85485485 0.77283790 0.49842637
855.85585586 0.77319365 0.49844947
856.85685686 0.77282486 0.49854730
857.85785786 0.77077081 0.49885065
858.85885886 0.77045134 0.49890100
859.85985986 0.77008412 0.49904135
860.86086086 0.76975235 0.49913698
861.86186186 0.76931950 0.49927065
862.86286286 0.76670341 0.49658962
863.86386386 0.76510201 0.49751788
864.86486486 0.76479984 0.49755071
865.86586587 0.76328245 0.49779937
866.86686687 0.75963820 0.49493190
867.86786787 0.75789349 0.49508020
868.86886887 0.75579495 0.49230327
869.86986987 0.75456762 0.49276409
870.87087087 0.75290061 0.49330813
871.87187187 0.75248536 0.49337778
872.87287287 0.75215063 0.49348706
873.87387387 0.75179520 0.49357055
874.87487487 0.75264235 0.49347469
875.87587588 0.75090645 0.49230291
876.87687688 0.74887541 0.48984596
877.87787788 0.74865759 0.48962985
878.87887888 0.74713423 0.48965658
879.87987988 0.74656567 0.48967430
880.88088088 0.74428331 0.49059600
881.88188188 0.74263488 0.49063641
882.88288288 0.74225368 0.49070961
883.88388388 0.74035613 0.48819945
884.88488488 0.73990160 0.48819870
885.88588589 0.73776977 0.48543618
886.88688689 0.73803577 0.48485579
887.88788789 0.73586990 0.48566184
888.88888889 0.73549278 0.48574383
889.88988989 0.73442742 0.48657770
890.89089089 0.73258379 0.48428219
891.89189189 0.73119227 0.48419588
892.89289289 0.73079928 0.48420853
893.89389389 0.73043815 0.48429355
894.89489489 0.73008954 0.48437972
895.89589590 0.72973232 0.48446118
896.89689690 0.72934012 0.48453156
897.89789790 0.72891387 0.48457718
898.89889890 0.72846421 0.48460941
899.89989990 0.72808134 0.48468359
900.90090090 0.72599232 0.48511412
901.90190190 0.72567449 0.48512626
902.90290290 0.72532574 0.48518024
903.90390390 0.72496132 0.48527919
904.90490490 0.72459565 0.48535558
905.90590591 0.72423323 0.48543468
906.90690691 0.72385258 0.48561284
907.90790791 0.72351463 0.48566477
908.90890891 0.72529610 0.48550491
909.90990991 0.72337602 0.48630060
910.91091091 0.72226319 0.48692449
911.91191191 0.72190629 0.48700608
912.91291291 0.72135801 0.48725753
913.91391391 0.71998888 0.48711879
914.91491491 0.71809995 0.48764528
915.91591592 0.71479659 0.48838136
916.91691692 0.71272647 0.48610955
917.91791792 0.71375288 0.48585751
918.91891892 0.71177178 0.48593622
919.91991992 0.71141440 0.48603123
920.92092092 0.70941533 0.48345485
921.92192192 0.70899126 0.48350093
922.92292292 0.70861274 0.48357542
923.92392392 0.70824315 0.48364835
924.92492492 0.70791643 0.48370177
925.92592593 0.70749987 0.48068504
926.92692693 0.70526155 0.48120231
927.92792793 0.70483420 0.48123328
928.92892893 0.70308507 0.48137092
929.92992993 0.70271684 0.48144014
930.93093093 0.70230529 0.48154907
931.93193193 0.70196705 0.48156428
932.93293293 0.70163734 0.48160277
933.93393393 0.70127951 0.48167771
934.93493493 0.70092200 0.48174286
935.93593594 0.69817016 0.48220793
936.93693694 0.69388503 0.48171290
937.93793794 0.69178884 0.47860905
938.93893894 0.69136553 0.47871869
939.93993994 0.69100640 0.47877944
940.94094094 0.68979874 0.47941253
941.94194194 0.68754849 0.47645217
942.94294294 0.68563415 0.47664159
943.94394394 0.68527807 0.47668852
944.94494494 0.68476307 0.47687749
945.94594595 0.68478971 0.47671998
946.94694695 0.68427405 0.47663883
947.94794795 0.68417027 0.47575878
948.94894895 0.68206039 0.47264624
949.94994995 0.68164723 0.47271880
950.95095095 0.68134949 0.47278366
951.95195195 0.68058248 0.47304270
952.95295295 0.67715802 0.47335460
953.95395395 0.67680835 0.47338707
954.95495495 0.67730743 0.47337760
955.95595596 0.67686304 0.47343757
956.95695696 0.67652761 0.47347630
957.95795796 0.67398917 0.47400176
958.95895896 0.67356632 0.47406720
959.95995996 0.67315867 0.47413720
960.96096096 0.66981408 0.47058952
961.96196196 0.66803219 0.47116841
962.96296296 0.66592639 0.47145931
963.96396396 0.66484026 0.47119282
964.96496496 0.66448041 0.47124706
965.96596597 0.66416488 0.47126218
966.96696697 0.66375628 0.47136388
967.96796797 0.66162055 0.47098065
968.96896897 0.66121563 0.47106407
969.96996997 0.66082561 0.47113919
970.97097097 0.65703765 0.47216001
971.97197197 0.65667592 0.47220478
972.97297297 0.65632277 0.47224696
973.97397397 0.65638081 0.47216278
974.97497497 0.65602426 0.47221932
975.97597598 0.65714945 0.47313470
976.97697698 0.65484751 0.47375112
977.97797798 0.65448812 0.47380661
978.97897898 0.65450434 0.47426851
979.97997998 0.65414959 0.47432803
980.98098098 0.65385840 0.47429758
981.98198198 0.65359374 0.47441350
982.98298298 0.65334550 0.47449616
983.98398398 0.65424724 0.47443763
984.98498498 0.65391697 0.47450213
985.98598599 0.65352714 0.47453675
986.98698699 0.65195536 0.47442113
987.98798799 0.65150520 0.47428700
988.98898899 0.65113614 0.47435616
989.98998999 0.65091376 0.47431730
990.99099099 0.65061251 0.47439080
991.99199199 0.65001965 0.47441824
992.99299299 0.64858252 0.47425170
993.99399399 0.64808334 0.47418916
994.99499499 0.64776642 0.47427244
995.99599600 0.64823102 0.47378400
996.99699700 0.64782711 0.47387315
997.99799800 0.64600521 0.47410480
998.99899900 0.64561921 0.47413623
1000.00000000 0.64514419 0.47417639
