0.000000000000000000e+00 1.000000000000000178e+01
1.001001001001001089e+00 1.004715715706488055e+01
2.002002002002002179e+00 9.973963382905434827e+00
3.003003003003003268e+00 9.894157087194042077e+00
4.004004004004004358e+00 9.837030570405582708e+00
5.005005005005005003e+00 9.783066376284120125e+00
6.006006006006006537e+00 9.742488510236238852e+00
7.007007007007008070e+00 9.690349814108079940e+00
8.008008008008008716e+00 9.645881880997281499e+00
9.009009009009009361e+00 9.601004249177551131e+00
1.001001001001001001e+01 9.556225990668133718e+00
1.101101101101101243e+01 9.497690638838824029e+00
1.201201201201201307e+01 9.448842031744247194e+00
1.301301301301301372e+01 9.395696833509335377e+00
1.401401401401401614e+01 9.351135095432111299e+00
1.501501501501501679e+01 9.288895657010495910e+00
1.601601601601601743e+01 9.234966540797376666e+00
1.701701701701701808e+01 9.197662136825632828e+00
1.801801801801801872e+01 9.147860316480496579e+00
1.901901901901901937e+01 9.107940841273988397e+00
2.002002002002002001e+01 9.056517102809610975e+00
2.102102102102102421e+01 9.018336829614755246e+00
2.202202202202202486e+01 8.969586256910650590e+00
2.302302302302302550e+01 8.928416145012816330e+00
2.402402402402402615e+01 8.885589144146615936e+00
2.502502502502502679e+01 8.844696880052763888e+00
2.602602602602602744e+01 8.790333487255459488e+00
2.702702702702702808e+01 8.761222454809161064e+00
2.802802802802803228e+01 8.713147835976034372e+00
2.902902902902903293e+01 8.669515480108552552e+00
3.003003003003003357e+01 8.625354660481580282e+00
3.103103103103103422e+01 8.593396484598608609e+00
3.203203203203203486e+01 8.549112859037455436e+00
3.303303303303303551e+01 8.504373222032299395e+00
3.403403403403403615e+01 8.462336948019231642e+00
3.503503503503503680e+01 8.422189233728023083e+00
3.603603603603603744e+01 8.372726363394679794e+00
3.703703703703703809e+01 8.326432247025264743e+00
3.803803803803803874e+01 8.293936933165655390e+00
3.903903903903903938e+01 8.252801787388193588e+00
4.004004004004004003e+01 8.200007981596796114e+00
4.104104104104104778e+01 8.147012590427086920e+00
4.204204204204204842e+01 8.108880115045181469e+00
4.304304304304304907e+01 8.050862606919306330e+00
4.404404404404404971e+01 8.000765031706729147e+00
4.504504504504505036e+01 7.961093070236675118e+00
4.604604604604605100e+01 7.920508221807700089e+00
4.704704704704705165e+01 7.881671681419692099e+00
4.804804804804805229e+01 7.843825998675642452e+00
4.904904904904905294e+01 7.800071354767082354e+00
5.005005005005005358e+01 7.747641918396253047e+00
5.105105105105105423e+01 7.715502024303632744e+00
5.205205205205205488e+01 7.661826713770068409e+00
5.305305305305305552e+01 7.603950320989890876e+00
5.405405405405405617e+01 7.548510193155635761e+00
5.505505505505505681e+01 7.502182997493476613e+00
5.605605605605606456e+01 7.457189208810721226e+00
5.705705705705706521e+01 7.423480015469466231e+00
5.805805805805806585e+01 7.386128857395654279e+00
5.905905905905906650e+01 7.343101608042955419e+00
6.006006006006006714e+01 7.303520029051544071e+00
6.106106106106106779e+01 7.269655619396412582e+00
6.206206206206206843e+01 7.233708299758010440e+00
6.306306306306306908e+01 7.189164764710985089e+00
6.406406406406406973e+01 7.133007590870938053e+00
6.506506506506507037e+01 7.097519425631026557e+00
6.606606606606607102e+01 7.049055198540424172e+00
6.706706706706707166e+01 6.999956852327495760e+00
6.806806806806807231e+01 6.963968854481550785e+00
6.906906906906907295e+01 6.925296908919953864e+00
7.007007007007007360e+01 6.890542236950047972e+00
7.107107107107107424e+01 6.856370737712834895e+00
7.207207207207207489e+01 6.820848615507681068e+00
7.307307307307307553e+01 6.788603577808534517e+00
7.407407407407407618e+01 6.746285782100652106e+00
7.507507507507507682e+01 6.708223633562859334e+00
7.607607607607607747e+01 6.663035741075597151e+00
7.707707707707707812e+01 6.629921448629079173e+00
7.807807807807807876e+01 6.601286313875013079e+00
7.907907907907907941e+01 6.558161366167224671e+00
8.008008008008008005e+01 6.530475367499207096e+00
8.108108108108109491e+01 6.484369153079109438e+00
8.208208208208209555e+01 6.452879803188324992e+00
8.308308308308309620e+01 6.419608367410145178e+00
8.408408408408409684e+01 6.376218622092178379e+00
8.508508508508509749e+01 6.342260277890511944e+00
8.608608608608609813e+01 6.307082619378595822e+00
8.708708708708709878e+01 6.282978288142077261e+00
8.808808808808809943e+01 6.254569748306225030e+00
8.908908908908910007e+01 6.200114608888527279e+00
9.009009009009010072e+01 6.175713025311881488e+00
9.109109109109110136e+01 6.148573549487775125e+00
9.209209209209210201e+01 6.109957651753128438e+00
9.309309309309310265e+01 6.071529314737504457e+00
9.409409409409410330e+01 6.021010816240164765e+00
9.509509509509510394e+01 5.987907005441166497e+00
9.609609609609610459e+01 5.960298224419847912e+00
9.709709709709710523e+01 5.925722541364306650e+00
9.809809809809810588e+01 5.887134598840888522e+00
9.909909909909910652e+01 5.858554989817015723e+00
1.001001001001001072e+02 5.819811126123203948e+00
1.011011011011011078e+02 5.785525232474267199e+00
1.021021021021021085e+02 5.766064982453751320e+00
1.031031031031031091e+02 5.741876572031738846e+00
1.041041041041041098e+02 5.703322392883366732e+00
1.051051051051051104e+02 5.672321492451341207e+00
1.061061061061061110e+02 5.640421048676798499e+00
1.071071071071071117e+02 5.603277280119417725e+00
1.081081081081081123e+02 5.568385260308190254e+00
1.091091091091091130e+02 5.532715986296055100e+00
1.101101101101101136e+02 5.497167006119894062e+00
1.111111111111111143e+02 5.463098336981688341e+00
1.121121121121121291e+02 5.431113195970301177e+00
1.131131131131131298e+02 5.410001451764433256e+00
1.141141141141141304e+02 5.379054755464958149e+00
1.151151151151151311e+02 5.352306546098283491e+00
1.161161161161161317e+02 5.321142961023472395e+00
1.171171171171171324e+02 5.287037606870645945e+00
1.181181181181181330e+02 5.265157603680355791e+00
1.191191191191191336e+02 5.233145394313341470e+00
1.201201201201201343e+02 5.203697162897144679e+00
1.211211211211211349e+02 5.181891064005411884e+00
1.221221221221221356e+02 5.145187986826683435e+00
1.231231231231231362e+02 5.114917229845308277e+00
1.241241241241241369e+02 5.080793135002079630e+00
1.251251251251251375e+02 5.053783139239931721e+00
1.261261261261261382e+02 5.019525559284826244e+00
1.271271271271271388e+02 4.996643010703102128e+00
1.281281281281281395e+02 4.949572927879658302e+00
1.291291291291291543e+02 4.922546064885794159e+00
1.301301301301301407e+02 4.894481766876047857e+00
1.311311311311311556e+02 4.868790168321411649e+00
1.321321321321321420e+02 4.837116699395132891e+00
1.331331331331331569e+02 4.812540181930730299e+00
1.341341341341341433e+02 4.789963125141740719e+00
1.351351351351351582e+02 4.762902718067949515e+00
1.361361361361361446e+02 4.722621471486526445e+00
1.371371371371371595e+02 4.685787993028479370e+00
1.381381381381381459e+02 4.668270085946882197e+00
1.391391391391391608e+02 4.638980892650296894e+00
1.401401401401401472e+02 4.616339536725152293e+00
1.411411411411411621e+02 4.571912337580592123e+00
1.421421421421421485e+02 4.554078057882829711e+00
1.431431431431431633e+02 4.526096078532947153e+00
1.441441441441441498e+02 4.500794804896961487e+00
1.451451451451451646e+02 4.480136359986132355e+00
1.461461461461461511e+02 4.450799789631146197e+00
1.471471471471471659e+02 4.420475871680649149e+00
1.481481481481481524e+02 4.395770867718823638e+00
1.491491491491491672e+02 4.358872289728782157e+00
1.501501501501501536e+02 4.332680656883121983e+00
1.511511511511511685e+02 4.306409240776503999e+00
1.521521521521521549e+02 4.277399080575507995e+00
1.531531531531531698e+02 4.248227098321057937e+00
1.541541541541541562e+02 4.218952481063924509e+00
1.551551551551551711e+02 4.192398685399908231e+00
1.561561561561561575e+02 4.173676226044822357e+00
1.571571571571571724e+02 4.145449499880790256e+00
1.581581581581581588e+02 4.124426801471779314e+00
1.591591591591591737e+02 4.090281305741235940e+00
1.601601601601601601e+02 4.056533145837819987e+00
1.611611611611611750e+02 4.031351579129095697e+00
1.621621621621621898e+02 4.012708046500219616e+00
1.631631631631631763e+02 3.986314204422016338e+00
1.641641641641641911e+02 3.960982944927301297e+00
1.651651651651651775e+02 3.937957462959126964e+00
1.661661661661661924e+02 3.917083706293188250e+00
1.671671671671671788e+02 3.894771947472821960e+00
1.681681681681681937e+02 3.865635983762969019e+00
1.691691691691691801e+02 3.843573876703866965e+00
1.701701701701701950e+02 3.821215413982297804e+00
1.711711711711711814e+02 3.799053454172901745e+00
1.721721721721721963e+02 3.769303654855328478e+00
1.731731731731731827e+02 3.738173256134915690e+00
1.741741741741741976e+02 3.715956706323826797e+00
1.751751751751751840e+02 3.697901262981939219e+00
1.761761761761761989e+02 3.664704113103049998e+00
1.771771771771771853e+02 3.645529729724969581e+00
1.781781781781782001e+02 3.625461361808199445e+00
1.791791791791791866e+02 3.588128341264395171e+00
1.801801801801802014e+02 3.574653809863751697e+00
1.811811811811811879e+02 3.557477249873246983e+00
1.821821821821822027e+02 3.537772373973337547e+00
1.831831831831831892e+02 3.514490820798326975e+00
1.841841841841842040e+02 3.486608446599721578e+00
1.851851851851851904e+02 3.473398986525683796e+00
1.861861861861862053e+02 3.449664462555669608e+00
1.871871871871871917e+02 3.430448646215922714e+00
1.881881881881882066e+02 3.413857365853193215e+00
1.891891891891891930e+02 3.396892193100714330e+00
1.901901901901902079e+02 3.375743684309662651e+00
1.911911911911911943e+02 3.355392676023493337e+00
1.921921921921922092e+02 3.337794053486661916e+00
1.931931931931932240e+02 3.311992836877401647e+00
1.941941941941942105e+02 3.295306871312848607e+00
1.951951951951952253e+02 3.276322387714904583e+00
1.961961961961962118e+02 3.253646294899297686e+00
1.971971971971972266e+02 3.236791481866283071e+00
1.981981981981982130e+02 3.215251556044418368e+00
1.991991991991992279e+02 3.199029849291537886e+00
2.002002002002002143e+02 3.175667525020190674e+00
2.012012012012012292e+02 3.146765909079175305e+00
2.022022022022022156e+02 3.127115292055602236e+00
2.032032032032032305e+02 3.112004287792637047e+00
2.042042042042042169e+02 3.089318548645259455e+00
2.052052052052052318e+02 3.068368334830372302e+00
2.062062062062062182e+02 3.051137771733987147e+00
2.072072072072072331e+02 3.038579360231793203e+00
2.082082082082082195e+02 3.015467452500014467e+00
2.092092092092092344e+02 2.995289914023689715e+00
2.102102102102102208e+02 2.981833879871398363e+00
2.112112112112112356e+02 2.960022021552003224e+00
2.122122122122122221e+02 2.947830879170846075e+00
2.132132132132132369e+02 2.931482432556427931e+00
2.142142142142142234e+02 2.916374708330598420e+00
2.152152152152152382e+02 2.886206079446576922e+00
2.162162162162162247e+02 2.865716413928552697e+00
2.172172172172172395e+02 2.850253651363035878e+00
2.182182182182182260e+02 2.837700801388695293e+00
2.192192192192192408e+02 2.819363701012876700e+00
2.202202202202202272e+02 2.809642553582939239e+00
2.212212212212212421e+02 2.792204299634094777e+00
2.222222222222222285e+02 2.778202877156354500e+00
2.232232232232232434e+02 2.752730213162802198e+00
2.242242242242242583e+02 2.734654284676083069e+00
2.252252252252252447e+02 2.712988852574081733e+00
2.262262262262262595e+02 2.697718665637837354e+00
2.272272272272272460e+02 2.680775030934882341e+00
2.282282282282282608e+02 2.666543886078217351e+00
2.292292292292292473e+02 2.649746191940626883e+00
2.302302302302302621e+02 2.631929844196923440e+00
2.312312312312312486e+02 2.616271944224053847e+00
2.322322322322322634e+02 2.599308381160529535e+00
2.332332332332332498e+02 2.576757189828722261e+00
2.342342342342342647e+02 2.563976061810758100e+00
2.352352352352352511e+02 2.557943357000714624e+00
2.362362362362362660e+02 2.545499421316063327e+00
2.372372372372372524e+02 2.527745295782909185e+00
2.382382382382382673e+02 2.510190752464614761e+00
2.392392392392392537e+02 2.497542822860209011e+00
2.402402402402402686e+02 2.477876474181668787e+00
2.412412412412412550e+02 2.465943000351678016e+00
2.422422422422422699e+02 2.448152095616564328e+00
2.432432432432432563e+02 2.425638752738285220e+00
2.442442442442442712e+02 2.415933222144976078e+00
2.452452452452452576e+02 2.400314737740110171e+00
2.462462462462462724e+02 2.386505714808944578e+00
2.472472472472472589e+02 2.370448828524241769e+00
2.482482482482482737e+02 2.356632450862003569e+00
2.492492492492492602e+02 2.341768578930077283e+00
2.502502502502502750e+02 2.323326224707613186e+00
2.512512512512512615e+02 2.307503379071969007e+00
2.522522522522522763e+02 2.298340201606701161e+00
2.532532532532532628e+02 2.277615604204350497e+00
2.542542542542542776e+02 2.261881584027182424e+00
2.552552552552552640e+02 2.251390366010526112e+00
2.562562562562562789e+02 2.231197903215804690e+00
2.572572572572572653e+02 2.219105475643691427e+00
2.582582582582583086e+02 2.207407763315919258e+00
2.592592592592592950e+02 2.188964226096963284e+00
2.602602602602602815e+02 2.178634661328029409e+00
2.612612612612612679e+02 2.160723898759408623e+00
2.622622622622623112e+02 2.148067644704899859e+00
2.632632632632632976e+02 2.130223712441909889e+00
2.642642642642642841e+02 2.116147422613982698e+00
2.652652652652652705e+02 2.099964500922396837e+00
2.662662662662663138e+02 2.090114829432303978e+00
2.672672672672673002e+02 2.080230078987637565e+00
2.682682682682682866e+02 2.069680219372110219e+00
2.692692692692692731e+02 2.056744178014340285e+00
2.702702702702703164e+02 2.040085436994228729e+00
2.712712712712713028e+02 2.026526803108352759e+00
2.722722722722722892e+02 2.008803906863121380e+00
2.732732732732732757e+02 1.990801135689897139e+00
2.742742742742743189e+02 1.978617181930446334e+00
2.752752752752753054e+02 1.965902869117308160e+00
2.762762762762762918e+02 1.953285966224594494e+00
2.772772772772772782e+02 1.939416394761777518e+00
2.782782782782783215e+02 1.924925906547630960e+00
2.792792792792793080e+02 1.913081078526490453e+00
2.802802802802802944e+02 1.894808641859523579e+00
2.812812812812812808e+02 1.885456254341273841e+00
2.822822822822823241e+02 1.873703424208392754e+00
2.832832832832833105e+02 1.858931507044488285e+00
2.842842842842842970e+02 1.844922057308495233e+00
2.852852852852852834e+02 1.837256578278024577e+00
2.862862862862863267e+02 1.831797196669597616e+00
2.872872872872873131e+02 1.820369401908053852e+00
2.882882882882882996e+02 1.808591006566433235e+00
2.892892892892893428e+02 1.798671650720509829e+00
2.902902902902903293e+02 1.789658403187653457e+00
2.912912912912913157e+02 1.773795550292649015e+00
2.922922922922923021e+02 1.757584872209134286e+00
2.932932932932933454e+02 1.748417121297085597e+00
2.942942942942943318e+02 1.740565284014949698e+00
2.952952952952953183e+02 1.730705133613471114e+00
2.962962962962963047e+02 1.716930438228747580e+00
2.972972972972973480e+02 1.706132154595855432e+00
2.982982982982983344e+02 1.697281459065199449e+00
2.992992992992993209e+02 1.688047845368447319e+00
3.003003003003003073e+02 1.674074916187710649e+00
3.013013013013013506e+02 1.664149847675696181e+00
3.023023023023023370e+02 1.651633677064600070e+00
3.033033033033033234e+02 1.639358057760696763e+00
3.043043043043043099e+02 1.625772294200926282e+00
3.053053053053053532e+02 1.618399001815377325e+00
3.063063063063063396e+02 1.605819787610741400e+00
3.073073073073073260e+02 1.598294393551390691e+00
3.083083083083083125e+02 1.588353669139880964e+00
3.093093093093093557e+02 1.576861547634751171e+00
3.103103103103103422e+02 1.567468309453538433e+00
3.113113113113113286e+02 1.558840119179156325e+00
3.123123123123123150e+02 1.551889753725332888e+00
3.133133133133133583e+02 1.542385600646994925e+00
3.143143143143143448e+02 1.530030736630133337e+00
3.153153153153153312e+02 1.522845008024059643e+00
3.163163163163163176e+02 1.512508841056467990e+00
3.173173173173173609e+02 1.499164042963052168e+00
3.183183183183183473e+02 1.487922302186713397e+00
3.193193193193193338e+02 1.478113357490486335e+00
3.203203203203203202e+02 1.466866882097501934e+00
3.213213213213213635e+02 1.456998077821409776e+00
3.223223223223223499e+02 1.446283797756617417e+00
3.233233233233233364e+02 1.434210918787125033e+00
3.243243243243243796e+02 1.429030798318662976e+00
3.253253253253253661e+02 1.419615779732149807e+00
3.263263263263263525e+02 1.408131144131648194e+00
3.273273273273273389e+02 1.399359024627178982e+00
3.283283283283283822e+02 1.389569132350139791e+00
3.293293293293293686e+02 1.382643496098060032e+00
3.303303303303303551e+02 1.372766854580706575e+00
3.313313313313313415e+02 1.366719712014595745e+00
3.323323323323323848e+02 1.350685805692802388e+00
3.333333333333333712e+02 1.344387417873589508e+00
3.343343343343343577e+02 1.334705431420042610e+00
3.353353353353353441e+02 1.328619235794463505e+00
3.363363363363363874e+02 1.321728199821241123e+00
3.373373373373373738e+02 1.313207737739213732e+00
3.383383383383383602e+02 1.306554102980842291e+00
3.393393393393393467e+02 1.297563440813594982e+00
3.403403403403403900e+02 1.292175425491894014e+00
3.413413413413413764e+02 1.279523274298540292e+00
3.423423423423423628e+02 1.270527889510603581e+00
3.433433433433433493e+02 1.265704190565474674e+00
3.443443443443443925e+02 1.260192190492097408e+00
3.453453453453453790e+02 1.246755193408610962e+00
3.463463463463463654e+02 1.240099599028678945e+00
3.473473473473473518e+02 1.232260151671674020e+00
3.483483483483483951e+02 1.223427393952919218e+00
3.493493493493493816e+02 1.216932729580792572e+00
3.503503503503503680e+02 1.207773157807860320e+00
3.513513513513513544e+02 1.201083225566560220e+00
3.523523523523523977e+02 1.189893274498434295e+00
3.533533533533533841e+02 1.185743872643322483e+00
3.543543543543543706e+02 1.178839244410116338e+00
3.553553553553554138e+02 1.168965900308398309e+00
3.563563563563564003e+02 1.161018836353270745e+00
3.573573573573573867e+02 1.157466868230002000e+00
3.583583583583583732e+02 1.149348094481009275e+00
3.593593593593594164e+02 1.142807696473826073e+00
3.603603603603604029e+02 1.135257118626489481e+00
3.613613613613613893e+02 1.125105584701773243e+00
3.623623623623623757e+02 1.118136598112157154e+00
3.633633633633634190e+02 1.105428392673321270e+00
3.643643643643644054e+02 1.100022397796089235e+00
3.653653653653653919e+02 1.092593177392128023e+00
3.663663663663663783e+02 1.083942200353890772e+00
3.673673673673674216e+02 1.079129351304968898e+00
3.683683683683684080e+02 1.073049207079490142e+00
3.693693693693693945e+02 1.067916421333887422e+00
3.703703703703703809e+02 1.055666900731400570e+00
3.713713713713714242e+02 1.048110474611199328e+00
3.723723723723724106e+02 1.042672738174394320e+00
3.733733733733733970e+02 1.034723709157709282e+00
3.743743743743743835e+02 1.031686579928005276e+00
3.753753753753754268e+02 1.021607963868027324e+00
3.763763763763764132e+02 1.014978397477572791e+00
3.773773773773773996e+02 1.004897392321367766e+00
3.783783783783783861e+02 9.993242416796471739e-01
3.793793793793794293e+02 9.961470903621608697e-01
3.803803803803804158e+02 9.855163641379335315e-01
3.813813813813814022e+02 9.816401722671890262e-01
3.823823823823823886e+02 9.787213700635409852e-01
3.833833833833834319e+02 9.744765265308633628e-01
3.843843843843844184e+02 9.687927780001761580e-01
3.853853853853854048e+02 9.627065731755128919e-01
3.863863863863864481e+02 9.571515037740363496e-01
3.873873873873874345e+02 9.513197099190043859e-01
3.883883883883884209e+02 9.444159638539250112e-01
3.893893893893894074e+02 9.365762990216150996e-01
3.903903903903904506e+02 9.331763200403540015e-01
3.913913913913914371e+02 9.268888793938916404e-01
3.923923923923924235e+02 9.207327692234799077e-01
3.933933933933934100e+02 9.136858370528392337e-01
3.943943943943944532e+02 9.097815961636613880e-01
3.953953953953954397e+02 9.072737355915393431e-01
3.963963963963964261e+02 9.001928703857836611e-01
3.973973973973974125e+02 8.938687356760185443e-01
3.983983983983984558e+02 8.881028750587879328e-01
3.993993993993994422e+02 8.843350490388840468e-01
4.004004004004004287e+02 8.800146343349805056e-01
4.014014014014014151e+02 8.748571431208210791e-01
4.024024024024024584e+02 8.708921791932457968e-01
4.034034034034034448e+02 8.664836554921747647e-01
4.044044044044044313e+02 8.613049079399468511e-01
4.054054054054054177e+02 8.551038372712709279e-01
4.064064064064064610e+02 8.504582512796636795e-01
4.074074074074074474e+02 8.434223257373262284e-01
4.084084084084084338e+02 8.398912831296059256e-01
4.094094094094094203e+02 8.351248239705885146e-01
4.104104104104104636e+02 8.308498313108269029e-01
4.114114114114114500e+02 8.276377190444041965e-01
4.124124124124124364e+02 8.247602506545733680e-01
4.134134134134134229e+02 8.208624715431114272e-01
4.144144144144144661e+02 8.159779739436707757e-01
4.154154154154154526e+02 8.105426245396415430e-01
4.164164164164164390e+02 8.061995361871596710e-01
4.174174174174174823e+02 7.985643213778210736e-01
4.184184184184184687e+02 7.926714972213916299e-01
4.194194194194194552e+02 7.907816654207039386e-01
4.204204204204204416e+02 7.846885153946380198e-01
4.214214214214214849e+02 7.812977413771652335e-01
4.224224224224224713e+02 7.730251145923636713e-01
4.234234234234234577e+02 7.661585400600139373e-01
4.244244244244244442e+02 7.626627261925981172e-01
4.254254254254254874e+02 7.587302364219095097e-01
4.264264264264264739e+02 7.548090629196214651e-01
4.274274274274274603e+02 7.501277681892085658e-01
4.284284284284284468e+02 7.438039817617403404e-01
4.294294294294294900e+02 7.406573084374278304e-01
4.304304304304304765e+02 7.348842381830094084e-01
4.314314314314314629e+02 7.318036377879330034e-01
4.324324324324324493e+02 7.289534191228692617e-01
4.334334334334334926e+02 7.263980786625885422e-01
4.344344344344344790e+02 7.234501127262038533e-01
4.354354354354354655e+02 7.197036479750253957e-01
4.364364364364364519e+02 7.151573447009946793e-01
4.374374374374374952e+02 7.121518972883155163e-01
4.384384384384384816e+02 7.092989114768964987e-01
4.394394394394394681e+02 7.068974872568437595e-01
4.404404404404404545e+02 7.038069988739446003e-01
4.414414414414414978e+02 6.960823729120551029e-01
4.424424424424424842e+02 6.914583922231454238e-01
4.434434434434434706e+02 6.858284908037078909e-01
4.444444444444444571e+02 6.813386547228335033e-01
4.454454454454455004e+02 6.788931076438373680e-01
4.464464464464464868e+02 6.758429511882502183e-01
4.474474474474474732e+02 6.722527565757108192e-01
4.484484484484485165e+02 6.681529528454059896e-01
4.494494494494495029e+02 6.624175586272676997e-01
4.504504504504504894e+02 6.585334732428665960e-01
4.514514514514514758e+02 6.557853091522364286e-01
4.524524524524525191e+02 6.513063017368251328e-01
4.534534534534535055e+02 6.472166533825964851e-01
4.544544544544544920e+02 6.435900985252218653e-01
4.554554554554554784e+02 6.389146164820684870e-01
4.564564564564565217e+02 6.332152969054570812e-01
4.574574574574575081e+02 6.284464810308018068e-01
4.584584584584584945e+02 6.260223485202361937e-01
4.594594594594594810e+02 6.229935385975892137e-01
4.604604604604605242e+02 6.184358781317020881e-01
4.614614614614615107e+02 6.163630731238062266e-01
4.624624624624624971e+02 6.122223861260863709e-01
4.634634634634634835e+02 6.090824384184388984e-01
4.644644644644645268e+02 6.047321012929081085e-01
4.654654654654655133e+02 6.027041194526349122e-01
4.664664664664664997e+02 5.994716224508125357e-01
4.674674674674674861e+02 5.972611842292826489e-01
4.684684684684685294e+02 5.942311471366119591e-01
4.694694694694695158e+02 5.904899249139412554e-01
4.704704704704705023e+02 5.859489572239449107e-01
4.714714714714714887e+02 5.833353078334353459e-01
4.724724724724725320e+02 5.807442975530746621e-01
4.734734734734735184e+02 5.783465994542921207e-01
4.744744744744745049e+02 5.736960270336789458e-01
4.754754754754754913e+02 5.676546264625621507e-01
4.764764764764765346e+02 5.659583057140715745e-01
4.774774774774775210e+02 5.634581509321217041e-01
4.784784784784785074e+02 5.604576555621895162e-01
4.794794794794794939e+02 5.566776410971581157e-01
4.804804804804805372e+02 5.534659717376174681e-01
4.814814814814815236e+02 5.495547958663701271e-01
4.824824824824825100e+02 5.446622981489961379e-01
4.834834834834835533e+02 5.417497027687703248e-01
4.844844844844845397e+02 5.359029755225405145e-01
4.854854854854855262e+02 5.314222493711043827e-01
4.864864864864865126e+02 5.294169841703346702e-01
4.874874874874875559e+02 5.246004162382837954e-01
4.884884884884885423e+02 5.222342586197465941e-01
4.894894894894895288e+02 5.169115457531499036e-01
4.904904904904905152e+02 5.146453612505651476e-01
4.914914914914915585e+02 5.117571239736690147e-01
4.924924924924925449e+02 5.092405693150615642e-01
4.934934934934935313e+02 5.071684852785581787e-01
4.944944944944945178e+02 5.043472083272330098e-01
4.954954954954955610e+02 5.020249029616763448e-01
4.964964964964965475e+02 4.998922822720318071e-01
4.974974974974975339e+02 4.971085235708966321e-01
4.984984984984985203e+02 4.951138815187174913e-01
4.994994994994995636e+02 4.944768408941235260e-01
5.005005005005005501e+02 4.925187215411228059e-01
5.015015015015015365e+02 4.900757858748657214e-01
5.025025025025025229e+02 4.884341998512884975e-01
5.035035035035035662e+02 4.853919157652081262e-01
5.045045045045045526e+02 4.835427096950906667e-01
5.055055055055055391e+02 4.816234186998330502e-01
5.065065065065065255e+02 4.789571081455067936e-01
5.075075075075075688e+02 4.754391513483513521e-01
5.085085085085085552e+02 4.704865700152207619e-01
5.095095095095095417e+02 4.672046394038132933e-01
5.105105105105105281e+02 4.627922129494793646e-01
5.115115115115115714e+02 4.602305409349843335e-01
5.125125125125125578e+02 4.567804120074471785e-01
5.135135135135135442e+02 4.534726796624588552e-01
5.145145145145145307e+02 4.510345613214978289e-01
5.155155155155155171e+02 4.474672160887260275e-01
5.165165165165166172e+02 4.457281594004146030e-01
5.175175175175176037e+02 4.436115176585880282e-01
5.185185185185185901e+02 4.418890008264636515e-01
5.195195195195195765e+02 4.376967804601455403e-01
5.205205205205205630e+02 4.351400747318645568e-01
5.215215215215215494e+02 4.327866183050352311e-01
5.225225225225225358e+02 4.324264287061396206e-01
5.235235235235235223e+02 4.289825916620123025e-01
5.245245245245246224e+02 4.271508371895446632e-01
5.255255255255256088e+02 4.250476121693133602e-01
5.265265265265265953e+02 4.234671233202093599e-01
5.275275275275275817e+02 4.221555949273689823e-01
5.285285285285285681e+02 4.183464338510362590e-01
5.295295295295295546e+02 4.156831938786426650e-01
5.305305305305305410e+02 4.133760667225675478e-01
5.315315315315315274e+02 4.125128673700838577e-01
5.325325325325326276e+02 4.106787300948611108e-01
5.335335335335336140e+02 4.085594395829411085e-01
5.345345345345346004e+02 4.067409133994158155e-01
5.355355355355355869e+02 4.050325937392035835e-01
5.365365365365365733e+02 4.030458940475377116e-01
5.375375375375375597e+02 4.013755550310920683e-01
5.385385385385385462e+02 3.993271703173260079e-01
5.395395395395395326e+02 3.976521973696635071e-01
5.405405405405406327e+02 3.960919906356415998e-01
5.415415415415416192e+02 3.946089004055815530e-01
5.425425425425426056e+02 3.930399689379102668e-01
5.435435435435435920e+02 3.894071149208512828e-01
5.445445445445445785e+02 3.868314082438645274e-01
5.455455455455455649e+02 3.853590251371101227e-01
5.465465465465465513e+02 3.817929593727527604e-01
5.475475475475476514e+02 3.803257712167772420e-01
5.485485485485486379e+02 3.782455882536165381e-01
5.495495495495496243e+02 3.768124635880015227e-01
5.505505505505506108e+02 3.750404909941072451e-01
5.515515515515515972e+02 3.728292131452953795e-01
5.525525525525525836e+02 3.711253530008370438e-01
5.535535535535535701e+02 3.696302061889602530e-01
5.545545545545545565e+02 3.682177895159647329e-01
5.555555555555556566e+02 3.668058448832138829e-01
5.565565565565566430e+02 3.653376529257343353e-01
5.575575575575576295e+02 3.639164043163312656e-01
5.585585585585586159e+02 3.610348324719797053e-01
5.595595595595596023e+02 3.581178490832900851e-01
5.605605605605605888e+02 3.568778231531440359e-01
5.615615615615615752e+02 3.546919468421571575e-01
5.625625625625625617e+02 3.522565700104777209e-01
5.635635635635636618e+02 3.504218670815936187e-01
5.645645645645646482e+02 3.489865823730080585e-01
5.655655655655656346e+02 3.462760853700415087e-01
5.665665665665666211e+02 3.439423613207704955e-01
5.675675675675676075e+02 3.421773718737955994e-01
5.685685685685685939e+02 3.377664208197296847e-01
5.695695695695695804e+02 3.340017087008975150e-01
5.705705705705705668e+02 3.312232228868166040e-01
5.715715715715716669e+02 3.287032036791202039e-01
5.725725725725726534e+02 3.275437541261820851e-01
5.735735735735736398e+02 3.253349476252797579e-01
5.745745745745746262e+02 3.238349112194032764e-01
5.755755755755756127e+02 3.228971008926304065e-01
5.765765765765765991e+02 3.215019979299253428e-01
5.775775775775775855e+02 3.200772132043162022e-01
5.785785785785786857e+02 3.184590417864597289e-01
5.795795795795796721e+02 3.158201833947402171e-01
5.805805805805806585e+02 3.144680679613429675e-01
5.815815815815816450e+02 3.120345548309029216e-01
5.825825825825826314e+02 3.107035413900084975e-01
5.835835835835836178e+02 3.097497939969834357e-01
5.845845845845846043e+02 3.083102610790688369e-01
5.855855855855855907e+02 3.063789274229394288e-01
5.865865865865866908e+02 3.038689101524367220e-01
5.875875875875876773e+02 3.001854271695928444e-01
5.885885885885886637e+02 2.989999916660878720e-01
5.895895895895896501e+02 2.977154308012756045e-01
5.905905905905906366e+02 2.963324559076483955e-01
5.915915915915916230e+02 2.948725723782506525e-01
5.925925925925926094e+02 2.932695021135363622e-01
5.935935935935935959e+02 2.919148547489638923e-01
5.945945945945946960e+02 2.899638181203914034e-01
5.955955955955956824e+02 2.885239938797815040e-01
5.965965965965966689e+02 2.865503991812414775e-01
5.975975975975976553e+02 2.844635502991072484e-01
5.985985985985986417e+02 2.822310333875130972e-01
5.995995995995996282e+02 2.813170215234139238e-01
6.006006006006006146e+02 2.806974251306663670e-01
6.016016016016016010e+02 2.779155136509326995e-01
6.026026026026027012e+02 2.762755593301712831e-01
6.036036036036036876e+02 2.756534660407894965e-01
6.046046046046046740e+02 2.731173718329765743e-01
6.056056056056056605e+02 2.719718428444992120e-01
6.066066066066066469e+02 2.707749859282871374e-01
6.076076076076076333e+02 2.696427309251893112e-01
6.086086086086086198e+02 2.674402582421934738e-01
6.096096096096097199e+02 2.659963122750114151e-01
6.106106106106107063e+02 2.648467446328652275e-01
6.116116116116116928e+02 2.637522900821664407e-01
6.126126126126126792e+02 2.615978909898901139e-01
6.136136136136136656e+02 2.602897661421161302e-01
6.146146146146146521e+02 2.592151149512359476e-01
6.156156156156156385e+02 2.580648997676524559e-01
6.166166166166166249e+02 2.558928070701271817e-01
6.176176176176177250e+02 2.554625164067740872e-01
6.186186186186187115e+02 2.535860160772976379e-01
6.196196196196196979e+02 2.512869053257495433e-01
6.206206206206206843e+02 2.500027826506796003e-01
6.216216216216216708e+02 2.487117122821405346e-01
6.226226226226226572e+02 2.448908109816868295e-01
6.236236236236236437e+02 2.437570731979997740e-01
6.246246246246246301e+02 2.425012222728716582e-01
6.256256256256257302e+02 2.424360877782553991e-01
6.266266266266267166e+02 2.412720146974431379e-01
6.276276276276277031e+02 2.403367804268523866e-01
6.286286286286286895e+02 2.377912679423810349e-01
6.296296296296296759e+02 2.357582782954240619e-01
6.306306306306306624e+02 2.348410627885918478e-01
6.316316316316316488e+02 2.327904973898865804e-01
6.326326326326326353e+02 2.307791193766885185e-01
6.336336336336337354e+02 2.298178235382301871e-01
6.346346346346347218e+02 2.288874784678247287e-01
6.356356356356357082e+02 2.278854723468828336e-01
6.366366366366366947e+02 2.254001759490817935e-01
6.376376376376376811e+02 2.237432453010839706e-01
6.386386386386386675e+02 2.231938615134663184e-01
6.396396396396396540e+02 2.224961078178160911e-01
6.406406406406406404e+02 2.210552784555895045e-01
6.416416416416417405e+02 2.199859817873840162e-01
6.426426426426427270e+02 2.189857860202102935e-01
6.436436436436437134e+02 2.180196580280214791e-01
6.446446446446446998e+02 2.155555737653043202e-01
6.456456456456456863e+02 2.144976104694907848e-01
6.466466466466466727e+02 2.138573620153966792e-01
6.476476476476476591e+02 2.128972213843094985e-01
6.486486486486487593e+02 2.115061194029565772e-01
6.496496496496497457e+02 2.104259278259167365e-01
6.506506506506507321e+02 2.093492012339606412e-01
6.516516516516517186e+02 2.084420927930526468e-01
6.526526526526527050e+02 2.076213228200244065e-01
6.536536536536536914e+02 2.061307928205900475e-01
6.546546546546546779e+02 2.052435730107109446e-01
6.556556556556556643e+02 2.043658726432148465e-01
6.566566566566567644e+02 2.033581554524599433e-01
6.576576576576577509e+02 2.025768101385195530e-01
6.586586586586587373e+02 2.014844562067375777e-01
6.596596596596597237e+02 1.995125243134344972e-01
6.606606606606607102e+02 1.978661674140912152e-01
6.616616616616616966e+02 1.968761023416991385e-01
6.626626626626626830e+02 1.950373579228986409e-01
6.636636636636636695e+02 1.938961959389529921e-01
6.646646646646647696e+02 1.932055517525029520e-01
6.656656656656657560e+02 1.898523761739686899e-01
6.666666666666667425e+02 1.888937949616607548e-01
6.676676676676677289e+02 1.885907012183956066e-01
6.686686686686687153e+02 1.878273187206192241e-01
6.696696696696697018e+02 1.860689273924393261e-01
6.706706706706706882e+02 1.853940732978544559e-01
6.716716716716716746e+02 1.846553827077439258e-01
6.726726726726727748e+02 1.835597896105946314e-01
6.736736736736737612e+02 1.823447642385080669e-01
6.746746746746747476e+02 1.799139947934598471e-01
6.756756756756757341e+02 1.792188651110495079e-01
6.766766766766767205e+02 1.783634478968306181e-01
6.776776776776777069e+02 1.776650960346493335e-01
6.786786786786786934e+02 1.767807421853331840e-01
6.796796796796797935e+02 1.760961075353165428e-01
6.806806806806807799e+02 1.755268739450470128e-01
6.816816816816817663e+02 1.746446676125379127e-01
6.826826826826827528e+02 1.726984299405681655e-01
6.836836836836837392e+02 1.720498157632638914e-01
6.846846846846847257e+02 1.714015880737310149e-01
6.856856856856857121e+02 1.700247736522766673e-01
6.866866866866866985e+02 1.694067678348207262e-01
6.876876876876877986e+02 1.685047739471086103e-01
6.886886886886887851e+02 1.676924037999963091e-01
6.896896896896897715e+02 1.668899854369580438e-01
6.906906906906907579e+02 1.659262186501840597e-01
6.916916916916917444e+02 1.652593707161727765e-01
6.926926926926927308e+02 1.644628718675200940e-01
6.936936936936937173e+02 1.637194754290799137e-01
6.946946946946947037e+02 1.629104581046707800e-01
6.956956956956958038e+02 1.607489875683929814e-01
6.966966966966967902e+02 1.580012556504705179e-01
6.976976976976977767e+02 1.570435770296906564e-01
6.986986986986987631e+02 1.562967689568218188e-01
6.996996996996997495e+02 1.548153959390197731e-01
7.007007007007007360e+02 1.541113116475157363e-01
7.017017017017017224e+02 1.528084206120914057e-01
7.027027027027027088e+02 1.521490855381417429e-01
7.037037037037038090e+02 1.516393521449075910e-01
7.047047047047047954e+02 1.496010638513794733e-01
7.057057057057057818e+02 1.478758242595525629e-01
7.067067067067067683e+02 1.472206581432755068e-01
7.077077077077077547e+02 1.465942457810161248e-01
7.087087087087087411e+02 1.460084444275100979e-01
7.097097097097097276e+02 1.453333965283568896e-01
7.107107107107108277e+02 1.447238527731510016e-01
7.117117117117118141e+02 1.441404096650452660e-01
7.127127127127128006e+02 1.417681222391076190e-01
7.137137137137137870e+02 1.412309359406299647e-01
7.147147147147147734e+02 1.395356912074409705e-01
7.157157157157157599e+02 1.391411973836755023e-01
7.167167167167167463e+02 1.384793881251883685e-01
7.177177177177177327e+02 1.377707938411293631e-01
7.187187187187188329e+02 1.372277839623528839e-01
7.197197197197198193e+02 1.363251358518973166e-01
7.207207207207208057e+02 1.340444203636065035e-01
7.217217217217217922e+02 1.333430401196021853e-01
7.227227227227227786e+02 1.328329447049450829e-01
7.237237237237237650e+02 1.321251183673930463e-01
7.247247247247247515e+02 1.315232836388398607e-01
7.257257257257257379e+02 1.306135457778557774e-01
7.267267267267268380e+02 1.296306548883795484e-01
7.277277277277278245e+02 1.289921205705770180e-01
7.287287287287288109e+02 1.286124671927280083e-01
7.297297297297297973e+02 1.273012168251458076e-01
7.307307307307307838e+02 1.265906237775276666e-01
7.317317317317317702e+02 1.256905008814356850e-01
7.327327327327327566e+02 1.251187743295467669e-01
7.337337337337337431e+02 1.244592021243883240e-01
7.347347347347348432e+02 1.238286325561078899e-01
7.357357357357358296e+02 1.233553535965673936e-01
7.367367367367368161e+02 1.230338192507471340e-01
7.377377377377378025e+02 1.222805016944028822e-01
7.387387387387387889e+02 1.221510717198681650e-01
7.397397397397397754e+02 1.215362938436890111e-01
7.407407407407407618e+02 1.207840174932839211e-01
7.417417417417418619e+02 1.201032338224426593e-01
7.427427427427428483e+02 1.190831835093677654e-01
7.437437437437438348e+02 1.182830573346646819e-01
7.447447447447448212e+02 1.178443400318656409e-01
7.457457457457458077e+02 1.169205099818317606e-01
7.467467467467467941e+02 1.170668730622702464e-01
7.477477477477477805e+02 1.166071059983221636e-01
7.487487487487487670e+02 1.159992171290734758e-01
7.497497497497498671e+02 1.147778001733404662e-01
7.507507507507508535e+02 1.141430198346438246e-01
7.517517517517518399e+02 1.135129675720351061e-01
7.527527527527528264e+02 1.129980993705864412e-01
7.537537537537538128e+02 1.125797398410768452e-01
7.547547547547547993e+02 1.123158384068755899e-01
7.557557557557557857e+02 1.119710413937206606e-01
7.567567567567567721e+02 1.120841074053323533e-01
7.577577577577578722e+02 1.112567220842145405e-01
7.587587587587588587e+02 1.108676287774146979e-01
7.597597597597598451e+02 1.102791779762501007e-01
7.607607607607608315e+02 1.092578097809145943e-01
7.617617617617618180e+02 1.087110478050442725e-01
7.627627627627628044e+02 1.077820332297219907e-01
7.637637637637637908e+02 1.069732104429002295e-01
7.647647647647647773e+02 1.064959692553510695e-01
7.657657657657658774e+02 1.061449400509568847e-01
7.667667667667668638e+02 1.050193529134248599e-01
7.677677677677678503e+02 1.046126693241042904e-01
7.687687687687688367e+02 1.041239496465083819e-01
7.697697697697698231e+02 1.036053882452248470e-01
7.707707707707708096e+02 1.031022248595415275e-01
7.717717717717717960e+02 1.030742658579566345e-01
7.727727727727728961e+02 1.025646422534389479e-01
7.737737737737738826e+02 1.020743600407848090e-01
7.747747747747748690e+02 1.020104752502245249e-01
7.757757757757758554e+02 1.012446179641138255e-01
7.767767767767768419e+02 1.007165219300040077e-01
7.777777777777778283e+02 1.002192482569527615e-01
7.787787787787788147e+02 9.972654528430788257e-02
7.797797797797798012e+02 9.921604255582287812e-02
7.807807807807809013e+02 9.872730641272038643e-02
7.817817817817818877e+02 9.826460394472955051e-02
7.827827827827828742e+02 9.783917651936516191e-02
7.837837837837838606e+02 9.733876459522740332e-02
7.847847847847848470e+02 9.678055702300028540e-02
7.857857857857858335e+02 9.615884122424042668e-02
7.867867867867868199e+02 9.572689807027658093e-02
7.877877877877878063e+02 9.539273045233746806e-02
7.887887887887889065e+02 9.510283016563600422e-02
7.897897897897898929e+02 9.463223743144098810e-02
7.907907907907908793e+02 9.412297244323550305e-02
7.917917917917918658e+02 9.368393122767916525e-02
7.927927927927928522e+02 9.334138357142023057e-02
7.937937937937938386e+02 9.289057815147840069e-02
7.947947947947948251e+02 9.175245915279210684e-02
7.957957957957958115e+02 9.140631789136315077e-02
7.967967967967969116e+02 9.113675615908373162e-02
7.977977977977978981e+02 9.049871332080114406e-02
7.987987987987988845e+02 8.995032758154741792e-02
7.997997997997998709e+02 8.952331301392259244e-02
8.008008008008008574e+02 8.893458767720327507e-02
8.018018018018018438e+02 8.850555968339715585e-02
8.028028028028028302e+02 8.806984162366598978e-02
8.038038038038039304e+02 8.751698453695209989e-02
8.048048048048049168e+02 8.678386032764964786e-02
8.058058058058059032e+02 8.640473640510197562e-02
8.068068068068068897e+02 8.619038925085109604e-02
8.078078078078078761e+02 8.560779869980406076e-02
8.088088088088088625e+02 8.527523921395567530e-02
8.098098098098098490e+02 8.483654296373430159e-02
8.108108108108108354e+02 8.475636498308042333e-02
8.118118118118119355e+02 8.442267939060534021e-02
8.128128128128129219e+02 8.403576450853890434e-02
8.138138138138139084e+02 8.364086210079063610e-02
8.148148148148148948e+02 8.325435436596473338e-02
8.158158158158158813e+02 8.285786138990680616e-02
8.168168168168168677e+02 8.243758132064113453e-02
8.178178178178178541e+02 8.095580705666187427e-02
8.188188188188188406e+02 8.078041910985883645e-02
8.198198198198199407e+02 8.043212609751085318e-02
8.208208208208209271e+02 7.983073479091651325e-02
8.218218218218219135e+02 7.946477532892383400e-02
8.228228228228229000e+02 7.920080220622797984e-02
8.238238238238238864e+02 7.877584961968565891e-02
8.248248248248248728e+02 7.839057921372785676e-02
8.258258258258258593e+02 7.818989052190757072e-02
8.268268268268268457e+02 7.771385323966793768e-02
8.278278278278279458e+02 7.733061455811263141e-02
8.288288288288289323e+02 7.692475557588494828e-02
8.298298298298299187e+02 7.661070401434311172e-02
8.308308308308309051e+02 7.624211855796739212e-02
8.318318318318318916e+02 7.576139322772709739e-02
8.328328328328328780e+02 7.537196643646801308e-02
8.338338338338338644e+02 7.499701140841870395e-02
8.348348348348349646e+02 7.463193809011516022e-02
8.358358358358359510e+02 7.425337054691298622e-02
8.368368368368369374e+02 7.390211887107801803e-02
8.378378378378379239e+02 7.353570403628491292e-02
8.388388388388389103e+02 7.353052741832789840e-02
8.398398398398398967e+02 7.382008883351273698e-02
8.408408408408408832e+02 7.345204991510216608e-02
8.418418418418418696e+02 7.267585853059937984e-02
8.428428428428429697e+02 7.238772266209983486e-02
8.438438438438439562e+02 7.207500029969762800e-02
8.448448448448449426e+02 7.170092548744239069e-02
8.458458458458459290e+02 7.134030483900898056e-02
8.468468468468469155e+02 7.133417276217149383e-02
8.478478478478479019e+02 7.106469668292439423e-02
8.488488488488488883e+02 7.065821271871239317e-02
8.498498498498498748e+02 7.033950279353912149e-02
8.508508508508509749e+02 7.029609886565212074e-02
8.518518518518519613e+02 6.998675559987303785e-02
8.528528528528529478e+02 6.969685286887031261e-02
8.538538538538539342e+02 6.939947680298938493e-02
8.548548548548549206e+02 6.896058711203090219e-02
8.558558558558559071e+02 6.865469130691378985e-02
8.568568568568568935e+02 6.857209842960103330e-02
8.578578578578578799e+02 6.823307816681831173e-02
8.588588588588589801e+02 6.789041273740233084e-02
8.598598598598599665e+02 6.746061722984983411e-02
8.608608608608609529e+02 6.715327110867692906e-02
8.618618618618619394e+02 6.683346492470879086e-02
8.628628628628629258e+02 6.642070992553307518e-02
8.638638638638639122e+02 6.610811602827298961e-02
8.648648648648648987e+02 6.579241722961340355e-02
8.658658658658659988e+02 6.577913762094746153e-02
8.668668668668669852e+02 6.546535994603937259e-02
8.678678678678679717e+02 6.521932495232427018e-02
8.688688688688689581e+02 6.497512559837319290e-02
8.698698698698699445e+02 6.333039942330530303e-02
8.708708708708709310e+02 6.303675638522046598e-02
8.718718718718719174e+02 6.285216672198921939e-02
8.728728728728729038e+02 6.252290272785848702e-02
8.738738738738740039e+02 6.249681820216558548e-02
8.748748748748749904e+02 6.220619082967380337e-02
8.758758758758759768e+02 6.202365151836079782e-02
8.768768768768769633e+02 6.197289353184667199e-02
8.778778778778779497e+02 6.152701839608303719e-02
8.788788788788789361e+02 6.122797973274933525e-02
8.798798798798799226e+02 6.069340006531583759e-02
8.808808808808809090e+02 6.042105303639073999e-02
8.818818818818820091e+02 6.012726033381367297e-02
8.828828828828829955e+02 5.992648069416639522e-02
8.838838838838839820e+02 5.963607562751341989e-02
8.848848848848849684e+02 5.934869020506649412e-02
8.858858858858859548e+02 5.905680797539002158e-02
8.868868868868869413e+02 5.871927942247678195e-02
8.878878878878879277e+02 5.843587109220974019e-02
8.888888888888889142e+02 5.782675562728415569e-02
8.898898898898900143e+02 5.755763819657574998e-02
8.908908908908910007e+02 5.728431523135713022e-02
8.918918918918919871e+02 5.702316576724633657e-02
8.928928928928929736e+02 5.674999700432714622e-02
8.938938938938939600e+02 5.654808056273843281e-02
8.948948948948949464e+02 5.683982485380426053e-02
8.958958958958959329e+02 5.662923045809026973e-02
8.968968968968970330e+02 5.622773433041016594e-02
8.978978978978980194e+02 5.595969204765114530e-02
8.988988988988990059e+02 5.576230944671600048e-02
8.998998998998999923e+02 5.548254939285466453e-02
9.009009009009009787e+02 5.521893422750476232e-02
9.019019019019019652e+02 5.503186926621629615e-02
9.029029029029029516e+02 5.478549805380794613e-02
9.039039039039039380e+02 5.460885298667503274e-02
9.049049049049050382e+02 5.437767817888327498e-02
9.059059059059060246e+02 5.416926644572900296e-02
9.069069069069070110e+02 5.403746103103625187e-02
9.079079079079079975e+02 5.393978317040465376e-02
9.089089089089089839e+02 5.365457371286534022e-02
9.099099099099099703e+02 5.352500315428773692e-02
9.109109109109109568e+02 5.305797043329478491e-02
9.119119119119119432e+02 5.270233946448937834e-02
9.129129129129130433e+02 5.244283049267280811e-02
9.139139139139140298e+02 5.212957765508264424e-02
9.149149149149150162e+02 5.188136676438058481e-02
9.159159159159160026e+02 5.162011701798639718e-02
9.169169169169169891e+02 5.135504520964893904e-02
9.179179179179179755e+02 5.108512558918378715e-02
9.189189189189189619e+02 5.081161050737038193e-02
9.199199199199199484e+02 5.054940647227795791e-02
9.209209209209210485e+02 5.028271047008047584e-02
9.219219219219220349e+02 5.001707795607124307e-02
9.229229229229230214e+02 4.983945469202476219e-02
9.239239239239240078e+02 4.933663251486056917e-02
9.249249249249249942e+02 4.911301681713337031e-02
9.259259259259259807e+02 4.903208641595540457e-02
9.269269269269269671e+02 4.889216319170890807e-02
9.279279279279279535e+02 4.877924279237834393e-02
9.289289289289290537e+02 4.848371655272858127e-02
9.299299299299300401e+02 4.835070818899256384e-02
9.309309309309310265e+02 4.820645773889360719e-02
9.319319319319320130e+02 4.796554394060150578e-02
9.329329329329329994e+02 4.924311982400483845e-02
9.339339339339339858e+02 4.897469370886652767e-02
9.349349349349349723e+02 4.885741385443737039e-02
9.359359359359360724e+02 4.863051731163720720e-02
9.369369369369370588e+02 4.834205260529162579e-02
9.379379379379380453e+02 4.815478623138638031e-02
9.389389389389390317e+02 4.789507827606807183e-02
9.399399399399400181e+02 4.765539289759442021e-02
9.409409409409410046e+02 4.755800659652834744e-02
9.419419419419419910e+02 4.725352305960577037e-02
9.429429429429429774e+02 4.703542276892480611e-02
9.439439439439440775e+02 4.681409874373970714e-02
9.449449449449450640e+02 4.657782138057764421e-02
9.459459459459460504e+02 4.630137796853990573e-02
9.469469469469470368e+02 4.636094413466318453e-02
9.479479479479480233e+02 4.651251003207482887e-02
9.489489489489490097e+02 4.646446080911161708e-02
9.499499499499499962e+02 4.620281266001612791e-02
9.509509509509509826e+02 4.596710280802887572e-02
9.519519519519520827e+02 4.574346889333612276e-02
9.529529529529530691e+02 4.552469604951112775e-02
9.539539539539540556e+02 4.530580749423116643e-02
9.549549549549550420e+02 4.508352022112077639e-02
9.559559559559560284e+02 4.489388592360429864e-02
9.569569569569570149e+02 4.457415067840378442e-02
9.579579579579580013e+02 4.482482547341041373e-02
9.589589589589589878e+02 4.463325867340976749e-02
9.599599599599600879e+02 4.431532132068696089e-02
9.609609609609610743e+02 4.408001663684094074e-02
9.619619619619620607e+02 4.386767039394377093e-02
9.629629629629630472e+02 4.366211415814624797e-02
9.639639639639640336e+02 4.355110284942157600e-02
9.649649649649650200e+02 4.331805746395191170e-02
9.659659659659660065e+02 4.301835248236412362e-02
9.669669669669671066e+02 4.273219003998379728e-02
9.679679679679680930e+02 4.249655713252643158e-02
9.689689689689690795e+02 4.229635571894777013e-02
9.699699699699700659e+02 4.236772386183706995e-02
9.709709709709710523e+02 4.216331295317921751e-02
9.719719719719720388e+02 4.190487644592029437e-02
9.729729729729730252e+02 4.167365153911258002e-02
9.739739739739740116e+02 4.222921814106873895e-02
9.749749749749751118e+02 4.203031548107766247e-02
9.759759759759760982e+02 4.148475742970276353e-02
9.769769769769770846e+02 4.121573854787216606e-02
9.779779779779780711e+02 4.105775729288017872e-02
9.789789789789790575e+02 4.084434155237566533e-02
9.799799799799800439e+02 4.056421185236241955e-02
9.809809809809810304e+02 4.040224495179885189e-02
9.819819819819820168e+02 4.016603724847930823e-02
9.829829829829831169e+02 3.997259985785944075e-02
9.839839839839841034e+02 3.977208026533458896e-02
9.849849849849850898e+02 3.955799791659505432e-02
9.859859859859860762e+02 3.934325478253758446e-02
9.869869869869870627e+02 3.920120533963843829e-02
9.879879879879880491e+02 3.914078706950344794e-02
9.889889889889890355e+02 3.888871040754452585e-02
9.899899899899900220e+02 3.868621093748918216e-02
9.909909909909911221e+02 3.848843819983530784e-02
9.919919919919921085e+02 3.826567973881415952e-02
9.929929929929930950e+02 3.816508825730662718e-02
9.939939939939940814e+02 3.795556014317495036e-02
9.949949949949950678e+02 3.775201912255812808e-02
9.959959959959960543e+02 3.755056109738143244e-02
9.969969969969970407e+02 3.734034062086312444e-02
9.979979979979981408e+02 3.713218965511134312e-02
9.989989989989991273e+02 3.692635519442552527e-02
1.000000000000000000e+03 3.673685195228677119e-02
