0.00000000 9.00000000 0.00000021
1.00100100 8.99737418 0.01383725
2.00200200 8.99012946 0.04087398
3.00300300 8.98524605 0.05349499
4.00400400 8.97688314 0.07159940
5.00500501 8.96783035 0.09305720
6.00600601 8.96110554 0.10563067
7.00700701 8.95396941 0.12312871
8.00800801 8.94572743 0.14673474
9.00900901 8.93681903 0.16496617
10.01001001 8.92953550 0.17712597
11.01101101 8.92428398 0.18884599
12.01201201 8.91478483 0.20520227
13.01301301 8.90545181 0.21698261
14.01401401 8.89410146 0.23432062
15.01501502 8.88540053 0.24544056
16.01601602 8.88099596 0.25088607
17.01701702 8.86935757 0.26197110
18.01801802 8.85474881 0.28601704
19.01901902 8.84640809 0.29530641
20.02002002 8.83188067 0.31321951
21.02102102 8.82953009 0.31474068
22.02202202 8.81997606 0.32296486
23.02302302 8.81303588 0.32677159
24.02402402 8.80448529 0.34068682
25.02502503 8.79316924 0.35824840
26.02602603 8.78569334 0.36498097
27.02702703 8.77432900 0.37407885
28.02802803 8.76374152 0.38039974
29.02902903 8.75845456 0.38328301
30.03003003 8.74762489 0.40033566
31.03103103 8.74191375 0.40644917
32.03203203 8.73093312 0.41165274
33.03303303 8.72038288 0.42370663
34.03403403 8.71282565 0.43155559
35.03503504 8.70279234 0.43885853
36.03603604 8.69511459 0.44008771
37.03703704 8.68915432 0.44249871
38.03803804 8.68374225 0.44860098
39.03903904 8.67309440 0.45428250
40.04004004 8.66193590 0.46157898
41.04104104 8.65072708 0.48283623
42.04204204 8.63986938 0.48537993
43.04304304 8.63562993 0.48891078
44.04404404 8.62261296 0.49673095
45.04504505 8.61611624 0.49836174
46.04604605 8.60761824 0.50562036
47.04704705 8.59922964 0.51217885
48.04804805 8.58782299 0.52611289
49.04904905 8.57676238 0.52980387
50.05005005 8.56719488 0.53995910
51.05105105 8.55868181 0.54232570
52.05205205 8.54858711 0.54625629
53.05305305 8.54272091 0.54965301
54.05405405 8.53568334 0.56149324
55.05505506 8.52591946 0.56567159
56.05605606 8.52222616 0.56756889
57.05705706 8.50851371 0.57544293
58.05805806 8.49996316 0.57516656
59.05905906 8.49214895 0.57539873
60.06006006 8.48710148 0.57507283
61.06106106 8.48030390 0.57782913
62.06206206 8.47540426 0.57714748
63.06306306 8.46869026 0.58334873
64.06406406 8.45582852 0.58746826
65.06506507 8.44672826 0.58763843
66.06606607 8.44028049 0.59477963
67.06706707 8.42584917 0.60389084
68.06806807 8.41144658 0.61044674
69.06906907 8.39823367 0.61759943
70.07007007 8.38733603 0.61781779
71.07107107 8.37284246 0.62236669
72.07207207 8.36434020 0.62729222
73.07307307 8.36031196 0.63314694
74.07407407 8.35552840 0.63341266
75.07507508 8.34756341 0.64162984
76.07607608 8.34083536 0.64599947
77.07707708 8.33519438 0.64917285
78.07807808 8.32198314 0.65942092
79.07907908 8.31448303 0.66986330
80.08008008 8.30885691 0.66935464
81.08108108 8.30366296 0.67687890
82.08208208 8.29368061 0.67929046
83.08308308 8.28331264 0.68966639
84.08408408 8.27300916 0.69777382
85.08508509 8.26489773 0.69993726
86.08608609 8.25441542 0.70253107
87.08708709 8.24598409 0.70468471
88.08808809 8.23786412 0.70721745
89.08908909 8.23343913 0.70636133
90.09009009 8.22757845 0.71383076
91.09109109 8.21658100 0.71332288
92.09209209 8.20690099 0.71730466
93.09309309 8.19504996 0.72347826
94.09409409 8.18774481 0.72928159
95.09509510 8.17066034 0.73712689
96.09609610 8.16124220 0.74010642
97.09709710 8.15344971 0.74354945
98.09809810 8.14388178 0.74491188
99.09909910 8.13938065 0.74433539
100.10010010 8.13430491 0.74847954
101.10110110 8.13003777 0.74843209
102.10210210 8.11982518 0.74873839
103.10310310 8.10617011 0.75423508
104.10410410 8.09407740 0.75337003
105.10510511 8.08808245 0.75400847
106.10610611 8.07728855 0.76161742
107.10710711 8.06599642 0.76709415
108.10810811 8.06158498 0.76785949
109.10910911 8.05301778 0.77144167
110.11011011 8.04528678 0.77102508
111.11111111 8.03842307 0.77550158
112.11211211 8.02277745 0.77364225
113.11311311 8.01887522 0.77355695
114.11411411 8.00640094 0.77330300
115.11511512 7.99983857 0.77511587
116.11611612 7.99484753 0.77802197
117.11711712 7.98793895 0.77713071
118.11811812 7.98462967 0.77732704
119.11911912 7.97596205 0.78304092
120.12012012 7.97304421 0.78407631
121.12112112 7.95857596 0.78386858
122.12212212 7.95025434 0.78628914
123.12312312 7.94381985 0.78954888
124.12412412 7.93276596 0.79012827
125.12512513 7.92523220 0.79389458
126.12612613 7.91898191 0.79383523
127.12712713 7.91055144 0.79425505
128.12812813 7.90357187 0.79568120
129.12912913 7.89459548 0.79616461
130.13013013 7.88129797 0.80510518
131.13113113 7.87101652 0.80948251
132.13213213 7.85856025 0.81230484
133.13313313 7.85039146 0.81716138
134.13413413 7.83751986 0.81722381
135.13513514 7.83083894 0.82281428
136.13613614 7.81689251 0.82107503
137.13713714 7.81279545 0.82222944
138.13813814 7.80202152 0.82261160
139.13913914 7.79587914 0.82757037
140.14014014 7.79083836 0.83297535
141.14114114 7.78083670 0.84298304
142.14214214 7.77436129 0.84574863
143.14314314 7.76939320 0.85064436
144.14414414 7.75927313 0.85562738
145.14514515 7.74433738 0.85846329
146.14614615 7.73945727 0.85886962
147.14714715 7.72992699 0.86090904
148.14814815 7.72486334 0.86544283
149.14914915 7.71721124 0.86403406
150.15015015 7.70747996 0.87133532
151.15115115 7.69858235 0.86904416
152.15215215 7.69315087 0.86894872
153.15315315 7.68384711 0.88123459
154.15415415 7.67448977 0.88220392
155.15515516 7.66609444 0.87937855
156.15615616 7.65281388 0.89085671
157.15715716 7.64525364 0.89653323
158.15815816 7.63695238 0.90693647
159.15915916 7.62811539 0.90975038
160.16016016 7.62147492 0.90745779
161.16116116 7.61120454 0.90787826
162.16216216 7.60925658 0.90730111
163.16316316 7.60218619 0.90536463
164.16416416 7.58674008 0.90667268
165.16516517 7.57934324 0.90554684
166.16616617 7.57726953 0.90665175
167.16716717 7.57047852 0.91016543
168.16816817 7.56512269 0.91221647
169.16916917 7.55610667 0.91868086
170.17017017 7.54875455 0.91811035
171.17117117 7.53956027 0.91570299
172.17217217 7.52839672 0.92042727
173.17317317 7.51795340 0.92099366
174.17417417 7.51272371 0.92212581
175.17517518 7.50241499 0.92180303
176.17617618 7.49724419 0.92556461
177.17717718 7.49242065 0.92907634
178.17817818 7.48274703 0.93346562
179.17917918 7.46764827 0.94181942
180.18018018 7.46711511 0.94205972
181.18118118 7.45451096 0.94701847
182.18218218 7.44786239 0.94701392
183.18318318 7.44394936 0.94749804
184.18418418 7.43481646 0.94864943
185.18518519 7.42896399 0.95161862
186.18618619 7.41622573 0.95687196
187.18718719 7.40782435 0.95598953
188.18818819 7.40044774 0.95990156
189.18918919 7.39458710 0.96078814
190.19019019 7.38820248 0.96251722
191.19119119 7.38190287 0.96019135
192.19219219 7.37370916 0.95863488
193.19319319 7.36525419 0.96626481
194.19419419 7.35460093 0.96874340
195.19519520 7.34877197 0.96767979
196.19619620 7.33607794 0.97625081
197.19719720 7.32587636 0.97767302
198.19819820 7.32320620 0.97639713
199.19919920 7.31518549 0.97639007
200.20020020 7.30447601 0.97159233
201.20120120 7.29601716 0.97598796
202.20220220 7.28794298 0.97946597
203.20320320 7.28182359 0.97806723
204.20420420 7.26560987 0.98259520
205.20520521 7.25954967 0.98487955
206.20620621 7.24733083 0.98593883
207.20720721 7.23294990 0.99017394
208.20820821 7.22192843 0.98834670
209.20920921 7.21581559 0.98984432
210.21021021 7.20972467 0.99073055
211.21121121 7.20526786 0.99512061
212.21221221 7.20056399 0.99585516
213.21321321 7.18787034 0.99821463
214.21421421 7.18026045 1.00116430
215.21521522 7.17613946 1.00114072
216.21621622 7.16941839 1.00382431
217.21721722 7.15486607 1.01155673
218.21821822 7.14920023 1.01243487
219.21921922 7.14035645 1.01820260
220.22022022 7.13643961 1.02003600
221.22122122 7.12907227 1.01691092
222.22222222 7.11998479 1.02209679
223.22322322 7.11066075 1.02378466
224.22422422 7.10099002 1.02319826
225.22522523 7.08940654 1.02561843
226.22622623 7.07547318 1.02594880
227.22722723 7.06668778 1.02693044
228.22822823 7.06173967 1.02994219
229.22922923 7.05056546 1.03187260
230.23023023 7.04511022 1.03362232
231.23123123 7.03843428 1.03209766
232.23223223 7.02815706 1.03548951
233.23323323 7.02043691 1.04076077
234.23423423 7.01257518 1.04258863
235.23523524 7.00400992 1.04381329
236.23623624 6.99307043 1.04318649
237.23723724 6.98425903 1.03525561
238.23823824 6.98061755 1.03526474
239.23923924 6.97469224 1.03549883
240.24024024 6.97231661 1.03711463
241.24124124 6.96407145 1.03465323
242.24224224 6.95395737 1.03252426
243.24324324 6.94968791 1.03333981
244.24424424 6.94486425 1.03033651
245.24524525 6.94077134 1.03049051
246.24624625 6.92800590 1.03734377
247.24724725 6.92157716 1.04011481
248.24824825 6.91616156 1.04061358
249.24924925 6.91160879 1.04206093
250.25025025 6.90491414 1.04405800
251.25125125 6.89300564 1.04215168
252.25225225 6.88361398 1.04028850
253.25325325 6.87558410 1.04343080
254.25425425 6.86937195 1.04538286
255.25525526 6.85833918 1.04517789
256.25625626 6.84707981 1.05133464
257.25725726 6.84241499 1.05200281
258.25825826 6.83574987 1.05697730
259.25925926 6.83265015 1.05531913
260.26026026 6.82921115 1.05495714
261.26126126 6.82551125 1.05529434
262.26226226 6.82022931 1.05784872
263.26326326 6.81487074 1.05964994
264.26426426 6.80760770 1.05724147
265.26526527 6.80192915 1.05517114
266.26626627 6.79378428 1.05728172
267.26726727 6.78651544 1.05696986
268.26826827 6.77918803 1.05996627
269.26926927 6.76855945 1.05891738
270.27027027 6.76286213 1.05910308
271.27127127 6.75780572 1.05997940
272.27227227 6.74947909 1.05813960
273.27327327 6.74690516 1.05990052
274.27427427 6.73883023 1.05869339
275.27527528 6.73052966 1.05795909
276.27627628 6.72269068 1.05862994
277.27727728 6.71036858 1.05787954
278.27827828 6.70192363 1.05973827
279.27927928 6.69256202 1.06115476
280.28028028 6.68379229 1.06469521
281.28128128 6.68045071 1.06664419
282.28228228 6.66986204 1.06576376
283.28328328 6.65979205 1.06588354
284.28428428 6.65400254 1.06847739
285.28528529 6.65085064 1.06831551
286.28628629 6.64008225 1.06798631
287.28728729 6.63545018 1.06920554
288.28828829 6.62388941 1.06558619
289.28928929 6.61847202 1.06834755
290.29029029 6.61099676 1.06802926
291.29129129 6.60676749 1.07140230
292.29229229 6.59461319 1.07468636
293.29329329 6.58329436 1.07564407
294.29429429 6.57735308 1.07663954
295.29529530 6.57307840 1.07757280
296.29629630 6.56294633 1.07308474
297.29729730 6.55821243 1.07495384
298.29829830 6.54760105 1.06904538
299.29929930 6.54030272 1.06899695
300.30030030 6.53358692 1.07390755
301.30130130 6.52771738 1.07638834
302.30230230 6.51564927 1.08158589
303.30330330 6.51071982 1.08345475
304.30430430 6.50704068 1.08900665
305.30530531 6.49881380 1.09190207
306.30630631 6.49147258 1.08975422
307.30730731 6.48737555 1.08752324
308.30830831 6.48213757 1.08645528
309.30930931 6.46922507 1.09155929
310.31031031 6.46513803 1.09088838
311.31131131 6.46292992 1.09079164
312.31231231 6.45817968 1.09404107
313.31331331 6.45552486 1.09533787
314.31431431 6.45014045 1.09549440
315.31531532 6.44238627 1.09545886
316.31631632 6.43105288 1.09875411
317.31731732 6.42255652 1.09839453
318.31831832 6.41836519 1.09770835
319.31931932 6.41656590 1.09784120
320.32032032 6.40713030 1.09613933
321.32132132 6.40292080 1.09552850
322.32232232 6.39455499 1.09897984
323.32332332 6.38854030 1.09877610
324.32432432 6.38596594 1.10003602
325.32532533 6.37554089 1.10853649
326.32632633 6.36980326 1.10820850
327.32732733 6.36253524 1.10929151
328.32832833 6.35425838 1.10793750
329.32932933 6.34801333 1.10817574
330.33033033 6.34444685 1.11271287
331.33133133 6.34316116 1.11288866
332.33233233 6.33266099 1.12104839
333.33333333 6.32388174 1.12233408
334.33433433 6.31534952 1.11531186
335.33533534 6.30646879 1.11266370
336.33633634 6.30074163 1.11461524
337.33733734 6.29677475 1.11698253
338.33833834 6.29285146 1.11876670
339.33933934 6.28795346 1.11686331
340.34034034 6.28164573 1.11569630
341.34134134 6.27679198 1.11324771
342.34234234 6.27343815 1.11302200
343.34334334 6.26732285 1.11327490
344.34434434 6.25999966 1.11333960
345.34534535 6.25102692 1.11422953
346.34634635 6.24129803 1.11880805
347.34734735 6.23621581 1.12427200
348.34834835 6.22732250 1.11989180
349.34934935 6.22396838 1.11825056
350.35035035 6.21179182 1.12023859
351.35135135 6.20914207 1.12059280
352.35235235 6.19760409 1.11817018
353.35335335 6.18920652 1.11966551
354.35435435 6.17598800 1.12470951
355.35535536 6.16755023 1.12639576
356.35635636 6.16116909 1.12588179
357.35735736 6.15949276 1.12687043
358.35835836 6.15599750 1.12557072
359.35935936 6.14841241 1.12604129
360.36036036 6.14012016 1.12671620
361.36136136 6.13619411 1.12559998
362.36236236 6.13379550 1.12632141
363.36336336 6.12830241 1.12549200
364.36436436 6.12431453 1.12674341
365.36536537 6.12233991 1.12798620
366.36636637 6.11544780 1.12071211
367.36736737 6.11022450 1.11988712
368.36836837 6.10490786 1.12080899
369.36936937 6.09312487 1.12014009
370.37037037 6.08277061 1.12103359
371.37137137 6.07284214 1.11913645
372.37237237 6.06198894 1.11637130
373.37337337 6.05311432 1.12130431
374.37437437 6.04096107 1.11512638
375.37537538 6.03404617 1.11854880
376.37637638 6.03079446 1.11768113
377.37737738 6.02005872 1.11823815
378.37837838 6.01067157 1.11828275
379.37937938 6.00900694 1.11874389
380.38038038 5.99987377 1.11776702
381.38138138 5.99239109 1.11702968
382.38238238 5.98535785 1.11197149
383.38338338 5.98017698 1.11084984
384.38438438 5.97448589 1.10654085
385.38538539 5.96697421 1.10999185
386.38638639 5.96244133 1.10968432
387.38738739 5.95198850 1.10429579
388.38838839 5.94594652 1.10579862
389.38938939 5.94075987 1.10079061
390.39039039 5.93796063 1.10066117
391.39139139 5.93337885 1.10309307
392.39239239 5.92622430 1.10568373
393.39339339 5.92040789 1.10639401
394.39439439 5.90952829 1.10717934
395.39539540 5.89893278 1.10709880
396.39639640 5.88457660 1.10677856
397.39739740 5.87940241 1.10900409
398.39839840 5.87670363 1.10901080
399.39939940 5.87025556 1.11465905
400.40040040 5.86079917 1.11034916
401.40140140 5.85413114 1.11205578
402.40240240 5.84866943 1.11113642
403.40340340 5.84727035 1.11192778
404.40440440 5.83877959 1.11368703
405.40540541 5.83443695 1.11276832
406.40640641 5.82818473 1.11411083
407.40740741 5.82499738 1.11274732
408.40840841 5.82289516 1.11299463
409.40940941 5.81768421 1.11505141
410.41041041 5.81385311 1.11576164
411.41141141 5.80686659 1.11744620
412.41241241 5.80262804 1.11912455
413.41341341 5.79953900 1.11769301
414.41441441 5.79430460 1.11630708
415.41541542 5.79277597 1.11611708
416.41641642 5.78207540 1.11626586
417.41741742 5.77656442 1.12051141
418.41841842 5.76698756 1.11572885
419.41941942 5.76246074 1.11579924
420.42042042 5.75502214 1.11672912
421.42142142 5.75068478 1.11669960
422.42242242 5.74248408 1.11312399
423.42342342 5.73887878 1.11255099
424.42442442 5.73516020 1.11278655
425.42542543 5.73090063 1.11215009
426.42642643 5.72548471 1.10809447
427.42742743 5.71951018 1.10645580
428.42842843 5.71234869 1.10373355
429.42942943 5.70995406 1.10431417
430.43043043 5.70247110 1.10100743
431.43143143 5.69426283 1.10190033
432.43243243 5.68479139 1.10481122
433.43343343 5.67503958 1.10703014
434.43443443 5.66318635 1.11113013
435.43543544 5.65679715 1.10779554
436.43643644 5.64913268 1.11055447
437.43743744 5.64158760 1.11104231
438.43843844 5.63651177 1.11277670
439.43943944 5.62945878 1.11210011
440.44044044 5.62341543 1.10961111
441.44144144 5.61394122 1.11419229
442.44244244 5.60992442 1.11054025
443.44344344 5.60069992 1.11131511
444.44444444 5.59014281 1.10994436
445.44544545 5.58551657 1.10962548
446.44644645 5.57598584 1.11180449
447.44744745 5.57171889 1.11518758
448.44844845 5.56174226 1.11595237
449.44944945 5.55485713 1.11941664
450.45045045 5.54340359 1.12332997
451.45145145 5.53819597 1.12290928
452.45245245 5.52917893 1.12174210
453.45345345 5.52530303 1.12412411
454.45445445 5.51863442 1.12316251
455.45545546 5.51443995 1.12465366
456.45645646 5.51018894 1.12790910
457.45745746 5.49689355 1.12540579
458.45845846 5.49179210 1.12373886
459.45945946 5.48393283 1.12692576
460.46046046 5.47812904 1.12712729
461.46146146 5.47436698 1.12694563
462.46246246 5.46564710 1.12378628
463.46346346 5.45917498 1.11750862
464.46446446 5.44366778 1.11472876
465.46546547 5.43422999 1.11269079
466.46646647 5.42919293 1.11188728
467.46746747 5.42108422 1.11244006
468.46846847 5.41639148 1.11328209
469.46946947 5.40901185 1.10626163
470.47047047 5.40044945 1.10953512
471.47147147 5.39462275 1.10797519
472.47247247 5.38979381 1.10682308
473.47347347 5.37574472 1.10782525
474.47447447 5.36836082 1.10776042
475.47547548 5.35912412 1.10908463
476.47647648 5.35459614 1.11229668
477.47747748 5.34847205 1.10968924
478.47847848 5.34148672 1.10624448
479.47947948 5.33634068 1.10224442
480.48048048 5.32886165 1.10205972
481.48148148 5.32577892 1.10317118
482.48248248 5.32012478 1.10432042
483.48348348 5.31608686 1.10715242
484.48448448 5.30378952 1.10034974
485.48548549 5.29753563 1.09865359
486.48648649 5.29237138 1.09995933
487.48748749 5.28583388 1.09960792
488.48848849 5.27770780 1.09767017
489.48948949 5.26914286 1.09340340
490.49049049 5.26128716 1.08970838
491.49149149 5.24788011 1.08209390
492.49249249 5.24013596 1.08698916
493.49349349 5.23667794 1.08608453
494.49449449 5.23296484 1.08950423
495.49549550 5.22934357 1.08911942
496.49649650 5.22787932 1.08852169
497.49749750 5.22157703 1.08970174
498.49849850 5.21349507 1.09109816
499.49949950 5.20007301 1.09119715
500.50050050 5.19311257 1.09116314
501.50150150 5.18619201 1.08844020
502.50250250 5.18381203 1.08931735
503.50350350 5.17916084 1.08793481
504.50450450 5.17595768 1.08770280
505.50550551 5.16798833 1.09003761
506.50650651 5.16562990 1.08948716
507.50750751 5.15604961 1.09398747
508.50850851 5.15034829 1.09316059
509.50950951 5.14463546 1.09384591
510.51051051 5.14050143 1.09345021
511.51151151 5.13519176 1.08928345
512.51251251 5.13151861 1.08966702
513.51351351 5.11946900 1.08659933
514.51451451 5.11385757 1.08559842
515.51551552 5.10345361 1.08718567
516.51651652 5.09924562 1.08788104
517.51751752 5.09734672 1.08755845
518.51851852 5.09385466 1.08981426
519.51951952 5.08788231 1.08894532
520.52052052 5.08428781 1.08452932
521.52152152 5.08293968 1.08534348
522.52252252 5.07809306 1.08212364
523.52352352 5.07543679 1.08296492
524.52452452 5.06980295 1.08091740
525.52552553 5.06728365 1.08149900
526.52652653 5.06340444 1.07897426
527.52752753 5.05743367 1.08089287
528.52852853 5.05309323 1.08047948
529.52952953 5.04703351 1.08335625
530.53053053 5.04289247 1.08406348
531.53153153 5.03670135 1.08380282
532.53253253 5.03302567 1.08750480
533.53353353 5.02936533 1.08881928
534.53453453 5.01924768 1.08388309
535.53553554 5.01355060 1.08647273
536.53653654 5.00883991 1.08363143
537.53753754 5.00082049 1.08162464
538.53853854 4.99475775 1.08008121
539.53953954 4.98853001 1.07726043
540.54054054 4.98226545 1.07651946
541.54154154 4.97656866 1.07978290
542.54254254 4.97511410 1.07982649
543.54354354 4.97260739 1.07949969
544.54454454 4.96802785 1.07892372
545.54554555 4.95682173 1.07553327
546.54654655 4.95361367 1.07942599
547.54754755 4.94923355 1.08310770
548.54854855 4.94467254 1.08517631
549.54954955 4.94112781 1.08538707
550.55055055 4.93215953 1.07610483
551.55155155 4.92997126 1.07575026
552.55255255 4.92634118 1.07421098
553.55355355 4.91834732 1.07078141
554.55455455 4.91192182 1.06665921
555.55555556 4.90778354 1.06679072
556.55655656 4.90220203 1.07223011
557.55755756 4.89504897 1.06633330
558.55855856 4.89086036 1.06432117
559.55955956 4.88217310 1.06722508
560.56056056 4.87734047 1.06938409
561.56156156 4.87418069 1.07140421
562.56256256 4.86960998 1.07324642
563.56356356 4.86603723 1.07174752
564.56456456 4.86364152 1.07116452
565.56556557 4.85856741 1.06912749
566.56656657 4.85219816 1.06663988
567.56756757 4.84525275 1.06580925
568.56856857 4.84195107 1.06543995
569.56956957 4.83773172 1.06936830
570.57057057 4.83587011 1.07031727
571.57157157 4.82754626 1.07026666
572.57257257 4.82261253 1.07250198
573.57357357 4.80969015 1.07909941
574.57457457 4.80374912 1.07380189
575.57557558 4.79749697 1.07422041
576.57657658 4.78970323 1.07212295
577.57757758 4.78462314 1.07006175
578.57857858 4.77438247 1.07249830
579.57957958 4.77105174 1.07462136
580.58058058 4.76826784 1.07697689
581.58158158 4.76450527 1.07717135
582.58258258 4.75914297 1.08287084
583.58358358 4.75474307 1.08105833
584.58458458 4.74967601 1.08143942
585.58558559 4.74516380 1.08158439
586.58658659 4.73932461 1.08227149
587.58758759 4.73602496 1.08430028
588.58858859 4.72759561 1.08520078
589.58958959 4.72189631 1.08281007
590.59059059 4.71364758 1.08086843
591.59159159 4.70826517 1.08271206
592.59259259 4.70430160 1.08420062
593.59359359 4.69640325 1.08118180
594.59459459 4.68971799 1.08347296
595.59559560 4.68566216 1.08287076
596.59659660 4.67741633 1.08162584
597.59759760 4.66929987 1.08034380
598.59859860 4.66539712 1.08044074
599.59959960 4.65863697 1.08296422
600.60060060 4.64949103 1.08163423
601.60160160 4.63838600 1.07819400
602.60260260 4.63167153 1.07653994
603.60360360 4.62787355 1.07788682
604.60460460 4.61974539 1.07864194
605.60560561 4.61562117 1.07937018
606.60660661 4.61302637 1.08004817
607.60760761 4.60781507 1.08190021
608.60860861 4.60475672 1.08056045
609.60960961 4.60110518 1.08060533
610.61061061 4.59754724 1.08149812
611.61161161 4.59601539 1.08176337
612.61261261 4.59215277 1.08114996
613.61361361 4.58979930 1.08264534
614.61461461 4.58461521 1.08200234
615.61561562 4.57975949 1.08330780
616.61661662 4.57437799 1.08383579
617.61761762 4.57094279 1.08509071
618.61861862 4.56601688 1.08717658
619.61961962 4.56200902 1.08620511
620.62062062 4.55577358 1.08468904
621.62162162 4.54653255 1.08401812
622.62262262 4.54342896 1.08477285
623.62362362 4.53807614 1.08034158
624.62462462 4.53306914 1.08062146
625.62562563 4.52738894 1.07973374
626.62662663 4.52330068 1.08021348
627.62762763 4.51825998 1.07927549
628.62862863 4.51218842 1.08216629
629.62962963 4.50726173 1.07991215
630.63063063 4.50246847 1.07960296
631.63163163 4.49496881 1.08171998
632.63263263 4.48822628 1.08061544
633.63363363 4.48337320 1.08335099
634.63463463 4.48054063 1.08336340
635.63563564 4.47874128 1.08409985
636.63663664 4.47070510 1.08140341
637.63763764 4.46733965 1.08200800
638.63863864 4.46598619 1.08186269
639.63963964 4.46035446 1.08481920
640.64064064 4.45601500 1.08466566
641.64164164 4.45119098 1.08758233
642.64264264 4.44620938 1.09100563
643.64364364 4.44233412 1.08996684
644.64464464 4.43524921 1.09067511
645.64564565 4.42897080 1.08454357
646.64664665 4.42198569 1.08531667
647.64764765 4.41768671 1.08569771
648.64864865 4.41262848 1.08627166
649.64964965 4.40458359 1.08497589
650.65065065 4.40066911 1.08615558
651.65165165 4.39456778 1.08117604
652.65265265 4.38662327 1.08158954
653.65365365 4.38295158 1.08396325
654.65465465 4.37764757 1.08277016
655.65565566 4.37522178 1.08116814
656.65665666 4.36701344 1.08483725
657.65765766 4.36185114 1.08697979
658.65865866 4.35784921 1.08449273
659.65965966 4.35624809 1.08451953
660.66066066 4.35310715 1.08377801
661.66166166 4.35013276 1.08329488
662.66266266 4.34351282 1.08496017
663.66366366 4.33640368 1.08382175
664.66466466 4.33403383 1.08207973
665.66566567 4.32506891 1.08086645
666.66666667 4.31714802 1.08301183
667.66766767 4.31027414 1.07869202
668.66866867 4.30572240 1.07649831
669.66966967 4.30039652 1.07261714
670.67067067 4.29466954 1.07061772
671.67167167 4.28939202 1.06685415
672.67267267 4.28521023 1.06823081
673.67367367 4.28109382 1.06715916
674.67467467 4.27856332 1.06595304
675.67567568 4.27700783 1.06552071
676.67667668 4.27164074 1.06303986
677.67767768 4.26842365 1.06057694
678.67867868 4.26609185 1.06207645
679.67967968 4.26205313 1.06336158
680.68068068 4.25796434 1.06337770
681.68168168 4.25225347 1.06684624
682.68268268 4.25034177 1.06740502
683.68368368 4.24713237 1.06564189
684.68468468 4.24270163 1.06821823
685.68568569 4.24022960 1.06844631
686.68668669 4.23420701 1.06708821
687.68768769 4.23206598 1.06829483
688.68868869 4.22940543 1.06709397
689.68968969 4.22232948 1.06461972
690.69069069 4.21979281 1.06497146
691.69169169 4.21705055 1.06480815
692.69269269 4.21261807 1.06555430
693.69369369 4.20889304 1.06576906
694.69469469 4.20657003 1.06650468
695.69569570 4.20205437 1.06403771
696.69669670 4.19976701 1.06257321
697.69769770 4.19155498 1.06083678
698.69869870 4.18647248 1.05842793
699.69969970 4.17976664 1.05742441
700.70070070 4.17628269 1.05640095
701.70170170 4.16914231 1.05489303
702.70270270 4.16616578 1.05543447
703.70370370 4.15705257 1.05769523
704.70470470 4.15369932 1.05776343
705.70570571 4.15039857 1.05796880
706.70670671 4.14272130 1.05214840
707.70770771 4.13776249 1.05359177
708.70870871 4.13215122 1.05693341
709.70970971 4.13027008 1.05698180
710.71071071 4.12562280 1.05548723
711.71171171 4.12274314 1.05586398
712.71271271 4.11863455 1.05762924
713.71371371 4.11698385 1.05764890
714.71471471 4.11196499 1.05798768
715.71571572 4.10490699 1.05584531
716.71671672 4.09988620 1.05416998
717.71771772 4.09638338 1.05325635
718.71871872 4.09521250 1.05575426
719.71971972 4.09096992 1.05648244
720.72072072 4.08709031 1.05801132
721.72172172 4.08548197 1.05820709
722.72272272 4.08132820 1.05677750
723.72372372 4.07809125 1.05649415
724.72472472 4.07404405 1.05826349
725.72572573 4.07085231 1.05833653
726.72672673 4.06463443 1.05995856
727.72772773 4.05757057 1.05949235
728.72872873 4.05332591 1.05972846
729.72972973 4.04740021 1.06099933
730.73073073 4.04488640 1.06037543
731.73173173 4.04062348 1.05840166
732.73273273 4.03568069 1.05474021
733.73373373 4.03033645 1.05109029
734.73473473 4.02263967 1.05133216
735.73573574 4.02042926 1.05075384
736.73673674 4.01756691 1.05121690
737.73773774 4.00962313 1.04610338
738.73873874 4.00171628 1.04508535
739.73973974 3.99872761 1.04410297
740.74074074 3.99320410 1.04392999
741.74174174 3.98711013 1.04389557
742.74274274 3.98144143 1.04072839
743.74374374 3.97958937 1.04261667
744.74474474 3.97290800 1.04310939
745.74574575 3.96670873 1.04566973
746.74674675 3.96512992 1.04565225
747.74774775 3.96258923 1.04631850
748.74874875 3.95772106 1.04388165
749.74974975 3.95465574 1.04295951
750.75075075 3.94950885 1.03961670
751.75175175 3.94693755 1.04013955
752.75275275 3.94090570 1.03752573
753.75375375 3.93785232 1.03693756
754.75475475 3.93546159 1.03581660
755.75575576 3.93189945 1.03677527
756.75675676 3.92825400 1.03780009
757.75775776 3.92497615 1.03747187
758.75875876 3.92075912 1.03678695
759.75975976 3.91468438 1.03911250
760.76076076 3.91132039 1.03946320
761.76176176 3.90914583 1.04088995
762.76276276 3.90799106 1.04087839
763.76376376 3.90452006 1.04196716
764.76476476 3.90313038 1.04182391
765.76576577 3.90137393 1.04333240
766.76676677 3.89826983 1.04592548
767.76776777 3.89220739 1.04571245
768.76876877 3.88609889 1.04785451
769.76976977 3.88365505 1.04644026
770.77077077 3.88052661 1.04635444
771.77177177 3.87799644 1.04640671
772.77277277 3.87436349 1.04618158
773.77377377 3.87245290 1.04694304
774.77477477 3.86752634 1.04563299
775.77577578 3.86393628 1.04687681
776.77677678 3.86055768 1.04766440
777.77777778 3.85720954 1.04741816
778.77877878 3.84919060 1.04778763
779.77977978 3.84449714 1.04895083
780.78078078 3.84007113 1.05073999
781.78178178 3.83838257 1.05153754
782.78278278 3.83497044 1.05294232
783.78378378 3.82901104 1.05417304
784.78478478 3.82268293 1.05135284
785.78578579 3.81995660 1.05116361
786.78678679 3.81382182 1.04967861
787.78778779 3.81246334 1.04988333
788.78878879 3.80924041 1.05078557
789.78978979 3.80333714 1.05026446
790.79079079 3.79979766 1.05021506
791.79179179 3.79889257 1.05093971
792.79279279 3.79503709 1.05259486
793.79379379 3.78999374 1.05383478
794.79479479 3.78833438 1.05353299
795.79579580 3.78330940 1.05377043
796.79679680 3.77818864 1.05282929
797.79779780 3.77354571 1.05063161
798.79879880 3.76943157 1.05055801
799.79979980 3.76422250 1.05062094
800.80080080 3.76226140 1.05060576
801.80180180 3.75722017 1.05065427
802.80280280 3.74500862 1.05149249
803.80380380 3.74183581 1.05305258
804.80480480 3.74071328 1.05332480
805.80580581 3.73627134 1.05013764
806.80680681 3.73272716 1.05100060
807.80780781 3.73078073 1.05132626
808.80880881 3.72803265 1.05088688
809.80980981 3.72382681 1.05188885
810.81081081 3.72139366 1.05087719
811.81181181 3.71985359 1.05083750
812.81281281 3.71680610 1.05053728
813.81381381 3.70790179 1.04768256
814.81481481 3.70466236 1.04725795
815.81581582 3.70108614 1.04911064
816.81681682 3.69729336 1.04990611
817.81781782 3.69328742 1.05079995
818.81881882 3.68902634 1.05119214
819.81981982 3.68638454 1.05280324
820.82082082 3.68186631 1.05525267
821.82182182 3.67901907 1.05583610
822.82282282 3.67668684 1.05599255
823.82382382 3.67133837 1.05943407
824.82482482 3.66357612 1.06231820
825.82582583 3.65719807 1.06378964
826.82682683 3.65573600 1.06369158
827.82782783 3.64856477 1.06213603
828.82882883 3.64163927 1.06082324
829.82982983 3.63666611 1.05738697
830.83083083 3.63042049 1.05480412
831.83183183 3.62713234 1.05625622
832.83283283 3.62503084 1.05539701
833.83383383 3.61900822 1.05527791
834.83483483 3.61404493 1.05501916
835.83583584 3.60843162 1.05535224
836.83683684 3.60649459 1.05543964
837.83783784 3.60072985 1.05472561
838.83883884 3.59532132 1.05837750
839.83983984 3.59040369 1.05676004
840.84084084 3.58334133 1.05475355
841.84184184 3.57808513 1.05304265
842.84284284 3.57450213 1.05259141
843.84384384 3.56837712 1.05205207
844.84484484 3.56260146 1.05103420
845.84584585 3.55935050 1.04966283
846.84684685 3.55268744 1.04623324
847.84784785 3.54993371 1.04601338
848.84884885 3.54761713 1.04615992
849.84984985 3.54428336 1.04587983
850.85085085 3.53840028 1.04280628
851.85185185 3.53563560 1.04367571
852.85285285 3.53200574 1.04254462
853.85385385 3.52901923 1.04340916
854.85485485 3.52733299 1.04333488
855.85585586 3.52496399 1.04357531
856.85685686 3.51793694 1.04358141
857.85785786 3.51264086 1.04106319
858.85885886 3.50637264 1.03840815
859.85985986 3.50124894 1.04054691
860.86086086 3.49783686 1.04149495
861.86186186 3.49501248 1.04120381
862.86286286 3.49024233 1.04105923
863.86386386 3.48522379 1.04246023
864.86486486 3.48037657 1.04113859
865.86586587 3.47728293 1.04102699
866.86686687 3.47520317 1.04108415
867.86786787 3.47341256 1.04083906
868.86886887 3.46944482 1.03817041
869.86986987 3.46520836 1.03765797
870.87087087 3.46205360 1.03807528
871.87187187 3.45572313 1.03694600
872.87287287 3.45088308 1.03721724
873.87387387 3.44544199 1.03792554
874.87487487 3.44271344 1.03594860
875.87587588 3.44065124 1.03628088
876.87687688 3.43627620 1.03442773
877.87787788 3.43045959 1.03429343
878.87887888 3.42908526 1.03395686
879.87987988 3.42467412 1.03326739
880.88088088 3.41947131 1.03332867
881.88188188 3.41688920 1.03304518
882.88288288 3.41327676 1.03145134
883.88388388 3.41186472 1.03107991
884.88488488 3.40670906 1.02867835
885.88588589 3.40503493 1.02924014
886.88688689 3.40232345 1.03056411
887.88788789 3.40047687 1.03017414
888.88888889 3.39469846 1.02611038
889.88988989 3.38985557 1.02390902
890.89089089 3.38612474 1.02387243
891.89189189 3.38384304 1.02328495
892.89289289 3.38029971 1.02513721
893.89389389 3.37687210 1.02362322
894.89489489 3.37253949 1.02349250
895.89589590 3.37035285 1.02277360
896.89689690 3.36709129 1.02352723
897.89789790 3.36337081 1.02187267
898.89889890 3.36123856 1.02221708
899.89989990 3.35814819 1.02427785
900.90090090 3.35275749 1.02141347
901.90190190 3.35078926 1.02110361
902.90290290 3.34610798 1.01974514
903.90390390 3.33903079 1.02221931
904.90490490 3.33767383 1.02177794
905.90590591 3.33041220 1.01999830
906.90690691 3.32612361 1.01874166
907.90790791 3.32402529 1.01925723
908.90890891 3.32047693 1.01916698
909.90990991 3.31517941 1.01725915
910.91091091 3.31146938 1.01767715
911.91191191 3.30851394 1.01919141
912.91291291 3.30287797 1.01766630
913.91391391 3.29793445 1.01485833
914.91491491 3.29351880 1.01662955
915.91591592 3.28929671 1.01819183
916.91691692 3.28367890 1.01693290
917.91791792 3.27997238 1.01596575
918.91891892 3.27473022 1.01497779
919.91991992 3.27319399 1.01491959
920.92092092 3.27164258 1.01492673
921.92192192 3.26876450 1.01501774
922.92292292 3.26602064 1.01468133
923.92392392 3.26193058 1.01265597
924.92492492 3.25857059 1.01093897
925.92592593 3.25353221 1.00737483
926.92692693 3.25085117 1.00770911
927.92792793 3.24645570 1.00658169
928.92892893 3.24308745 1.00606758
929.92992993 3.24002925 1.00375129
930.93093093 3.23894145 1.00398853
931.93193193 3.23559183 1.00435901
932.93293293 3.23296445 1.00475830
933.93393393 3.22585471 0.99972971
934.93493493 3.22315645 0.99592976
935.93593594 3.22113257 0.99554850
936.93693694 3.21906015 0.99437769
937.93793794 3.21776705 0.99515718
938.93893894 3.21412164 0.99439841
939.93993994 3.20990238 0.99431995
940.94094094 3.20782932 0.99463330
941.94194194 3.20551758 0.99443583
942.94294294 3.20301984 0.99469493
943.94394394 3.19776692 0.99055581
944.94494494 3.19443280 0.98991639
945.94594595 3.18909096 0.98614286
946.94694695 3.18596031 0.98720519
947.94794795 3.18262804 0.98158641
948.94894895 3.18017666 0.98180082
949.94994995 3.17665330 0.97973606
950.95095095 3.17327382 0.97914325
951.95195195 3.17123462 0.97888304
952.95295295 3.16774697 0.97565164
953.95395395 3.16404698 0.97638628
954.95495495 3.16133152 0.97542672
955.95595596 3.15479960 0.97649773
956.95695696 3.15359540 0.97710875
957.95795796 3.14853269 0.97536907
958.95895896 3.14488745 0.97322016
959.95995996 3.14126375 0.97393321
960.96096096 3.13896590 0.97396155
961.96196196 3.13227244 0.97256488
962.96296296 3.12664357 0.97039320
963.96396396 3.12578900 0.96970505
964.96496496 3.12207508 0.96821423
965.96596597 3.11888507 0.96916186
966.96696697 3.11426259 0.96580764
967.96796797 3.11188847 0.96558448
968.96896897 3.10962209 0.96542911
969.96996997 3.10167746 0.95735752
970.97097097 3.09963172 0.95633707
971.97197197 3.09679974 0.95712137
972.97297297 3.09242946 0.95656850
973.97397397 3.08860925 0.95564354
974.97497497 3.08584447 0.95530963
975.97597598 3.07742635 0.95196589
976.97697698 3.07311626 0.94941877
977.97797798 3.07062234 0.94757927
978.97897898 3.06697824 0.94671097
979.97997998 3.06018576 0.94895957
980.98098098 3.05574263 0.94752823
981.98198198 3.05146104 0.94506034
982.98298298 3.04891491 0.94577619
983.98398398 3.04757029 0.94591779
984.98498498 3.04498372 0.94549828
985.98598599 3.04410712 0.94551584
986.98698699 3.03999423 0.94304802
987.98798799 3.03538407 0.94340133
988.98898899 3.03460552 0.94355984
989.98998999 3.03119700 0.94216260
990.99099099 3.02969110 0.94221885
991.99199199 3.02313538 0.94350871
992.99299299 3.02121539 0.94396305
993.99399399 3.01839827 0.94512068
994.99499499 3.01444784 0.94625053
995.99599600 3.01101389 0.94328451
996.99699700 3.00772358 0.94415835
997.99799800 3.00162450 0.94257726
998.99899900 3.00060567 0.94364150
1000.00000000 2.99779479 0.94299579
