0.00000000 11.00000000 0.00000077
1.00050025 11.05313995 0.05133507
2.00100050 11.04509330 0.09423399
3.00150075 10.97404247 0.11941511
4.00200100 10.97236624 0.18882215
5.00250125 10.96870888 0.23402470
6.00300150 10.93135635 0.25611596
7.00350175 10.89173951 0.28885680
8.00400200 10.88602721 0.32934271
9.00450225 10.86089445 0.35960043
10.00500250 10.82209516 0.37750771
11.00550275 10.79938301 0.42463212
12.00600300 10.77307882 0.47836259
13.00650325 10.73176053 0.49915469
14.00700350 10.71654035 0.50559576
15.00750375 10.69530707 0.53203579
16.00800400 10.65989856 0.54931477
17.00850425 10.61725440 0.58767911
18.00900450 10.59902899 0.60865026
19.00950475 10.56484528 0.63844584
20.01000500 10.53675441 0.65728162
21.01050525 10.51479304 0.68279909
22.01100550 10.49666553 0.68629188
23.01150575 10.46815775 0.70825040
24.01200600 10.43714226 0.74362818
25.01250625 10.41375877 0.75567827
26.01300650 10.37329395 0.77064201
27.01350675 10.35033082 0.79272774
28.01400700 10.33089969 0.79872190
29.01450725 10.30283070 0.82435916
30.01500750 10.29086823 0.83565654
31.01550775 10.27426701 0.84675149
32.01600800 10.23876444 0.86387618
33.01650825 10.20845597 0.88342694
34.01700850 10.18080562 0.89587518
35.01750875 10.14942688 0.90736044
36.01800900 10.12909260 0.94087813
37.01850925 10.11661362 0.94658585
38.01900950 10.09127483 0.97103125
39.01950975 10.06362878 0.99554694
40.02001001 10.04419656 1.00272670
41.02051026 10.00985661 1.01386785
42.02101051 9.98684082 1.01409855
43.02151076 9.95659578 1.03663849
44.02201101 9.92910595 1.05303285
45.02251126 9.91355885 1.06686316
46.02301151 9.88774702 1.08490536
47.02351176 9.86316211 1.09453274
48.02401201 9.84329396 1.10032787
49.02451226 9.81701725 1.11806069
50.02501251 9.78064151 1.13686013
51.02551276 9.74886740 1.16561164
52.02601301 9.71999077 1.19123610
53.02651326 9.68778287 1.22493214
54.02701351 9.66325409 1.24214199
55.02751376 9.64399958 1.24812375
56.02801401 9.60952913 1.28123059
57.02851426 9.57660532 1.30440010
58.02901451 9.55836762 1.31980421
59.02951476 9.53744984 1.32863058
60.03001501 9.51226795 1.33467525
61.03051526 9.48397859 1.35588929
62.03101551 9.46076867 1.36141314
63.03151576 9.43352443 1.37624692
64.03201601 9.41200891 1.38939437
65.03251626 9.38538342 1.39094280
66.03301651 9.35967861 1.40249283
67.03351676 9.33283985 1.43065956
68.03401701 9.30455951 1.43556270
69.03451726 9.28565868 1.45037497
70.03501751 9.27233567 1.46112098
71.03551776 9.24514270 1.47213771
72.03601801 9.22197713 1.48233682
73.03651826 9.19385306 1.50203464
74.03701851 9.16810768 1.50583485
75.03751876 9.15453487 1.51942108
76.03801901 9.12837706 1.53198982
77.03851926 9.08450053 1.55160638
78.03901951 9.06033054 1.56578525
79.03951976 9.04141547 1.57527011
80.04002001 9.01461343 1.58877237
81.04052026 8.99840052 1.60202197
82.04102051 8.97950843 1.61165990
83.04152076 8.94796345 1.63234149
84.04202101 8.92543443 1.65754657
85.04252126 8.89588517 1.67355629
86.04302151 8.88366562 1.67654275
87.04352176 8.85230326 1.69430884
88.04402201 8.82735503 1.70298653
89.04452226 8.79282908 1.71170993
90.04502251 8.76329330 1.72728761
91.04552276 8.74864201 1.73345828
92.04602301 8.72560150 1.74124249
93.04652326 8.70529103 1.74446799
94.04702351 8.68234860 1.75618769
95.04752376 8.65756424 1.77276590
96.04802401 8.63095875 1.78578068
97.04852426 8.60058024 1.81135423
98.04902451 8.58055684 1.82017063
99.04952476 8.54959558 1.83670643
100.05002501 8.51972419 1.84851538
101.05052526 8.49851517 1.85795404
102.05102551 8.47757284 1.86897991
103.05152576 8.44535169 1.88249546
104.05202601 8.42773519 1.89775572
105.05252626 8.41470639 1.90397027
106.05302651 8.38932731 1.91170768
107.05352676 8.36514644 1.92295156
108.05402701 8.33613220 1.92653007
109.05452726 8.30161981 1.94935624
110.05502751 8.28165928 1.95080413
111.05552776 8.26981476 1.95979666
112.05602801 8.24667787 1.97221366
113.05652826 8.22936874 1.97243294
114.05702851 8.20984249 1.97446870
115.05752876 8.18088969 1.98123005
116.05802901 8.15617027 1.98800733
117.05852926 8.13264140 1.99641939
118.05902951 8.10162496 2.00589478
119.05952976 8.07960386 2.00884108
120.06003002 8.05908418 2.01242859
121.06053027 8.02829978 2.03226225
122.06103052 7.99896745 2.04301110
123.06153077 7.97950676 2.04753409
124.06203102 7.95719772 2.05088786
125.06253127 7.93082038 2.05776628
126.06303152 7.90019167 2.07506121
127.06353177 7.87023341 2.08061458
128.06403202 7.85338971 2.08953443
129.06453227 7.83176813 2.08955180
130.06503252 7.80955342 2.09994025
131.06553277 7.79545941 2.10825331
132.06603302 7.76813858 2.11270034
133.06653327 7.74327595 2.12297516
134.06703352 7.72377237 2.13902235
135.06753377 7.69052277 2.14739053
136.06803402 7.67801033 2.15721867
137.06853427 7.65842415 2.15589232
138.06903452 7.63067186 2.16205314
139.06953477 7.61371468 2.16437104
140.07003502 7.59328991 2.17305972
141.07053527 7.56426818 2.17949439
142.07103552 7.53141893 2.18196765
143.07153577 7.50866948 2.18568952
144.07203602 7.48987242 2.18973094
145.07253627 7.46637738 2.19718771
146.07303652 7.45314612 2.19926392
147.07353677 7.42807969 2.20630305
148.07403702 7.40588564 2.21238104
149.07453727 7.38810498 2.22041761
150.07503752 7.37009867 2.21862452
151.07553777 7.34571308 2.22195023
152.07603802 7.31782409 2.22392450
153.07653827 7.29136519 2.23234000
154.07703852 7.27774797 2.24412441
155.07753877 7.25408677 2.25061569
156.07803902 7.22244236 2.26583830
157.07853927 7.19905690 2.27691536
158.07903952 7.18014346 2.28353876
159.07953977 7.15985789 2.28691226
160.08004002 7.13216780 2.27965723
161.08054027 7.10711394 2.27970939
162.08104052 7.08295452 2.29211260
163.08154077 7.06311778 2.29731773
164.08204102 7.05090657 2.30594430
165.08254127 7.02621096 2.31385704
166.08304152 6.99657676 2.32081107
167.08354177 6.97009459 2.32443864
168.08404202 6.94082329 2.32561208
169.08454227 6.91545681 2.32445009
170.08504252 6.89098525 2.33193913
171.08554277 6.87506631 2.34596954
172.08604302 6.84692413 2.35619053
173.08654327 6.83381821 2.36485588
174.08704352 6.81064943 2.36577367
175.08754377 6.77801058 2.37631517
176.08804402 6.75676846 2.37627521
177.08854427 6.72675204 2.37523062
178.08904452 6.70350408 2.38654185
179.08954477 6.68536094 2.39306904
180.09004502 6.67250545 2.39496042
181.09054527 6.65322156 2.39840094
182.09104552 6.62244445 2.41013856
183.09154577 6.60680810 2.40954689
184.09204602 6.58901006 2.40362396
185.09254627 6.57094793 2.40839634
186.09304652 6.54727201 2.41500405
187.09354677 6.52577635 2.41941578
188.09404702 6.50617257 2.42365449
189.09454727 6.48187142 2.42806295
190.09504752 6.46753156 2.43087996
191.09554777 6.44190336 2.43381448
192.09604802 6.42444966 2.44150114
193.09654827 6.39802013 2.44449859
194.09704852 6.37022862 2.44897531
195.09754877 6.35372964 2.45572001
196.09804902 6.33033555 2.46406853
197.09854927 6.30646560 2.47045203
198.09904952 6.29120820 2.47975613
199.09954977 6.27687137 2.48520433
200.10005003 6.25874498 2.48490804
201.10055028 6.23778623 2.49705801
202.10105053 6.21858264 2.50536540
203.10155078 6.20125777 2.51487023
204.10205103 6.18088171 2.51552017
205.10255128 6.16412438 2.52420156
206.10305153 6.14730988 2.53108703
207.10355178 6.13007333 2.53922305
208.10405203 6.10890628 2.53387007
209.10455228 6.08146939 2.53556352
210.10505253 6.06325411 2.53709037
211.10555278 6.04334040 2.54211110
212.10605303 6.02383792 2.54654894
213.10655328 6.00690890 2.55576455
214.10705353 5.97421053 2.55005412
215.10755378 5.95093268 2.55899608
216.10805403 5.93021979 2.56360014
217.10855428 5.90742431 2.56640736
218.10905453 5.88907773 2.57249159
219.10955478 5.86693948 2.57319706
220.11005503 5.84807148 2.58213527
221.11055528 5.83626172 2.58834162
222.11105553 5.81400293 2.59191111
223.11155578 5.78877502 2.60260722
224.11205603 5.76175548 2.60771572
225.11255628 5.74714002 2.61485958
226.11305653 5.73116962 2.61357304
227.11355678 5.70630878 2.60708555
228.11405703 5.68552131 2.60908048
229.11455728 5.66184489 2.60784205
230.11505753 5.64892938 2.60770350
231.11555778 5.62840253 2.61275090
232.11605803 5.60575500 2.61890993
233.11655828 5.58114662 2.62359072
234.11705853 5.56543179 2.62896220
235.11755878 5.53900445 2.63255196
236.11805903 5.51739701 2.63291646
237.11855928 5.49837316 2.63281835
238.11905953 5.48027445 2.63193968
239.11955978 5.45545585 2.62519317
240.12006003 5.43381290 2.62923279
241.12056028 5.40985266 2.63415874
242.12106053 5.38990506 2.63192792
243.12156078 5.37363508 2.63079394
244.12206103 5.35812211 2.62842572
245.12256128 5.33718283 2.63017084
246.12306153 5.31387735 2.62861743
247.12356178 5.29138133 2.63185838
248.12406203 5.26495259 2.63601758
249.12456228 5.25020228 2.63834820
250.12506253 5.23269209 2.63677269
251.12556278 5.20434787 2.64236173
252.12606303 5.18165953 2.63435471
253.12656328 5.15740338 2.63492869
254.12706353 5.14634109 2.63617557
255.12756378 5.12453559 2.63868361
256.12806403 5.10271497 2.63576723
257.12856428 5.08207579 2.63853668
258.12906453 5.07352555 2.64066071
259.12956478 5.04967032 2.63718582
260.13006503 5.03469190 2.63806623
261.13056528 5.02263421 2.63965994
262.13106553 5.00573464 2.63973229
263.13156578 4.99129972 2.63852228
264.13206603 4.97746996 2.63375409
265.13256628 4.96370281 2.63902934
266.13306653 4.94660492 2.64583893
267.13356678 4.92670671 2.65118150
268.13406703 4.90545348 2.64914404
269.13456728 4.89429903 2.64504250
270.13506753 4.87604804 2.64371336
271.13556778 4.85512812 2.63920615
272.13606803 4.83776300 2.63780635
273.13656828 4.81681079 2.63366625
274.13706853 4.79479064 2.63533956
275.13756878 4.78318337 2.64232757
276.13806903 4.76957483 2.65249560
277.13856928 4.75146783 2.65555030
278.13906953 4.73753031 2.66095082
279.13956978 4.72350946 2.66502074
280.14007004 4.70470226 2.66997589
281.14057029 4.68511058 2.66899710
282.14107054 4.67362736 2.66500256
283.14157079 4.65888162 2.66687910
284.14207104 4.64315504 2.67347470
285.14257129 4.63159643 2.66857825
286.14307154 4.61954269 2.67168643
287.14357179 4.60453657 2.66806499
288.14407204 4.59542128 2.67396631
289.14457229 4.58022909 2.67101796
290.14507254 4.55272355 2.66694742
291.14557279 4.53515551 2.66738725
292.14607304 4.51077611 2.66654615
293.14657329 4.49054356 2.66189731
294.14707354 4.47272891 2.65843067
295.14757379 4.45154561 2.65771917
296.14807404 4.43452032 2.65761888
297.14857429 4.42122044 2.66331301
298.14907454 4.40902664 2.66040959
299.14957479 4.39430583 2.65431411
300.15007504 4.37074439 2.64444793
301.15057529 4.34876371 2.64150472
302.15107554 4.33208799 2.63736438
303.15157579 4.31197392 2.63043769
304.15207604 4.30000889 2.63008735
305.15257629 4.27025072 2.62336535
306.15307654 4.25494566 2.62570129
307.15357679 4.23991530 2.63138601
308.15407704 4.22499493 2.62811836
309.15457729 4.21504319 2.62688029
310.15507754 4.19139811 2.62583188
311.15557779 4.17351494 2.62650032
312.15607804 4.14682158 2.62054747
313.15657829 4.13022512 2.61895511
314.15707854 4.11567399 2.61642354
315.15757879 4.10241894 2.61875437
316.15807904 4.08603216 2.61495324
317.15857929 4.06647646 2.60722231
318.15907954 4.04413142 2.59767364
319.15957979 4.01594605 2.59330630
320.16008004 3.99651357 2.59588680
321.16058029 3.97783996 2.59272440
322.16108054 3.96492134 2.59375236
323.16158079 3.94677268 2.59798050
324.16208104 3.92979831 2.59733720
325.16258129 3.91389780 2.59587661
326.16308154 3.89554701 2.58529800
327.16358179 3.88414844 2.58565428
328.16408204 3.86522460 2.58469267
329.16458229 3.84382271 2.59136831
330.16508254 3.81271473 2.58333968
331.16558279 3.79241675 2.57784580
332.16608304 3.76573611 2.57618547
333.16658329 3.75054043 2.57015355
334.16708354 3.73506545 2.57438575
335.16758379 3.71816468 2.57530106
336.16808404 3.69957978 2.57055906
337.16858429 3.68470511 2.56985563
338.16908454 3.66266791 2.56582698
339.16958479 3.64280250 2.56125513
340.17008504 3.62885714 2.56208690
341.17058529 3.61103531 2.55965350
342.17108554 3.59312973 2.55589824
343.17158579 3.57746989 2.55778029
344.17208604 3.55843322 2.55474420
345.17258629 3.54283457 2.55339427
346.17308654 3.52282329 2.55254380
347.17358679 3.50499185 2.55201402
348.17408704 3.48639458 2.55290873
349.17458729 3.46389514 2.54631432
350.17508754 3.44360705 2.54272511
351.17558779 3.42803507 2.53680704
352.17608804 3.39997137 2.51880060
353.17658829 3.37995974 2.51115515
354.17708854 3.36708940 2.50623332
355.17758879 3.34881760 2.50076798
356.17808904 3.33351383 2.50108895
357.17858929 3.31775635 2.50165410
358.17908954 3.30491327 2.49930105
359.17958979 3.29394856 2.49478628
360.18009005 3.28123601 2.49347239
361.18059030 3.26182012 2.49028177
362.18109055 3.24817722 2.48754149
363.18159080 3.23233470 2.48592431
364.18209105 3.21884624 2.48557447
365.18259130 3.19774864 2.48232515
366.18309155 3.18058080 2.47911529
367.18359180 3.16117465 2.47435349
368.18409205 3.14469531 2.47290155
369.18459230 3.13216153 2.47371590
370.18509255 3.11995533 2.47053995
371.18559280 3.10029017 2.46784421
372.18609305 3.08358896 2.46206331
373.18659330 3.05516200 2.45400782
374.18709355 3.03298292 2.44582650
375.18759380 3.01953257 2.44703557
376.18809405 3.00204656 2.44159700
377.18859430 2.98753167 2.43736051
378.18909455 2.97557699 2.43449175
379.18959480 2.95790322 2.43694883
380.19009505 2.94354970 2.43450693
381.19059530 2.92568533 2.42448683
382.19109555 2.91617423 2.42232204
383.19159580 2.90078982 2.42043319
384.19209605 2.88658302 2.41706847
385.19259630 2.87693944 2.41593564
386.19309655 2.86584694 2.41105121
387.19359680 2.84141760 2.38957617
388.19409705 2.82485644 2.38740363
389.19459730 2.80673959 2.38202468
390.19509755 2.78875447 2.38049776
391.19559780 2.77147741 2.37215837
392.19609805 2.75214259 2.36538755
393.19659830 2.73361811 2.36119186
394.19709855 2.72013921 2.35616017
395.19759880 2.70961929 2.35842289
396.19809905 2.69784195 2.36160694
397.19859930 2.68672311 2.35810181
398.19909955 2.67284220 2.35660132
399.19959980 2.65879701 2.35277251
400.20010005 2.64097863 2.34577732
401.20060030 2.63010741 2.34087535
402.20110055 2.61557678 2.34186013
403.20160080 2.60408021 2.34065309
404.20210105 2.58680829 2.32869061
405.20260130 2.57108172 2.32002469
406.20310155 2.55956584 2.31769573
407.20360180 2.54237708 2.31531064
408.20410205 2.53329841 2.31274603
409.20460230 2.52885676 2.31618484
410.20510255 2.51709073 2.31303563
411.20560280 2.50063142 2.31342710
412.20610305 2.48495136 2.30318637
413.20660330 2.46999087 2.29781982
414.20710355 2.45893793 2.30030695
415.20760380 2.44289077 2.29536736
416.20810405 2.43055163 2.29235594
417.20860430 2.41630915 2.28689050
418.20910455 2.40052961 2.28149429
419.20960480 2.38411285 2.27193872
420.21010505 2.37461734 2.27375220
421.21060530 2.35833550 2.27402702
422.21110555 2.34281225 2.27081712
423.21160580 2.32791638 2.26794525
424.21210605 2.31574848 2.26754502
425.21260630 2.30550854 2.26056437
426.21310655 2.29406219 2.25912720
427.21360680 2.28025267 2.24876961
428.21410705 2.27639431 2.24782938
429.21460730 2.26714106 2.24397353
430.21510755 2.25845902 2.24547445
431.21560780 2.24495477 2.23853782
432.21610805 2.23162586 2.23231599
433.21660830 2.22522942 2.23282418
434.21710855 2.21496311 2.22921448
435.21760880 2.19716765 2.22243662
436.21810905 2.18497443 2.22212012
437.21860930 2.17355612 2.21970621
438.21910955 2.15921402 2.21151676
439.21960980 2.15470721 2.20731694
440.22011006 2.14665097 2.20493002
441.22061031 2.14186605 2.20619204
442.22111056 2.13388951 2.20146906
443.22161081 2.12343311 2.19705439
444.22211106 2.11062804 2.19121962
445.22261131 2.10188094 2.18736412
446.22311156 2.09296735 2.18908394
447.22361181 2.08430842 2.18858550
448.22411206 2.06993226 2.18437854
449.22461231 2.05738854 2.18517148
450.22511256 2.04988751 2.18711235
451.22561281 2.04055037 2.18807323
452.22611306 2.03107276 2.18688655
453.22661331 2.02044998 2.18108996
454.22711356 2.01034177 2.17965745
455.22761381 2.00269885 2.17511878
456.22811406 1.99278134 2.16986422
457.22861431 1.97973154 2.16332212
458.22911456 1.97067782 2.15912419
459.22961481 1.96466910 2.15576327
460.23011506 1.95626749 2.15186225
461.23061531 1.94819755 2.14520202
462.23111556 1.94004009 2.14551853
463.23161581 1.92960272 2.14080043
464.23211606 1.92254201 2.13886095
465.23261631 1.91382114 2.13612477
466.23311656 1.89829518 2.12604836
467.23361681 1.89254447 2.12361326
468.23411706 1.88147469 2.12000259
469.23461731 1.87234531 2.11701453
470.23511756 1.86138834 2.11489056
471.23561781 1.85345773 2.11244470
472.23611806 1.84798665 2.11241555
473.23661831 1.83450323 2.11019459
474.23711856 1.82305405 2.10150135
475.23761881 1.81214008 2.09403782
476.23811906 1.80229806 2.09265645
477.23861931 1.79640020 2.09424588
478.23911956 1.78476669 2.09255444
479.23961981 1.77459015 2.08900797
480.24012006 1.76217806 2.08201935
481.24062031 1.75016296 2.07791338
482.24112056 1.73739947 2.07275022
483.24162081 1.72229168 2.06484339
484.24212106 1.71131484 2.05778166
485.24262131 1.70091781 2.05248795
486.24312156 1.69405327 2.05115394
487.24362181 1.68582478 2.04895554
488.24412206 1.67876029 2.04737922
489.24462231 1.67439118 2.04631528
490.24512256 1.66319585 2.04408067
491.24562281 1.64849703 2.02892641
492.24612306 1.64108795 2.02437467
493.24662331 1.63691066 2.01928263
494.24712356 1.63202625 2.01389552
495.24762381 1.62853149 2.00263822
496.24812406 1.62519218 2.00099608
497.24862431 1.61935980 1.99874196
498.24912456 1.61299074 1.99235192
499.24962481 1.60552080 1.98569016
500.25012506 1.59452646 1.98129019
501.25062531 1.59021299 1.98173760
502.25112556 1.57794105 1.97741664
503.25162581 1.56917545 1.97201716
504.25212606 1.56166001 1.97074595
505.25262631 1.54957509 1.96486689
506.25312656 1.53600075 1.95691075
507.25362681 1.52946384 1.95412143
508.25412706 1.51702865 1.94264216
509.25462731 1.50722445 1.93759267
510.25512756 1.49998776 1.93358172
511.25562781 1.49403437 1.93230438
512.25612806 1.48806331 1.92563190
513.25662831 1.48505883 1.93350212
514.25712856 1.48314047 1.93410150
515.25762881 1.47752724 1.93087359
516.25812906 1.47171162 1.92901698
517.25862931 1.46770565 1.92511170
518.25912956 1.46395747 1.92104376
519.25962981 1.45653979 1.91364547
520.26013007 1.45018969 1.90953318
521.26063032 1.44468509 1.90807240
522.26113057 1.43998519 1.90655158
523.26163082 1.43499793 1.90587380
524.26213107 1.42880043 1.90557943
525.26263132 1.42054486 1.90255055
526.26313157 1.41427549 1.90229644
527.26363182 1.40630255 1.89576636
528.26413207 1.39891526 1.89389381
529.26463232 1.39574011 1.89580791
530.26513257 1.38238634 1.88384700
531.26563282 1.37489756 1.88080065
532.26613307 1.36736470 1.87840535
533.26663332 1.35707468 1.86649917
534.26713357 1.34740503 1.86375588
535.26763382 1.33801970 1.85237096
536.26813407 1.33068009 1.84817533
537.26863432 1.32412054 1.84745077
538.26913457 1.31506108 1.83865849
539.26963482 1.30632063 1.83539007
540.27013507 1.29779090 1.82987115
541.27063532 1.29234169 1.82274972
542.27113557 1.28714045 1.82104227
543.27163582 1.27942203 1.81347095
544.27213607 1.26981550 1.80858650
545.27263632 1.26387151 1.80241051
546.27313657 1.25763212 1.79576489
547.27363682 1.24645796 1.78273747
548.27413707 1.24332425 1.78608368
549.27463732 1.23314927 1.78508596
550.27513757 1.22425717 1.77963874
551.27563782 1.21607719 1.77225831
552.27613807 1.20608207 1.76301212
553.27663832 1.19764403 1.75946055
554.27713857 1.19428551 1.75921392
555.27763882 1.18846379 1.75508994
556.27813907 1.18000550 1.74626851
557.27863932 1.17287503 1.74135201
558.27913957 1.16508888 1.73369969
559.27963982 1.16123857 1.73260902
560.28014007 1.15386265 1.72380554
561.28064032 1.14844692 1.72159928
562.28114057 1.14147297 1.71259770
563.28164082 1.13986907 1.71289314
564.28214107 1.13506197 1.71151578
565.28264132 1.12681687 1.69885525
566.28314157 1.12317675 1.69317330
567.28364182 1.11716829 1.69105993
568.28414207 1.11095440 1.68367732
569.28464232 1.10291074 1.68090504
570.28514257 1.09753094 1.67977205
571.28564282 1.09470627 1.68082257
572.28614307 1.08870309 1.67855984
573.28664332 1.08076032 1.67138811
574.28714357 1.07696068 1.67428042
575.28764382 1.06921943 1.66261075
576.28814407 1.06541317 1.66453318
577.28864432 1.05770590 1.66044459
578.28914457 1.05333900 1.65534133
579.28964482 1.04981009 1.65582218
580.29014507 1.04560278 1.65643908
581.29064532 1.03849877 1.64778211
582.29114557 1.03176934 1.64318714
583.29164582 1.02848268 1.64356687
584.29214607 1.02087509 1.63716530
585.29264632 1.01466065 1.62961142
586.29314657 1.00857240 1.61858604
587.29364682 1.00350300 1.61405226
588.29414707 0.99800122 1.60910379
589.29464732 0.99308715 1.60605280
590.29514757 0.98507815 1.59667186
591.29564782 0.98235850 1.59826670
592.29614807 0.97683524 1.59412411
593.29664832 0.97116941 1.58670427
594.29714857 0.96472276 1.57910315
595.29764882 0.95777577 1.57416461
596.29814907 0.95427644 1.57427883
597.29864932 0.94732072 1.56859018
598.29914957 0.93004959 1.54803417
599.29964982 0.92562380 1.54614651
600.30015008 0.92153987 1.54288606
601.30065033 0.91678098 1.53577037
602.30115058 0.91193310 1.53242967
603.30165083 0.90741949 1.52963231
604.30215108 0.89989817 1.51157645
605.30265133 0.89399852 1.49942493
606.30315158 0.89050958 1.49723057
607.30365183 0.88503741 1.48667506
608.30415208 0.88008797 1.48527021
609.30465233 0.87833158 1.48220582
610.30515258 0.87154188 1.46980079
611.30565283 0.86731326 1.47034224
612.30615308 0.86218047 1.46372577
613.30665333 0.85547331 1.45339056
614.30715358 0.84606925 1.45094172
615.30765383 0.84402360 1.44938680
616.30815408 0.83720571 1.44250370
617.30865433 0.83128984 1.43641479
618.30915458 0.82669141 1.43258813
619.30965483 0.82426443 1.43450584
620.31015508 0.81851678 1.43214605
621.31065533 0.81248710 1.42951913
622.31115558 0.80570926 1.42487880
623.31165583 0.80243686 1.41857189
624.31215608 0.79557629 1.41263754
625.31265633 0.79410942 1.41220438
626.31315658 0.79059409 1.40573548
627.31365683 0.78560543 1.39838827
628.31415708 0.78114326 1.39413915
629.31465733 0.77600702 1.39005451
630.31515758 0.77088024 1.38384478
631.31565783 0.76442764 1.37937070
632.31615808 0.75882572 1.37334796
633.31665833 0.75297331 1.37030477
634.31715858 0.74664215 1.36065424
635.31765883 0.74192008 1.35180219
636.31815908 0.73743825 1.34935628
637.31865933 0.73675535 1.35474497
638.31915958 0.73251765 1.35256843
639.31965983 0.72880851 1.34887293
640.32016008 0.72478972 1.34624245
641.32066033 0.72502968 1.34544188
642.32116058 0.71962818 1.33435882
643.32166083 0.71276268 1.32196682
644.32216108 0.71017369 1.32028167
645.32266133 0.70280884 1.30728409
646.32316158 0.69909477 1.30349174
647.32366183 0.69600545 1.30134334
648.32416208 0.69146607 1.30206013
649.32466233 0.68844747 1.30116854
650.32516258 0.68340337 1.29662175
651.32566283 0.67869927 1.29017547
652.32616308 0.67189747 1.28648489
653.32666333 0.66658451 1.28056843
654.32716358 0.66304189 1.27718410
655.32766383 0.65659739 1.26845442
656.32816408 0.65187692 1.26250277
657.32866433 0.64694720 1.25903853
658.32916458 0.64502327 1.25960872
659.32966483 0.64042954 1.25649185
660.33016508 0.63747960 1.25724000
661.33066533 0.63341964 1.25549155
662.33116558 0.62627958 1.24314008
663.33166583 0.62263488 1.23644922
664.33216608 0.61899779 1.23295548
665.33266633 0.61309111 1.22648789
666.33316658 0.60987357 1.22379874
667.33366683 0.60532300 1.21514226
668.33416708 0.60178345 1.21094279
669.33466733 0.59755237 1.20657953
670.33516758 0.59467978 1.20195199
671.33566783 0.58994253 1.19642592
672.33616808 0.58730907 1.19234430
673.33666833 0.58485869 1.18996001
674.33716858 0.58238084 1.18347467
675.33766883 0.57993324 1.18307419
676.33816908 0.57702994 1.17689363
677.33866933 0.57143323 1.16924896
678.33916958 0.56857745 1.16873041
679.33966983 0.56510146 1.16508491
680.34017009 0.56038156 1.16014130
681.34067034 0.55666125 1.15603110
682.34117059 0.55210732 1.15118894
683.34167084 0.54979255 1.14693982
684.34217109 0.54746271 1.15013301
685.34267134 0.54473069 1.14907594
686.34317159 0.54422125 1.14883529
687.34367184 0.54056221 1.14480640
688.34417209 0.53428196 1.13301669
689.34467234 0.53078169 1.13185183
690.34517259 0.52915928 1.13188985
691.34567284 0.52409725 1.12748052
692.34617309 0.52217082 1.12673098
693.34667334 0.51680407 1.12002278
694.34717359 0.51791195 1.12059880
695.34767384 0.51741845 1.12108311
696.34817409 0.51531578 1.11619537
697.34867434 0.50980329 1.10930198
698.34917459 0.50560915 1.10474944
699.34967484 0.50165994 1.09443555
700.35017509 0.50070884 1.09284797
701.35067534 0.49874074 1.09316511
702.35117559 0.49673583 1.09407884
703.35167584 0.49610624 1.09291594
704.35217609 0.49322471 1.09120176
705.35267634 0.48617466 1.07953422
706.35317659 0.48441317 1.07777126
707.35367684 0.48089156 1.07341367
708.35417709 0.47518217 1.06305059
709.35467734 0.47318095 1.06085364
710.35517759 0.47130408 1.05872476
711.35567784 0.46921019 1.05724378
712.35617809 0.46708548 1.05664858
713.35667834 0.46555105 1.05426998
714.35717859 0.46343608 1.05463157
715.35767884 0.46169904 1.05545894
716.35817909 0.45855076 1.05265540
717.35867934 0.45579185 1.04914017
718.35917959 0.45273962 1.04684399
719.35967984 0.44753983 1.03921451
720.36018009 0.44764086 1.03694653
721.36068034 0.44420426 1.03498569
722.36118059 0.44123004 1.03468644
723.36168084 0.43878672 1.03143445
724.36218109 0.43424765 1.02702411
725.36268134 0.43156289 1.02467191
726.36318159 0.43157227 1.03212396
727.36368184 0.43102097 1.03318496
728.36418209 0.42708692 1.02675242
729.36468234 0.42339244 1.02333530
730.36518259 0.41990145 1.02058454
731.36568284 0.41453056 1.01123537
732.36618309 0.41221848 1.00771034
733.36668334 0.40981951 1.00557552
734.36718359 0.40772358 1.00250257
735.36768384 0.40597955 0.99957225
736.36818409 0.40094635 0.98689999
737.36868434 0.39824946 0.98264422
738.36918459 0.39649330 0.98026626
739.36968484 0.39130803 0.96464806
740.37018509 0.38812207 0.96148622
741.37068534 0.38717292 0.96659816
742.37118559 0.38583370 0.96777626
743.37168584 0.38268421 0.96561601
744.37218609 0.37899303 0.95855603
745.37268634 0.37838568 0.95947539
746.37318659 0.37576711 0.95576421
747.37368684 0.37258745 0.95266928
748.37418709 0.37004660 0.94289358
749.37468734 0.36963934 0.94187343
750.37518759 0.36702839 0.93971706
751.37568784 0.36464440 0.93369149
752.37618809 0.36215588 0.93066945
753.37668834 0.35979676 0.92077568
754.37718859 0.35580186 0.91134061
755.37768884 0.35544115 0.91436816
756.37818909 0.35452374 0.91743336
757.37868934 0.35282365 0.91756469
758.37918959 0.34995261 0.91464556
759.37968984 0.34940407 0.91100081
760.38019010 0.34673967 0.90506196
761.38069035 0.34497156 0.90011887
762.38119060 0.34380049 0.90171143
763.38169085 0.34483267 0.89428930
764.38219110 0.34052117 0.88049909
765.38269135 0.33858104 0.87762005
766.38319160 0.33767770 0.87294434
767.38369185 0.33385489 0.86824591
768.38419210 0.33230106 0.86130425
769.38469235 0.33001913 0.85856816
770.38519260 0.32862929 0.85711033
771.38569285 0.32529335 0.85217891
772.38619310 0.32143076 0.84694712
773.38669335 0.31875959 0.84260007
774.38719360 0.31595772 0.83796483
775.38769385 0.31339599 0.83410539
776.38819410 0.31215859 0.83362583
777.38869435 0.31119852 0.83327031
778.38919460 0.30728100 0.82248018
779.38969485 0.30523835 0.81820429
780.39019510 0.30297027 0.81674979
781.39069535 0.30194273 0.81514421
782.39119560 0.29935311 0.81262968
783.39169585 0.29629144 0.80461099
784.39219610 0.29563466 0.80439706
785.39269635 0.29369641 0.80056180
786.39319660 0.29176110 0.79597519
787.39369685 0.28991645 0.79183114
788.39419710 0.28764844 0.78877414
789.39469735 0.28555597 0.78641384
790.39519760 0.28299508 0.77856712
791.39569785 0.28135835 0.77906402
792.39619810 0.28050270 0.77563058
793.39669835 0.27866778 0.76771834
794.39719860 0.27750650 0.76907477
795.39769885 0.27514286 0.76584164
796.39819910 0.27312904 0.75978451
797.39869935 0.26996153 0.75409067
798.39919960 0.26961929 0.75600198
799.39969985 0.26692013 0.75443845
800.40020010 0.26408870 0.74703476
801.40070035 0.26481556 0.74772201
802.40120060 0.26382050 0.74784730
803.40170085 0.26319467 0.74851493
804.40220110 0.26123706 0.74509327
805.40270135 0.26015471 0.74418680
806.40320160 0.25877480 0.74092983
807.40370185 0.25612753 0.73543976
808.40420210 0.25480233 0.73554866
809.40470235 0.25356511 0.73599384
810.40520260 0.25269125 0.73422293
811.40570285 0.25081257 0.72928082
812.40620310 0.24776705 0.71970896
813.40670335 0.24636621 0.71788272
814.40720360 0.24501147 0.71476157
815.40770385 0.24496895 0.71294490
816.40820410 0.24445129 0.71266114
817.40870435 0.24122527 0.70440285
818.40920460 0.24027281 0.70370756
819.40970485 0.23988928 0.70327511
820.41020510 0.23618285 0.69417216
821.41070535 0.23435963 0.68825286
822.41120560 0.23194371 0.68378021
823.41170585 0.23101665 0.68252432
824.41220610 0.22950966 0.68107657
825.41270635 0.22754492 0.68094425
826.41320660 0.22514029 0.67997405
827.41370685 0.22351681 0.67793181
828.41420710 0.22262671 0.67613707
829.41470735 0.22216028 0.67642498
830.41520760 0.22243626 0.67473208
831.41570785 0.22221267 0.67284072
832.41620810 0.22056733 0.66732968
833.41670835 0.21761199 0.65906872
834.41720860 0.21619952 0.65556877
835.41770885 0.21503092 0.65412561
836.41820910 0.21018475 0.64397457
837.41870935 0.20799071 0.63977683
838.41920960 0.20529102 0.63369168
839.41970985 0.20366133 0.63133537
840.42021011 0.20225456 0.63051065
841.42071036 0.20224772 0.62901119
842.42121061 0.20175259 0.62906023
843.42171086 0.20176465 0.62847372
844.42221111 0.20175143 0.63052403
845.42271136 0.20049203 0.62861090
846.42321161 0.19732127 0.61437157
847.42371186 0.19569118 0.61148430
848.42421211 0.19325305 0.60767738
849.42471236 0.19101682 0.60380106
850.42521261 0.18800569 0.59573041
851.42571286 0.18520922 0.58778713
852.42621311 0.18388989 0.58686544
853.42671336 0.18239316 0.58419925
854.42721361 0.17986185 0.58058269
855.42771386 0.17913712 0.57909306
856.42821411 0.17758674 0.57693174
857.42871436 0.17637822 0.57571274
858.42921461 0.17498623 0.57098057
859.42971486 0.17328375 0.56789126
860.43021511 0.17086907 0.55771374
861.43071536 0.16986574 0.55778853
862.43121561 0.16880857 0.55611627
863.43171586 0.16519499 0.54698949
864.43221611 0.16279520 0.54386488
865.43271636 0.16165115 0.54316618
866.43321661 0.15946926 0.54212317
867.43371686 0.15905481 0.54199397
868.43421711 0.15783919 0.53885130
869.43471736 0.15756120 0.53622096
870.43521761 0.15584578 0.53482699
871.43571786 0.15471424 0.53199287
872.43621811 0.15450543 0.53380981
873.43671836 0.15229594 0.53068660
874.43721861 0.14964850 0.52230110
875.43771886 0.14735810 0.51442586
876.43821911 0.14573387 0.51479916
877.43871936 0.14561357 0.51739318
878.43921961 0.14462890 0.51668408
879.43971986 0.14386220 0.51798562
880.44022011 0.14309804 0.51906124
881.44072036 0.14258171 0.52035301
882.44122061 0.14237190 0.51728401
883.44172086 0.14076766 0.51225945
884.44222111 0.13985289 0.50898025
885.44272136 0.13734622 0.49626873
886.44322161 0.13549547 0.49313356
887.44372186 0.13145172 0.47659921
888.44422211 0.13122676 0.47657559
889.44472236 0.13032134 0.47361953
890.44522261 0.12923110 0.47218470
891.44572286 0.12833219 0.47126689
892.44622311 0.12747803 0.47132412
893.44672336 0.12679093 0.47005670
894.44722361 0.12859032 0.48117862
895.44772386 0.12904484 0.48302509
896.44822411 0.12684032 0.47959169
897.44872436 0.12675546 0.47985922
898.44922461 0.12501240 0.47170939
899.44972486 0.12443045 0.47062149
900.45022511 0.12334566 0.46824960
901.45072536 0.12224021 0.46560644
902.45122561 0.12056771 0.46110011
903.45172586 0.12009663 0.46134958
904.45222611 0.11938359 0.46161936
905.45272636 0.11830589 0.45887579
906.45322661 0.11643067 0.45339320
907.45372686 0.11482189 0.44981092
908.45422711 0.11430485 0.44923767
909.45472736 0.11344289 0.44661889
910.45522761 0.11294415 0.44677638
911.45572786 0.11273511 0.44702205
912.45622811 0.11176346 0.44525939
913.45672836 0.11142230 0.44498130
914.45722861 0.11028268 0.44230111
915.45772886 0.10918082 0.43988431
916.45822911 0.10803058 0.43777564
917.45872936 0.10637656 0.43411130
918.45922961 0.10553669 0.43197677
919.45972986 0.10393211 0.42889634
920.46023012 0.10361205 0.42901597
921.46073037 0.10305669 0.42796978
922.46123062 0.10246550 0.42744808
923.46173087 0.10190151 0.42641504
924.46223112 0.10162620 0.42506382
925.46273137 0.10099355 0.42301760
926.46323162 0.09997023 0.42091711
927.46373187 0.09975666 0.41977050
928.46423212 0.09901693 0.41745763
929.46473237 0.09774501 0.41526009
930.46523262 0.09592630 0.40931339
931.46573287 0.09559489 0.40945150
932.46623312 0.09469600 0.40819940
933.46673337 0.09385508 0.40727162
934.46723362 0.09285012 0.40604693
935.46773387 0.09204988 0.40481300
936.46823412 0.09166019 0.40333398
937.46873437 0.09091790 0.40237484
938.46923462 0.08957376 0.40128718
939.46973487 0.08882211 0.40040340
940.47023512 0.08875612 0.40447080
941.47073537 0.08820534 0.40415769
942.47123562 0.08739572 0.40344507
943.47173587 0.08713850 0.40370212
944.47223612 0.08622238 0.40196528
945.47273637 0.08490071 0.39980268
946.47323662 0.08478813 0.40061018
947.47373687 0.08348872 0.39799779
948.47423712 0.08290870 0.39672382
949.47473737 0.08397747 0.39731198
950.47523762 0.08363079 0.39581466
951.47573787 0.08359462 0.39819736
952.47623812 0.08232748 0.39475308
953.47673837 0.08181599 0.39389550
954.47723862 0.08108940 0.39213036
955.47773887 0.08113819 0.39115734
956.47823912 0.08082702 0.39156453
957.47873937 0.07926020 0.38940982
958.47923962 0.07902665 0.39081310
959.47973987 0.07857821 0.38988108
960.48024012 0.07776347 0.38798473
961.48074037 0.07726624 0.38713711
962.48124062 0.07698180 0.38768615
963.48174087 0.07690982 0.38800738
964.48224112 0.07640513 0.38677598
965.48274137 0.07494160 0.38210554
966.48324162 0.07607196 0.38708242
967.48374187 0.07617376 0.38809117
968.48424212 0.07579412 0.38711949
969.48474237 0.07560364 0.38738360
970.48524262 0.07517991 0.38722563
971.48574287 0.07446410 0.38606261
972.48624312 0.07376769 0.38497321
973.48674337 0.07330658 0.38345836
974.48724362 0.07273164 0.38235391
975.48774387 0.07193793 0.37957198
976.48824412 0.07136732 0.37848797
977.48874437 0.07086459 0.37760937
978.48924462 0.06995980 0.37417768
979.48974487 0.06866493 0.36945910
980.49024512 0.06853493 0.36998393
981.49074537 0.06784725 0.36778639
982.49124562 0.06925911 0.36964019
983.49174587 0.06910691 0.36542300
984.49224612 0.06865269 0.36541193
985.49274637 0.06840487 0.36730968
986.49324662 0.06789727 0.36884301
987.49374687 0.06775554 0.36975722
988.49424712 0.06803743 0.36962961
989.49474737 0.06749602 0.36846207
990.49524762 0.06652773 0.36434595
991.49574787 0.06503710 0.35835985
992.49624812 0.06364179 0.35407134
993.49674837 0.06324033 0.35157226
994.49724862 0.06290472 0.35073208
995.49774887 0.06198811 0.33788395
996.49824912 0.06173428 0.33901061
997.49874937 0.06160131 0.34125841
998.49924962 0.06127616 0.34197054
999.49974987 0.06078668 0.34292686
1000.50025013 0.06001473 0.34245051
1001.50075038 0.05960274 0.34288633
1002.50125063 0.05927699 0.34224804
1003.50175088 0.05830633 0.33816994
1004.50225113 0.05764983 0.33399096
1005.50275138 0.05724291 0.33287984
1006.50325163 0.05666637 0.33124154
1007.50375188 0.05608446 0.33141316
1008.50425213 0.05593730 0.33529070
1009.50475238 0.05571902 0.33535154
1010.50525263 0.05535937 0.33380594
1011.50575288 0.05489188 0.33285735
1012.50625313 0.05499520 0.33623736
1013.50675338 0.05480098 0.33675498
1014.50725363 0.05459463 0.33689872
1015.50775388 0.05413296 0.33371411
1016.50825413 0.05371215 0.33115743
1017.50875438 0.05346525 0.33175540
1018.50925463 0.05293702 0.32878282
1019.50975488 0.05263147 0.32845550
1020.51025513 0.05242636 0.32963039
1021.51075538 0.05091224 0.31156662
1022.51125563 0.05118792 0.30741479
1023.51175588 0.05061642 0.30325538
1024.51225613 0.05017367 0.29962867
1025.51275638 0.04993697 0.29865429
1026.51325663 0.04953077 0.29815581
1027.51375688 0.04773964 0.27629490
1028.51425713 0.04714658 0.27222410
1029.51475738 0.04704415 0.27132866
1030.51525763 0.04637359 0.26834691
1031.51575788 0.04597315 0.26771894
1032.51625813 0.04596428 0.27113611
1033.51675838 0.04517946 0.25744015
1034.51725863 0.04511246 0.25953023
1035.51775888 0.04484017 0.25981477
1036.51825913 0.04415055 0.25562618
1037.51875938 0.04364380 0.25545139
1038.51925963 0.04250569 0.24924335
1039.51975988 0.04217721 0.24763856
1040.52026013 0.04194201 0.24632807
1041.52076038 0.04156752 0.24427091
1042.52126063 0.04132662 0.24432708
1043.52176088 0.04095038 0.24314118
1044.52226113 0.04066095 0.24178869
1045.52276138 0.04123255 0.24307571
1046.52326163 0.04087965 0.24256338
1047.52376188 0.04088514 0.24208843
1048.52426213 0.04081705 0.24190743
1049.52476238 0.04049804 0.24033622
1050.52526263 0.04036615 0.23932213
1051.52576288 0.03970189 0.23687732
1052.52626313 0.03941121 0.23548502
1053.52676338 0.03960895 0.23450262
1054.52726363 0.03934627 0.23328271
1055.52776388 0.03921646 0.23193681
1056.52826413 0.03898451 0.23139141
1057.52876438 0.03888151 0.23129521
1058.52926463 0.03915541 0.23379881
1059.52976488 0.03888907 0.23181109
1060.53026513 0.03858323 0.22974957
1061.53076538 0.03822785 0.22857072
1062.53126563 0.03652050 0.21788424
1063.53176588 0.03652604 0.21724814
1064.53226613 0.03635174 0.21477784
1065.53276638 0.03535367 0.21276698
1066.53326663 0.03532862 0.21402554
1067.53376688 0.03505818 0.21171181
1068.53426713 0.03493409 0.20942221
1069.53476738 0.03478466 0.20927379
1070.53526763 0.03422871 0.20728493
1071.53576788 0.03375730 0.20423746
1072.53626813 0.03413841 0.20350525
1073.53676838 0.03416062 0.20457686
1074.53726863 0.03492059 0.20578849
1075.53776888 0.03219849 0.19437049
1076.53826913 0.03179405 0.19335249
1077.53876938 0.03164286 0.19308060
1078.53926963 0.03130987 0.19272925
1079.53976988 0.03110642 0.19202910
1080.54027014 0.03109973 0.19142231
1081.54077039 0.03089510 0.19112917
1082.54127064 0.03083424 0.19098105
1083.54177089 0.03062025 0.19038583
1084.54227114 0.03039446 0.18978119
1085.54277139 0.03039768 0.18926553
1086.54327164 0.03030652 0.18870434
1087.54377189 0.03004628 0.18002388
1088.54427214 0.02977887 0.17597541
1089.54477239 0.02940386 0.17581017
1090.54527264 0.02948403 0.17727304
1091.54577289 0.02907437 0.17186641
1092.54627314 0.02898882 0.17512849
1093.54677339 0.02958443 0.17714609
1094.54727364 0.02939514 0.17469087
1095.54777389 0.02912113 0.17162382
1096.54827414 0.02976133 0.17457432
1097.54877439 0.02967661 0.17441106
1098.54927464 0.02915219 0.17141797
1099.54977489 0.02909119 0.17131475
1100.55027514 0.02896424 0.17159422
1101.55077539 0.02889704 0.17085728
1102.55127564 0.02877715 0.16983862
1103.55177589 0.02953985 0.17563957
1104.55227614 0.02957283 0.17462779
1105.55277639 0.02930210 0.17278002
1106.55327664 0.02897258 0.17068526
1107.55377689 0.02873533 0.16994763
1108.55427714 0.02844012 0.16870285
1109.55477739 0.02822278 0.16685789
1110.55527764 0.02830594 0.16747540
1111.55577789 0.02831526 0.16758667
1112.55627814 0.02863783 0.16722854
1113.55677839 0.02842886 0.16598398
1114.55727864 0.02818699 0.16491306
1115.55777889 0.02791335 0.16405410
1116.55827914 0.02757799 0.16246883
1117.55877939 0.02727835 0.16091822
1118.55927964 0.02705873 0.16039584
1119.55977989 0.02708352 0.16084889
1120.56028014 0.02586694 0.15663068
1121.56078039 0.02560908 0.15576321
1122.56128064 0.02538997 0.15516914
1123.56178089 0.02612165 0.15809897
1124.56228114 0.02588319 0.15764157
1125.56278139 0.02587401 0.15569022
1126.56328164 0.02545245 0.15387340
1127.56378189 0.02483033 0.15319675
1128.56428214 0.02479051 0.15285932
1129.56478239 0.02434555 0.15114804
1130.56528264 0.02416532 0.15021742
1131.56578289 0.02397627 0.14996664
1132.56628314 0.02391478 0.14963893
1133.56678339 0.02348431 0.14801171
1134.56728364 0.02358581 0.14817502
1135.56778389 0.02357568 0.14834205
1136.56828414 0.02365438 0.14867525
1137.56878439 0.02310151 0.14760606
1138.56928464 0.02288220 0.14664208
1139.56978489 0.02270107 0.14634772
1140.57028514 0.02252516 0.14586820
1141.57078539 0.02284101 0.14649350
1142.57128564 0.02266498 0.14605094
1143.57178589 0.02340383 0.14827891
1144.57228614 0.02358542 0.14816722
1145.57278639 0.02347802 0.14783099
1146.57328664 0.02336042 0.14733046
1147.57378689 0.02323596 0.14750839
1148.57428714 0.02370063 0.14924499
1149.57478739 0.02353579 0.14895089
1150.57528764 0.02330315 0.14865543
1151.57578789 0.02312689 0.14860214
1152.57628814 0.02299676 0.14850622
1153.57678839 0.02277719 0.14793099
1154.57728864 0.02225258 0.14671746
1155.57778889 0.02218579 0.14654461
1156.57828914 0.02084308 0.14380074
1157.57878939 0.02151140 0.14400292
1158.57928964 0.02174492 0.14455245
1159.57978989 0.02192570 0.14518393
1160.58029015 0.02249437 0.14872723
1161.58079040 0.02217166 0.14782625
1162.58129065 0.02090168 0.14452473
1163.58179090 0.02057102 0.14348250
1164.58229115 0.02071986 0.14395629
1165.58279140 0.02041541 0.14246168
1166.58329165 0.02037816 0.14168705
1167.58379190 0.02032237 0.14129849
1168.58429215 0.02017974 0.14087822
1169.58479240 0.02003127 0.14036226
1170.58529265 0.01977507 0.13952471
1171.58579290 0.01969927 0.13937476
1172.58629315 0.01967384 0.13935779
1173.58679340 0.02003705 0.13920759
1174.58729365 0.01988993 0.13857323
1175.58779390 0.01984789 0.13841268
1176.58829415 0.01984970 0.13843839
1177.58879440 0.01964073 0.13719232
1178.58929465 0.01978508 0.13817520
1179.58979490 0.01977651 0.13834578
1180.59029515 0.01947339 0.13680992
1181.59079540 0.01934356 0.13659487
1182.59129565 0.01916334 0.13646924
1183.59179590 0.01978722 0.14497193
1184.59229615 0.01966241 0.14582579
1185.59279640 0.01939420 0.14480954
1186.59329665 0.01978918 0.14510008
1187.59379690 0.01948767 0.14435284
1188.59429715 0.01929746 0.14430027
1189.59479740 0.01917994 0.14462657
1190.59529765 0.01898804 0.14352756
1191.59579790 0.01904904 0.14331978
1192.59629815 0.01923555 0.14369783
1193.59679840 0.01924568 0.14354751
1194.59729865 0.01923295 0.14316471
1195.59779890 0.01909959 0.14275984
1196.59829915 0.01907689 0.14336699
1197.59879940 0.01900218 0.14335906
1198.59929965 0.01879302 0.14258561
1199.59979990 0.01870410 0.14222332
1200.60030015 0.01859660 0.14200809
1201.60080040 0.01823045 0.14165946
1202.60130065 0.01792123 0.14084948
1203.60180090 0.01762859 0.14027585
1204.60230115 0.01820202 0.14940896
1205.60280140 0.01724961 0.13825611
1206.60330165 0.01714463 0.13706900
1207.60380190 0.01693487 0.13742090
1208.60430215 0.01801444 0.14073086
1209.60480240 0.01813698 0.14147904
1210.60530265 0.01808096 0.14351088
1211.60580290 0.01773396 0.14216200
1212.60630315 0.01754045 0.14161962
1213.60680340 0.01750540 0.14355402
1214.60730365 0.01731088 0.14385279
1215.60780390 0.01704779 0.14208220
1216.60830415 0.01739301 0.14130858
1217.60880440 0.01683502 0.14228277
1218.60930465 0.01660982 0.14264890
1219.60980490 0.01616729 0.14064896
1220.61030515 0.01605506 0.14054866
1221.61080540 0.01600083 0.14100844
1222.61130565 0.01584837 0.14090808
1223.61180590 0.01564815 0.14041801
1224.61230615 0.01542932 0.13987591
1225.61280640 0.01541839 0.14006585
1226.61330665 0.01532866 0.14001429
1227.61380690 0.01517709 0.13952133
1228.61430715 0.01507772 0.13944468
1229.61480740 0.01500888 0.13926976
1230.61530765 0.01487368 0.13892791
1231.61580790 0.01475050 0.13906291
1232.61630815 0.01467107 0.13880623
1233.61680840 0.01460348 0.13851607
1234.61730865 0.01461566 0.13855510
1235.61780890 0.01455405 0.13839386
1236.61830915 0.01442338 0.13828593
1237.61880940 0.01433951 0.13814384
1238.61930965 0.01544802 0.14191168
1239.61980990 0.01556047 0.14249350
1240.62031016 0.01665166 0.14452115
1241.62081041 0.01665260 0.14453722
1242.62131066 0.01739296 0.14545221
1243.62181091 0.01729149 0.14522155
1244.62231116 0.01688766 0.14433760
1245.62281141 0.01661861 0.14345975
1246.62331166 0.01641989 0.14281973
1247.62381191 0.01639119 0.14265641
1248.62431216 0.01614821 0.14180673
1249.62481241 0.01583414 0.14046715
1250.62531266 0.01569819 0.13977474
1251.62581291 0.01553998 0.13956145
1252.62631316 0.01535635 0.13910095
1253.62681341 0.01600839 0.13969076
1254.62731366 0.01598249 0.13965931
1255.62781391 0.01603897 0.13984895
1256.62831416 0.01611867 0.14021677
1257.62881441 0.01674940 0.14080864
1258.62931466 0.01665437 0.14058148
1259.62981491 0.01646778 0.14031031
1260.63031516 0.01689137 0.14095455
1261.63081541 0.01681964 0.14073149
1262.63131566 0.01672599 0.14029196
1263.63181591 0.01671745 0.14037291
1264.63231616 0.01682504 0.14261516
1265.63281641 0.01688435 0.14435362
1266.63331666 0.01694152 0.14548157
1267.63381691 0.01659825 0.14307305
1268.63431716 0.01647525 0.14362446
1269.63481741 0.01618268 0.14255839
1270.63531766 0.01611476 0.14332631
1271.63581791 0.01610329 0.14277122
1272.63631816 0.01594949 0.14169266
1273.63681841 0.01576643 0.14240703
1274.63731866 0.01569006 0.14192959
1275.63781891 0.01568288 0.14166527
1276.63831916 0.01560169 0.14171359
1277.63881941 0.01542259 0.14102080
1278.63931966 0.01597370 0.14144517
1279.63981991 0.01604911 0.14128736
1280.64032016 0.01606590 0.14132274
1281.64082041 0.01610572 0.14125956
1282.64132066 0.01579075 0.14063870
1283.64182091 0.01507011 0.13981890
1284.64232116 0.01503675 0.13969517
1285.64282141 0.01500341 0.13947602
1286.64332166 0.01517028 0.13927413
1287.64382191 0.01501277 0.13896532
1288.64432216 0.01491095 0.13912300
1289.64482241 0.01540809 0.13945791
1290.64532266 0.01533710 0.13914306
1291.64582291 0.01603068 0.14030641
1292.64632316 0.01571839 0.13998063
1293.64682341 0.01489231 0.13853648
1294.64732366 0.01487534 0.13865035
1295.64782391 0.01493351 0.13883495
1296.64832416 0.01503944 0.13935991
1297.64882441 0.01507378 0.13971291
1298.64932466 0.01502430 0.13946359
1299.64982491 0.01497499 0.13944398
1300.65032516 0.01489755 0.13951853
1301.65082541 0.01564723 0.14031681
1302.65132566 0.01556525 0.13981221
1303.65182591 0.01552980 0.13976458
1304.65232616 0.01543185 0.13949335
1305.65282641 0.01534565 0.13939947
1306.65332666 0.01524318 0.13905636
1307.65382691 0.01503732 0.13868761
1308.65432716 0.01491077 0.13878504
1309.65482741 0.01468686 0.13839207
1310.65532766 0.01483647 0.14118550
1311.65582791 0.01476135 0.14029938
1312.65632816 0.01457596 0.13810106
1313.65682841 0.01454817 0.13769823
1314.65732866 0.01442080 0.13780421
1315.65782891 0.01501194 0.13756988
1316.65832916 0.01524333 0.13924380
1317.65882941 0.01535685 0.14047492
1318.65932966 0.01526051 0.13821240
1319.65982991 0.01516871 0.13751845
1320.66033017 0.01514984 0.13880200
1321.66083042 0.01509581 0.13923200
1322.66133067 0.01491058 0.13738276
1323.66183092 0.01480545 0.13692861
1324.66233117 0.01470490 0.13735194
1325.66283142 0.01449950 0.13694189
1326.66333167 0.01415148 0.13490606
1327.66383192 0.01306681 0.12168412
1328.66433217 0.01269089 0.11906285
1329.66483242 0.01251113 0.11921622
1330.66533267 0.01259654 0.12123029
1331.66583292 0.01328956 0.12144492
1332.66633317 0.01301174 0.11881568
1333.66683342 0.01309645 0.12078236
1334.66733367 0.01298309 0.12072060
1335.66783392 0.01275723 0.11910416
1336.66833417 0.01262777 0.11877187
1337.66883442 0.01261477 0.11932329
1338.66933467 0.01258317 0.11929874
1339.66983492 0.01252148 0.11854469
1340.67033517 0.01251558 0.11842718
1341.67083542 0.01237831 0.11860919
1342.67133567 0.01224055 0.11827589
1343.67183592 0.01208726 0.11713633
1344.67233617 0.01192939 0.11699398
1345.67283642 0.01185590 0.11755181
1346.67333667 0.01180775 0.11687458
1347.67383692 0.01167897 0.11620343
1348.67433717 0.01160057 0.11646865
1349.67483742 0.01150595 0.11646356
1350.67533767 0.01141560 0.11629093
1351.67583792 0.01131788 0.11564556
1352.67633817 0.01119739 0.11532244
1353.67683842 0.01113040 0.11585627
1354.67733867 0.01104451 0.11542523
1355.67783892 0.01099296 0.11476246
1356.67833917 0.01098994 0.11504121
1357.67883942 0.01094228 0.11510497
1358.67933967 0.01089218 0.11485553
1359.67983992 0.01086185 0.11418128
1360.68034017 0.01075415 0.11297262
1361.68084042 0.01063271 0.11129846
1362.68134067 0.01047634 0.10919209
1363.68184092 0.01025672 0.10580182
1364.68234117 0.01002992 0.10242050
1365.68284142 0.00983886 0.09996501
1366.68334167 0.00869986 0.08504127
1367.68384192 0.00836828 0.08041627
1368.68434217 0.00805584 0.07490753
1369.68484242 0.00789141 0.07281620
1370.68534267 0.00801380 0.07571352
1371.68584292 0.00799830 0.07600715
1372.68634317 0.00797339 0.07453722
1373.68684342 0.00786632 0.07347529
1374.68734367 0.00777400 0.07194835
1375.68784392 0.00771020 0.07043720
1376.68834417 0.00761029 0.06860726
1377.68884442 0.00746826 0.06671871
1378.68934467 0.00729130 0.06538376
1379.68984492 0.00664222 0.06020156
1380.69034517 0.00731254 0.06213685
1381.69084542 0.00725381 0.06239601
1382.69134567 0.00720404 0.06252809
1383.69184592 0.00677876 0.06077805
1384.69234617 0.00679361 0.06115026
1385.69284642 0.00627538 0.05981570
1386.69334667 0.00616963 0.05954160
1387.69384692 0.00622365 0.05996929
1388.69434717 0.00596415 0.05875281
1389.69484742 0.00589779 0.05883176
1390.69534767 0.00602355 0.05943842
1391.69584792 0.00600866 0.05904850
1392.69634817 0.00599254 0.05876756
1393.69684842 0.00599362 0.05867410
1394.69734867 0.00604155 0.05901334
1395.69784892 0.00603191 0.05928549
1396.69834917 0.00595703 0.05867650
1397.69884942 0.00594356 0.05861740
1398.69934967 0.00596816 0.05917452
1399.69984992 0.00594439 0.05907440
1400.70035018 0.00586630 0.05858682
1401.70085043 0.00581979 0.05841403
1402.70135068 0.00579621 0.05843814
1403.70185093 0.00571101 0.05846015
1404.70235118 0.00560722 0.05800848
1405.70285143 0.00539689 0.05743326
1406.70335168 0.00542360 0.05786174
1407.70385193 0.00540874 0.05802436
1408.70435218 0.00535159 0.05753165
1409.70485243 0.00531977 0.05735590
1410.70535268 0.00530875 0.05751019
1411.70585293 0.00530901 0.05767329
1412.70635318 0.00523003 0.05748679
1413.70685343 0.00512498 0.05694260
1414.70735368 0.00514701 0.05712746
1415.70785393 0.00516587 0.05758457
1416.70835418 0.00509664 0.05721682
1417.70885443 0.00507512 0.05688860
1418.70935468 0.00517668 0.05772065
1419.70985493 0.00525969 0.05849408
1420.71035518 0.00523719 0.05849264
1421.71085543 0.00601534 0.06075382
1422.71135568 0.00592890 0.06058658
1423.71185593 0.00586017 0.06042232
1424.71235618 0.00582944 0.06006792
1425.71285643 0.00925554 0.09916286
1426.71335668 0.00912377 0.09892708
1427.71385693 0.00924650 0.10085123
1428.71435718 0.00920678 0.10134780
1429.71485743 0.00878372 0.10100525
1430.71535768 0.00876400 0.10077435
1431.71585793 0.00879954 0.10089057
1432.71635818 0.00892734 0.10105831
1433.71685843 0.00987034 0.10249880
1434.71735868 0.00993485 0.10236927
1435.71785893 0.01000482 0.10179639
1436.71835918 0.01006683 0.10164196
1437.71885943 0.00984130 0.10040848
1438.71935968 0.00965922 0.09909942
1439.71985993 0.00962723 0.09956288
1440.72036018 0.00971630 0.09995519
1441.72086043 0.00958393 0.09935614
1442.72136068 0.00945612 0.09904481
1443.72186093 0.00941794 0.09903960
1444.72236118 0.01007708 0.10025745
1445.72286143 0.01013690 0.10062651
1446.72336168 0.01013958 0.10086286
1447.72386193 0.01018148 0.10119258
1448.72436218 0.01004695 0.10101688
1449.72486243 0.01056222 0.10879543
1450.72536268 0.01035951 0.10920790
1451.72586293 0.01014647 0.10712126
1452.72636318 0.01012196 0.10845512
1453.72686343 0.00995091 0.10822509
1454.72736368 0.00978868 0.10734069
1455.72786393 0.00958350 0.10582977
1456.72836418 0.00931673 0.10348450
1457.72886443 0.00903580 0.10064128
1458.72936468 0.00886771 0.09840418
1459.72986493 0.00870156 0.09610815
1460.73036518 0.00852142 0.09400646
1461.73086543 0.00840786 0.09264832
1462.73136568 0.00821390 0.09083896
1463.73186593 0.00806196 0.08977471
1464.73236618 0.00794771 0.08902955
1465.73286643 0.00776329 0.08823417
1466.73336668 0.00773162 0.08849983
1467.73386693 0.00774373 0.08823557
1468.73436718 0.00778906 0.08858576
1469.73486743 0.00780486 0.08908426
1470.73536768 0.00777054 0.08907764
1471.73586793 0.00773707 0.08884721
1472.73636818 0.00767969 0.08845315
1473.73686843 0.00758819 0.08798033
1474.73736868 0.00753235 0.08788954
1475.73786893 0.00752754 0.08795334
1476.73836918 0.00823795 0.08920159
1477.73886943 0.00822136 0.08923207
1478.73936968 0.00812671 0.08877560
1479.73986993 0.00801961 0.08792265
1480.74037019 0.00790464 0.08723966
1481.74087044 0.00790369 0.08690028
1482.74137069 0.00794165 0.08670897
1483.74187094 0.00798435 0.08663608
1484.74237119 0.00803734 0.08671926
1485.74287144 0.00862196 0.08751227
1486.74337169 0.00857603 0.08736895
1487.74387194 0.00852492 0.08717772
1488.74437219 0.00852973 0.08715113
1489.74487244 0.00853190 0.08725511
1490.74537269 0.00840871 0.08715427
1491.74587294 0.00847316 0.08721124
1492.74637319 0.00850197 0.08716753
1493.74687344 0.00842437 0.08702247
1494.74737369 0.00871151 0.09353400
1495.74787394 0.00892587 0.09824236
1496.74837419 0.00899558 0.09946831
1497.74887444 0.00888362 0.09874537
1498.74937469 0.00883541 0.09899284
1499.74987494 0.00891557 0.09915525
1500.75037519 0.00888784 0.09912846
1501.75087544 0.00934036 0.09800903
1502.75137569 0.00935259 0.09374830
1503.75187594 0.00928182 0.08922766
1504.75237619 0.00907243 0.08329798
1505.75287644 0.00899572 0.07510768
1506.75337669 0.00893317 0.07327522
1507.75387694 0.00882718 0.07407830
1508.75437719 0.00912590 0.07867668
1509.75487744 0.00911327 0.07705539
1510.75537769 0.00888404 0.07371043
1511.75587794 0.00897454 0.07602987
1512.75637819 0.00900360 0.07765577
1513.75687844 0.00887442 0.07630063
1514.75737869 0.00863181 0.07407894
1515.75787894 0.00848496 0.07469364
1516.75837919 0.00834427 0.07491779
1517.75887944 0.00817912 0.07354825
1518.75937969 0.00799484 0.07250517
1519.75987994 0.00783895 0.07227823
1520.76038019 0.00776875 0.07262671
1521.76088044 0.00769938 0.07178504
1522.76138069 0.00756460 0.07081585
1523.76188094 0.00718651 0.06563242
1524.76238119 0.00747526 0.06547566
1525.76288144 0.00749496 0.06557108
1526.76338169 0.00779220 0.06884297
1527.76388194 0.00769351 0.06772642
1528.76438219 0.00773884 0.06719427
1529.76488244 0.00790917 0.06919154
1530.76538269 0.00802176 0.07066475
1531.76588294 0.00807259 0.07132578
1532.76638319 0.00740055 0.06835088
1533.76688344 0.00730995 0.06713754
1534.76738369 0.00726324 0.06586535
1535.76788394 0.00722497 0.06543006
1536.76838419 0.00713375 0.06553243
1537.76888444 0.00711537 0.06555379
1538.76938469 0.00704327 0.06536515
1539.76988494 0.00802620 0.06790470
1540.77038519 0.00794495 0.06588537
1541.77088544 0.00777870 0.06387026
1542.77138569 0.00779369 0.06367623
1543.77188594 0.00787122 0.06394812
1544.77238619 0.00786814 0.06381969
1545.77288644 0.00826855 0.06466421
1546.77338669 0.00826074 0.06467281
1547.77388694 0.00816333 0.06390846
1548.77438719 0.00805486 0.06294837
1549.77488744 0.00854128 0.06342170
1550.77538769 0.00854774 0.06324331
1551.77588794 0.00849999 0.06297081
1552.77638819 0.00838726 0.06278374
1553.77688844 0.00894194 0.06348686
1554.77738869 0.00893631 0.06297583
1555.77788894 0.00887237 0.06218181
1556.77838919 0.00897651 0.06231016
1557.77888944 0.00995357 0.06592339
1558.77938969 0.01009415 0.06698519
1559.77988994 0.01012732 0.06711023
1560.78039020 0.01031527 0.06728360
1561.78089045 0.01019754 0.06700692
1562.78139070 0.01068507 0.06779633
1563.78189095 0.01048808 0.06736976
1564.78239120 0.01031159 0.06640831
1565.78289145 0.01018646 0.06548023
1566.78339170 0.01009317 0.06465178
1567.78389195 0.00990357 0.06362701
1568.78439220 0.00976505 0.06334677
1569.78489245 0.00946977 0.06226229
1570.78539270 0.00930645 0.06156271
1571.78589295 0.00962513 0.06173048
1572.78639320 0.00957729 0.06150365
1573.78689345 0.00949721 0.06126530
1574.78739370 0.00933587 0.06027361
1575.78789395 0.00908289 0.05880868
1576.78839420 0.00978457 0.06630784
1577.78889445 0.00914898 0.05942612
1578.78939470 0.00864428 0.05864698
1579.78989495 0.00869028 0.05753400
1580.79039520 0.00887026 0.05772145
1581.79089545 0.00922464 0.05982152
1582.79139570 0.00930642 0.06038338
1583.79189595 0.00902791 0.05916381
1584.79239620 0.00886781 0.05858106
1585.79289645 0.00882330 0.05844617
1586.79339670 0.00861186 0.05768221
1587.79389695 0.00876364 0.05716492
1588.79439720 0.00903415 0.05697282
1589.79489745 0.00851398 0.05476618
1590.79539770 0.00812425 0.05331495
1591.79589795 0.00797724 0.05303668
1592.79639820 0.00798853 0.05413773
1593.79689845 0.00798996 0.05518334
1594.79739870 0.00792275 0.05529270
1595.79789895 0.00792280 0.05569137
1596.79839920 0.00795777 0.05609227
1597.79889945 0.00780360 0.05559862
1598.79939970 0.00764495 0.05503706
1599.79989995 0.00759027 0.05472233
1600.80040020 0.00753175 0.05454142
1601.80090045 0.00732183 0.05391157
1602.80140070 0.00723233 0.05319719
1603.80190095 0.00725832 0.05280350
1604.80240120 0.00732163 0.05270413
1605.80290145 0.00734553 0.05273827
1606.80340170 0.00742761 0.05280466
1607.80390195 0.00747115 0.05295550
1608.80440220 0.00743758 0.05335161
1609.80490245 0.00741833 0.05335542
1610.80540270 0.00733344 0.05316418
1611.80590295 0.00728414 0.05280231
1612.80640320 0.00720095 0.05244785
1613.80690345 0.00716666 0.05267650
1614.80740370 0.00706663 0.05218080
1615.80790395 0.00695535 0.05156587
1616.80840420 0.00697155 0.05189153
1617.80890445 0.00692019 0.05175746
1618.80940470 0.00685239 0.05150755
1619.80990495 0.00680568 0.05150367
1620.81040520 0.00676144 0.05125319
1621.81090545 0.00720486 0.05229093
1622.81140570 0.00721580 0.05217166
1623.81190595 0.00720796 0.05216100
1624.81240620 0.00721535 0.05217667
1625.81290645 0.00719479 0.05201534
1626.81340670 0.00711240 0.05176430
1627.81390695 0.00706457 0.05157718
1628.81440720 0.00703741 0.05152235
1629.81490745 0.00722578 0.05150658
1630.81540770 0.00725244 0.05148935
1631.81590795 0.00729769 0.05178492
1632.81640820 0.00758505 0.05217226
1633.81690845 0.00755641 0.05202431
1634.81740870 0.00743675 0.05182229
1635.81790895 0.00739910 0.05179377
1636.81840920 0.00740529 0.05185849
1637.81890945 0.00712525 0.05122676
1638.81940970 0.00705787 0.05109926
1639.81990995 0.00703453 0.05113637
1640.82041021 0.00703849 0.05123131
1641.82091046 0.00846084 0.05644864
1642.82141071 0.00843331 0.05649272
1643.82191096 0.00845387 0.05685756
1644.82241121 0.00864396 0.05844716
1645.82291146 0.00870214 0.05879044
1646.82341171 0.00880870 0.05948695
1647.82391196 0.00881711 0.05975578
1648.82441221 0.00872439 0.05913912
1649.82491246 0.00871938 0.05926051
1650.82541271 0.00859401 0.05843087
1651.82591296 0.00930426 0.06061498
1652.82641321 0.00918168 0.05985380
1653.82691346 0.00893477 0.05819122
1654.82741371 0.00859841 0.05620641
1655.82791396 0.00853506 0.05522823
1656.82841421 0.00877194 0.05653174
1657.82891446 0.00886153 0.05729587
1658.82941471 0.00823846 0.05552271
1659.82991496 0.00820554 0.05619852
1660.83041521 0.00813634 0.05610097
1661.83091546 0.00814342 0.05651531
1662.83141571 0.00838681 0.05746623
1663.83191596 0.00834573 0.05747278
1664.83241621 0.00842378 0.05661263
1665.83291646 0.00813178 0.05346671
1666.83341671 0.00852343 0.05443908
1667.83391696 0.00885988 0.05563802
1668.83441721 0.00887505 0.05612462
1669.83491746 0.00902971 0.05744421
1670.83541771 0.00918420 0.05527405
1671.83591796 0.00942159 0.05668976
1672.83641821 0.00944067 0.05657602
1673.83691846 0.00937964 0.05601003
1674.83741871 0.00933686 0.05558523
1675.83791896 0.00960871 0.05558227
1676.83841921 0.01013661 0.05682300
1677.83891946 0.00999970 0.05641734
1678.83941971 0.01010304 0.05822106
1679.83991996 0.01006984 0.05877902
1680.84042021 0.00982356 0.05764666
1681.84092046 0.00989417 0.05897026
1682.84142071 0.00983558 0.05928751
1683.84192096 0.00965575 0.05843298
1684.84242121 0.00937343 0.05800832
1685.84292146 0.00941595 0.05840667
1686.84342171 0.00942433 0.05883113
1687.84392196 0.00924330 0.05808724
1688.84442221 0.01001535 0.06122540
1689.84492246 0.01030723 0.06260549
1690.84542271 0.01038510 0.06237624
1691.84592296 0.01041246 0.06199280
1692.84642321 0.01032174 0.06122468
1693.84692346 0.01023007 0.06052877
1694.84742371 0.01012957 0.05991286
1695.84792396 0.00998176 0.05928487
1696.84842421 0.01045170 0.06050950
1697.84892446 0.01034362 0.06037807
1698.84942471 0.01034750 0.05990062
1699.84992496 0.01012566 0.05882679
1700.85042521 0.01007364 0.05824529
1701.85092546 0.01000893 0.05785221
1702.85142571 0.00996562 0.05775084
1703.85192596 0.00991032 0.05736384
1704.85242621 0.01044625 0.05845173
1705.85292646 0.01034620 0.05782938
1706.85342671 0.01004818 0.05644101
1707.85392696 0.01004283 0.05610219
1708.85442721 0.00953160 0.05195375
1709.85492746 0.00976304 0.05447753
1710.85542771 0.00952273 0.05392107
1711.85592796 0.00961978 0.05629692
1712.85642821 0.00968857 0.05851968
1713.85692846 0.00988105 0.06059244
1714.85742871 0.00972667 0.06043444
1715.85792896 0.00947789 0.05974778
1716.85842921 0.01030729 0.06249949
1717.85892946 0.01017952 0.06179537
1718.85942971 0.01000302 0.06103379
1719.85992996 0.00963728 0.05888688
1720.86043022 0.01020139 0.05970121
1721.86093047 0.01000150 0.05806394
1722.86143072 0.00972210 0.05611180
1723.86193097 0.00951139 0.05450589
1724.86243122 0.00948809 0.05432491
1725.86293147 0.01053787 0.05896101
1726.86343172 0.01057844 0.05960060
1727.86393197 0.01047345 0.05971446
1728.86443222 0.01039492 0.05975901
1729.86493247 0.01107099 0.06166506
1730.86543272 0.01098238 0.06090349
1731.86593297 0.01083998 0.06006535
1732.86643322 0.01061457 0.05882950
1733.86693347 0.01057642 0.05861355
1734.86743372 0.01047224 0.05796738
1735.86793397 0.01041809 0.05768621
1736.86843422 0.01036815 0.05776567
1737.86893447 0.01004068 0.05584292
1738.86943472 0.00986645 0.05475609
1739.86993497 0.00992380 0.05499995
1740.87043522 0.00982991 0.05453949
1741.87093547 0.00985517 0.05497030
1742.87143572 0.00984374 0.05522942
1743.87193597 0.00982970 0.05506864
1744.87243622 0.00996669 0.05483558
1745.87293647 0.00975122 0.05393017
1746.87343672 0.00954248 0.05306925
1747.87393697 0.00943319 0.05233966
1748.87443722 0.01016079 0.05504320
1749.87493747 0.01005966 0.05478820
1750.87543772 0.01040869 0.05797721
1751.87593797 0.01027358 0.05717967
1752.87643822 0.01018591 0.05667693
1753.87693847 0.01023817 0.05692358
1754.87743872 0.01016492 0.05665728
1755.87793897 0.00991847 0.05627526
1756.87843922 0.00979638 0.05584863
1757.87893947 0.00972073 0.05530507
1758.87943972 0.00957965 0.05446872
1759.87993997 0.00953246 0.05375891
1760.88044022 0.00957974 0.05347619
1761.88094047 0.00956963 0.05285836
1762.88144072 0.00954998 0.05237063
1763.88194097 0.00953210 0.05218137
1764.88244122 0.00945471 0.05192731
1765.88294147 0.00925172 0.05124946
1766.88344172 0.00998661 0.05370683
1767.88394197 0.00994982 0.05358072
1768.88444222 0.00956462 0.05182267
1769.88494247 0.01039385 0.05544795
1770.88544272 0.01034354 0.05554747
1771.88594297 0.01016128 0.05489811
1772.88644322 0.00938924 0.05075595
1773.88694347 0.00905535 0.04932156
1774.88744372 0.00876610 0.04812924
1775.88794397 0.00872610 0.04764611
1776.88844422 0.00870300 0.04765225
1777.88894447 0.00949781 0.05125656
1778.88944472 0.00947604 0.05177540
1779.88994497 0.00938571 0.05124851
1780.89044522 0.00919406 0.05028347
1781.89094547 0.00901848 0.04958027
1782.89144572 0.00880629 0.04865980
1783.89194597 0.00859019 0.04744146
1784.89244622 0.00793444 0.04388659
1785.89294647 0.00790080 0.04356917
1786.89344672 0.00835269 0.04466095
1787.89394697 0.00831851 0.04418946
1788.89444722 0.00894273 0.04613942
1789.89494747 0.00890574 0.04647087
1790.89544772 0.00875382 0.04611144
1791.89594797 0.00856773 0.04532808
1792.89644822 0.00855267 0.04526830
1793.89694847 0.00851879 0.04489314
1794.89744872 0.00842913 0.04435861
1795.89794897 0.00830886 0.04396459
1796.89844922 0.00777003 0.04108078
1797.89894947 0.00772641 0.04077210
1798.89944972 0.00766805 0.04020804
1799.89994997 0.00762823 0.03999777
1800.90045023 0.00759872 0.03971242
1801.90095048 0.00756625 0.03984719
1802.90145073 0.00757778 0.03985700
1803.90195098 0.00753905 0.03965066
1804.90245123 0.00733282 0.03829276
1805.90295148 0.00819736 0.04271932
1806.90345173 0.00810926 0.04344275
1807.90395198 0.00793205 0.04269059
1808.90445223 0.00781385 0.04190101
1809.90495248 0.00767805 0.04124904
1810.90545273 0.00765184 0.04171448
1811.90595298 0.00818182 0.04355670
1812.90645323 0.00803009 0.04209847
1813.90695348 0.00807294 0.04211549
1814.90745373 0.00811995 0.04234088
1815.90795398 0.00826008 0.04287929
1816.90845423 0.00826777 0.04299705
1817.90895448 0.00822315 0.04292865
1818.90945473 0.00896694 0.04718110
1819.90995498 0.00902684 0.04855618
1820.91045523 0.00898275 0.04932647
1821.91095548 0.00890629 0.04998531
1822.91145573 0.00879201 0.05060353
1823.91195598 0.00853962 0.05079899
1824.91245623 0.00913801 0.05298942
1825.91295648 0.00953019 0.05369336
1826.91345673 0.00937924 0.05289712
1827.91395698 0.00923415 0.05172607
1828.91445723 0.00907414 0.05042864
1829.91495748 0.00886739 0.04873328
1830.91545773 0.00855220 0.04683453
1831.91595798 0.00852105 0.04600130
1832.91645823 0.00836125 0.04569415
1833.91695848 0.00825151 0.04526026
1834.91745873 0.00814053 0.04480435
1835.91795898 0.00872970 0.04927121
1836.91845923 0.00848666 0.04716044
1837.91895948 0.00838526 0.04623110
1838.91945973 0.00818862 0.04470657
1839.91995998 0.00797400 0.04313779
1840.92046023 0.00788325 0.04269367
1841.92096048 0.00780997 0.04220283
1842.92146073 0.00760493 0.04106657
1843.92196098 0.00745905 0.04058162
1844.92246123 0.00871542 0.04635811
1845.92296148 0.00856604 0.04585387
1846.92346173 0.00845003 0.04560539
1847.92396198 0.00831786 0.04562051
1848.92446223 0.00822081 0.04568307
1849.92496248 0.00822382 0.04590287
1850.92546273 0.00821533 0.04591335
1851.92596298 0.00816521 0.04579106
1852.92646323 0.00813162 0.04574227
1853.92696348 0.00807120 0.04543788
1854.92746373 0.00794169 0.04477576
1855.92796398 0.00783756 0.04411097
1856.92846423 0.00775977 0.04377683
1857.92896448 0.00762312 0.04322411
1858.92946473 0.00756986 0.04288703
1859.92996498 0.00754197 0.04284137
1860.93046523 0.00737551 0.04244559
1861.93096548 0.00726844 0.04228662
1862.93146573 0.00722180 0.04213823
1863.93196598 0.00714475 0.04177581
1864.93246623 0.00707248 0.04153178
1865.93296648 0.00708855 0.04149287
1866.93346673 0.00754993 0.04289052
1867.93396698 0.00733123 0.04227980
1868.93446723 0.00733336 0.04215901
1869.93496748 0.00727834 0.04203373
1870.93546773 0.00723143 0.04163889
1871.93596798 0.00796064 0.04453135
1872.93646823 0.00792866 0.04439040
1873.93696848 0.00790334 0.04454089
1874.93746873 0.00792608 0.04493726
1875.93796898 0.00788130 0.04520496
1876.93846923 0.00781941 0.04525215
1877.93896948 0.00872416 0.04974308
1878.93946973 0.00871375 0.05001143
1879.93996998 0.00854676 0.04981545
1880.94047024 0.00842797 0.04958508
1881.94097049 0.00839304 0.04949636
1882.94147074 0.00828536 0.04886839
1883.94197099 0.00792713 0.04642264
1884.94247124 0.00794717 0.04678366
1885.94297149 0.00800930 0.04750387
1886.94347174 0.00808648 0.04823766
1887.94397199 0.00808714 0.04851541
1888.94447224 0.00796311 0.04806161
1889.94497249 0.00782893 0.04743542
1890.94547274 0.00774553 0.04702077
1891.94597299 0.00762913 0.04658862
1892.94647324 0.00750909 0.04603170
1893.94697349 0.00751326 0.04551944
1894.94747374 0.00750492 0.04501278
1895.94797399 0.00742266 0.04417941
1896.94847424 0.00736789 0.04329669
1897.94897449 0.00730670 0.04242585
1898.94947474 0.00726478 0.04187773
1899.94997499 0.00722588 0.04185350
1900.95047524 0.00718780 0.04171353
1901.95097549 0.00715142 0.04153659
1902.95147574 0.00681390 0.03900798
1903.95197599 0.00672556 0.03857866
1904.95247624 0.00663837 0.03839759
1905.95297649 0.00672252 0.03823655
1906.95347674 0.00670818 0.03831425
1907.95397699 0.00667062 0.03885957
1908.95447724 0.00677652 0.03919977
1909.95497749 0.00679687 0.03931017
1910.95547774 0.00679999 0.03939473
1911.95597799 0.00679790 0.03936709
1912.95647824 0.00749320 0.04207072
1913.95697849 0.00740287 0.04161465
1914.95747874 0.00736843 0.04140801
1915.95797899 0.00717685 0.04070893
1916.95847924 0.00702075 0.03999171
1917.95897949 0.00680446 0.03910850
1918.95947974 0.00660736 0.03826451
1919.95997999 0.00645086 0.03744555
1920.96048024 0.00632029 0.03672443
1921.96098049 0.00619556 0.03612034
1922.96148074 0.00602004 0.03510129
1923.96198099 0.00578025 0.03404760
1924.96248124 0.00579859 0.03431913
1925.96298149 0.00579717 0.03483673
1926.96348174 0.00576344 0.03527000
1927.96398199 0.00577642 0.03596896
1928.96448224 0.00571467 0.03620802
1929.96498249 0.00564701 0.03632389
1930.96548274 0.00561102 0.03611188
1931.96598299 0.00549331 0.03539828
1932.96648324 0.00641549 0.03896183
1933.96698349 0.00630690 0.03843546
1934.96748374 0.00636440 0.03810947
1935.96798399 0.00570671 0.03465757
1936.96848424 0.00562554 0.03420921
1937.96898449 0.00561256 0.03430383
1938.96948474 0.00545237 0.03257066
1939.96998499 0.00542149 0.03252019
1940.97048524 0.00537603 0.03241345
1941.97098549 0.00535653 0.03298255
1942.97148574 0.00537947 0.03341384
1943.97198599 0.00538918 0.03368642
1944.97248624 0.00533778 0.03393524
1945.97298649 0.00498206 0.02960268
1946.97348674 0.00495015 0.02920031
1947.97398699 0.00602985 0.03712884
1948.97448724 0.00603661 0.03715212
1949.97498749 0.00593464 0.03669240
1950.97548774 0.00697897 0.04353043
1951.97598799 0.00688259 0.04271059
1952.97648824 0.00792197 0.04841941
1953.97698849 0.00790116 0.05028270
1954.97748874 0.00785310 0.05156957
1955.97798899 0.00780513 0.05243839
1956.97848924 0.00789064 0.05476223
1957.97898949 0.00792775 0.05671168
1958.97948974 0.00783158 0.05806872
1959.97998999 0.00781261 0.05880133
1960.98049025 0.00780367 0.05940641
1961.98099050 0.00783145 0.05977472
1962.98149075 0.00777590 0.05983695
1963.98199100 0.00766879 0.05918108
1964.98249125 0.00760807 0.05791411
1965.98299150 0.00754962 0.05578668
1966.98349175 0.00754036 0.05315858
1967.98399200 0.00752045 0.05123717
1968.98449225 0.00740501 0.04906215
1969.98499250 0.00704956 0.04548446
1970.98549275 0.00714947 0.04668467
1971.98599300 0.00716157 0.04700705
1972.98649325 0.00715245 0.04756402
1973.98699350 0.00708716 0.04710389
1974.98749375 0.00692506 0.04553190
1975.98799400 0.00680281 0.04442180
1976.98849425 0.00664820 0.04314392
1977.98899450 0.00654958 0.04287891
1978.98949475 0.00645434 0.04352978
1979.98999500 0.00637475 0.04395399
1980.99049525 0.00627297 0.04425404
1981.99099550 0.00617508 0.04350286
1982.99149575 0.00610162 0.04210518
1983.99199600 0.00605009 0.04047376
1984.99249625 0.00599727 0.03916988
1985.99299650 0.00587284 0.03833300
1986.99349675 0.00599745 0.03914681
1987.99399700 0.00576815 0.03845704
1988.99449725 0.00572890 0.03834519
1989.99499750 0.00571207 0.03790749
1990.99549775 0.00560719 0.03715025
1991.99599800 0.00547315 0.03583275
1992.99649825 0.00539965 0.03474537
1993.99699850 0.00528457 0.03431633
1994.99749875 0.00513653 0.03404145
1995.99799900 0.00505972 0.03408786
1996.99849925 0.00498347 0.03408543
1997.99899950 0.00490505 0.03381206
1998.99949975 0.00483144 0.03344139
2000.00000000 0.00471394 0.03243448
