0.00000000 5.00000000
0.05001250 5.00203055
0.10002501 5.00433248
0.15003751 5.00269103
0.20005001 5.00187317
0.25006252 5.00132406
0.30007502 5.00109356
0.35008752 5.00015317
0.40010003 4.99957525
0.45011253 4.99801919
0.50012503 4.99692082
0.55013753 4.99513092
0.60015004 4.99338526
0.65016254 4.99161794
0.70017504 4.99111233
0.75018755 4.98725558
0.80020005 4.98628303
0.85021255 4.98250431
0.90022506 4.98120076
0.95023756 4.98029412
1.00025006 4.98096356
1.05026257 4.98086171
1.10027507 4.97570266
1.15028757 4.96921108
1.20030008 4.96672607
1.25031258 4.96115075
1.30032508 4.95804893
1.35033758 4.94954845
1.40035009 4.94437020
1.45036259 4.94063096
1.50037509 4.93821440
1.55038760 4.93563514
1.60040010 4.92684954
1.65041260 4.92179755
1.70042511 4.91751399
1.75043761 4.91196254
1.80045011 4.90573223
1.85046262 4.90084735
1.90047512 4.89768867
1.95048762 4.89215929
2.00050013 4.89090233
2.05051263 4.88899027
2.10052513 4.88214408
2.15053763 4.87946239
2.20055014 4.87215590
2.25056264 4.86835912
2.30057514 4.86734263
2.35058765 4.85715683
2.40060015 4.85277699
2.45061265 4.84810066
2.50062516 4.84026541
2.55063766 4.83315498
2.60065016 4.82614710
2.65066267 4.82411886
2.70067517 4.82081850
2.75068767 4.81781561
2.80070018 4.81519118
2.85071268 4.80829109
2.90072518 4.80046535
2.95073768 4.79767121
3.00075019 4.79143971
3.05076269 4.78754216
3.10077519 4.78278674
3.15078770 4.77446779
3.20080020 4.76920224
3.25081270 4.75963040
3.30082521 4.75696618
3.35083771 4.75303824
3.40085021 4.74881453
3.45086272 4.74506971
3.50087522 4.73987810
3.55088772 4.72935203
3.60090023 4.72036507
3.65091273 4.71401845
3.70092523 4.71110944
3.75093773 4.70400592
3.80095024 4.69953404
3.85096274 4.69227668
3.90097524 4.68740356
3.95098775 4.68251853
4.00100025 4.68057773
4.05101275 4.67229033
4.10102526 4.66746265
4.15103776 4.66547633
4.20105026 4.66193447
4.25106277 4.65669816
4.30107527 4.65216766
4.35108777 4.64601713
4.40110028 4.64051124
4.45111278 4.63836511
4.50112528 4.63313143
4.55113778 4.62893884
4.60115029 4.62187954
4.65116279 4.61361944
4.70117529 4.60605206
4.75118780 4.60056535
4.80120030 4.59651137
4.85121280 4.59291395
4.90122531 4.58649012
4.95123781 4.58094504
5.00125031 4.57880530
5.05126282 4.57059997
5.10127532 4.56779060
5.15128782 4.56096461
5.20130033 4.55631550
5.25131283 4.55157336
5.30132533 4.55031471
5.35133783 4.54766027
5.40135034 4.54387472
5.45136284 4.53984889
5.50137534 4.53551086
5.55138785 4.53284750
5.60140035 4.52787137
5.65141285 4.52020375
5.70142536 4.51517413
5.75143786 4.51202507
5.80145036 4.50485553
5.85146287 4.50202994
5.90147537 4.49853101
5.95148787 4.49191002
6.00150038 4.48976976
6.05151288 4.48808601
6.10152538 4.48114143
6.15153788 4.47610193
6.20155039 4.47066829
6.25156289 4.46912405
6.30157539 4.46358398
6.35158790 4.45939497
6.40160040 4.45458859
6.45161290 4.44799302
6.50162541 4.44347335
6.55163791 4.43539186
6.60165041 4.42211213
6.65166292 4.42104614
6.70167542 4.41282969
6.75168792 4.40164998
6.80170043 4.39691502
6.85171293 4.39205677
6.90172543 4.38768213
6.95173793 4.38068327
7.00175044 4.37470143
7.05176294 4.36426226
7.10177544 4.35764529
7.15178795 4.34561971
7.20180045 4.34527520
7.25181295 4.34193541
7.30182546 4.33484545
7.35183796 4.32610510
7.40185046 4.31912101
7.45186297 4.31546902
7.50187547 4.31217633
7.55188797 4.31158755
7.60190048 4.30913757
7.65191298 4.30169029
7.70192548 4.30055968
7.75193798 4.29086024
7.80195049 4.28812314
7.85196299 4.28404219
7.90197549 4.27610917
7.95198800 4.26874639
8.00200050 4.26232522
8.05201300 4.25743531
8.10202551 4.25203507
8.15203801 4.24272159
8.20205051 4.23718427
8.25206302 4.23762822
8.30207552 4.22949812
8.35208802 4.22435395
8.40210053 4.21583118
8.45211303 4.21006958
8.50212553 4.20916472
8.55213803 4.20419387
8.60215054 4.19915555
8.65216304 4.19504308
8.70217554 4.18944647
8.75218805 4.18300973
8.80220055 4.17956039
8.85221305 4.16980880
8.90222556 4.16034677
8.95223806 4.15484452
9.00225056 4.15294421
9.05226307 4.14803988
9.10227557 4.14464700
9.15228807 4.13940383
9.20230058 4.13158120
9.25231308 4.12891061
9.30232558 4.12714142
9.35233808 4.12029422
9.40235059 4.11996454
9.45236309 4.10941245
9.50237559 4.10749253
9.55238810 4.10154032
9.60240060 4.10058025
9.65241310 4.09613739
9.70242561 4.08626590
9.75243811 4.08367463
9.80245061 4.07659693
9.85246312 4.07060964
9.90247562 4.06552988
9.95248812 4.06224323
10.00250063 4.05992275
10.05251313 4.05572363
10.10252563 4.04757765
10.15253813 4.04270821
10.20255064 4.03522290
10.25256314 4.03261483
10.30257564 4.02478992
10.35258815 4.02027192
10.40260065 4.01540763
10.45261315 4.01484017
10.50262566 4.01359204
10.55263816 4.00225995
10.60265066 3.99667172
10.65266317 3.99447707
10.70267567 3.98587097
10.75268817 3.98003781
10.80270068 3.97627899
10.85271318 3.97499840
10.90272568 3.96777116
10.95273818 3.96488931
11.00275069 3.96146255
11.05276319 3.95672385
11.10277569 3.95026629
11.15278820 3.94818053
11.20280070 3.94450053
11.25281320 3.94085904
11.30282571 3.92985306
11.35283821 3.92470480
11.40285071 3.92014341
11.45286322 3.91704812
11.50287572 3.91056344
11.55288822 3.90264647
11.60290073 3.90231701
11.65291323 3.89460239
11.70292573 3.89369860
11.75293823 3.89120763
11.80295074 3.88724057
11.85296324 3.88287048
11.90297574 3.88048982
11.95298825 3.87506527
12.00300075 3.87020936
12.05301325 3.86704334
12.10302576 3.86227315
12.15303826 3.85573104
12.20305076 3.85043726
12.25306327 3.84752506
12.30307577 3.84182763
12.35308827 3.83465697
12.40310078 3.83251240
12.45311328 3.82822222
12.50312578 3.82084723
12.55313828 3.81814017
12.60315079 3.81201482
12.65316329 3.80361220
12.70317579 3.78927474
12.75318830 3.78179198
12.80320080 3.78056032
12.85321330 3.77497530
12.90322581 3.77426402
12.95323831 3.77327275
13.00325081 3.76697033
13.05326332 3.76363704
13.10327582 3.75732032
13.15328832 3.75218750
13.20330083 3.74560240
13.25331333 3.74217536
13.30332583 3.74217775
13.35333833 3.73687242
13.40335084 3.73527665
13.45336334 3.73279217
13.50337584 3.72824897
13.55338835 3.72463110
13.60340085 3.71773368
13.65341335 3.71387220
13.70342586 3.71051012
13.75343836 3.70151738
13.80345086 3.69858935
13.85346337 3.69355502
13.90347587 3.68925129
13.95348837 3.68915760
14.00350088 3.68848847
14.05351338 3.68239400
14.10352588 3.67646616
14.15353838 3.66681455
14.20355089 3.65975852
14.25356339 3.65525175
14.30357589 3.65037186
14.35358840 3.64587623
14.40360090 3.64167384
14.45361340 3.63482936
14.50362591 3.63177976
14.55363841 3.62771546
14.60365091 3.61701369
14.65366342 3.61301385
14.70367592 3.61058349
14.75368842 3.60422645
14.80370093 3.59866040
14.85371343 3.59693262
14.90372593 3.59285789
14.95373843 3.58914157
15.00375094 3.58592876
15.05376344 3.57941534
15.10377594 3.57585639
15.15378845 3.57183853
15.20380095 3.56581294
15.25381345 3.55843590
15.30382596 3.55160201
15.35383846 3.54524310
15.40385096 3.53845040
15.45386347 3.53388987
15.50387597 3.53009693
15.55388847 3.52422458
15.60390098 3.52340461
15.65391348 3.51791253
15.70392598 3.51236210
15.75393848 3.50755534
15.80395099 3.50288931
15.85396349 3.49959309
15.90397599 3.49618528
15.95398850 3.49537584
16.00400100 3.49399910
16.05401350 3.49038321
16.10402601 3.48467738
16.15403851 3.48137982
16.20405101 3.47971384
16.25406352 3.47427289
16.30407602 3.47244114
16.35408852 3.46771057
16.40410103 3.46495154
16.45411353 3.45927818
16.50412603 3.45742148
16.55413853 3.45470094
16.60415104 3.45382922
16.65416354 3.44386825
16.70417604 3.43901625
16.75418855 3.43295145
16.80420105 3.43070171
16.85421355 3.42345234
16.90422606 3.41643440
16.95423856 3.40968076
17.00425106 3.40554914
17.05426357 3.40251004
17.10427607 3.39382790
17.15428857 3.38639333
17.20430108 3.38200193
17.25431358 3.37896616
17.30432608 3.37304490
17.35433858 3.36589523
17.40435109 3.35899245
17.45436359 3.35566463
17.50437609 3.35276475
17.55438860 3.34377032
17.60440110 3.33933269
17.65441360 3.33850309
17.70442611 3.32759722
17.75443861 3.32333855
17.80445111 3.31723762
17.85446362 3.31645630
17.90447612 3.31237142
17.95448862 3.30863560
18.00450113 3.30594071
18.05451363 3.30115100
18.10452613 3.29596205
18.15453863 3.29205517
18.20455114 3.28869571
18.25456364 3.28687242
18.30457614 3.28006954
18.35458865 3.27545795
18.40460115 3.27129028
18.45461365 3.26480495
18.50462616 3.26389015
18.55463866 3.25952196
18.60465116 3.25546309
18.65466367 3.24932919
18.70467617 3.24445360
18.75468867 3.24110602
18.80470118 3.23995351
18.85471368 3.23743600
18.90472618 3.23717240
18.95473868 3.23239492
19.00475119 3.23067786
19.05476369 3.22737346
19.10477619 3.21916635
19.15478870 3.21813937
19.20480120 3.21164739
19.25481370 3.21090915
19.30482621 3.20977121
19.35483871 3.20356846
19.40485121 3.20141502
19.45486372 3.19333284
19.50487622 3.18615473
19.55488872 3.18419956
19.60490123 3.17357708
19.65491373 3.17021383
19.70492623 3.16695124
19.75493873 3.16417116
19.80495124 3.15677743
19.85496374 3.15376776
19.90497624 3.15146409
19.95498875 3.14460215
20.00500125 3.13969449
20.05501375 3.13672360
20.10502626 3.13017146
20.15503876 3.12539763
20.20505126 3.12298270
20.25506377 3.11833927
20.30507627 3.11213976
20.35508877 3.10753453
20.40510128 3.10157601
20.45511378 3.09893115
20.50512628 3.09708883
20.55513878 3.08754714
20.60515129 3.08435246
20.65516379 3.08151919
20.70517629 3.07647696
20.75518880 3.07448940
20.80520130 3.06812639
20.85521380 3.06208697
20.90522631 3.05830859
20.95523881 3.05555573
21.00525131 3.05259482
21.05526382 3.04998107
21.10527632 3.04336309
21.15528882 3.04104877
21.20530133 3.03895911
21.25531383 3.03382482
21.30532633 3.02898625
21.35533883 3.02647382
21.40535134 3.02370897
21.45536384 3.01878768
21.50537634 3.01450516
21.55538885 3.00960624
21.60540135 3.00037965
21.65541385 2.99542590
21.70542636 2.99048290
21.75543886 2.98879889
21.80545136 2.98400331
21.85546387 2.98035274
21.90547637 2.97659694
21.95548887 2.97038398
22.00550138 2.96378689
22.05551388 2.95990395
22.10552638 2.95700489
22.15553888 2.95453577
22.20555139 2.94779133
22.25556389 2.94186639
22.30557639 2.93212902
22.35558890 2.92786136
22.40560140 2.92339170
22.45561390 2.91827387
22.50562641 2.91201993
22.55563891 2.90512951
22.60565141 2.90215689
22.65566392 2.89828781
22.70567642 2.89672325
22.75568892 2.89113175
22.80570143 2.88821527
22.85571393 2.88607659
22.90572643 2.88055374
22.95573893 2.87908509
23.00575144 2.87524848
23.05576394 2.87153345
23.10577644 2.87096341
23.15578895 2.86934940
23.20580145 2.86724837
23.25581395 2.86176427
23.30582646 2.85719337
23.35583896 2.84887746
23.40585146 2.84441343
23.45586397 2.83962682
23.50587647 2.83577899
23.55588897 2.82983835
23.60590148 2.82337491
23.65591398 2.81658424
23.70592648 2.81355756
23.75593898 2.80999961
23.80595149 2.80153934
23.85596399 2.79520995
23.90597649 2.79091494
23.95598900 2.78864528
24.00600150 2.78479320
24.05601400 2.78200227
24.10602651 2.78086143
24.15603901 2.77726564
24.20605151 2.77553626
24.25606402 2.77074097
24.30607652 2.76664545
24.35608902 2.76330910
24.40610153 2.76202710
24.45611403 2.76102178
24.50612653 2.76013714
24.55613903 2.75559634
24.60615154 2.75299365
24.65616404 2.75179955
24.70617654 2.74876459
24.75618905 2.74685648
24.80620155 2.74300787
24.85621405 2.73990239
24.90622656 2.73837012
24.95623906 2.73537628
25.00625156 2.72928660
25.05626407 2.72332680
25.10627657 2.71874110
25.15628907 2.71820822
25.20630158 2.71463424
25.25631408 2.71401896
25.30632658 2.70958880
25.35633908 2.70404285
25.40635159 2.69854717
25.45636409 2.69373188
25.50637659 2.68956169
25.55638910 2.68471452
25.60640160 2.68292784
25.65641410 2.67803720
25.70642661 2.67445712
25.75643911 2.67338543
25.80645161 2.66547106
25.85646412 2.66290307
25.90647662 2.65748491
25.95648912 2.65322618
26.00650163 2.64840846
26.05651413 2.64386206
26.10652663 2.64086936
26.15653913 2.63752661
26.20655164 2.63304003
26.25656414 2.62774775
26.30657664 2.62533621
26.35658915 2.62223238
26.40660165 2.61760679
26.45661415 2.61217831
26.50662666 2.60979684
26.55663916 2.60862302
26.60665166 2.60518679
26.65666417 2.60285862
26.70667667 2.59842496
26.75668917 2.59632997
26.80670168 2.59295337
26.85671418 2.58785201
26.90672668 2.58388978
26.95673918 2.58120898
27.00675169 2.57578030
27.05676419 2.57138381
27.10677669 2.56732521
27.15678920 2.56681022
27.20680170 2.55851246
27.25681420 2.55359984
27.30682671 2.55036824
27.35683921 2.54309363
27.40685171 2.54075917
27.45686422 2.53855728
27.50687672 2.53154802
27.55688922 2.53060758
27.60690173 2.52917161
27.65691423 2.52524936
27.70692673 2.52333959
27.75693923 2.52014485
27.80695174 2.51738880
27.85696424 2.51482679
27.90697674 2.51287696
27.95698925 2.50957356
28.00700175 2.50362009
28.05701425 2.50109148
28.10702676 2.49899264
28.15703926 2.49481736
28.20705176 2.49388115
28.25706427 2.49079010
28.30707677 2.48421023
28.35708927 2.47378642
28.40710178 2.46983581
28.45711428 2.46832921
28.50712678 2.46200394
28.55713928 2.45701238
28.60715179 2.45360526
28.65716429 2.45200168
28.70717679 2.44746951
28.75718930 2.44242164
28.80720180 2.43782944
28.85721430 2.43344780
28.90722681 2.42863259
28.95723931 2.42414538
29.00725181 2.42068837
29.05726432 2.41745398
29.10727682 2.41299340
29.15728932 2.40856734
29.20730183 2.40655583
29.25731433 2.40528598
29.30732683 2.40298662
29.35733933 2.40219854
29.40735184 2.39767680
29.45736434 2.39465755
29.50737684 2.38907096
29.55738935 2.38582753
29.60740185 2.38099832
29.65741435 2.37467153
29.70742686 2.36805851
29.75743936 2.36195012
29.80745186 2.35643659
29.85746437 2.35549875
29.90747687 2.35402851
29.95748937 2.35127087
30.00750188 2.34448895
30.05751438 2.34023393
30.10752688 2.33552277
30.15753938 2.33069462
30.20755189 2.32884226
30.25756439 2.32692207
30.30757689 2.32533596
30.35758940 2.32484974
30.40760190 2.32101057
30.45761440 2.31847075
30.50762691 2.31146641
30.55763941 2.31080678
30.60765191 2.30721617
30.65766442 2.30640543
30.70767692 2.30336729
30.75768942 2.30023568
30.80770193 2.29618790
30.85771443 2.29671218
30.90772693 2.29177201
30.95773943 2.28822944
31.00775194 2.28610028
31.05776444 2.28318607
31.10777694 2.27875868
31.15778945 2.27530723
31.20780195 2.26978039
31.25781445 2.26494273
31.30782696 2.26387441
31.35783946 2.25639236
31.40785196 2.24890411
31.45786447 2.24608369
31.50787697 2.24396422
31.55788947 2.23514065
31.60790198 2.23312284
31.65791448 2.23061830
31.70792698 2.22741301
31.75793948 2.22301306
31.80795199 2.22019699
31.85796449 2.21908639
31.90797699 2.21538623
31.95798950 2.21181520
32.00800200 2.21121052
32.05801450 2.20719292
32.10802701 2.19686049
32.15803951 2.19032169
32.20805201 2.18941572
32.25806452 2.18728938
32.30807702 2.18458718
32.35808952 2.18200307
32.40810203 2.18026302
32.45811453 2.17717082
32.50812703 2.17424048
32.55813953 2.17280631
32.60815204 2.17046360
32.65816454 2.16738319
32.70817704 2.16533269
32.75818955 2.16269185
32.80820205 2.15870712
32.85821455 2.15740612
32.90822706 2.15660957
32.95823956 2.15285150
33.00825206 2.14943146
33.05826457 2.14562404
33.10827707 2.14148953
33.15828957 2.13580844
33.20830208 2.13131462
33.25831458 2.12381208
33.30832708 2.12207542
33.35833958 2.11968515
33.40835209 2.11539134
33.45836459 2.11048279
33.50837709 2.10715557
33.55838960 2.10443070
33.60840210 2.10062883
33.65841460 2.09776909
33.70842711 2.09570276
33.75843961 2.09300885
33.80845211 2.09009256
33.85846462 2.08486273
33.90847712 2.08106884
33.95848962 2.07757573
34.00850213 2.07451911
34.05851463 2.07037585
34.10852713 2.06791909
34.15853963 2.06518756
34.20855214 2.06408575
34.25856464 2.05794081
34.30857714 2.05611304
34.35858965 2.05320787
34.40860215 2.05134522
34.45861465 2.04988694
34.50862716 2.04432738
34.55863966 2.03999098
34.60865216 2.03202349
34.65866467 2.03122056
34.70867717 2.02965060
34.75868967 2.02608491
34.80870218 2.02389084
34.85871468 2.02297959
34.90872718 2.02075824
34.95873968 2.01704334
35.00875219 2.01388770
35.05876469 2.01174081
35.10877719 2.00936891
35.15878970 2.00786865
35.20880220 2.00391840
35.25881470 1.99580828
35.30882721 1.99523682
35.35883971 1.99441334
35.40885221 1.99182199
35.45886472 1.98631545
35.50887722 1.98018057
35.55888972 1.97635914
35.60890223 1.97172525
35.65891473 1.96743907
35.70892723 1.96409953
35.75893973 1.96262500
35.80895224 1.96123824
35.85896474 1.95481736
35.90897724 1.95363483
35.95898975 1.94878350
36.00900225 1.94296434
36.05901475 1.94061672
36.10902726 1.93754973
36.15903976 1.93323487
36.20905226 1.93072281
36.25906477 1.92793681
36.30907727 1.92688149
36.35908977 1.92192143
36.40910228 1.92052845
36.45911478 1.91866761
36.50912728 1.91453085
36.55913978 1.91295208
36.60915229 1.90952786
36.65916479 1.90741615
36.70917729 1.90461045
36.75918980 1.89997136
36.80920230 1.89284089
36.85921480 1.88916989
36.90922731 1.88311683
36.95923981 1.87582516
37.00925231 1.87541213
37.05926482 1.86984360
37.10927732 1.86923387
37.15928982 1.86610801
37.20930233 1.85877233
37.25931483 1.85770669
37.30932733 1.85545950
37.35933983 1.85164058
37.40935234 1.84999235
37.45936484 1.84835265
37.50937734 1.84484717
37.55938985 1.84420297
37.60940235 1.84164273
37.65941485 1.84061480
37.70942736 1.83771291
37.75943986 1.83527024
37.80945236 1.82855554
37.85946487 1.82542574
37.90947737 1.82417558
37.95948987 1.81984021
38.00950238 1.81791206
38.05951488 1.81697162
38.10952738 1.81477445
38.15953988 1.81142363
38.20955239 1.81028067
38.25956489 1.80945772
38.30957739 1.80407383
38.35958990 1.80289568
38.40960240 1.80178703
38.45961490 1.79769588
38.50962741 1.79090082
38.55963991 1.78785464
38.60965241 1.78249653
38.65966492 1.77699124
38.70967742 1.77517855
38.75968992 1.77294501
38.80970243 1.76942954
38.85971493 1.76436183
38.90972743 1.76008977
38.95973993 1.75748423
39.00975244 1.75637645
39.05976494 1.75305714
39.10977744 1.74710648
39.15978995 1.74433970
39.20980245 1.74032546
39.25981495 1.73855813
39.30982746 1.73822385
39.35983996 1.73570306
39.40985246 1.73368327
39.45986497 1.73154258
39.50987747 1.72543305
39.55988997 1.71913751
39.60990248 1.71797820
39.65991498 1.71497970
39.70992748 1.71398350
39.75993998 1.71103902
39.80995249 1.70920474
39.85996499 1.70522936
39.90997749 1.70049611
39.95999000 1.69898752
40.01000250 1.69479894
40.06001500 1.69278165
40.11002751 1.68953222
40.16004001 1.68750054
40.21005251 1.68506508
40.26006502 1.68052871
40.31007752 1.67839241
40.36009002 1.67700874
40.41010253 1.67277812
40.46011503 1.67040505
40.51012753 1.66619107
40.56014004 1.66510180
40.61015254 1.66105562
40.66016504 1.65984015
40.71017754 1.65844615
40.76019005 1.65544192
40.81020255 1.65389839
40.86021505 1.65074740
40.91022756 1.64863483
40.96024006 1.64337547
41.01025256 1.64156880
41.06026507 1.63745959
41.11027757 1.63455324
41.16029007 1.63010533
41.21030258 1.62825497
41.26031508 1.62771582
41.31032758 1.62552289
41.36034009 1.62178590
41.41035259 1.61796535
41.46036509 1.61441780
41.51037759 1.61282935
41.56039010 1.60989477
41.61040260 1.60708869
41.66041510 1.60326924
41.71042761 1.60116615
41.76044011 1.60043351
41.81045261 1.59561021
41.86046512 1.59137630
41.91047762 1.59054678
41.96049012 1.58735874
42.01050263 1.58579140
42.06051513 1.58198342
42.11052763 1.57929090
42.16054014 1.57738464
42.21055264 1.57406311
42.26056514 1.57172391
42.31057764 1.56940109
42.36059015 1.56720429
42.41060265 1.56440322
42.46061515 1.56292370
42.51062766 1.56113236
42.56064016 1.56001566
42.61065266 1.55777993
42.66066517 1.55552816
42.71067767 1.55113389
42.76069017 1.55027249
42.81070268 1.54879409
42.86071518 1.54535191
42.91072768 1.54259306
42.96074019 1.54158911
43.01075269 1.53772384
43.06076519 1.53666928
43.11077769 1.53055331
43.16079020 1.52618812
43.21080270 1.52562538
43.26081520 1.52425515
43.31082771 1.52270931
43.36084021 1.52179838
43.41085271 1.51948133
43.46086522 1.51647426
43.51087772 1.51312772
43.56089022 1.51164232
43.61090273 1.50790821
43.66091523 1.50539343
43.71092773 1.50418065
43.76094024 1.50379646
43.81095274 1.49928767
43.86096524 1.49492621
43.91097774 1.49311633
43.96099025 1.49220701
44.01100275 1.49030000
44.06101525 1.48932877
44.11102776 1.48790865
44.16104026 1.48659451
44.21105276 1.48267294
44.26106527 1.48149346
44.31107777 1.47887142
44.36109027 1.47500557
44.41110278 1.47343485
44.46111528 1.46545147
44.51112778 1.46190604
44.56114029 1.46095362
44.61115279 1.45927865
44.66116529 1.45752111
44.71117779 1.45674766
44.76119030 1.45424476
44.81120280 1.45191060
44.86121530 1.44729321
44.91122781 1.44572743
44.96124031 1.44324181
45.01125281 1.44113837
45.06126532 1.43884575
45.11127782 1.43652173
45.16129032 1.43337700
45.21130283 1.42882450
45.26131533 1.42481547
45.31132783 1.42111397
45.36134034 1.41971412
45.41135284 1.41598518
45.46136534 1.41194668
45.51137784 1.40952440
45.56139035 1.40737758
45.61140285 1.40596626
45.66141535 1.40463602
45.71142786 1.40321184
45.76144036 1.40001366
45.81145286 1.39903895
45.86146537 1.39871544
45.91147787 1.39804416
45.96149037 1.39690998
46.01150288 1.39555439
46.06151538 1.39173170
46.11152788 1.38959007
46.16154039 1.38874411
46.21155289 1.38780823
46.26156539 1.38607935
46.31157789 1.38355482
46.36159040 1.37965715
46.41160290 1.37622428
46.46161540 1.37559922
46.51162791 1.37371812
46.56164041 1.36970923
46.61165291 1.36821262
46.66166542 1.36698114
46.71167792 1.36544240
46.76169042 1.36340655
46.81170293 1.36171204
46.86171543 1.36069617
46.91172793 1.35477081
46.96174044 1.35292339
47.01175294 1.34928341
47.06176544 1.34802225
47.11177794 1.34639915
47.16179045 1.34436140
47.21180295 1.34094257
47.26181545 1.33722803
47.31182796 1.33609552
47.36184046 1.33489828
47.41185296 1.33333652
47.46186547 1.32644801
47.51187797 1.32432660
47.56189047 1.31989485
47.61190298 1.31745897
47.66191548 1.31647935
47.71192798 1.31560373
47.76194049 1.30975025
47.81195299 1.30681159
47.86196549 1.30655098
47.91197799 1.30560433
47.96199050 1.30426418
48.01200300 1.30312456
48.06201550 1.29659636
48.11202801 1.29338325
48.16204051 1.29205341
48.21205301 1.29060595
48.26206552 1.28927711
48.31207802 1.28805288
48.36209052 1.28773083
48.41210303 1.28687101
48.46211553 1.28581377
48.51212803 1.28204852
48.56214054 1.27971600
48.61215304 1.27871050
48.66216554 1.27551951
48.71217804 1.27481475
48.76219055 1.27277565
48.81220305 1.26970361
48.86221555 1.26806290
48.91222806 1.26792861
48.96224056 1.26586862
49.01225306 1.26486251
49.06226557 1.26391455
49.11227807 1.26164074
49.16229057 1.26030459
49.21230308 1.25931800
49.26231558 1.25663596
49.31232808 1.25544586
49.36234059 1.25382554
49.41235309 1.25325287
49.46236559 1.25065009
49.51237809 1.24997568
49.56239060 1.24860352
49.61240310 1.24717604
49.66241560 1.24590483
49.71242811 1.24452870
49.76244061 1.24231039
49.81245311 1.23885136
49.86246562 1.23768883
49.91247812 1.23536800
49.96249062 1.23397765
50.01250313 1.23038038
50.06251563 1.22860155
50.11252813 1.22619644
50.16254064 1.22434307
50.21255314 1.22392705
50.26256564 1.22306078
50.31257814 1.22217014
50.36259065 1.22106137
50.41260315 1.21909834
50.46261565 1.21744178
50.51262816 1.21465557
50.56264066 1.21305635
50.61265316 1.20980815
50.66266567 1.20709882
50.71267817 1.20580422
50.76269067 1.20249758
50.81270318 1.20177063
50.86271568 1.20103777
50.91272818 1.19847054
50.96274069 1.19665441
51.01275319 1.19751141
51.06276569 1.19684208
51.11277819 1.19566309
51.16279070 1.19340214
51.21280320 1.19215261
51.26281570 1.18978938
51.31282821 1.18638723
51.36284071 1.18524657
51.41285321 1.18382918
51.46286572 1.18261788
51.51287822 1.18068202
51.56289072 1.17725649
51.61290323 1.17544424
51.66291573 1.17164688
51.71292823 1.16863168
51.76294074 1.16771770
51.81295324 1.16674042
51.86296574 1.16429354
51.91297824 1.16379516
51.96299075 1.16313914
52.01300325 1.16014509
52.06301575 1.15808276
52.11302826 1.15715360
52.16304076 1.15604857
52.21305326 1.15149796
52.26306577 1.14997283
52.31307827 1.14586971
52.36309077 1.14294638
52.41310328 1.14092217
52.46311578 1.14001857
52.51312828 1.13917798
52.56314079 1.13814846
52.61315329 1.13714878
52.66316579 1.13536137
52.71317829 1.13194781
52.76319080 1.13069379
52.81320330 1.12850314
52.86321580 1.12585093
52.91322831 1.12469728
52.96324081 1.12338798
53.01325331 1.12246839
53.06326582 1.12045846
53.11327832 1.11872590
53.16329082 1.11735694
53.21330333 1.11655026
53.26331583 1.11508314
53.31332833 1.11396006
53.36334084 1.11158939
53.41335334 1.11052076
53.46336584 1.10952221
53.51337834 1.10793966
53.56339085 1.10604185
53.61340335 1.10391747
53.66341585 1.10290273
53.71342836 1.10050666
53.76344086 1.09850411
53.81345336 1.09590593
53.86346587 1.09216031
53.91347837 1.08931233
53.96349087 1.08680127
54.01350338 1.08464747
54.06351588 1.08192964
54.11352838 1.07866793
54.16354089 1.07783533
54.21355339 1.07656341
54.26356589 1.07558352
54.31357839 1.07453944
54.36359090 1.07351013
54.41360340 1.07170754
54.46361590 1.06871518
54.51362841 1.06699771
54.56364091 1.06494928
54.61365341 1.06397036
54.66366592 1.06152192
54.71367842 1.06036155
54.76369092 1.05948555
54.81370343 1.05751338
54.86371593 1.05665390
54.91372843 1.05517605
54.96374094 1.05484625
55.01375344 1.05335697
55.06376594 1.05067515
55.11377844 1.04988727
55.16379095 1.04878840
55.21380345 1.04690959
55.26381595 1.04415552
55.31382846 1.04106030
55.36384096 1.03820699
55.41385346 1.03776554
55.46386597 1.03406481
55.51387847 1.03184302
55.56389097 1.02889273
55.61390348 1.02474016
55.66391598 1.02220085
55.71392848 1.01902110
55.76394099 1.01658028
55.81395349 1.01522162
55.86396599 1.01418764
55.91397849 1.01241798
55.96399100 1.01131803
56.01400350 1.00883188
56.06401600 1.00658673
56.11402851 1.00361915
56.16404101 1.00273876
56.21405351 1.00160361
56.26406602 0.99956971
56.31407852 0.99898785
56.36409102 0.99777940
56.41410353 0.99601963
56.46411603 0.99503099
56.51412853 0.99453618
56.56414104 0.99350586
56.61415354 0.98991589
56.66416604 0.98890901
56.71417854 0.98605659
56.76419105 0.98489947
56.81420355 0.98322803
56.86421605 0.98190372
56.91422856 0.98098294
56.96424106 0.97937562
57.01425356 0.97637755
57.06426607 0.97490433
57.11427857 0.97051349
57.16429107 0.96980162
57.21430358 0.96868027
57.26431608 0.96808364
57.31432858 0.96575107
57.36434109 0.96344910
57.41435359 0.96273793
57.46436609 0.96016106
57.51437859 0.95898904
57.56439110 0.95810001
57.61440360 0.95730460
57.66441610 0.95632953
57.71442861 0.95490914
57.76444111 0.95259889
57.81445361 0.95065077
57.86446612 0.94983465
57.91447862 0.94912930
57.96449112 0.94711136
58.01450363 0.94547400
58.06451613 0.94431159
58.11452863 0.94364816
58.16454114 0.94235593
58.21455364 0.94135434
58.26456614 0.94054624
58.31457864 0.93878273
58.36459115 0.93717352
58.41460365 0.93478557
58.46461615 0.93368726
58.51462866 0.93249311
58.56464116 0.93015481
58.61465366 0.92942993
58.66466617 0.92901392
58.71467867 0.92812560
58.76469117 0.92706551
58.81470368 0.92562198
58.86471618 0.92392247
58.91472868 0.92313681
58.96474119 0.92087369
59.01475369 0.91883067
59.06476619 0.91792885
59.11477869 0.91449323
59.16479120 0.90993462
59.21480370 0.90840590
59.26481620 0.90488100
59.31482871 0.90422896
59.36484121 0.90349738
59.41485371 0.90261915
59.46486622 0.89998615
59.51487872 0.89728720
59.56489122 0.89486252
59.61490373 0.89380995
59.66491623 0.89299666
59.71492873 0.89214059
59.76494124 0.88896770
59.81495374 0.88733370
59.86496624 0.88630300
59.91497874 0.88506479
59.96499125 0.88353966
60.01500375 0.88289392
60.06501625 0.87892885
60.11502876 0.87723602
60.16504126 0.87613147
60.21505376 0.87584853
60.26506627 0.87439836
60.31507877 0.87058338
60.36509127 0.86962685
60.41510378 0.86714733
60.46511628 0.86493321
60.51512878 0.86220600
60.56514129 0.86111217
60.61515379 0.85989921
60.66516629 0.85929648
60.71517879 0.85821502
60.76519130 0.85729104
60.81520380 0.85574559
60.86521630 0.85337437
60.91522881 0.85266204
60.96524131 0.84930433
61.01525381 0.84790677
61.06526632 0.84580631
61.11527882 0.84482775
61.16529132 0.84393742
61.21530383 0.84287245
61.26531633 0.84125748
61.31532883 0.84032088
61.36534134 0.83917255
61.41535384 0.83795825
61.46536634 0.83703239
61.51537884 0.83622954
61.56539135 0.83469233
61.61540385 0.83375661
61.66541635 0.83278663
61.71542886 0.83191316
61.76544136 0.83105398
61.81545386 0.83035142
61.86546637 0.82954900
61.91547887 0.82886736
61.96549137 0.82700500
62.01550388 0.82619480
62.06551638 0.82531315
62.11552888 0.82444631
62.16554139 0.82348179
62.21555389 0.82274311
62.26556639 0.82006277
62.31557889 0.81818214
62.36559140 0.81760689
62.41560390 0.81645489
62.46561640 0.81421482
62.51562891 0.81249538
62.56564141 0.81170609
62.61565391 0.80945923
62.66566642 0.80893200
62.71567892 0.80827680
62.76569142 0.80746799
62.81570393 0.80673458
62.86571643 0.80552970
62.91572893 0.80358492
62.96574144 0.80250457
63.01575394 0.80176357
63.06576644 0.80053216
63.11577894 0.79821623
63.16579145 0.79722483
63.21580395 0.79470732
63.26581645 0.79405792
63.31582896 0.79335316
63.36584146 0.79093221
63.41585396 0.78709669
63.46586647 0.78571337
63.51587897 0.78474590
63.56589147 0.78384504
63.61590398 0.78147578
63.66591648 0.77992925
63.71592898 0.77721341
63.76594149 0.77628781
63.81595399 0.77572149
63.86596649 0.77540880
63.91597899 0.77481492
63.96599150 0.77319572
64.01600400 0.77214331
64.06601650 0.77142997
64.11602901 0.77065411
64.16604151 0.76894883
64.21605401 0.76631918
64.26606652 0.76568127
64.31607902 0.76409199
64.36609152 0.76291508
64.41610403 0.76179618
64.46611653 0.76112489
64.51612903 0.76059237
64.56614154 0.76029350
64.61615404 0.75924309
64.66616654 0.75921962
64.71617904 0.75854963
64.76619155 0.75790703
64.81620405 0.75387947
64.86621655 0.75247660
64.91622906 0.75146079
64.96624156 0.75032513
65.01625406 0.74629553
65.06626657 0.74556798
65.11627907 0.74572331
65.16629157 0.74387393
65.21630408 0.74315449
65.26631658 0.74044248
65.31632908 0.73969004
65.36634159 0.73870025
65.41635409 0.73577620
65.46636659 0.73526062
65.51637909 0.73062192
65.56639160 0.72934489
65.61640410 0.72852481
65.66641660 0.72653502
65.71642911 0.72534107
65.76644161 0.72467240
65.81645411 0.72380617
65.86646662 0.72318748
65.91647912 0.72081916
65.96649162 0.71989032
66.01650413 0.71875993
66.06651663 0.71809980
66.11652913 0.71842907
66.16654164 0.71682345
66.21655414 0.71555352
66.26656664 0.71474222
66.31657914 0.71380674
66.36659165 0.71289140
66.41660415 0.71244938
66.46661665 0.71174101
66.51662916 0.71064440
66.56664166 0.70920551
66.61665416 0.70829746
66.66666667 0.70831758
66.71667917 0.70764011
66.76669167 0.70685499
66.81670418 0.70618272
66.86671668 0.70569741
66.91672918 0.70543319
66.96674169 0.70345596
67.01675419 0.70110481
67.06676669 0.70038042
67.11677919 0.69963810
67.16679170 0.69883141
67.21680420 0.69801735
67.26681670 0.69718641
67.31682921 0.69563258
67.36684171 0.69493152
67.41685421 0.69582647
67.46686672 0.69383105
67.51687922 0.69190285
67.56689172 0.69107789
67.61690423 0.69026845
67.66691673 0.68940526
67.71692923 0.68853609
67.76694174 0.68709191
67.81695424 0.68586550
67.86696674 0.68547604
67.91697924 0.68463159
67.96699175 0.68243479
68.01700425 0.68176228
68.06701675 0.68099207
68.11702926 0.68019257
68.16704176 0.67938921
68.21705426 0.67763747
68.26706677 0.67523537
68.31707927 0.67384448
68.36709177 0.67393574
68.41710428 0.67303809
68.46711678 0.67217880
68.51712928 0.67134797
68.56714179 0.66791492
68.61715429 0.66559159
68.66716679 0.66470817
68.71717929 0.66243658
68.76719180 0.66110420
68.81720430 0.65961166
68.86721680 0.65893740
68.91722931 0.65880773
68.96724181 0.65797956
69.01725431 0.65730225
69.06726682 0.65570187
69.11727932 0.65478962
69.16729182 0.65378424
69.21730433 0.65290200
69.26731683 0.65230149
69.31732933 0.65127388
69.36734184 0.65069477
69.41735434 0.65011670
69.46736684 0.64938373
69.51737934 0.64839145
69.56739185 0.64732512
69.61740435 0.64563541
69.66741685 0.64498715
69.71742936 0.64308883
69.76744186 0.64252577
69.81745436 0.64052678
69.86746687 0.63986404
69.91747937 0.63917615
69.96749187 0.63833688
70.01750438 0.63722850
70.06751688 0.63650307
70.11752938 0.63504643
70.16754189 0.63428804
70.21755439 0.63326127
70.26756689 0.63190556
70.31757939 0.63134772
70.36759190 0.63035111
70.41760440 0.62893250
70.46761690 0.62770036
70.51762941 0.62710272
70.56764191 0.62670763
70.61765441 0.62615729
70.66766692 0.62403627
70.71767942 0.62332579
70.76769192 0.62282740
70.81770443 0.62125024
70.86771693 0.62060498
70.91772943 0.61851996
70.96774194 0.61786177
71.01775444 0.61713906
71.06776694 0.61538737
71.11777944 0.61343363
71.16779195 0.61227314
71.21780445 0.61134160
71.26781695 0.61097885
71.31782946 0.61016038
71.36784196 0.60965539
71.41785446 0.60925860
71.46786697 0.60852773
71.51787947 0.60933497
71.56789197 0.60893402
71.61790448 0.60833131
71.66791698 0.60769224
71.71792948 0.60715035
71.76794199 0.60650445
71.81795449 0.60617752
71.86796699 0.60512660
71.91797949 0.60455800
71.96799200 0.60242347
72.01800450 0.60132523
72.06801700 0.59961001
72.11802951 0.59823481
72.16804201 0.59753076
72.21805451 0.59677892
72.26806702 0.59610066
72.31807952 0.59527930
72.36809202 0.59435724
72.41810453 0.59336342
72.46811703 0.59281615
72.51812953 0.59237154
72.56814204 0.59205797
72.61815454 0.59151224
72.66816704 0.59095938
72.71817954 0.59021158
72.76819205 0.58988283
72.81820455 0.58943910
72.86821705 0.58845501
72.91822956 0.58766971
72.96824206 0.58745194
73.01825456 0.58675634
73.06826707 0.58601444
73.11827957 0.58540521
73.16829207 0.58520131
73.21830458 0.58393330
73.26831708 0.58338564
73.31832958 0.58332783
73.36834209 0.58266243
73.41835459 0.58072785
73.46836709 0.58003820
73.51837959 0.57950616
73.56839210 0.57873337
73.61840460 0.57696301
73.66841710 0.57595704
73.71842961 0.57354114
73.76844211 0.57285930
73.81845461 0.57185414
73.86846712 0.57076701
73.91847962 0.57021184
73.96849212 0.56962505
74.01850463 0.56904518
74.06851713 0.56690702
74.11852963 0.56839072
74.16854214 0.56812763
74.21855464 0.56563811
74.26856714 0.56502976
74.31857964 0.56346957
74.36859215 0.56229676
74.41860465 0.56182753
74.46861715 0.56078127
74.51862966 0.55998076
74.56864216 0.55740145
74.61865466 0.55678196
74.66866717 0.55565572
74.71867967 0.55410683
74.76869217 0.55263167
74.81870468 0.55208457
74.86871718 0.55163518
74.91872968 0.54970655
74.96874219 0.54822172
75.01875469 0.54732910
75.06876719 0.54593886
75.11877969 0.54532840
75.16879220 0.54450030
75.21880470 0.54427492
75.26881720 0.54356468
75.31882971 0.54288849
75.36884221 0.54236578
75.41885471 0.54184318
75.46886722 0.53986899
75.51887972 0.53868498
75.56889222 0.53823049
75.61890473 0.53755956
75.66891723 0.53679239
75.71892973 0.53611622
75.76894224 0.53549472
75.81895474 0.53492989
75.86896724 0.53421216
75.91897974 0.53345913
75.96899225 0.53253681
76.01900475 0.53181961
76.06901725 0.52964920
76.11902976 0.52902508
76.16904226 0.52640336
76.21905476 0.52557431
76.26906727 0.52497015
76.31907977 0.52448331
76.36909227 0.52315929
76.41910478 0.52218355
76.46911728 0.52031787
76.51912978 0.51970675
76.56914229 0.51879391
76.61915479 0.51825911
76.66916729 0.51678388
76.71917979 0.51580453
76.76919230 0.51472499
76.81920480 0.51404521
76.86921730 0.51370379
76.91922981 0.51324293
76.96924231 0.51276373
77.01925481 0.51215850
77.06926732 0.51100212
77.11927982 0.51048387
77.16929232 0.51033510
77.21930483 0.50985747
77.26931733 0.50809881
77.31932983 0.50634772
77.36934234 0.50581058
77.41935484 0.50521771
77.46936734 0.50453507
77.51937984 0.50416801
77.56939235 0.50229368
77.61940485 0.50162397
77.66941735 0.50081962
77.71942986 0.50019563
77.76944236 0.49837435
77.81945486 0.49778887
77.86946737 0.49765522
77.91947987 0.49698792
77.96949237 0.49636548
78.01950488 0.49599061
78.06951738 0.49509676
78.11952988 0.49441320
78.16954239 0.49385649
78.21955489 0.49303005
78.26956739 0.49313461
78.31957989 0.49296172
78.36959240 0.49085506
78.41960490 0.49055414
78.46961740 0.48852164
78.51962991 0.48794044
78.56964241 0.48745444
78.61965491 0.48683149
78.66966742 0.48599015
78.71967992 0.48575084
78.76969242 0.48514136
78.81970493 0.48427465
78.86971743 0.48371602
78.91972993 0.48309081
78.96974244 0.48257870
79.01975494 0.48193626
79.06976744 0.48100330
79.11977994 0.47926623
79.16979245 0.47876567
79.21980495 0.47816902
79.26981745 0.47742551
79.31982996 0.47541613
79.36984246 0.47437842
79.41985496 0.47384283
79.46986747 0.47332867
79.51987997 0.47260987
79.56989247 0.47141481
79.61990498 0.47075351
79.66991748 0.46989833
79.71992998 0.46939501
79.76994249 0.46900038
79.81995499 0.46820594
79.86996749 0.46756468
79.91997999 0.46667354
79.96999250 0.46587605
80.02000500 0.46491247
80.07001750 0.46321408
80.12003001 0.46246253
80.17004251 0.46153878
80.22005501 0.46085188
80.27006752 0.46037024
80.32008002 0.45981148
80.37009252 0.45917541
80.42010503 0.45868277
80.47011753 0.45795926
80.52013003 0.45733345
80.57014254 0.45755310
80.62015504 0.45689141
80.67016754 0.45680627
80.72018005 0.45678416
80.77019255 0.45587250
80.82020505 0.45529874
80.87021755 0.45364543
80.92023006 0.45302428
80.97024256 0.45246261
81.02025506 0.45242669
81.07026757 0.45184144
81.12028007 0.45127627
81.17029257 0.45074040
81.22030508 0.45038814
81.27031758 0.44901591
81.32033008 0.44893989
81.37034259 0.44834123
81.42035509 0.44698883
81.47036759 0.44620333
81.52038010 0.44550333
81.57039260 0.44505726
81.62040510 0.44422465
81.67041760 0.44355348
81.72043011 0.44288847
81.77044261 0.44205846
81.82045511 0.44230237
81.87046762 0.44197959
81.92048012 0.44149535
81.97049262 0.44092421
82.02050513 0.44038220
82.07051763 0.43986710
82.12053013 0.43925378
82.17054264 0.43847326
82.22055514 0.43792872
82.27056764 0.43728991
82.32058015 0.43677208
82.37059265 0.43473313
82.42060515 0.43386052
82.47061765 0.43332681
82.52063016 0.43236193
82.57064266 0.43164641
82.62065516 0.43117297
82.67066767 0.43052211
82.72068017 0.43062175
82.77069267 0.42883051
82.82070518 0.42844450
82.87071768 0.42761234
82.92073018 0.42695916
82.97074269 0.42663740
83.02075519 0.42654286
83.07076769 0.42583719
83.12078020 0.42530791
83.17079270 0.42463493
83.22080520 0.42330927
83.27081770 0.42268741
83.32083021 0.42141873
83.37084271 0.42099063
83.42085521 0.42053428
83.47086772 0.42013026
83.52088022 0.41956236
83.57089272 0.41885998
83.62090523 0.41830488
83.67091773 0.41770790
83.72093023 0.41713599
83.77094274 0.41611934
83.82095524 0.41557806
83.87096774 0.41425841
83.92098025 0.41298298
83.97099275 0.41241924
84.02100525 0.41211989
84.07101775 0.41009806
84.12103026 0.40911018
84.17104276 0.40878473
84.22105526 0.40822852
84.27106777 0.40735537
84.32108027 0.40668801
84.37109277 0.40607269
84.42110528 0.40543454
84.47111778 0.40520667
84.52113028 0.40475029
84.57114279 0.40159925
84.62115529 0.40104188
84.67116779 0.40069010
84.72118030 0.39986378
84.77119280 0.39935172
84.82120530 0.39749570
84.87121780 0.39709410
84.92123031 0.39652188
84.97124281 0.39589414
85.02125531 0.39542671
85.07126782 0.39488410
85.12128032 0.39437464
85.17129282 0.39388104
85.22130533 0.39336203
85.27131783 0.39278155
85.32133033 0.39244963
85.37134284 0.39206320
85.42135534 0.39151550
85.47136784 0.39094267
85.52138035 0.39030253
85.57139285 0.38964024
85.62140535 0.38916913
85.67141785 0.38863855
85.72143036 0.38825060
85.77144286 0.38761962
85.82145536 0.38716846
85.87146787 0.38633340
85.92148037 0.38535430
85.97149287 0.38482111
86.02150538 0.38459576
86.07151788 0.38408216
86.12153038 0.38383298
86.17154289 0.38338322
86.22155539 0.38317106
86.27156789 0.38248633
86.32158040 0.38221248
86.37159290 0.38192682
86.42160540 0.38043353
86.47161790 0.37995504
86.52163041 0.37928219
86.57164291 0.37792925
86.62165541 0.37752099
86.67166792 0.37693181
86.72168042 0.37642954
86.77169292 0.37609950
86.82170543 0.37563124
86.87171793 0.37490847
86.92173043 0.37437518
86.97174294 0.37375399
87.02175544 0.37322883
87.07176794 0.37263770
87.12178045 0.37169324
87.17179295 0.37012186
87.22180545 0.36963862
87.27181795 0.36913868
87.32183046 0.36773813
87.37184296 0.36645785
87.42185546 0.36599793
87.47186797 0.36550370
87.52188047 0.36517053
87.57189297 0.36471296
87.62190548 0.36417838
87.67191798 0.36365089
87.72193048 0.36309895
87.77194299 0.36254606
87.82195549 0.36209903
87.87196799 0.36178353
87.92198050 0.35985850
87.97199300 0.35945443
88.02200550 0.35898536
88.07201800 0.35938894
88.12203051 0.35852761
88.17204301 0.35805306
88.22205551 0.35750257
88.27206802 0.35707900
88.32208052 0.35544282
88.37209302 0.35245218
88.42210553 0.35163811
88.47211803 0.35112669
88.52213053 0.35065523
88.57214304 0.35024750
88.62215554 0.34978762
88.67216804 0.34936123
88.72218055 0.34887442
88.77219305 0.34860607
88.82220555 0.34798319
88.87221805 0.34735228
88.92223056 0.34608684
88.97224306 0.34567849
89.02225556 0.34508573
89.07226807 0.34460024
89.12228057 0.34400219
89.17229307 0.34342444
89.22230558 0.34218611
89.27231808 0.34168254
89.32233058 0.34132662
89.37234309 0.34084005
89.42235559 0.34020864
89.47236809 0.33973617
89.52238060 0.33919844
89.57239310 0.33882988
89.62240560 0.33822697
89.67241810 0.33777672
89.72243061 0.33744704
89.77244311 0.33709424
89.82245561 0.33657246
89.87246812 0.33626640
89.92248062 0.33553257
89.97249312 0.33424030
90.02250563 0.33373447
90.07251813 0.33328299
90.12253063 0.33224207
90.17254314 0.33169065
90.22255564 0.33131423
90.27256814 0.32894626
90.32258065 0.32852423
90.37259315 0.32678666
90.42260565 0.32472376
90.47261815 0.32414093
90.52263066 0.32381357
90.57264316 0.32338451
90.62265566 0.32264644
90.67266817 0.32266615
90.72268067 0.32321891
90.77269317 0.32277457
90.82270568 0.32233277
90.87271818 0.32195299
90.92273068 0.32150224
90.97274319 0.32026678
91.02275569 0.31977551
91.07276819 0.31946828
91.12278070 0.31907505
91.17279320 0.31862487
91.22280570 0.31815165
91.27281820 0.31821064
91.32283071 0.31766169
91.37284321 0.31713516
91.42285571 0.31666199
91.47286822 0.31609858
91.52288072 0.31560861
91.57289322 0.31443442
91.62290573 0.31390302
91.67291823 0.31340201
91.72293073 0.31305530
91.77294324 0.31304575
91.82295574 0.31234788
91.87296824 0.31193231
91.92298075 0.31151556
91.97299325 0.31107742
92.02300575 0.31064913
92.07301825 0.31020693
92.12303076 0.30975968
92.17304326 0.30931074
92.22305576 0.30886328
92.27306827 0.30841352
92.32308077 0.30795643
92.37309327 0.30657975
92.42310578 0.30730637
92.47311828 0.30675816
92.52313078 0.30629291
92.57314329 0.30433428
92.62315579 0.30389441
92.67316829 0.30343598
92.72318080 0.30296516
92.77319330 0.30247866
92.82320580 0.30189216
92.87321830 0.30141276
92.92323081 0.30003556
92.97324331 0.29961666
93.02325581 0.29940452
93.07326832 0.29891492
93.12328082 0.29865854
93.17329332 0.29833485
93.22330583 0.29796172
93.27331833 0.29782171
93.32333083 0.29740420
93.37334334 0.29698773
93.42335584 0.29656017
93.47336834 0.29598461
93.52338085 0.29561692
93.57339335 0.29487164
93.62340585 0.29453824
93.67341835 0.29412077
93.72343086 0.29353220
93.77344336 0.29299398
93.82345586 0.29223270
93.87346837 0.29166211
93.92348087 0.29131025
93.97349337 0.29095731
94.02350588 0.29050339
94.07351838 0.29015442
94.12353088 0.28956427
94.17354339 0.28904582
94.22355589 0.28859895
94.27356839 0.28816340
94.32358090 0.28772450
94.37359340 0.28730410
94.42360590 0.28687871
94.47361840 0.28641993
94.52363091 0.28596447
94.57364341 0.28538888
94.62365591 0.28492604
94.67366842 0.28428278
94.72368092 0.28341199
94.77369342 0.28296984
94.82370593 0.28213612
94.87371843 0.28164644
94.92373093 0.28082072
94.97374344 0.28039932
95.02375594 0.27987684
95.07376844 0.27888100
95.12378095 0.27863630
95.17379345 0.27730884
95.22380595 0.27747601
95.27381845 0.27731440
95.32383096 0.27685010
95.37384346 0.27647017
95.42385596 0.27630764
95.47386847 0.27592938
95.52388097 0.27495358
95.57389347 0.27452381
95.62390598 0.27409478
95.67391848 0.27368851
95.72393098 0.27361201
95.77394349 0.27317744
95.82395599 0.27276439
95.87396849 0.27232266
95.92398100 0.27160544
95.97399350 0.27123044
96.02400600 0.27011201
96.07401850 0.26970081
96.12403101 0.26928159
96.17404351 0.26887394
96.22405601 0.26834276
96.27406852 0.26816775
96.32408102 0.26780915
96.37409352 0.26741755
96.42410603 0.26697858
96.47411853 0.26655096
96.52413103 0.26611776
96.57414354 0.26482790
96.62415604 0.26446933
96.67416854 0.26404643
96.72418105 0.26361353
96.77419355 0.26331865
96.82420605 0.26332637
96.87421855 0.26201005
96.92423106 0.26178321
96.97424356 0.26130234
97.02425606 0.26089737
97.07426857 0.26050277
97.12428107 0.26014356
97.17429357 0.26057162
97.22430608 0.26021940
97.27431858 0.25994825
97.32433108 0.25942594
97.37434359 0.25904751
97.42435609 0.25866616
97.47436859 0.25769693
97.52438110 0.25736977
97.57439360 0.25721623
97.62440610 0.25698092
97.67441860 0.25719795
97.72443111 0.25680642
97.77444361 0.25525035
97.82445611 0.25484228
97.87446862 0.25466854
97.92448112 0.25431644
97.97449362 0.25393136
98.02450613 0.25346305
98.07451863 0.25295983
98.12453113 0.25259611
98.17454364 0.25230134
98.22455614 0.25180961
98.27456864 0.25113317
98.32458115 0.25077049
98.37459365 0.25058757
98.42460615 0.25051088
98.47461865 0.25020962
98.52463116 0.24981806
98.57464366 0.24891578
98.62465616 0.24860797
98.67466867 0.24852705
98.72468117 0.24806925
98.77469367 0.24742799
98.82470618 0.24709710
98.87471868 0.24674917
98.92473118 0.24640618
98.97474369 0.24608781
99.02475619 0.24564833
99.07476869 0.24527248
99.12478120 0.24446209
99.17479370 0.24410729
99.22480620 0.24325664
99.27481870 0.24262488
99.32483121 0.24218120
99.37484371 0.24181243
99.42485621 0.24137016
99.47486872 0.24105399
99.52488122 0.24079038
99.57489372 0.24044962
99.62490623 0.24024915
99.67491873 0.23999028
99.72493123 0.23952868
99.77494374 0.23936872
99.82495624 0.23969641
99.87496874 0.23934794
99.92498125 0.23835591
99.97499375 0.23810598
100.02500625 0.23781102
100.07501875 0.23751556
100.12503126 0.23720892
100.17504376 0.23656337
100.22505626 0.23624350
100.27506877 0.23591526
100.32508127 0.23579158
100.37509377 0.23526545
100.42510628 0.23492934
100.47511878 0.23439734
100.52513128 0.23402594
100.57514379 0.23362529
100.62515629 0.23316361
100.67516879 0.23250744
100.72518130 0.23213457
100.77519380 0.23245951
100.82520630 0.23217721
100.87521880 0.23177490
100.92523131 0.23139828
100.97524381 0.23101849
101.02525631 0.23084400
101.07526882 0.23066074
101.12528132 0.23037428
101.17529382 0.23000101
101.22530633 0.22958492
101.27531883 0.22944048
101.32533133 0.22920665
101.37534384 0.22863773
101.42535634 0.22808737
101.47536884 0.22679511
101.52538135 0.22598584
101.57539385 0.22642707
101.62540635 0.22601726
101.67541885 0.22547092
101.72543136 0.22519186
101.77544386 0.22523784
101.82545636 0.22481621
101.87546887 0.22449149
101.92548137 0.22366583
101.97549387 0.22341962
102.02550638 0.22308950
102.07551888 0.22271033
102.12553138 0.22242985
102.17554389 0.22214046
102.22555639 0.22177683
102.27556889 0.22168032
102.32558140 0.22145199
102.37559390 0.22117342
102.42560640 0.22078750
102.47561890 0.22048930
102.52563141 0.22013875
102.57564391 0.21984591
102.62565641 0.21951522
102.67566892 0.21877985
102.72568142 0.21846469
102.77569392 0.21756779
102.82570643 0.21738917
102.87571893 0.21688463
102.92573143 0.21667553
102.97574394 0.21639265
103.02575644 0.21582048
103.07576894 0.21553955
103.12578145 0.21461222
103.17579395 0.21430836
103.22580645 0.21404148
103.27581895 0.21391925
103.32583146 0.21359027
103.37584396 0.21381876
103.42585646 0.21389919
103.47586897 0.21349928
103.52588147 0.21295523
103.57589397 0.21259857
103.62590648 0.21231498
103.67591898 0.21211203
103.72593148 0.21201901
103.77594399 0.21156350
103.82595649 0.21130782
103.87596899 0.21105152
103.92598150 0.21079879
103.97599400 0.21055287
104.02600650 0.21033327
104.07601900 0.21003573
104.12603151 0.20925971
104.17604401 0.20917570
104.22605651 0.20886694
104.27606902 0.20870168
104.32608152 0.20784088
104.37609402 0.20753050
104.42610653 0.20726558
104.47611903 0.20680258
104.52613153 0.20706117
104.57614404 0.20647645
104.62615654 0.20617761
104.67616904 0.20593181
104.72618155 0.20557594
104.77619405 0.20534592
104.82620655 0.20500213
104.87621905 0.20584389
104.92623156 0.20564539
104.97624406 0.20548571
105.02625656 0.20518749
105.07626907 0.20473708
105.12628157 0.20442507
105.17629407 0.20393416
105.22630658 0.20368536
105.27631908 0.20335911
105.32633158 0.20309239
105.37634409 0.20275072
105.42635659 0.20248676
105.47636909 0.20258829
105.52638160 0.20251719
105.57639410 0.20210483
105.62640660 0.20198953
105.67641910 0.20159740
105.72643161 0.20096027
105.77644411 0.20062350
105.82645661 0.20122126
105.87646912 0.20109256
105.92648162 0.20057212
105.97649412 0.20058881
106.02650663 0.20035124
106.07651913 0.19967782
106.12653163 0.19973500
106.17654414 0.19945736
106.22655664 0.19958373
106.27656914 0.19925691
106.32658165 0.19883535
106.37659415 0.19836917
106.42660665 0.19807845
106.47661915 0.19770835
106.52663166 0.19806855
106.57664416 0.19776692
106.62665666 0.19762082
106.67666917 0.19770447
106.72668167 0.19746189
106.77669417 0.19719454
106.82670668 0.19713096
106.87671918 0.19678611
106.92673168 0.19627863
106.97674419 0.19615202
107.02675669 0.19472660
107.07676919 0.19434681
107.12678170 0.19397930
107.17679420 0.19356424
107.22680670 0.19335468
107.27681920 0.19385498
107.32683171 0.19342876
107.37684421 0.19305272
107.42685671 0.19280298
107.47686922 0.19255091
107.52688172 0.19238820
107.57689422 0.19210263
107.62690673 0.19180582
107.67691923 0.19145029
107.72693173 0.19110283
107.77694424 0.19073391
107.82695674 0.19052707
107.87696924 0.19033303
107.92698175 0.18996578
107.97699425 0.18956454
108.02700675 0.18879397
108.07701925 0.18841795
108.12703176 0.18794815
108.17704426 0.18758625
108.22705676 0.18729169
108.27706927 0.18726460
108.32708177 0.18705835
108.37709427 0.18733811
108.42710678 0.18703931
108.47711928 0.18659135
108.52713178 0.18658944
108.57714429 0.18638191
108.62715679 0.18611966
108.67716929 0.18599598
108.72718180 0.18571085
108.77719430 0.18541770
108.82720680 0.18511789
108.87721930 0.18478562
108.92723181 0.18485592
108.97724431 0.18464185
109.02725681 0.18440356
109.07726932 0.18428966
109.12728182 0.18399113
109.17729432 0.18369798
109.22730683 0.18322691
109.27731933 0.18297171
109.32733183 0.18287826
109.37734434 0.18263826
109.42735684 0.18246530
109.47736934 0.18215281
109.52738185 0.18189516
109.57739435 0.18163728
109.62740685 0.18137181
109.67741935 0.18111009
109.72743186 0.18084249
109.77744436 0.18056984
109.82745686 0.18047094
109.87746937 0.18019825
109.92748187 0.17996551
109.97749437 0.17961701
110.02750688 0.17925938
110.07751938 0.17910450
110.12753188 0.17887490
110.17754439 0.17855961
110.22755689 0.17828033
110.27756939 0.17801386
110.32758190 0.17755068
110.37759440 0.17692724
110.42760690 0.17669624
110.47761940 0.17681952
110.52763191 0.17637307
110.57764441 0.17595706
110.62765691 0.17545422
110.67766942 0.17516326
110.72768192 0.17485174
110.77769442 0.17589738
110.82770693 0.17543024
110.87771943 0.17515160
110.92773193 0.17436327
110.97774444 0.17407395
111.02775694 0.17390185
111.07776944 0.17373161
111.12778195 0.17348411
111.17779445 0.17321278
111.22780695 0.17298633
111.27781945 0.17288540
111.32783196 0.17258412
111.37784446 0.17228718
111.42785696 0.17206238
111.47786947 0.17178803
111.52788197 0.17192103
111.57789447 0.17143178
111.62790698 0.17141936
111.67791948 0.17116461
111.72793198 0.17092782
111.77794449 0.17084005
111.82795699 0.17062266
111.87796949 0.17045306
111.92798200 0.17023383
111.97799450 0.17028662
112.02800700 0.16997416
112.07801950 0.16960799
112.12803201 0.16928298
112.17804451 0.16898587
112.22805701 0.16883974
112.27806952 0.16844981
112.32808202 0.16891569
112.37809452 0.16865936
112.42810703 0.16843582
112.47811953 0.16819099
112.52813203 0.16776007
112.57814454 0.16757875
112.62815704 0.16761394
112.67816954 0.16736949
112.72818205 0.16712676
112.77819455 0.16689975
112.82820705 0.16667409
112.87821955 0.16645015
112.92823206 0.16621163
112.97824456 0.16522380
113.02825706 0.16486574
113.07826957 0.16458346
113.12828207 0.16434159
113.17829457 0.16416056
113.22830708 0.16402479
113.27831958 0.16383058
113.32833208 0.16384235
113.37834459 0.16345378
113.42835709 0.16317644
113.47836959 0.16291247
113.52838210 0.16267642
113.57839460 0.16244349
113.62840710 0.16234150
113.67841960 0.16185565
113.72843211 0.16160240
113.77844461 0.16135668
113.82845711 0.16113297
113.87846962 0.16087640
113.92848212 0.16072980
113.97849462 0.16049847
114.02850713 0.16025660
114.07851963 0.16011961
114.12853213 0.15994464
114.17854464 0.15990468
114.22855714 0.15990661
114.27856964 0.15977266
114.32858215 0.15943056
114.37859465 0.15931756
114.42860715 0.15923191
114.47861965 0.15900944
114.52863216 0.15873821
114.57864466 0.15852949
114.62865716 0.15840275
114.67866967 0.15821941
114.72868217 0.15791939
114.77869467 0.15769392
114.82870718 0.15744965
114.87871968 0.15732686
114.92873218 0.15703159
114.97874469 0.15668590
115.02875719 0.15655580
115.07876969 0.15658285
115.12878220 0.15652078
115.17879470 0.15635434
115.22880720 0.15609552
115.27881970 0.15580693
115.32883221 0.15544813
115.37884471 0.15512586
115.42885721 0.15494252
115.47886972 0.15466491
115.52888222 0.15433116
115.57889472 0.15419567
115.62890723 0.15412109
115.67891973 0.15395950
115.72893223 0.15376767
115.77894474 0.15351951
115.82895724 0.15328570
115.87896974 0.15296641
115.92898225 0.15287394
115.97899475 0.15264297
116.02900725 0.15229296
116.07901975 0.15236317
116.12903226 0.15221357
116.17904476 0.15198556
116.22905726 0.15196500
116.27906977 0.15148530
116.32908227 0.15117470
116.37909477 0.15082803
116.42910728 0.15059324
116.47911978 0.15036033
116.52913228 0.15020351
116.57914479 0.14968355
116.62915729 0.14944201
116.67916979 0.14918641
116.72918230 0.14894733
116.77919480 0.14873738
116.82920730 0.14854195
116.87921980 0.14823207
116.92923231 0.14809483
116.97924481 0.14785240
117.02925731 0.14761709
117.07926982 0.14738757
117.12928232 0.14716017
117.17929482 0.14692779
117.22930733 0.14668233
117.27931983 0.14613387
117.32933233 0.14578421
117.37934484 0.14547014
117.42935734 0.14522686
117.47936984 0.14580411
117.52938235 0.14559765
117.57939485 0.14546836
117.62940735 0.14532864
117.67941985 0.14509666
117.72943236 0.14485974
117.77944486 0.14467144
117.82945736 0.14449420
117.87946987 0.14429289
117.92948237 0.14439825
117.97949487 0.14411300
118.02950738 0.14390534
118.07951988 0.14361134
118.12953238 0.14340456
118.17954489 0.14315698
118.22955739 0.14315388
118.27956989 0.14299940
118.32958240 0.14286118
118.37959490 0.14281316
118.42960740 0.14258261
118.47961990 0.14231035
118.52963241 0.14223079
118.57964491 0.14191810
118.62965741 0.14168454
118.67966992 0.14145006
118.72968242 0.14116630
118.77969492 0.14092215
118.82970743 0.14069171
118.87971993 0.14048560
118.92973243 0.14027264
118.97974494 0.13967443
119.02975744 0.13944617
119.07976994 0.13917898
119.12978245 0.13902766
119.17979495 0.13882215
119.22980745 0.13861846
119.27981995 0.13836425
119.32983246 0.13809952
119.37984496 0.13781241
119.42985746 0.13759337
119.47986997 0.13736210
119.52988247 0.13712218
119.57989497 0.13794752
119.62990748 0.13765928
119.67991998 0.13743853
119.72993248 0.13715889
119.77994499 0.13692068
119.82995749 0.13667572
119.87996999 0.13643323
119.92998250 0.13619812
119.97999500 0.13596777
120.03000750 0.13573620
120.08002001 0.13544722
120.13003251 0.13538436
120.18004501 0.13516562
120.23005751 0.13484238
120.28007002 0.13488200
120.33008252 0.13473147
120.38009502 0.13450130
120.43010753 0.13431327
120.48012003 0.13413151
120.53013253 0.13387110
120.58014504 0.13359565
120.63015754 0.13323940
120.68017004 0.13302265
120.73018255 0.13273899
120.78019505 0.13258702
120.83020755 0.13271468
120.88022006 0.13241659
120.93023256 0.13222879
120.98024506 0.13200925
121.03025756 0.13057282
121.08027007 0.13035577
121.13028257 0.13017663
121.18029507 0.12998096
121.23030758 0.12977448
121.28032008 0.12963915
121.33033258 0.12972604
121.38034509 0.12954191
121.43035759 0.12931976
121.48037009 0.12908223
121.53038260 0.12888262
121.58039510 0.12848539
121.63040760 0.12821020
121.68042011 0.12797242
121.73043261 0.12775996
121.78044511 0.12759250
121.83045761 0.12709470
121.88047012 0.12690064
121.93048262 0.12662897
121.98049512 0.12648711
122.03050763 0.12634562
122.08052013 0.12607984
122.13053263 0.12586849
122.18054514 0.12567901
122.23055764 0.12534401
122.28057014 0.12508024
122.33058265 0.12495641
122.38059515 0.12466370
122.43060765 0.12442912
122.48062016 0.12421784
122.53063266 0.12401624
122.58064516 0.12382553
122.63065766 0.12358454
122.68067017 0.12341114
122.73068267 0.12321342
122.78069517 0.12288251
122.83070768 0.12272505
122.88072018 0.12263086
122.93073268 0.12324369
122.98074519 0.12309461
123.03075769 0.12273604
123.08077019 0.12255188
123.13078270 0.12235446
123.18079520 0.12216631
123.23080770 0.12203206
123.28082021 0.12183949
123.33083271 0.12166432
123.38084521 0.12133555
123.43085771 0.12100389
123.48087022 0.12078955
123.53088272 0.12062421
123.58089522 0.12043062
123.63090773 0.12024192
123.68092023 0.11976849
123.73093273 0.11949990
123.78094524 0.11914380
123.83095774 0.11890513
123.88097024 0.11861403
123.93098275 0.11842458
123.98099525 0.11821499
124.03100775 0.11799197
124.08102026 0.11783118
124.13103276 0.11761618
124.18104526 0.11740589
124.23105776 0.11719903
124.28107027 0.11699243
124.33108277 0.11705867
124.38109527 0.11699653
124.43110778 0.11677029
124.48112028 0.11658149
124.53113278 0.11648569
124.58114529 0.11631154
124.63115779 0.11615955
124.68117029 0.11601447
124.73118280 0.11585340
124.78119530 0.11569795
124.83120780 0.11542477
124.88122031 0.11520122
124.93123281 0.11499070
124.98124531 0.11404307
125.03125781 0.11381385
125.08127032 0.11362903
125.13128282 0.11339154
125.18129532 0.11318729
125.23130783 0.11297708
125.28132033 0.11293708
125.33133283 0.11284497
125.38134534 0.11265514
125.43135784 0.11247132
125.48137034 0.11244549
125.53138285 0.11206277
125.58139535 0.11176447
125.63140785 0.11164350
125.68142036 0.11149418
125.73143286 0.11135525
125.78144536 0.11118748
125.83145786 0.11100341
125.88147037 0.11052140
125.93148287 0.11032728
125.98149537 0.11006147
126.03150788 0.10995279
126.08152038 0.10961711
126.13153288 0.10943258
126.18154539 0.10924856
126.23155789 0.10906943
126.28157039 0.10888050
126.33158290 0.10868467
126.38159540 0.10848151
126.43160790 0.10830157
126.48162041 0.10812239
126.53163291 0.10793618
126.58164541 0.10774033
126.63165791 0.10753865
126.68167042 0.10745830
126.73168292 0.10763342
126.78169542 0.10745041
126.83170793 0.10771792
126.88172043 0.10747377
126.93173293 0.10741540
126.98174544 0.10723265
127.03175794 0.10702990
127.08177044 0.10671238
127.13178295 0.10656934
127.18179545 0.10646335
127.23180795 0.10635414
127.28182046 0.10611819
127.33183296 0.10595524
127.38184546 0.10574635
127.43185796 0.10546961
127.48187047 0.10532261
127.53188297 0.10462253
127.58189547 0.10445255
127.63190798 0.10427541
127.68192048 0.10408700
127.73193298 0.10392164
127.78194549 0.10374304
127.83195799 0.10357816
127.88197049 0.10379440
127.93198300 0.10355566
127.98199550 0.10337688
128.03200800 0.10319501
128.08202051 0.10301502
128.13203301 0.10283932
128.18204551 0.10267262
128.23205801 0.10258505
128.28207052 0.10243955
128.33208302 0.10225835
128.38209552 0.10212852
128.43210803 0.10198413
128.48212053 0.10183567
128.53213303 0.10168874
128.58214554 0.10154126
128.63215804 0.10137731
128.68217054 0.10144126
128.73218305 0.10114284
128.78219555 0.10093952
128.83220805 0.10072585
128.88222056 0.10059573
128.93223306 0.10042700
128.98224556 0.10041056
129.03225806 0.10024210
129.08227057 0.10015137
129.13228307 0.09994920
129.18229557 0.09981356
129.23230808 0.09967762
129.28232058 0.09948598
129.33233308 0.09925373
129.38234559 0.09918826
129.43235809 0.09882761
129.48237059 0.09854928
129.53238310 0.09834508
129.58239560 0.09818410
129.63240810 0.09806000
129.68242061 0.09777678
129.73243311 0.09786608
129.78244561 0.09765750
129.83245811 0.09747705
129.88247062 0.09739512
129.93248312 0.09720818
129.98249562 0.09708675
130.03250813 0.09675406
130.08252063 0.09655647
130.13253313 0.09633329
130.18254564 0.09621825
130.23255814 0.09612464
130.28257064 0.09601094
130.33258315 0.09582580
130.38259565 0.09571407
130.43260815 0.09548024
130.48262066 0.09539283
130.53263316 0.09535805
130.58264566 0.09520223
130.63265816 0.09504076
130.68267067 0.09484811
130.73268317 0.09471553
130.78269567 0.09460944
130.83270818 0.09446055
130.88272068 0.09424714
130.93273318 0.09408939
130.98274569 0.09397991
131.03275819 0.09395647
131.08277069 0.09381296
131.13278320 0.09358530
131.18279570 0.09341612
131.23280820 0.09353982
131.28282071 0.09354338
131.33283321 0.09336444
131.38284571 0.09296067
131.43285821 0.09287613
131.48287072 0.09271191
131.53288322 0.09258614
131.58289572 0.09380983
131.63290823 0.09376344
131.68292073 0.09359132
131.73293323 0.09343691
131.78294574 0.09373175
131.83295824 0.09358763
131.88297074 0.09351671
131.93298325 0.09335295
131.98299575 0.09316501
132.03300825 0.09319211
132.08302076 0.09305996
132.13303326 0.09297283
132.18304576 0.09280400
132.23305826 0.09260400
132.28307077 0.09248162
132.33308327 0.09257810
132.38309577 0.09238499
132.43310828 0.09229494
132.48312078 0.09212094
132.53313328 0.09208103
132.58314579 0.09195415
132.63315829 0.09185595
132.68317079 0.09204822
132.73318330 0.09185077
132.78319580 0.09161301
132.83320830 0.09146294
132.88322081 0.09132035
132.93323331 0.09117493
132.98324581 0.08984244
133.03325831 0.08973682
133.08327082 0.08952769
133.13328332 0.08936634
133.18329582 0.08920602
133.23330833 0.08903093
133.28332083 0.08878175
133.33333333 0.08866767
133.38334584 0.08847124
133.43335834 0.08821246
133.48337084 0.08804252
133.53338335 0.08790307
133.58339585 0.08766358
133.63340835 0.08759345
133.68342086 0.08754345
133.73343336 0.08743068
133.78344586 0.08725990
133.83345836 0.08711822
133.88347087 0.08696679
133.93348337 0.08687764
133.98349587 0.08685348
134.03350838 0.08668307
134.08352088 0.08652297
134.13353338 0.08644105
134.18354589 0.08626638
134.23355839 0.08594698
134.28357089 0.08578571
134.33358340 0.08566333
134.38359590 0.08553982
134.43360840 0.08540160
134.48362091 0.08530021
134.53363341 0.08507353
134.58364591 0.08492217
134.63365841 0.08478833
134.68367092 0.08450342
134.73368342 0.08434004
134.78369592 0.08415891
134.83370843 0.08396660
134.88372093 0.08408316
134.93373343 0.08397410
134.98374594 0.08381987
135.03375844 0.08369364
135.08377094 0.08364924
135.13378345 0.08360313
135.18379595 0.08347781
135.23380845 0.08331357
135.28382096 0.08317899
135.33383346 0.08304480
135.38384596 0.08288669
135.43385846 0.08275225
135.48387097 0.08262447
135.53388347 0.08247127
135.58389597 0.08234964
135.63390848 0.08240021
135.68392098 0.08229668
135.73393348 0.08217072
135.78394599 0.08197404
135.83395849 0.08186993
135.88397099 0.08172329
135.93398350 0.08158527
135.98399600 0.08146087
136.03400850 0.08132351
136.08402101 0.08119197
136.13403351 0.08105452
136.18404601 0.08089222
136.23405851 0.08073588
136.28407102 0.08057318
136.33408352 0.08038955
136.38409602 0.08022994
136.43410853 0.08007592
136.48412103 0.07994373
136.53413353 0.07979907
136.58414604 0.07965706
136.63415854 0.07965965
136.68417104 0.07951126
136.73418355 0.07932332
136.78419605 0.07921285
136.83420855 0.07890930
136.88422106 0.07876714
136.93423356 0.07861583
136.98424606 0.07848065
137.03425856 0.07835218
137.08427107 0.07823328
137.13428357 0.07812166
137.18429607 0.07800937
137.23430858 0.07812344
137.28432108 0.07808274
137.33433358 0.07789896
137.38434609 0.07782706
137.43435859 0.07760668
137.48437109 0.07745678
137.53438360 0.07747632
137.58439610 0.07751735
137.63440860 0.07733191
137.68442111 0.07719250
137.73443361 0.07702219
137.78444611 0.07691673
137.83445861 0.07679162
137.88447112 0.07635281
137.93448362 0.07667092
137.98449612 0.07653421
138.03450863 0.07631033
138.08452113 0.07639154
138.13453363 0.07626612
138.18454614 0.07615757
138.23455864 0.07658956
138.28457114 0.07722064
138.33458365 0.07705596
138.38459615 0.07695572
138.43460865 0.07684646
138.48462116 0.07674925
138.53463366 0.07663518
138.58464616 0.07649433
138.63465866 0.07633122
138.68467117 0.07629845
138.73468367 0.07614857
138.78469617 0.07606496
138.83470868 0.07591986
138.88472118 0.07579680
138.93473368 0.07568546
138.98474619 0.07557231
139.03475869 0.07545296
139.08477119 0.07516054
139.13478370 0.07502201
139.18479620 0.07519072
139.23480870 0.07516873
139.28482121 0.07503251
139.33483371 0.07490706
139.38484621 0.07482820
139.43485871 0.07455734
139.48487122 0.07444785
139.53488372 0.07432385
139.58489622 0.07451128
139.63490873 0.07438530
139.68492123 0.07426593
139.73493373 0.07413887
139.78494624 0.07408435
139.83495874 0.07397149
139.88497124 0.07386256
139.93498375 0.07375328
139.98499625 0.07475634
140.03500875 0.07510220
140.08502126 0.07475062
140.13503376 0.07461940
140.18504626 0.07450309
140.23505876 0.07438189
140.28507127 0.07417445
140.33508377 0.07408053
140.38509627 0.07397864
140.43510878 0.07382337
140.48512128 0.07371617
140.53513378 0.07360567
140.58514629 0.07349042
140.63515879 0.07337090
140.68517129 0.07324889
140.73518380 0.07312447
140.78519630 0.07300160
140.83520880 0.07288249
140.88522131 0.07276649
140.93523381 0.07265164
140.98524631 0.07253628
141.03525881 0.07241956
141.08527132 0.07227926
141.13528382 0.07213970
141.18529632 0.07206542
141.23530883 0.07198926
141.28532133 0.07201724
141.33533383 0.07189934
141.38534634 0.07161736
141.43535884 0.07150212
141.48537134 0.07139833
141.53538385 0.07131785
141.58539635 0.07136298
141.63540885 0.07119514
141.68542136 0.07126660
141.73543386 0.07117286
141.78544636 0.07118715
141.83545886 0.07104272
141.88547137 0.07095052
141.93548387 0.07080337
141.98549637 0.07071918
142.03550888 0.07052969
142.08552138 0.07043809
142.13553388 0.07032650
142.18554639 0.07019769
142.23555889 0.07009993
142.28557139 0.06999279
142.33558390 0.06972643
142.38559640 0.06959236
142.43560890 0.06947466
142.48562141 0.06936038
142.53563391 0.07115811
142.58564641 0.07106635
142.63565891 0.07093469
142.68567142 0.07118641
142.73568392 0.07118214
142.78569642 0.07106453
142.83570893 0.07081755
142.88572143 0.07070454
142.93573393 0.07095670
142.98574644 0.07075675
143.03575894 0.07057678
143.08577144 0.07044603
143.13578395 0.07035437
143.18579645 0.07024048
143.23580895 0.07013824
143.28582146 0.07001744
143.33583396 0.07004158
143.38584646 0.06997272
143.43585896 0.07055895
143.48587147 0.07038516
143.53588397 0.07027637
143.58589647 0.07029938
143.63590898 0.06963165
143.68592148 0.06944000
143.73593398 0.06929070
143.78594649 0.06939215
143.83595899 0.06926241
143.88597149 0.06913241
143.93598400 0.06899015
143.98599650 0.06892488
144.03600900 0.06874937
144.08602151 0.06859311
144.13603401 0.06852819
144.18604651 0.06844689
144.23605901 0.06830843
144.28607152 0.06812928
144.33608402 0.06811313
144.38609652 0.06805910
144.43610903 0.06811659
144.48612153 0.06802811
144.53613403 0.06799288
144.58614654 0.06793061
144.63615904 0.06800107
144.68617154 0.06775510
144.73618405 0.06771999
144.78619655 0.06755922
144.83620905 0.06751323
144.88622156 0.06729091
144.93623406 0.06719581
144.98624656 0.06710201
145.03625906 0.06699095
145.08627157 0.06679040
145.13628407 0.06661119
145.18629657 0.06646913
145.23630908 0.06699368
145.28632158 0.06688101
145.33633408 0.06670583
145.38634659 0.06660886
145.43635909 0.06648324
145.48637159 0.06634367
145.53638410 0.06619974
145.58639660 0.06603324
145.63640910 0.06582861
145.68642161 0.06570460
145.73643411 0.06557165
145.78644661 0.06543861
145.83645911 0.06530676
145.88647162 0.06518285
145.93648412 0.06506775
145.98649662 0.06665879
146.03650913 0.06655161
146.08652163 0.06547701
146.13653413 0.06534549
146.18654664 0.06515556
146.23655914 0.06506730
146.28657164 0.06496404
146.33658415 0.06483741
146.38659665 0.06473750
146.43660915 0.06463747
146.48662166 0.06452961
146.53663416 0.06441124
146.58664666 0.06428545
146.63665916 0.06416226
146.68667167 0.06411155
146.73668417 0.06394621
146.78669667 0.06381073
146.83670918 0.06370490
146.88672168 0.06358771
146.93673418 0.06348121
146.98674669 0.06334289
147.03675919 0.06324099
147.08677169 0.06319693
147.13678420 0.06300300
147.18679670 0.06292193
147.23680920 0.06278923
147.28682171 0.06267548
147.33683421 0.06267355
147.38684671 0.06259037
147.43685921 0.06233547
147.48687172 0.06227322
147.53688422 0.06216101
147.58689672 0.06208499
147.63690923 0.06196666
147.68692173 0.06189871
147.73693423 0.06183261
147.78694674 0.06171677
147.83695924 0.06164334
147.88697174 0.06171653
147.93698425 0.06148385
147.98699675 0.06136519
148.03700925 0.06128194
148.08702176 0.06117229
148.13703426 0.06105278
148.18704676 0.06097489
148.23705926 0.06089648
148.28707177 0.06079488
148.33708427 0.06069247
148.38709677 0.06058798
148.43710928 0.06048263
148.48712178 0.05915379
148.53713428 0.05902548
148.58714679 0.05892816
148.63715929 0.05882018
148.68717179 0.05868470
148.73718430 0.05858254
148.78719680 0.05846744
148.83720930 0.05746367
148.88722181 0.05736138
148.93723431 0.05728096
148.98724681 0.05720955
149.03725931 0.05715011
149.08727182 0.05708771
149.13728432 0.05703142
149.18729682 0.05684685
149.23730933 0.05678251
149.28732183 0.05670168
149.33733433 0.05660317
149.38734684 0.05645786
149.43735934 0.05635503
149.48737184 0.05670845
149.53738435 0.05661905
149.58739685 0.05650669
149.63740935 0.05642210
149.68742186 0.05625553
149.73743436 0.05623619
149.78744686 0.05615157
149.83745936 0.05604966
149.88747187 0.05594916
149.93748437 0.05583596
149.98749687 0.05574547
150.03750938 0.05585558
150.08752188 0.05577530
150.13753438 0.05568122
150.18754689 0.05546280
150.23755939 0.05539651
150.28757189 0.05528656
150.33758440 0.05513362
150.38759690 0.05506692
150.43760940 0.05500225
150.48762191 0.05491690
150.53763441 0.05478599
150.58764691 0.05470065
150.63765941 0.05462084
150.68767192 0.05454323
150.73768442 0.05445886
150.78769692 0.05436209
150.83770943 0.05425606
150.88772193 0.05404524
150.93773443 0.05394798
150.98774694 0.05385990
151.03775944 0.05378038
151.08777194 0.05370426
151.13778445 0.05362569
151.18779695 0.05354115
151.23780945 0.05346703
151.28782196 0.05335301
151.33783446 0.05325024
151.38784696 0.05317937
151.43785946 0.05315888
151.48787197 0.05307543
151.53788447 0.05299642
151.58789697 0.05291457
151.63790948 0.05282684
151.68792198 0.05273609
151.73793448 0.05264781
151.78794699 0.05260939
151.83795949 0.05253436
151.88797199 0.05245494
151.93798450 0.05237150
151.98799700 0.05227932
152.03800950 0.05217978
152.08802201 0.05207430
152.13803451 0.05196760
152.18804701 0.05186382
152.23805951 0.05176455
152.28807202 0.05212605
152.33808452 0.05203245
152.38809702 0.05194500
152.43810953 0.05173175
152.48812203 0.05165955
152.53813453 0.05159489
152.58814704 0.05147628
152.63815954 0.05140455
152.68817204 0.05132153
152.73818455 0.05122501
152.78819705 0.05112924
152.83820955 0.05103773
152.88822206 0.05108049
152.93823456 0.05102181
152.98824706 0.05095224
153.03825956 0.05083597
153.08827207 0.05082873
153.13828457 0.05072280
153.18829707 0.05061366
153.23830958 0.05051962
153.28832208 0.05042601
153.33833458 0.05033049
153.38834709 0.05021678
153.43835959 0.05011568
153.48837209 0.05012190
153.53838460 0.05011066
153.58839710 0.05001780
153.63840960 0.04992332
153.68842211 0.04989976
153.73843461 0.04979539
153.78844711 0.04970576
153.83845961 0.04966369
153.88847212 0.04965543
153.93848462 0.04958508
153.98849712 0.04970594
154.03850963 0.04961370
154.08852213 0.04938824
154.13853463 0.04930732
154.18854714 0.04921665
154.23855964 0.04911339
154.28857214 0.04901614
154.33858465 0.04892009
154.38859715 0.04882509
154.43860965 0.04883987
154.48862216 0.04874393
154.53863466 0.04863374
154.58864716 0.04855964
154.63865966 0.04848680
154.68867217 0.04840655
154.73868467 0.04832070
154.78869717 0.04823474
154.83870968 0.04815499
154.88872218 0.04804291
154.93873468 0.04791314
154.98874719 0.04787559
155.03875969 0.04782185
155.08877219 0.04770994
155.13878470 0.04763809
155.18879720 0.04756228
155.23880970 0.04748168
155.28882221 0.04739868
155.33883471 0.04731467
155.38884721 0.04723014
155.43885971 0.04714512
155.48887222 0.04700333
155.53888472 0.04690145
155.58889722 0.04680219
155.63890973 0.04671053
155.68892223 0.04665312
155.73893473 0.04656802
155.78894724 0.04648243
155.83895974 0.04639071
155.88897224 0.04629299
155.93898475 0.04619625
155.98899725 0.04610444
156.03900975 0.04703022
156.08902226 0.04694570
156.13903476 0.04686209
156.18904726 0.04678262
156.23905976 0.04670796
156.28907227 0.04666653
156.33908477 0.04659417
156.38909727 0.04651775
156.43910978 0.04639831
156.48912228 0.04631118
156.53913478 0.04623556
156.58914729 0.04616166
156.63915979 0.04608617
156.68917229 0.04601264
156.73918480 0.04593620
156.78919730 0.04585538
156.83920980 0.04577078
156.88922231 0.04568351
156.93923481 0.04559575
156.98924731 0.04564395
157.03925981 0.04556412
157.08927232 0.04548649
157.13928482 0.04539397
157.18929732 0.04549344
157.23930983 0.04534747
157.28932233 0.04522171
157.33933483 0.04516186
157.38934734 0.04506804
157.43935984 0.04495644
157.48937234 0.04486463
157.53938485 0.04500734
157.58939735 0.04496310
157.63940985 0.04536006
157.68942236 0.04642100
157.73943486 0.04634705
157.78944736 0.04635893
157.83945986 0.04629307
157.88947237 0.04623623
157.93948487 0.04613633
157.98949737 0.04609365
158.03950988 0.04603773
158.08952238 0.04598074
158.13953488 0.04597320
158.18954739 0.04580377
158.23955989 0.04564946
158.28957239 0.04663022
158.33958490 0.04656525
158.38959740 0.04648714
158.43960990 0.04643598
158.48962241 0.04638477
158.53963491 0.04633959
158.58964741 0.04627089
158.63965991 0.04624443
158.68967242 0.04615837
158.73968492 0.04606021
158.78969742 0.04599803
158.83970993 0.04592468
158.88972243 0.04582916
158.93973493 0.04576097
158.98974744 0.04568657
159.03975994 0.04560803
159.08977244 0.04552991
159.13978495 0.04545543
159.18979745 0.04538440
159.23980995 0.04532784
159.28982246 0.04522750
159.33983496 0.04515112
159.38984746 0.04507291
159.43985996 0.04499281
159.48987247 0.04491254
159.53988497 0.04482392
159.58989747 0.04474829
159.63990998 0.04468177
159.68992248 0.04461186
159.73993498 0.04454691
159.78994749 0.04452922
159.83995999 0.04448947
159.88997249 0.04441444
159.93998500 0.04433502
159.98999750 0.04423987
160.04001000 0.04427764
160.09002251 0.04410828
160.14003501 0.04401248
160.19004751 0.04401614
160.24006002 0.04394156
160.29007252 0.04386978
160.34008502 0.04382066
160.39009752 0.04378710
160.44011003 0.04365077
160.49012253 0.04358350
160.54013503 0.04353947
160.59014754 0.04347319
160.64016004 0.04340096
160.69017254 0.04345426
160.74018505 0.04337203
160.79019755 0.04287507
160.84021005 0.04280547
160.89022256 0.04277678
160.94023506 0.04275768
160.99024756 0.04270953
161.04026007 0.04346475
161.09027257 0.04337338
161.14028507 0.04331586
161.19029757 0.04320362
161.24031008 0.04341224
161.29032258 0.04333448
161.34033508 0.04324045
161.39034759 0.04340275
161.44036009 0.04328224
161.49037259 0.04321372
161.54038510 0.04293221
161.59039760 0.04288431
161.64041010 0.04302433
161.69042261 0.04304712
161.74043511 0.04298781
161.79044761 0.04301933
161.84046012 0.04298655
161.89047262 0.04285089
161.94048512 0.04279666
161.99049762 0.04275566
162.04051013 0.04269907
162.09052263 0.04269473
162.14053513 0.04265190
162.19054764 0.04255663
162.24056014 0.04248879
162.29057264 0.04241779
162.34058515 0.04234401
162.39059765 0.04233538
162.44061015 0.04231190
162.49062266 0.04228508
162.54063516 0.04223453
162.59064766 0.04215845
162.64066017 0.04207552
162.69067267 0.04197282
162.74068517 0.04203126
162.79069767 0.04195498
162.84071018 0.04189219
162.89072268 0.04179952
162.94073518 0.04175611
162.99074769 0.04158830
163.04076019 0.04147211
163.09077269 0.04168549
163.14078520 0.04163057
163.19079770 0.04162870
163.24081020 0.04157170
163.29082271 0.04151364
163.34083521 0.04145331
163.39084771 0.04147380
163.44086022 0.04137115
163.49087272 0.04125824
163.54088522 0.04115053
163.59089772 0.04132929
163.64091023 0.04129601
163.69092273 0.04120220
163.74093523 0.04112711
163.79094774 0.04103513
163.84096024 0.04087396
163.89097274 0.04083516
163.94098525 0.04080288
163.99099775 0.04075739
164.04101025 0.04069294
164.09102276 0.04061520
164.14103526 0.04053526
164.19104776 0.04046240
164.24106027 0.04039962
164.29107277 0.04030486
164.34108527 0.04025324
164.39109777 0.04019208
164.44111028 0.04100355
164.49112278 0.04093732
164.54113528 0.04086741
164.59114779 0.04080122
164.64116029 0.04074017
164.69117279 0.04068488
164.74118530 0.04062328
164.79119780 0.04055522
164.84121030 0.04048396
164.89122281 0.04041388
164.94123531 0.04034717
164.99124781 0.04028282
165.04126032 0.04021697
165.09127282 0.04015421
165.14128532 0.04017334
165.19129782 0.04013625
165.24131033 0.04005742
165.29132283 0.04000847
165.34133533 0.03994803
165.39134784 0.03987780
165.44136034 0.03979772
165.49137284 0.03971161
165.54138535 0.03962739
165.59139785 0.03955507
165.64141035 0.03948261
165.69142286 0.03941928
165.74143536 0.03936883
165.79144786 0.03938627
165.84146037 0.03919996
165.89147287 0.03912408
165.94148537 0.03898412
165.99149787 0.03890991
166.04151038 0.03884024
166.09152288 0.03877900
166.14153538 0.03868659
166.19154789 0.03860785
166.24156039 0.03853406
166.29157289 0.03846917
166.34158540 0.03863745
166.39159790 0.03858156
166.44161040 0.03850629
166.49162291 0.03842630
166.54163541 0.03828327
166.59164791 0.03822158
166.64166042 0.03819013
166.69167292 0.03813209
166.74168542 0.03806503
166.79169792 0.03817642
166.84171043 0.03810421
166.89172293 0.03802465
166.94173543 0.03794073
166.99174794 0.03786356
167.04176044 0.03783818
167.09177294 0.03778465
167.14178545 0.03773917
167.19179795 0.03770179
167.24181045 0.03766301
167.29182296 0.03761622
167.34183546 0.03756141
167.39184796 0.03750258
167.44186047 0.03764527
167.49187297 0.03758013
167.54188547 0.03750344
167.59189797 0.03741602
167.64191048 0.03732592
167.69192298 0.03724196
167.74193548 0.03716784
167.79194799 0.03710185
167.84196049 0.03703866
167.89197299 0.03697278
167.94198550 0.03690158
167.99199800 0.03682609
168.04201050 0.03675007
168.09202301 0.03667781
168.14203551 0.03860086
168.19204801 0.03861536
168.24206052 0.03858815
168.29207302 0.03850669
168.34208552 0.03847062
168.39209802 0.03839527
168.44211053 0.03846766
168.49212303 0.03846539
168.54213553 0.03840163
168.59214804 0.03833022
168.64216054 0.03826703
168.69217304 0.03817333
168.74218555 0.03809760
168.79219805 0.03799180
168.84221055 0.03799224
168.89222306 0.03791829
168.94223556 0.03787101
168.99224806 0.03782148
169.04226057 0.03776713
169.09227307 0.03770846
169.14228557 0.03764814
169.19229807 0.03758895
169.24231058 0.03753217
169.29232308 0.03747689
169.34233558 0.03742079
169.39234809 0.03742931
169.44236059 0.03736987
169.49237309 0.03730613
169.54238560 0.03722860
169.59239810 0.03706485
169.64241060 0.03699560
169.69242311 0.03694406
169.74243561 0.03688494
169.79244811 0.03676114
169.84246062 0.03670656
169.89247312 0.03667108
169.94248562 0.03659929
169.99249812 0.03654390
170.04251063 0.03715198
170.09252313 0.03708419
170.14253563 0.03703922
170.19254814 0.03695784
170.24256064 0.03686858
170.29257314 0.03628301
170.34258565 0.03633097
170.39259815 0.03631597
170.44261065 0.03627720
170.49262316 0.03625049
170.54263566 0.03622996
170.59264816 0.03618321
170.64266067 0.03612092
170.69267317 0.03605833
170.74268567 0.03600440
170.79269817 0.03595817
170.84271068 0.03591782
170.89272318 0.03597628
170.94273568 0.03591109
170.99274819 0.03586514
171.04276069 0.03592380
171.09277319 0.03587901
171.14278570 0.03598140
171.19279820 0.03591991
171.24281070 0.03584690
171.29282321 0.03577978
171.34283571 0.03572968
171.39284821 0.03569788
171.44286072 0.03567385
171.49287322 0.03564604
171.54288572 0.03560706
171.59289822 0.03584734
171.64291073 0.03575855
171.69292323 0.03573801
171.74293573 0.03564672
171.79294824 0.03553782
171.84296074 0.03565810
171.89297324 0.03560037
171.94298575 0.03556772
171.99299825 0.03543145
172.04301075 0.03537788
172.09302326 0.03540138
172.14303576 0.03550347
172.19304826 0.03543149
172.24306077 0.03537489
172.29307327 0.03539558
172.34308577 0.03536040
172.39309827 0.03528978
172.44311078 0.03524589
172.49312328 0.03522483
172.54313578 0.03538705
172.59314829 0.03555516
172.64316079 0.03554060
172.69317329 0.03615874
172.74318580 0.03609739
172.79319830 0.03601652
172.84321080 0.03613238
172.89322331 0.03608650
172.94323581 0.03605586
172.99324831 0.03602466
173.04326082 0.03611946
173.09327332 0.03598116
173.14328582 0.03589512
173.19329832 0.03582749
173.24331083 0.03574651
173.29332333 0.03567676
173.34333583 0.03644000
173.39334834 0.03638656
173.44336084 0.03628886
173.49337334 0.03623492
173.54338585 0.03616993
173.59339835 0.03611364
173.64341085 0.03605567
173.69342336 0.03607059
173.74343586 0.03602253
173.79344836 0.03589879
173.84346087 0.03585001
173.89347337 0.03583199
173.94348587 0.03581752
173.99349837 0.03580174
174.04351088 0.03578041
174.09352338 0.03575288
174.14353588 0.03571983
174.19354839 0.03568206
174.24356089 0.03562369
174.29357339 0.03564952
174.34358590 0.03553892
174.39359840 0.03546758
174.44361090 0.03530767
174.49362341 0.03523774
174.54363591 0.03518383
174.59364841 0.03512807
174.64366092 0.03506707
174.69367342 0.03505175
174.74368592 0.03498071
174.79369842 0.03494553
174.84371093 0.03489554
174.89372343 0.03484617
174.94373593 0.03498316
174.99374844 0.03498895
175.04376094 0.03493806
175.09377344 0.03495869
175.14378595 0.03497384
175.19379845 0.03493003
175.24381095 0.03487332
175.29382346 0.03477107
175.34383596 0.03533239
175.39384846 0.03528296
175.44386097 0.03521439
175.49387347 0.03531900
175.54388597 0.03526791
175.59389847 0.03522944
175.64391098 0.03518830
175.69392348 0.03510869
175.74393598 0.03504073
175.79394849 0.03502453
175.84396099 0.03492944
175.89397349 0.03490247
175.94398600 0.03481774
175.99399850 0.03477409
176.04401100 0.03470666
176.09402351 0.03463569
176.14403601 0.03454484
176.19404851 0.03446785
176.24406102 0.03440961
176.29407352 0.03436101
176.34408602 0.03431212
176.39409852 0.03434444
176.44411103 0.03427868
176.49412353 0.03421252
176.54413603 0.03410957
176.59414854 0.03405862
176.64416104 0.03399882
176.69417354 0.03394408
176.74418605 0.03402055
176.79419855 0.03386340
176.84421105 0.03379559
176.89422356 0.03373402
176.94423606 0.03365977
176.99424856 0.03359596
177.04426107 0.03355932
177.09427357 0.03351978
177.14428607 0.03348275
177.19429857 0.03343317
177.24431108 0.03338311
177.29432358 0.03317758
177.34433608 0.03311680
177.39434859 0.03307986
177.44436109 0.03300759
177.49437359 0.03291753
177.54438610 0.03285761
177.59439860 0.03281441
177.64441110 0.03273298
177.69442361 0.03263631
177.74443611 0.03273216
177.79444861 0.03269164
177.84446112 0.03264907
177.89447362 0.03258480
177.94448612 0.03256009
177.99449862 0.03250205
178.04451113 0.03244116
178.09452363 0.03238707
178.14453613 0.03234643
178.19454864 0.03228822
178.24456114 0.03223929
178.29457364 0.03219254
178.34458615 0.03214650
178.39459865 0.03209893
178.44461115 0.03204859
178.49462366 0.03199544
178.54463616 0.03194004
178.59464866 0.03188381
178.64466117 0.03182849
178.69467367 0.03177568
178.74468617 0.03172633
178.79469867 0.03167979
178.84471118 0.03172145
178.89472368 0.03172910
178.94473618 0.03168940
178.99474869 0.03163893
179.04476119 0.03162019
179.09477369 0.03156451
179.14478620 0.03151545
179.19479870 0.03183439
179.24481120 0.03176175
179.29482371 0.03171504
179.34483621 0.03192857
179.39484871 0.03184338
179.44486122 0.03185051
179.49487372 0.03181321
179.54488622 0.03177335
179.59489872 0.03173001
179.64491123 0.03168538
179.69492373 0.03164288
179.74493623 0.03160429
179.79494874 0.03156821
179.84496124 0.03153089
179.89497374 0.03148844
179.94498625 0.03143924
179.99499875 0.03138439
180.04501125 0.03132726
180.09502376 0.03127221
180.14503626 0.03122266
180.19504876 0.03063391
180.24506127 0.03063589
180.29507377 0.03050528
180.34508627 0.03044119
180.39509877 0.03039600
180.44511128 0.03034221
180.49512378 0.03027339
180.54513628 0.03020305
180.59514879 0.03013196
180.64516129 0.03007064
180.69517379 0.03002847
180.74518630 0.02998592
180.79519880 0.02995363
180.84521130 0.02991111
180.89522381 0.02987834
180.94523631 0.02984816
180.99524881 0.02990016
181.04526132 0.02984780
181.09527382 0.02980687
181.14528632 0.03007601
181.19529882 0.03006276
181.24531133 0.03001295
181.29532383 0.02998718
181.34533633 0.02993267
181.39534884 0.02988791
181.44536134 0.02983866
181.49537384 0.02977494
181.54538635 0.02968942
181.59539885 0.02963209
181.64541135 0.02990919
181.69542386 0.02970285
181.74543636 0.02963264
181.79544886 0.02956861
181.84546137 0.02950566
181.89547387 0.02943039
181.94548637 0.02940715
181.99549887 0.02936300
182.04551138 0.03035665
182.09552388 0.03040104
182.14553638 0.03027344
182.19554889 0.03043131
182.24556139 0.03028878
182.29557389 0.03073356
182.34558640 0.03072714
182.39559890 0.03072897
182.44561140 0.03077780
182.49562391 0.03130798
182.54563641 0.03122150
182.59564891 0.03123580
182.64566142 0.03118764
182.69567392 0.03113715
182.74568642 0.03111099
182.79569892 0.03106497
182.84571143 0.03100908
182.89572393 0.03097471
182.94573643 0.03098600
182.99574894 0.03083919
183.04576144 0.03081284
183.09577394 0.03075955
183.14578645 0.03070392
183.19579895 0.03064816
183.24581145 0.03059489
183.29582396 0.03054520
183.34583646 0.03049929
183.39584896 0.03052218
183.44586147 0.03049358
183.49587397 0.03047018
183.54588647 0.03044453
183.59589897 0.03041254
183.64591148 0.03034532
183.69592398 0.03030277
183.74593648 0.03025647
183.79594899 0.03023744
183.84596149 0.03021538
183.89597399 0.03016891
183.94598650 0.03006196
183.99599900 0.02999780
184.04601150 0.02997653
184.09602401 0.02986457
184.14603651 0.02972670
184.19604901 0.02972410
184.24606152 0.02971430
184.29607402 0.02966281
184.34608652 0.02960584
184.39609902 0.02947812
184.44611153 0.02941255
184.49612403 0.02934758
184.54613653 0.02928604
184.59614904 0.02883152
184.64616154 0.02878269
184.69617404 0.02873862
184.74618655 0.02871624
184.79619905 0.02867223
184.84621155 0.02970468
184.89622406 0.02966064
184.94623656 0.02961492
184.99624906 0.02957068
185.04626157 0.02952633
185.09627407 0.02947808
185.14628657 0.02942503
185.19629907 0.02943519
185.24631158 0.02938518
185.29632408 0.02934474
185.34633658 0.02951113
185.39634909 0.02946380
185.44636159 0.02942598
185.49637409 0.02884422
185.54638660 0.02880296
185.59639910 0.02874799
185.64641160 0.02847894
185.69642411 0.02843867
185.74643661 0.02838904
185.79644911 0.02836129
185.84646162 0.02838395
185.89647412 0.02845103
185.94648662 0.02944561
185.99649912 0.02942889
186.04651163 0.02939682
186.09652413 0.02933958
186.14653663 0.02928607
186.19654914 0.02924192
186.24656164 0.03024759
186.29657414 0.03021013
186.34658665 0.03018981
186.39659915 0.03028224
186.44661165 0.03023590
186.49662416 0.03025093
186.54663666 0.03016522
186.59664916 0.03011144
186.64666167 0.03006473
186.69667417 0.03002813
186.74668667 0.02999771
186.79669917 0.02996841
186.84671168 0.03035367
186.89672418 0.03032057
186.94673668 0.03049625
186.99674919 0.03046386
187.04676169 0.03042456
187.09677419 0.03045388
187.14678670 0.03052416
187.19679920 0.03065733
187.24681170 0.03058390
187.29682421 0.03056413
187.34683671 0.03051393
187.39684921 0.03045651
187.44686172 0.03081251
187.49687422 0.03072081
187.54688672 0.03086572
187.59689922 0.03084071
187.64691173 0.03219744
187.69692423 0.03221015
187.74693673 0.03217097
187.79694924 0.03218071
187.84696174 0.03213003
187.89697424 0.03228411
187.94698675 0.03222893
187.99699925 0.03215519
188.04701175 0.03207590
188.09702426 0.03204945
188.14703676 0.03307514
188.19704926 0.03337889
188.24706177 0.03337033
188.29707427 0.03345310
188.34708677 0.03345338
188.39709927 0.03337470
188.44711178 0.03334277
188.49712428 0.03333730
188.54713678 0.03330813
188.59714929 0.03321421
188.64716179 0.03498044
188.69717429 0.03621268
188.74718680 0.03627283
188.79719930 0.03624742
188.84721180 0.03637149
188.89722431 0.03637854
188.94723681 0.03631955
188.99724931 0.03624827
189.04726182 0.03630066
189.09727432 0.03610248
189.14728682 0.03602914
189.19729932 0.03600322
189.24731183 0.03598246
189.29732433 0.03593332
189.34733683 0.03593199
189.39734934 0.03590982
189.44736184 0.03583684
189.49737434 0.03579105
189.54738685 0.03574758
189.59739935 0.03579930
189.64741185 0.03573914
189.69742436 0.03568507
189.74743686 0.03565484
189.79744936 0.03553275
189.84746187 0.03544104
189.89747437 0.03533659
189.94748687 0.03520604
189.99749937 0.03512713
190.04751188 0.03514576
190.09752438 0.03511774
190.14753688 0.03510263
190.19754939 0.03507304
190.24756189 0.03330172
190.29757439 0.03326073
190.34758690 0.03319564
190.39759940 0.03316306
190.44761190 0.03318654
190.49762441 0.03312585
190.54763691 0.03309218
190.59764941 0.03306612
190.64766192 0.03310805
190.69767442 0.03308717
190.74768692 0.03305298
190.79769942 0.03299335
190.84771193 0.03294567
190.89772443 0.03289967
190.94773693 0.03285616
190.99774944 0.03281969
191.04776194 0.03273785
191.09777444 0.03270278
191.14778695 0.03266722
191.19779945 0.03265417
191.24781195 0.03266166
191.29782446 0.03263116
191.34783696 0.03258988
191.39784946 0.03258622
191.44786197 0.03256312
191.49787447 0.03253282
191.54788697 0.03249577
191.59789947 0.03258167
191.64791198 0.03246467
191.69792448 0.03243636
191.74793698 0.03306713
191.79794949 0.03304479
191.84796199 0.03308129
191.89797449 0.03302380
191.94798700 0.03295835
191.99799950 0.03320422
192.04801200 0.03321948
192.09802451 0.03324992
192.14803701 0.03320917
192.19804951 0.03319671
192.24806202 0.03330224
192.29807452 0.03327767
192.34808702 0.03319486
192.39809952 0.03315013
192.44811203 0.03315116
192.49812453 0.03311173
192.54813703 0.03306294
192.59814954 0.03300275
192.64816204 0.03298192
192.69817454 0.03295789
192.74818705 0.03307533
192.79819955 0.03306116
192.84821205 0.03451377
192.89822456 0.03448382
192.94823706 0.03445057
192.99824956 0.03440839
193.04826207 0.03437205
193.09827457 0.03435192
193.14828707 0.03430496
193.19829957 0.03425848
193.24831208 0.03429522
193.29832458 0.03423140
193.34833708 0.03416679
193.39834959 0.03411206
193.44836209 0.03406750
193.49837459 0.03403025
193.54838710 0.03397960
193.59839960 0.03394983
193.64841210 0.03394289
193.69842461 0.03371458
193.74843711 0.03367030
193.79844961 0.03363183
193.84846212 0.03360027
193.89847462 0.03356980
193.94848712 0.03353407
193.99849962 0.03331214
194.04851213 0.03326556
194.09852463 0.03320048
194.14853713 0.03315719
194.19854964 0.03314438
194.24856214 0.03312264
194.29857464 0.03310717
194.34858715 0.03307131
194.39859965 0.03304838
194.44861215 0.03301786
194.49862466 0.03300080
194.54863716 0.03298250
194.59864966 0.03290464
194.64866217 0.03295504
194.69867467 0.03292782
194.74868717 0.03297883
194.79869967 0.03283190
194.84871218 0.03278273
194.89872468 0.03278044
194.94873718 0.03270763
194.99874969 0.03274229
195.04876219 0.03268657
195.09877469 0.03263641
195.14878720 0.03251327
195.19879970 0.03240387
195.24881220 0.03234260
195.29882471 0.03228788
195.34883721 0.03175053
195.39884971 0.03169145
195.44886222 0.03173474
195.49887472 0.03169375
195.54888722 0.03165902
195.59889972 0.03157271
195.64891223 0.03156126
195.69892473 0.03154980
195.74893723 0.03152670
195.79894974 0.03129725
195.84896224 0.02984662
195.89897474 0.02980018
195.94898725 0.02980816
195.99899975 0.02978163
196.04901225 0.02975239
196.09902476 0.02979581
196.14903726 0.02974409
196.19904976 0.02969024
196.24906227 0.03124342
196.29907477 0.03118352
196.34908727 0.03112537
196.39909977 0.03097427
196.44911228 0.03089388
196.49912478 0.03087045
196.54913728 0.03081091
196.59914979 0.03078497
196.64916229 0.03073230
196.69917479 0.03070048
196.74918730 0.03057036
196.79919980 0.03049350
196.84921230 0.03043475
196.89922481 0.03043234
196.94923731 0.03038017
196.99924981 0.03034046
197.04926232 0.03024777
197.09927482 0.03023918
197.14928732 0.03021669
197.19929982 0.03016475
197.24931233 0.03013707
197.29932483 0.03015085
197.34933733 0.03001967
197.39934984 0.03013690
197.44936234 0.03009702
197.49937484 0.02999115
197.54938735 0.02992691
197.59939985 0.02985096
197.64941235 0.02974730
197.69942486 0.02968247
197.74943736 0.03026908
197.79944986 0.03027942
197.84946237 0.02931264
197.89947487 0.02925289
197.94948737 0.02918845
197.99949987 0.02911540
198.04951238 0.02906203
198.09952488 0.02916314
198.14953738 0.02912408
198.19954989 0.02934186
198.24956239 0.02937455
198.29957489 0.02932847
198.34958740 0.02929945
198.39959990 0.02926818
198.44961240 0.02923687
198.49962491 0.02921062
198.54963741 0.02989283
198.59964991 0.02986694
198.64966242 0.02983137
198.69967492 0.02993077
198.74968742 0.03006160
198.79969992 0.03008906
198.84971243 0.03004477
198.89972493 0.03000043
198.94973743 0.02995480
198.99974994 0.02990694
199.04976244 0.02985803
199.09977494 0.02980447
199.14978745 0.02975877
199.19979995 0.02971593
199.24981245 0.02967720
199.29982496 0.02972189
199.34983746 0.02968695
199.39984996 0.02965234
199.44986247 0.02961854
199.49987497 0.02891157
199.54988747 0.02888576
199.59989997 0.02886171
199.64991248 0.02883583
199.69992498 0.02880602
199.74993748 0.02877251
199.79994999 0.02873741
199.84996249 0.02870295
199.89997499 0.02866994
199.94998750 0.02863772
200.00000000 0.02851452
