0.00000000 12.00000000
0.05001250 12.00269281
0.10002501 12.00725176
0.15003751 12.00216177
0.20005001 11.99812087
0.25006252 11.99486837
0.30007502 11.98863107
0.35008752 11.98582346
0.40010003 11.98295737
0.45011253 11.97928043
0.50012503 11.97704988
0.55013753 11.97509469
0.60015004 11.97342960
0.65016254 11.97210661
0.70017504 11.95971283
0.75018755 11.95037218
0.80020005 11.94565456
0.85021255 11.94376092
0.90022506 11.94062367
0.95023756 11.93660503
1.00025006 11.93268360
1.05026257 11.92977631
1.10027507 11.92259949
1.15028757 11.91560923
1.20030008 11.91159792
1.25031258 11.90285765
1.30032508 11.89114179
1.35033758 11.88542432
1.40035009 11.87503725
1.45036259 11.86921232
1.50037509 11.86474132
1.55038760 11.85775018
1.60040010 11.84677909
1.65041260 11.83611372
1.70042511 11.82477780
1.75043761 11.81362912
1.80045011 11.80452569
1.85046262 11.79490975
1.90047512 11.77814243
1.95048762 11.76768360
2.00050013 11.76311587
2.05051263 11.75345366
2.10052513 11.74758426
2.15053763 11.73584895
2.20055014 11.73166954
2.25056264 11.72738699
2.30057514 11.71829279
2.35058765 11.71227255
2.40060015 11.69360099
2.45061265 11.68438838
2.50062516 11.67645910
2.55063766 11.67368175
2.60065016 11.66763632
2.65066267 11.65498388
2.70067517 11.65149045
2.75068767 11.64533273
2.80070018 11.62808738
2.85071268 11.61318939
2.90072518 11.60126598
2.95073768 11.58987307
3.00075019 11.58313335
3.05076269 11.57773192
3.10077519 11.56699426
3.15078770 11.55885622
3.20080020 11.55472309
3.25081270 11.55194623
3.30082521 11.54950404
3.35083771 11.53329283
3.40085021 11.52480565
3.45086272 11.51705015
3.50087522 11.49791376
3.55088772 11.49104577
3.60090023 11.47901138
3.65091273 11.47572700
3.70092523 11.47268356
3.75093773 11.46553760
3.80095024 11.45557769
3.85096274 11.44576361
3.90097524 11.42790881
3.95098775 11.42124114
4.00100025 11.41666633
4.05101275 11.40606322
4.10102526 11.40382834
4.15103776 11.39237795
4.20105026 11.38765074
4.25106277 11.38118727
4.30107527 11.37074563
4.35108777 11.36277582
4.40110028 11.35840362
4.45111278 11.34751941
4.50112528 11.33819542
4.55113778 11.32660278
4.60115029 11.31996842
4.65116279 11.31504169
4.70117529 11.30484118
4.75118780 11.30014142
4.80120030 11.28979798
4.85121280 11.28399161
4.90122531 11.27685875
4.95123781 11.26790101
5.00125031 11.25967246
5.05126282 11.24453748
5.10127532 11.22750516
5.15128782 11.21500496
5.20130033 11.20765870
5.25131283 11.20529310
5.30132533 11.20043603
5.35133783 11.18784719
5.40135034 11.18445287
5.45136284 11.17952004
5.50137534 11.17000011
5.55138785 11.16282107
5.60140035 11.15102573
5.65141285 11.14173036
5.70142536 11.13060169
5.75143786 11.12291602
5.80145036 11.11674027
5.85146287 11.10964194
5.90147537 11.10300894
5.95148787 11.08890702
6.00150038 11.07856257
6.05151288 11.06556545
6.10152538 11.05393835
6.15153788 11.04793448
6.20155039 11.04372237
6.25156289 11.03843332
6.30157539 11.03594741
6.35158790 11.02755411
6.40160040 11.02418763
6.45161290 11.02030377
6.50162541 11.00361860
6.55163791 10.99801198
6.60165041 10.99292165
6.65166292 10.98869568
6.70167542 10.97667437
6.75168792 10.96967769
6.80170043 10.96049508
6.85171293 10.95603261
6.90172543 10.95172367
6.95173793 10.94573175
7.00175044 10.93115254
7.05176294 10.91400925
7.10177544 10.89992398
7.15178795 10.89476990
7.20180045 10.88835881
7.25181295 10.88049439
7.30182546 10.87364245
7.35183796 10.86805660
7.40185046 10.86157714
7.45186297 10.84863206
7.50187547 10.84312507
7.55188797 10.84419249
7.60190048 10.83605949
7.65191298 10.82783052
7.70192548 10.82568361
7.75193798 10.81796956
7.80195049 10.81126552
7.85196299 10.80121582
7.90197549 10.78872587
7.95198800 10.78185199
8.00200050 10.77447570
8.05201300 10.76187604
8.10202551 10.75817519
8.15203801 10.74965346
8.20205051 10.74337036
8.25206302 10.73508048
8.30207552 10.72564783
8.35208802 10.70254909
8.40210053 10.69090410
8.45211303 10.68137800
8.50212553 10.67796205
8.55213803 10.66618671
8.60215054 10.65906781
8.65216304 10.65278398
8.70217554 10.64663568
8.75218805 10.62905749
8.80220055 10.61070300
8.85221305 10.60055791
8.90222556 10.59013045
8.95223806 10.57460876
9.00225056 10.56937306
9.05226307 10.56212644
9.10227557 10.55335963
9.15228807 10.54875802
9.20230058 10.53799070
9.25231308 10.53477709
9.30232558 10.52344459
9.35233808 10.50564579
9.40235059 10.49556195
9.45236309 10.48446019
9.50237559 10.47752637
9.55238810 10.46604811
9.60240060 10.45892386
9.65241310 10.44837622
9.70242561 10.44141738
9.75243811 10.42660538
9.80245061 10.41912115
9.85246312 10.40510374
9.90247562 10.40030446
9.95248812 10.38888194
10.00250063 10.37975493
10.05251313 10.36589604
10.10252563 10.36010423
10.15253813 10.34589211
10.20255064 10.34167848
10.25256314 10.33085122
10.30257564 10.32288380
10.35258815 10.30925133
10.40260065 10.29767441
10.45261315 10.28845548
10.50262566 10.28141591
10.55263816 10.26952567
10.60265066 10.26049753
10.65266317 10.25268048
10.70267567 10.24374888
10.75268817 10.23610566
10.80270068 10.22886103
10.85271318 10.22269306
10.90272568 10.21789933
10.95273818 10.20436033
11.00275069 10.19382405
11.05276319 10.18705468
11.10277569 10.18119038
11.15278820 10.16778626
11.20280070 10.15372019
11.25281320 10.14119055
11.30282571 10.13350262
11.35283821 10.12951656
11.40285071 10.12025302
11.45286322 10.10946088
11.50287572 10.09711402
11.55288822 10.08435461
11.60290073 10.07588281
11.65291323 10.05996462
11.70292573 10.05010186
11.75293823 10.03553992
11.80295074 10.03030556
11.85296324 10.02316942
11.90297574 10.01535163
11.95298825 10.01231736
12.00300075 10.00595639
12.05301325 10.00301842
12.10302576 9.98837027
12.15303826 9.97575929
12.20305076 9.96767986
12.25306327 9.95373422
12.30307577 9.93827301
12.35308827 9.93249318
12.40310078 9.91886212
12.45311328 9.90983206
12.50312578 9.90186013
12.55313828 9.88938035
12.60315079 9.88386074
12.65316329 9.87501825
12.70317579 9.87123694
12.75318830 9.86496504
12.80320080 9.85482376
12.85321330 9.84433574
12.90322581 9.82888219
12.95323831 9.82177274
13.00325081 9.81531959
13.05326332 9.80654983
13.10327582 9.78948755
13.15328832 9.77279904
13.20330083 9.77013768
13.25331333 9.75959754
13.30332583 9.75121518
13.35333833 9.73420269
13.40335084 9.72776896
13.45336334 9.71965609
13.50337584 9.70399935
13.55338835 9.70043020
13.60340085 9.69693044
13.65341335 9.68116282
13.70342586 9.67375053
13.75343836 9.66707686
13.80345086 9.65614570
13.85346337 9.64828552
13.90347587 9.62841264
13.95348837 9.62477215
14.00350088 9.60998967
14.05351338 9.60856709
14.10352588 9.59719365
14.15353838 9.59087996
14.20355089 9.58224894
14.25356339 9.57427329
14.30357589 9.56398019
14.35358840 9.55927407
14.40360090 9.55076001
14.45361340 9.54417993
14.50362591 9.53355147
14.55363841 9.52193878
14.60365091 9.51723020
14.65366342 9.51611027
14.70367592 9.50311032
14.75368842 9.49405961
14.80370093 9.48763495
14.85371343 9.47487224
14.90372593 9.46643660
14.95373843 9.45914297
15.00375094 9.45023139
15.05376344 9.44527910
15.10377594 9.43871966
15.15378845 9.43643937
15.20380095 9.42533637
15.25381345 9.41946107
15.30382596 9.41268446
15.35383846 9.40331032
15.40385096 9.39298006
15.45386347 9.38523276
15.50387597 9.38348809
15.55388847 9.37683560
15.60390098 9.36953827
15.65391348 9.35675254
15.70392598 9.35053161
15.75393848 9.33419156
15.80395099 9.32144479
15.85396349 9.31456340
15.90397599 9.30764271
15.95398850 9.29599719
16.00400100 9.28912429
16.05401350 9.27882115
16.10402601 9.27111146
16.15403851 9.26486648
16.20405101 9.25883343
16.25406352 9.25572846
16.30407602 9.25011746
16.35408852 9.23866844
16.40410103 9.22354156
16.45411353 9.21691357
16.50412603 9.20802654
16.55413853 9.20173972
16.60415104 9.19497833
16.65416354 9.18760037
16.70417604 9.17430366
16.75418855 9.16362219
16.80420105 9.15423972
16.85421355 9.14280675
16.90422606 9.12872014
16.95423856 9.11756374
17.00425106 9.11103557
17.05426357 9.09927168
17.10427607 9.09276732
17.15428857 9.08826081
17.20430108 9.08418309
17.25431358 9.07828788
17.30432608 9.06469938
17.35433858 9.05821986
17.40435109 9.04924019
17.45436359 9.03758826
17.50437609 9.02770125
17.55438860 9.02267757
17.60440110 9.01695640
17.65441360 9.00585766
17.70442611 8.99223900
17.75443861 8.98730028
17.80445111 8.98293778
17.85446362 8.97551622
17.90447612 8.97033009
17.95448862 8.95961853
18.00450113 8.94715114
18.05451363 8.94047024
18.10452613 8.92386721
18.15453863 8.91585807
18.20455114 8.90452794
18.25456364 8.88916651
18.30457614 8.88476947
18.35458865 8.87632970
18.40460115 8.86842278
18.45461365 8.86589287
18.50462616 8.86046627
18.55463866 8.85459493
18.60465116 8.84413211
18.65466367 8.84159907
18.70467617 8.83467217
18.75468867 8.82784731
18.80470118 8.82070315
18.85471368 8.81536440
18.90472618 8.80199068
18.95473868 8.79172673
19.00475119 8.78127390
19.05476369 8.77632539
19.10477619 8.76376492
19.15478870 8.75650874
19.20480120 8.74921694
19.25481370 8.74337396
19.30482621 8.73057612
19.35483871 8.71975653
19.40485121 8.70541765
19.45486372 8.68930611
19.50487622 8.67658308
19.55488872 8.66818623
19.60490123 8.65685553
19.65491373 8.65306139
19.70492623 8.64577724
19.75493873 8.63791631
19.80495124 8.62802204
19.85496374 8.61401120
19.90497624 8.60191853
19.95498875 8.59296839
20.00500125 8.58499984
20.05501375 8.57732588
20.10502626 8.56659469
20.15503876 8.56027450
20.20505126 8.55343551
20.25506377 8.54501275
20.30507627 8.53470678
20.35508877 8.53002689
20.40510128 8.52473320
20.45511378 8.52093838
20.50512628 8.51172744
20.55513878 8.50286204
20.60515129 8.49713682
20.65516379 8.48838852
20.70517629 8.48577899
20.75518880 8.47420187
20.80520130 8.46710363
20.85521380 8.46187712
20.90522631 8.44885138
20.95523881 8.43936823
21.00525131 8.43110929
21.05526382 8.41694373
21.10527632 8.40866858
21.15528882 8.40074751
21.20530133 8.38914242
21.25531383 8.38159631
21.30532633 8.36482564
21.35533883 8.35080801
21.40535134 8.33641744
21.45536384 8.32450271
21.50537634 8.31730407
21.55538885 8.31137368
21.60540135 8.30870217
21.65541385 8.30203245
21.70542636 8.29214992
21.75543886 8.28606806
21.80545136 8.27383620
21.85546387 8.26967670
21.90547637 8.26648644
21.95548887 8.25716518
22.00550138 8.24900728
22.05551388 8.23977983
22.10552638 8.23362077
22.15553888 8.22078875
22.20555139 8.21409155
22.25556389 8.20577480
22.30557639 8.19618381
22.35558890 8.18737929
22.40560140 8.18129819
22.45561390 8.17515954
22.50562641 8.17209499
22.55563891 8.16663521
22.60565141 8.15675016
22.65566392 8.14497445
22.70567642 8.14213745
22.75568892 8.13340255
22.80570143 8.12129805
22.85571393 8.11235127
22.90572643 8.10073378
22.95573893 8.09491435
23.00575144 8.08814166
23.05576394 8.07888190
23.10577644 8.07557570
23.15578895 8.06627318
23.20580145 8.05823915
23.25581395 8.04869261
23.30582646 8.04073714
23.35583896 8.03599743
23.40585146 8.02847235
23.45586397 8.02020391
23.50587647 8.01406747
23.55588897 8.00971398
23.60590148 8.01088336
23.65591398 7.99651439
23.70592648 7.99592245
23.75593898 7.99050397
23.80595149 7.98044620
23.85596399 7.96587228
23.90597649 7.95965293
23.95598900 7.94935930
24.00600150 7.94513130
24.05601400 7.93776311
24.10602651 7.92471009
24.15603901 7.91791419
24.20605151 7.91517041
24.25606402 7.90984801
24.30607652 7.90128549
24.35608902 7.89113017
24.40610153 7.88418052
24.45611403 7.87964617
24.50612653 7.87302710
24.55613903 7.86347284
24.60615154 7.86186271
24.65616404 7.85155185
24.70617654 7.84858954
24.75618905 7.84441928
24.80620155 7.83831890
24.85621405 7.82345388
24.90622656 7.80410094
24.95623906 7.79395884
25.00625156 7.79035452
25.05626407 7.77970558
25.10627657 7.77038763
25.15628907 7.76113453
25.20630158 7.75427824
25.25631408 7.75069363
25.30632658 7.74518397
25.35633908 7.73348493
25.40635159 7.72546558
25.45636409 7.72091736
25.50637659 7.70648654
25.55638910 7.70113512
25.60640160 7.69510738
25.65641410 7.67974894
25.70642661 7.67607598
25.75643911 7.66642483
25.80645161 7.66235839
25.85646412 7.65377672
25.90647662 7.65105526
25.95648912 7.64173346
26.00650163 7.63357146
26.05651413 7.62511600
26.10652663 7.61826548
26.15653913 7.61280594
26.20655164 7.60414608
26.25656414 7.59761077
26.30657664 7.58954117
26.35658915 7.58138370
26.40660165 7.57361874
26.45661415 7.56686204
26.50662666 7.55282541
26.55663916 7.54358298
26.60665166 7.53261000
26.65666417 7.52601271
26.70667667 7.51775538
26.75668917 7.51391600
26.80670168 7.50462707
26.85671418 7.49758723
26.90672668 7.49149200
26.95673918 7.48734004
27.00675169 7.47266485
27.05676419 7.46801540
27.10677669 7.45192662
27.15678920 7.44426642
27.20680170 7.43666537
27.25681420 7.43152751
27.30682671 7.42522667
27.35683921 7.41887391
27.40685171 7.40883668
27.45686422 7.40385907
27.50687672 7.39625276
27.55688922 7.38538195
27.60690173 7.37642375
27.65691423 7.37018030
27.70692673 7.35951188
27.75693923 7.34788138
27.80695174 7.34169571
27.85696424 7.33389569
27.90697674 7.33104662
27.95698925 7.32519569
28.00700175 7.31065663
28.05701425 7.30345460
28.10702676 7.29725170
28.15703926 7.28438202
28.20705176 7.27546150
28.25706427 7.26687696
28.30707677 7.25789452
28.35708927 7.25267838
28.40710178 7.24644468
28.45711428 7.24161328
28.50712678 7.23452697
28.55713928 7.22550387
28.60715179 7.21801778
28.65716429 7.20970953
28.70717679 7.19704964
28.75718930 7.18175558
28.80720180 7.17767947
28.85721430 7.17199417
28.90722681 7.16869029
28.95723931 7.15888669
29.00725181 7.14983360
29.05726432 7.14535079
29.10727682 7.13825900
29.15728932 7.12831405
29.20730183 7.11683076
29.25731433 7.10766919
29.30732683 7.10563627
29.35733933 7.09955658
29.40735184 7.09250578
29.45736434 7.08761620
29.50737684 7.07516792
29.55738935 7.07264718
29.60740185 7.06761677
29.65741435 7.06318192
29.70742686 7.05594643
29.75743936 7.04764470
29.80745186 7.04213290
29.85746437 7.03508054
29.90747687 7.02499170
29.95748937 7.02283050
30.00750188 7.01458780
30.05751438 6.99918737
30.10752688 6.99115055
30.15753938 6.98816767
30.20755189 6.98158790
30.25756439 6.96651798
30.30757689 6.95992880
30.35758940 6.95656530
30.40760190 6.94950310
30.45761440 6.94017748
30.50762691 6.93211797
30.55763941 6.92627187
30.60765191 6.92317829
30.65766442 6.91308525
30.70767692 6.90482672
30.75768942 6.89141095
30.80770193 6.88576920
30.85771443 6.88007552
30.90772693 6.87408484
30.95773943 6.86619331
31.00775194 6.85615332
31.05776444 6.84991700
31.10777694 6.84371860
31.15778945 6.83695275
31.20780195 6.82489648
31.25781445 6.81840865
31.30782696 6.80934093
31.35783946 6.80372710
31.40785196 6.79668143
31.45786447 6.78879674
31.50787697 6.77723231
31.55788947 6.76587817
31.60790198 6.75562050
31.65791448 6.75090745
31.70792698 6.73824969
31.75793948 6.73798389
31.80795199 6.72814791
31.85796449 6.72034022
31.90797699 6.71778811
31.95798950 6.71002297
32.00800200 6.70050721
32.05801450 6.69066416
32.10802701 6.68040008
32.15803951 6.67863864
32.20805201 6.67625903
32.25806452 6.66601571
32.30807702 6.65881118
32.35808952 6.65659298
32.40810203 6.65368623
32.45811453 6.64634032
32.50812703 6.63553726
32.55813953 6.62336529
32.60815204 6.61653212
32.65816454 6.60945435
32.70817704 6.60129868
32.75818955 6.59165077
32.80820205 6.58393779
32.85821455 6.57918228
32.90822706 6.57294642
32.95823956 6.56254552
33.00825206 6.55700035
33.05826457 6.54885373
33.10827707 6.54098270
33.15828957 6.53240312
33.20830208 6.52401588
33.25831458 6.51683384
33.30832708 6.51019269
33.35833958 6.50328349
33.40835209 6.49045061
33.45836459 6.48848472
33.50837709 6.48111730
33.55838960 6.47632883
33.60840210 6.47121626
33.65841460 6.46866445
33.70842711 6.45824279
33.75843961 6.45220467
33.80845211 6.43670484
33.85846462 6.43410582
33.90847712 6.42993082
33.95848962 6.42423531
34.00850213 6.42079262
34.05851463 6.40910985
34.10852713 6.40397976
34.15853963 6.39920396
34.20855214 6.39543033
34.25856464 6.39187146
34.30857714 6.38240016
34.35858965 6.37023402
34.40860215 6.36615190
34.45861465 6.36361837
34.50862716 6.35209255
34.55863966 6.33764380
34.60865216 6.33339801
34.65866467 6.32770238
34.70867717 6.32172898
34.75868967 6.31140195
34.80870218 6.30694277
34.85871468 6.30326495
34.90872718 6.29840731
34.95873968 6.29573383
35.00875219 6.29108099
35.05876469 6.28683250
35.10877719 6.27929266
35.15878970 6.27570516
35.20880220 6.26436548
35.25881470 6.25561147
35.30882721 6.24653660
35.35883971 6.24145379
35.40885221 6.22918188
35.45886472 6.22817117
35.50887722 6.22105726
35.55888972 6.21439478
35.60890223 6.20599750
35.65891473 6.20285701
35.70892723 6.19538976
35.75893973 6.18968576
35.80895224 6.18233034
35.85896474 6.17244093
35.90897724 6.16410086
35.95898975 6.15191831
36.00900225 6.14251824
36.05901475 6.13897774
36.10902726 6.12504768
36.15903976 6.11909883
36.20905226 6.11299198
36.25906477 6.10843857
36.30907727 6.10280635
36.35908977 6.09569760
36.40910228 6.09022498
36.45911478 6.08759097
36.50912728 6.08062274
36.55913978 6.07585804
36.60915229 6.07110577
36.65916479 6.05912778
36.70917729 6.05424891
36.75918980 6.04130451
36.80920230 6.03405087
36.85921480 6.02301230
36.90922731 6.01688805
36.95923981 6.01211221
37.00925231 6.00865103
37.05926482 5.99780071
37.10927732 5.98909253
37.15928982 5.98255056
37.20930233 5.97916970
37.25931483 5.96587413
37.30932733 5.96181031
37.35933983 5.95508672
37.40935234 5.94735035
37.45936484 5.93838776
37.50937734 5.93097847
37.55938985 5.92038694
37.60940235 5.91218607
37.65941485 5.90489033
37.70942736 5.89865431
37.75943986 5.89030747
37.80945236 5.88268627
37.85946487 5.87908075
37.90947737 5.86945669
37.95948987 5.86441953
38.00950238 5.85855068
38.05951488 5.85246239
38.10952738 5.84702138
38.15953988 5.84057524
38.20955239 5.83523250
38.25956489 5.82591379
38.30957739 5.81528331
38.35958990 5.81021274
38.40960240 5.80377048
38.45961490 5.80083998
38.50962741 5.79539700
38.55963991 5.79000195
38.60965241 5.78149828
38.65966492 5.77852792
38.70967742 5.77174626
38.75968992 5.76263765
38.80970243 5.75082290
38.85971493 5.74833999
38.90972743 5.73934556
38.95973993 5.72813441
39.00975244 5.71888427
39.05976494 5.71301891
39.10977744 5.70445392
39.15978995 5.69631949
39.20980245 5.68958100
39.25981495 5.68550225
39.30982746 5.67914906
39.35983996 5.67051226
39.40985246 5.66232869
39.45986497 5.65816345
39.50987747 5.64628315
39.55988997 5.63808162
39.60990248 5.62341169
39.65991498 5.61828404
39.70992748 5.61590452
39.75993998 5.61284638
39.80995249 5.60817137
39.85996499 5.60277448
39.90997749 5.59599226
39.95999000 5.59191682
40.01000250 5.58235234
40.06001500 5.57974337
40.11002751 5.57542976
40.16004001 5.56894347
40.21005251 5.56171038
40.26006502 5.55801078
40.31007752 5.54922498
40.36009002 5.54032319
40.41010253 5.53134957
40.46011503 5.52012499
40.51012753 5.51048486
40.56014004 5.50355654
40.61015254 5.49709341
40.66016504 5.49516298
40.71017754 5.49045470
40.76019005 5.48657481
40.81020255 5.48251253
40.86021505 5.47487072
40.91022756 5.46998755
40.96024006 5.46093148
41.01025256 5.45540187
41.06026507 5.45028939
41.11027757 5.44041303
41.16029007 5.43138334
41.21030258 5.42593020
41.26031508 5.42101992
41.31032758 5.41451215
41.36034009 5.40953060
41.41035259 5.40553823
41.46036509 5.40522538
41.51037759 5.39882441
41.56039010 5.39396797
41.61040260 5.38624962
41.66041510 5.37529953
41.71042761 5.36915888
41.76044011 5.36422174
41.81045261 5.35794781
41.86046512 5.35389705
41.91047762 5.34874523
41.96049012 5.33861747
42.01050263 5.33383885
42.06051513 5.32718921
42.11052763 5.31343564
42.16054014 5.30783660
42.21055264 5.30157416
42.26056514 5.29190760
42.31057764 5.28585566
42.36059015 5.27896211
42.41060265 5.27422782
42.46061515 5.26431562
42.51062766 5.25503698
42.56064016 5.25065917
42.61065266 5.24379874
42.66066517 5.23803961
42.71067767 5.23358751
42.76069017 5.22500283
42.81070268 5.21596545
42.86071518 5.20904518
42.91072768 5.20322919
42.96074019 5.19924063
43.01075269 5.18936949
43.06076519 5.18124640
43.11077769 5.17648637
43.16079020 5.17215326
43.21080270 5.16596732
43.26081520 5.16264403
43.31082771 5.15701264
43.36084021 5.14824299
43.41085271 5.13666485
43.46086522 5.12608406
43.51087772 5.11954726
43.56089022 5.11478962
43.61090273 5.10625546
43.66091523 5.10274077
43.71092773 5.09449943
43.76094024 5.08658050
43.81095274 5.08141900
43.86096524 5.07426657
43.91097774 5.06493742
43.96099025 5.05517038
44.01100275 5.04672989
44.06101525 5.03969842
44.11102776 5.03212882
44.16104026 5.02531349
44.21105276 5.02230934
44.26106527 5.01815557
44.31107777 5.01569828
44.36109027 5.00932741
44.41110278 5.00510046
44.46111528 5.00037245
44.51112778 4.99579764
44.56114029 4.99206051
44.61115279 4.98709816
44.66116529 4.98239564
44.71117779 4.97576244
44.76119030 4.96988995
44.81120280 4.96612718
44.86121530 4.96308796
44.91122781 4.95773696
44.96124031 4.95418862
45.01125281 4.95048742
45.06126532 4.94427375
45.11127782 4.94239582
45.16129032 4.93790263
45.21130283 4.92963339
45.26131533 4.92514167
45.31132783 4.92032322
45.36134034 4.91402937
45.41135284 4.90843188
45.46136534 4.90338104
45.51137784 4.89980264
45.56139035 4.89210577
45.61140285 4.88745820
45.66141535 4.87921624
45.71142786 4.87638077
45.76144036 4.86744189
45.81145286 4.86011871
45.86146537 4.85159980
45.91147787 4.84528127
45.96149037 4.83978714
46.01150288 4.83515949
46.06151538 4.83126162
46.11152788 4.82313233
46.16154039 4.81579882
46.21155289 4.81366953
46.26156539 4.80588975
46.31157789 4.80182702
46.36159040 4.79786954
46.41160290 4.79125369
46.46161540 4.78651607
46.51162791 4.77896660
46.56164041 4.77318593
46.61165291 4.76753986
46.66166542 4.76155850
46.71167792 4.75843870
46.76169042 4.75381249
46.81170293 4.74700561
46.86171543 4.74050422
46.91172793 4.73468151
46.96174044 4.72735022
47.01175294 4.71650845
47.06176544 4.70674101
47.11177794 4.70291979
47.16179045 4.69883763
47.21180295 4.69613921
47.26181545 4.68981760
47.31182796 4.68241345
47.36184046 4.67588992
47.41185296 4.67150767
47.46186547 4.66502294
47.51187797 4.66134944
47.56189047 4.65729450
47.61190298 4.64909374
47.66191548 4.64398427
47.71192798 4.64146831
47.76194049 4.63474165
47.81195299 4.63135250
47.86196549 4.62511516
47.91197799 4.61998687
47.96199050 4.61467159
48.01200300 4.61145739
48.06201550 4.60891502
48.11202801 4.60353525
48.16204051 4.60091413
48.21205301 4.59601096
48.26206552 4.58973297
48.31207802 4.58309050
48.36209052 4.57943574
48.41210303 4.57244811
48.46211553 4.56779623
48.51212803 4.55639446
48.56214054 4.55146068
48.61215304 4.54589100
48.66216554 4.54347995
48.71217804 4.53753357
48.76219055 4.52982076
48.81220305 4.52221070
48.86221555 4.51956317
48.91222806 4.51318911
48.96224056 4.50914301
49.01225306 4.50110795
49.06226557 4.49599300
49.11227807 4.49167015
49.16229057 4.48420006
49.21230308 4.47620520
49.26231558 4.47315264
49.31232808 4.46757055
49.36234059 4.46225890
49.41235309 4.45770718
49.46236559 4.44913117
49.51237809 4.43660143
49.56239060 4.43082105
49.61240310 4.42843416
49.66241560 4.42681329
49.71242811 4.42321071
49.76244061 4.41740499
49.81245311 4.41259800
49.86246562 4.40484752
49.91247812 4.39993409
49.96249062 4.39847367
50.01250313 4.39064229
50.06251563 4.38394641
50.11252813 4.38148724
50.16254064 4.37745409
50.21255314 4.37180562
50.26256564 4.36994231
50.31257814 4.36383725
50.36259065 4.36166139
50.41260315 4.35587723
50.46261565 4.35001481
50.51262816 4.33744064
50.56264066 4.33273447
50.61265316 4.33038642
50.66266567 4.32535364
50.71267817 4.32144511
50.76269067 4.31762679
50.81270318 4.31000482
50.86271568 4.30765794
50.91272818 4.30495771
50.96274069 4.30000332
51.01275319 4.29604949
51.06276569 4.28971886
51.11277819 4.28680893
51.16279070 4.27906704
51.21280320 4.27371084
51.26281570 4.26650676
51.31282821 4.26349767
51.36284071 4.25371667
51.41285321 4.24933815
51.46286572 4.24411963
51.51287822 4.23931212
51.56289072 4.23034977
51.61290323 4.22514688
51.66291573 4.22181321
51.71292823 4.21856448
51.76294074 4.21010196
51.81295324 4.20398304
51.86296574 4.20160897
51.91297824 4.19542599
51.96299075 4.18933538
52.01300325 4.18699715
52.06301575 4.18450608
52.11302826 4.18131161
52.16304076 4.17851575
52.21305326 4.17289480
52.26306577 4.16857188
52.31307827 4.16153670
52.36309077 4.15709256
52.41310328 4.15301393
52.46311578 4.14808913
52.51312828 4.14377382
52.56314079 4.13909164
52.61315329 4.13471052
52.66316579 4.13191159
52.71317829 4.12750608
52.76319080 4.11961657
52.81320330 4.11273388
52.86321580 4.10835830
52.91322831 4.10336679
52.96324081 4.10192396
53.01325331 4.09626519
53.06326582 4.08902904
53.11327832 4.08190198
53.16329082 4.07595906
53.21330333 4.06955288
53.26331583 4.06442377
53.31332833 4.06125461
53.36334084 4.05824146
53.41335334 4.05414093
53.46336584 4.05120133
53.51337834 4.04729375
53.56339085 4.04162269
53.61340335 4.03220339
53.66341585 4.02827140
53.71342836 4.02494469
53.76344086 4.01951634
53.81345336 4.01385969
53.86346587 4.00368943
53.91347837 3.99528689
53.96349087 3.99071581
54.01350338 3.98841602
54.06351588 3.98212659
54.11352838 3.97507528
54.16354089 3.96966557
54.21355339 3.96555772
54.26356589 3.96114593
54.31357839 3.95729965
54.36359090 3.95150990
54.41360340 3.94800688
54.46361590 3.93869716
54.51362841 3.93042364
54.56364091 3.92765478
54.61365341 3.92362131
54.66366592 3.92185668
54.71367842 3.91944236
54.76369092 3.91760859
54.81370343 3.91137479
54.86371593 3.90665484
54.91372843 3.90434718
54.96374094 3.89666177
55.01375344 3.89805969
55.06376594 3.89426502
55.11377844 3.88750139
55.16379095 3.88229313
55.21380345 3.87919274
55.26381595 3.87429878
55.31382846 3.87194243
55.36384096 3.86376646
55.41385346 3.85826406
55.46386597 3.85452565
55.51387847 3.85124401
55.56389097 3.84523671
55.61390348 3.84042481
55.66391598 3.83226344
55.71392848 3.82500381
55.76394099 3.81935123
55.81395349 3.81450456
55.86396599 3.80832652
55.91397849 3.80318147
55.96399100 3.79996159
56.01400350 3.79261343
56.06401600 3.79055628
56.11402851 3.78821299
56.16404101 3.78535211
56.21405351 3.78022354
56.26406602 3.77588860
56.31407852 3.76925036
56.36409102 3.76058706
56.41410353 3.75687924
56.46411603 3.74776704
56.51412853 3.74286278
56.56414104 3.73796562
56.61415354 3.73455479
56.66416604 3.73027206
56.71417854 3.72265698
56.76419105 3.71688947
56.81420355 3.71162648
56.86421605 3.70546964
56.91422856 3.70374020
56.96424106 3.69942590
57.01425356 3.69469346
57.06426607 3.69022138
57.11427857 3.68675639
57.16429107 3.68337108
57.21430358 3.68096801
57.26431608 3.67560888
57.31432858 3.67289394
57.36434109 3.66559940
57.41435359 3.65996119
57.46436609 3.65519458
57.51437859 3.65043863
57.56439110 3.64689979
57.61440360 3.64218050
57.66441610 3.63462185
57.71442861 3.63052848
57.76444111 3.62751692
57.81445361 3.62327748
57.86446612 3.61761266
57.91447862 3.61184815
57.96449112 3.60925403
58.01450363 3.60445742
58.06451613 3.60108899
58.11452863 3.59471822
58.16454114 3.58942112
58.21455364 3.58679731
58.26456614 3.58343656
58.31457864 3.57292098
58.36459115 3.56944566
58.41460365 3.56524565
58.46461615 3.55935654
58.51462866 3.55565509
58.56464116 3.54978496
58.61465366 3.54377058
58.66466617 3.53941666
58.71467867 3.53693491
58.76469117 3.53145367
58.81470368 3.52138399
58.86471618 3.51748389
58.91472868 3.51486009
58.96474119 3.51220000
59.01475369 3.50980936
59.06476619 3.50326570
59.11477869 3.49575626
59.16479120 3.49334645
59.21480370 3.48510198
59.26481620 3.48141629
59.31482871 3.47765844
59.36484121 3.47435705
59.41485371 3.46943537
59.46486622 3.46673466
59.51487872 3.46335636
59.56489122 3.46096624
59.61490373 3.45830271
59.66491623 3.45579705
59.71492873 3.45081444
59.76494124 3.44673215
59.81495374 3.43973482
59.86496624 3.43652823
59.91497874 3.43024348
59.96499125 3.42867219
60.01500375 3.42395015
60.06501625 3.41571473
60.11502876 3.41059192
60.16504126 3.40412768
60.21505376 3.39907543
60.26506627 3.39417367
60.31507877 3.38948437
60.36509127 3.38841858
60.41510378 3.38321580
60.46511628 3.38025442
60.51512878 3.37480824
60.56514129 3.37067104
60.61515379 3.36460883
60.66516629 3.36036785
60.71517879 3.35599153
60.76519130 3.34978624
60.81520380 3.34261235
60.86521630 3.34137603
60.91522881 3.33388169
60.96524131 3.32997341
61.01525381 3.32597047
61.06526632 3.32257286
61.11527882 3.31927880
61.16529132 3.31383287
61.21530383 3.31003007
61.26531633 3.30495424
61.31532883 3.30108350
61.36534134 3.29732680
61.41535384 3.29440585
61.46536634 3.29116629
61.51537884 3.28692281
61.56539135 3.28060546
61.61540385 3.27701161
61.66541635 3.27365502
61.71542886 3.27028805
61.76544136 3.26507281
61.81545386 3.26053371
61.86546637 3.25495902
61.91547887 3.25310969
61.96549137 3.24866978
62.01550388 3.24165368
62.06551638 3.23473198
62.11552888 3.23161033
62.16554139 3.22898576
62.21555389 3.22168766
62.26556639 3.21542248
62.31557889 3.21203299
62.36559140 3.20828492
62.41560390 3.20419393
62.46561640 3.19962014
62.51562891 3.19436189
62.56564141 3.18992878
62.61565391 3.18170001
62.66566642 3.17738672
62.71567892 3.17336079
62.76569142 3.17022555
62.81570393 3.16408428
62.86571643 3.16026825
62.91572893 3.15613375
62.96574144 3.15357273
63.01575394 3.14749654
63.06576644 3.14246322
63.11577894 3.13577959
63.16579145 3.13147017
63.21580395 3.13018790
63.26581645 3.12723757
63.31582896 3.12598009
63.36584146 3.12320607
63.41585396 3.12024762
63.46586647 3.11401961
63.51587897 3.10773225
63.56589147 3.10435419
63.61590398 3.09947190
63.66591648 3.09687110
63.71592898 3.08982517
63.76594149 3.08556564
63.81595399 3.08285000
63.86596649 3.07913949
63.91597899 3.07614140
63.96599150 3.07143400
64.01600400 3.06887077
64.06601650 3.06511211
64.11602901 3.06187005
64.16604151 3.05559928
64.21605401 3.05070663
64.26606652 3.04754678
64.31607902 3.04513862
64.36609152 3.04241980
64.41610403 3.03816845
64.46611653 3.03442989
64.51612903 3.03032592
64.56614154 3.02583286
64.61615404 3.02013745
64.66616654 3.01880980
64.71617904 3.01559775
64.76619155 3.01090188
64.81620405 3.00269282
64.86621655 2.99631085
64.91622906 2.98953041
64.96624156 2.98664849
65.01625406 2.98324397
65.06626657 2.97980520
65.11627907 2.97711905
65.16629157 2.97316946
65.21630408 2.96872803
65.26631658 2.96446471
65.31632908 2.96111207
65.36634159 2.95962565
65.41635409 2.95755099
65.46636659 2.95257030
65.51637909 2.94927042
65.56639160 2.94642314
65.61640410 2.93924802
65.66641660 2.93375601
65.71642911 2.92955781
65.76644161 2.92201450
65.81645411 2.91484535
65.86646662 2.90958253
65.91647912 2.90450194
65.96649162 2.90162594
66.01650413 2.89804407
66.06651663 2.89419580
66.11652913 2.89051915
66.16654164 2.88583370
66.21655414 2.88085517
66.26656664 2.87473615
66.31657914 2.87274990
66.36659165 2.87059371
66.41660415 2.86667599
66.46661665 2.86198488
66.51662916 2.85466096
66.56664166 2.84865495
66.61665416 2.84262382
66.66666667 2.83493812
66.71667917 2.83178306
66.76669167 2.82911821
66.81670418 2.82502300
66.86671668 2.82268700
66.91672918 2.81535254
66.96674169 2.81003982
67.01675419 2.80478237
67.06676669 2.80208711
67.11677919 2.79794377
67.16679170 2.79503789
67.21680420 2.79086066
67.26681670 2.78706125
67.31682921 2.78248646
67.36684171 2.78139690
67.41685421 2.77600123
67.46686672 2.77277510
67.51687922 2.76922696
67.56689172 2.76472356
67.61690423 2.75780891
67.66691673 2.75304748
67.71692923 2.74963627
67.76694174 2.74567484
67.81695424 2.74220378
67.86696674 2.73793133
67.91697924 2.73588559
67.96699175 2.73280527
68.01700425 2.72717779
68.06701675 2.72137518
68.11702926 2.71826907
68.16704176 2.71304834
68.21705426 2.71099222
68.26706677 2.70867453
68.31707927 2.70757787
68.36709177 2.70575754
68.41710428 2.70398173
68.46711678 2.70011270
68.51712928 2.69731016
68.56714179 2.69424227
68.61715429 2.69224675
68.66716679 2.68867288
68.71717929 2.68617033
68.76719180 2.68203434
68.81720430 2.67929734
68.86721680 2.67724654
68.91722931 2.67344761
68.96724181 2.66995562
69.01725431 2.66336130
69.06726682 2.65769610
69.11727932 2.65250752
69.16729182 2.65143512
69.21730433 2.64663763
69.26731683 2.64316503
69.31732933 2.64135482
69.36734184 2.63763965
69.41735434 2.63420387
69.46736684 2.62909507
69.51737934 2.62200955
69.56739185 2.61756025
69.61740435 2.61392191
69.66741685 2.61039283
69.71742936 2.60720279
69.76744186 2.60373140
69.81745436 2.59946753
69.86746687 2.59604447
69.91747937 2.59306119
69.96749187 2.59042342
70.01750438 2.58477755
70.06751688 2.58243295
70.11752938 2.57976713
70.16754189 2.57641490
70.21755439 2.57276464
70.26756689 2.56955313
70.31757939 2.56524525
70.36759190 2.56064963
70.41760440 2.55793686
70.46761690 2.55430015
70.51762941 2.55121281
70.56764191 2.54573737
70.61765441 2.54321152
70.66766692 2.53885518
70.71767942 2.53661692
70.76769192 2.53084991
70.81770443 2.52834604
70.86771693 2.52310871
70.91772943 2.51929455
70.96774194 2.51556062
71.01775444 2.51031735
71.06776694 2.50589336
71.11777944 2.50529735
71.16779195 2.50234876
71.21780445 2.49830863
71.26781695 2.49507745
71.31782946 2.49174235
71.36784196 2.48901390
71.41785446 2.48660727
71.46786697 2.48179743
71.51787947 2.47858211
71.56789197 2.47258444
71.61790448 2.46891491
71.66791698 2.46447431
71.71792948 2.46092994
71.76794199 2.45932502
71.81795449 2.45786333
71.86796699 2.45595114
71.91797949 2.45132984
71.96799200 2.44865753
72.01800450 2.44323594
72.06801700 2.43652355
72.11802951 2.43360968
72.16804201 2.43179134
72.21805451 2.42866815
72.26806702 2.42496459
72.31807952 2.41828054
72.36809202 2.41516599
72.41810453 2.41033800
72.46811703 2.40609630
72.51812953 2.40068757
72.56814204 2.39985316
72.61815454 2.39679502
72.66816704 2.39286834
72.71817954 2.39008882
72.76819205 2.38409021
72.81820455 2.38036131
72.86821705 2.37841634
72.91822956 2.37643809
72.96824206 2.37351318
73.01825456 2.37141862
73.06826707 2.36623721
73.11827957 2.36439758
73.16829207 2.36053419
73.21830458 2.35648429
73.26831708 2.35314987
73.31832958 2.34981014
73.36834209 2.34638115
73.41835459 2.34462528
73.46836709 2.34164260
73.51837959 2.34032593
73.56839210 2.33632925
73.61840460 2.33362681
73.66841710 2.33109754
73.71842961 2.32817673
73.76844211 2.32529240
73.81845461 2.32078855
73.86846712 2.31845312
73.91847962 2.31620612
73.96849212 2.31374680
74.01850463 2.31035831
74.06851713 2.30795910
74.11852963 2.30593790
74.16854214 2.29854592
74.21855464 2.29403978
74.26856714 2.29102834
74.31857964 2.28830681
74.36859215 2.28714171
74.41860465 2.28389502
74.46861715 2.28183722
74.51862966 2.27903036
74.56864216 2.27553732
74.61865466 2.27164072
74.66866717 2.26956686
74.71867967 2.26763498
74.76869217 2.26338002
74.81870468 2.25921553
74.86871718 2.25527477
74.91872968 2.25067948
74.96874219 2.24852970
75.01875469 2.24669168
75.06876719 2.24346129
75.11877969 2.24160900
75.16879220 2.23810891
75.21880470 2.23225511
75.26881720 2.22895254
75.31882971 2.22703995
75.36884221 2.22470068
75.41885471 2.22159009
75.46886722 2.21837616
75.51887972 2.21508775
75.56889222 2.21256262
75.61890473 2.20991255
75.66891723 2.20598840
75.71892973 2.20663210
75.76894224 2.20532313
75.81895474 2.20153724
75.86896724 2.19653187
75.91897974 2.19248163
75.96899225 2.19016357
76.01900475 2.18703558
76.06901725 2.18426912
76.11902976 2.18295843
76.16904226 2.17893582
76.21905476 2.17645079
76.26906727 2.17072713
76.31907977 2.16818418
76.36909227 2.16538280
76.41910478 2.16212350
76.46911728 2.16011868
76.51912978 2.15750118
76.56914229 2.15255143
76.61915479 2.14750353
76.66916729 2.14281671
76.71917979 2.13934990
76.76919230 2.13687774
76.81920480 2.13256161
76.86921730 2.13049646
76.91922981 2.12735152
76.96924231 2.12362257
77.01925481 2.12074105
77.06926732 2.11284882
77.11927982 2.11070542
77.16929232 2.10903394
77.21930483 2.10568218
77.26931733 2.10279659
77.31932983 2.10209690
77.36934234 2.09786707
77.41935484 2.09548081
77.46936734 2.09234366
77.51937984 2.08943656
77.56939235 2.08676344
77.61940485 2.08435468
77.66941735 2.08221916
77.71942986 2.08011442
77.76944236 2.07505962
77.81945486 2.07173379
77.86946737 2.06886170
77.91947987 2.06711788
77.96949237 2.06407582
78.01950488 2.06144945
78.06951738 2.05794762
78.11952988 2.05421453
78.16954239 2.05219605
78.21955489 2.04982216
78.26956739 2.04740444
78.31957989 2.04453410
78.36959240 2.04237242
78.41960490 2.03990249
78.46961740 2.03485732
78.51962991 2.03273950
78.56964241 2.03058816
78.61965491 2.02890749
78.66966742 2.02721253
78.71967992 2.02479256
78.76969242 2.01972828
78.81970493 2.01589684
78.86971743 2.01196491
78.91972993 2.01006625
78.96974244 2.00671517
79.01975494 2.00626374
79.06976744 2.00290704
79.11977994 1.99953702
79.16979245 1.99767078
79.21980495 1.99446088
79.26981745 1.99197740
79.31982996 1.98955875
79.36984246 1.98753582
79.41985496 1.98466254
79.46986747 1.98061930
79.51987997 1.97661517
79.56989247 1.97414577
79.61990498 1.97110813
79.66991748 1.96748907
79.71992998 1.96625478
79.76994249 1.96299369
79.81995499 1.95943295
79.86996749 1.95426113
79.91997999 1.95062459
79.96999250 1.94767044
80.02000500 1.94291775
80.07001750 1.94089172
80.12003001 1.93839536
80.17004251 1.93650521
80.22005501 1.93322674
80.27006752 1.93095025
80.32008002 1.92928093
80.37009252 1.92724292
80.42010503 1.92463723
80.47011753 1.92279103
80.52013003 1.92073113
80.57014254 1.91822603
80.62015504 1.91524609
80.67016754 1.91255482
80.72018005 1.90949804
80.77019255 1.90658289
80.82020505 1.90488142
80.87021755 1.90247594
80.92023006 1.89757910
80.97024256 1.89390419
81.02025506 1.89021724
81.07026757 1.88877707
81.12028007 1.88561876
81.17029257 1.88003836
81.22030508 1.87894188
81.27031758 1.87445022
81.32033008 1.86955251
81.37034259 1.86742027
81.42035509 1.86178225
81.47036759 1.85906185
81.52038010 1.85721358
81.57039260 1.85486331
81.62040510 1.85236579
81.67041760 1.84733627
81.72043011 1.84477767
81.77044261 1.84293072
81.82045511 1.84101923
81.87046762 1.83998301
81.92048012 1.83626390
81.97049262 1.83351678
82.02050513 1.83061828
82.07051763 1.82863542
82.12053013 1.82585207
82.17054264 1.82314384
82.22055514 1.82188000
82.27056764 1.81969276
82.32058015 1.81563023
82.37059265 1.81312472
82.42060515 1.81119422
82.47061765 1.80729554
82.52063016 1.80355354
82.57064266 1.80177959
82.62065516 1.79890788
82.67066767 1.79698389
82.72068017 1.79235310
82.77069267 1.78994264
82.82070518 1.78694103
82.87071768 1.78312045
82.92073018 1.78077815
82.97074269 1.77844309
83.02075519 1.77427432
83.07076769 1.77306779
83.12078020 1.76981311
83.17079270 1.76698303
83.22080520 1.76516534
83.27081770 1.76384813
83.32083021 1.76032877
83.37084271 1.75686076
83.42085521 1.75353849
83.47086772 1.74984387
83.52088022 1.74717400
83.57089272 1.74378869
83.62090523 1.73965720
83.67091773 1.73784297
83.72093023 1.73410401
83.77094274 1.73199513
83.82095524 1.72866691
83.87096774 1.72595451
83.92098025 1.72240895
83.97099275 1.72117699
84.02100525 1.71856168
84.07101775 1.71613986
84.12103026 1.71349042
84.17104276 1.71132723
84.22105526 1.70859912
84.27106777 1.70636498
84.32108027 1.70500397
84.37109277 1.70262661
84.42110528 1.70026840
84.47111778 1.69812125
84.52113028 1.69514351
84.57114279 1.69289435
84.62115529 1.69059281
84.67116779 1.68691166
84.72118030 1.68538779
84.77119280 1.68337476
84.82120530 1.68071693
84.87121780 1.67811304
84.92123031 1.67457291
84.97124281 1.67151456
85.02125531 1.66935400
85.07126782 1.66732680
85.12128032 1.66479673
85.17129282 1.66094546
85.22130533 1.65891536
85.27131783 1.65976584
85.32133033 1.65654638
85.37134284 1.65350546
85.42135534 1.65116572
85.47136784 1.64861199
85.52138035 1.64630824
85.57139285 1.64353983
85.62140535 1.64068799
85.67141785 1.63811133
85.72143036 1.63624190
85.77144286 1.63426011
85.82145536 1.63249488
85.87146787 1.63016237
85.92148037 1.62733149
85.97149287 1.62419250
86.02150538 1.62199540
86.07151788 1.61877229
86.12153038 1.61681750
86.17154289 1.61266831
86.22155539 1.61068663
86.27156789 1.60642178
86.32158040 1.60425049
86.37159290 1.60260150
86.42160540 1.60130780
86.47161790 1.59936684
86.52163041 1.59747298
86.57164291 1.59511545
86.62165541 1.59267569
86.67166792 1.58993986
86.72168042 1.58788331
86.77169292 1.58238914
86.82170543 1.57921150
86.87171793 1.57751124
86.92173043 1.57352854
86.97174294 1.57051527
87.02175544 1.56810547
87.07176794 1.56428158
87.12178045 1.56248258
87.17179295 1.56004177
87.22180545 1.55671424
87.27181795 1.55350980
87.32183046 1.54958042
87.37184296 1.54843209
87.42185546 1.54583138
87.47186797 1.54441731
87.52188047 1.54084789
87.57189297 1.53871624
87.62190548 1.53687288
87.67191798 1.53504632
87.72193048 1.53300943
87.77194299 1.53124776
87.82195549 1.52871263
87.87196799 1.52570222
87.92198050 1.52403829
87.97199300 1.52162711
88.02200550 1.51923245
88.07201800 1.51581983
88.12203051 1.51365873
88.17204301 1.50958058
88.22205551 1.50682589
88.27206802 1.50473291
88.32208052 1.50213451
88.37209302 1.50042419
88.42210553 1.49780420
88.47211803 1.49614177
88.52213053 1.49393327
88.57214304 1.49214105
88.62215554 1.48810971
88.67216804 1.48644251
88.72218055 1.48389494
88.77219305 1.48201610
88.82220555 1.48007106
88.87221805 1.47827323
88.92223056 1.47684685
88.97224306 1.47542575
89.02225556 1.47482101
89.07226807 1.47436884
89.12228057 1.47209289
89.17229307 1.46890273
89.22230558 1.46697449
89.27231808 1.46605198
89.32233058 1.46477294
89.37234309 1.46194366
89.42235559 1.45962952
89.47236809 1.45788831
89.52238060 1.45551014
89.57239310 1.45273782
89.62240560 1.45023616
89.67241810 1.44710673
89.72243061 1.44369777
89.77244311 1.44175388
89.82245561 1.43859064
89.87246812 1.43526866
89.92248062 1.43132618
89.97249312 1.42894315
90.02250563 1.42605712
90.07251813 1.42391563
90.12253063 1.42197283
90.17254314 1.41982620
90.22255564 1.41825032
90.27256814 1.41660973
90.32258065 1.41443361
90.37259315 1.41339729
90.42260565 1.41218570
90.47261815 1.40851226
90.52263066 1.40623974
90.57264316 1.40380670
90.62265566 1.40147544
90.67266817 1.39964785
90.72268067 1.39790514
90.77269317 1.39612571
90.82270568 1.39385050
90.87271818 1.39176748
90.92273068 1.39013067
90.97274319 1.38896233
91.02275569 1.38631357
91.07276819 1.38511457
91.12278070 1.38308860
91.17279320 1.38026255
91.22280570 1.37723206
91.27281820 1.37425478
91.32283071 1.37228423
91.37284321 1.37044243
91.42285571 1.36813961
91.47286822 1.36634380
91.52288072 1.36374288
91.57289322 1.36228937
91.62290573 1.35887606
91.67291823 1.35741858
91.72293073 1.35555602
91.77294324 1.35364320
91.82295574 1.35031348
91.87296824 1.34809354
91.92298075 1.34637946
91.97299325 1.34396513
92.02300575 1.34142568
92.07301825 1.33914196
92.12303076 1.33763755
92.17304326 1.33632334
92.22305576 1.33497589
92.27306827 1.33314728
92.32308077 1.33156680
92.37309327 1.33010659
92.42310578 1.32800807
92.47311828 1.32505650
92.52313078 1.32305615
92.57314329 1.32121761
92.62315579 1.31925668
92.67316829 1.31677655
92.72318080 1.31439757
92.77319330 1.31045398
92.82320580 1.30866288
92.87321830 1.30635449
92.92323081 1.30422853
92.97324331 1.30341578
93.02325581 1.30143906
93.07326832 1.29924049
93.12328082 1.29717900
93.17329332 1.29679847
93.22330583 1.29418675
93.27331833 1.29279582
93.32333083 1.29043934
93.37334334 1.28903428
93.42335584 1.28721960
93.47336834 1.28388003
93.52338085 1.28230681
93.57339335 1.28112302
93.62340585 1.27992567
93.67341835 1.27845632
93.72343086 1.27677134
93.77344336 1.27393352
93.82345586 1.27207855
93.87346837 1.26928553
93.92348087 1.26751555
93.97349337 1.26600556
94.02350588 1.26506645
94.07351838 1.26393339
94.12353088 1.26240254
94.17354339 1.25906063
94.22355589 1.25617460
94.27356839 1.25311019
94.32358090 1.24914910
94.37359340 1.24766306
94.42360590 1.24599960
94.47361840 1.24381079
94.52363091 1.24186393
94.57364341 1.23935451
94.62365591 1.23785199
94.67366842 1.23606646
94.72368092 1.23441017
94.77369342 1.23380853
94.82370593 1.23238180
94.87371843 1.23118177
94.92373093 1.23026687
94.97374344 1.22704329
95.02375594 1.22437311
95.07376844 1.22300239
95.12378095 1.22225623
95.17379345 1.21980495
95.22380595 1.21887371
95.27381845 1.21720328
95.32383096 1.21469443
95.37384346 1.21344016
95.42385596 1.21172131
95.47386847 1.20943400
95.52388097 1.20806922
95.57389347 1.20613023
95.62390598 1.20483091
95.67391848 1.20184843
95.72393098 1.20131532
95.77394349 1.19990627
95.82395599 1.19826666
95.87396849 1.19694581
95.92398100 1.19564125
95.97399350 1.19417009
96.02400600 1.19188650
96.07401850 1.18949783
96.12403101 1.18883057
96.17404351 1.18768115
96.22405601 1.18720320
96.27406852 1.18587724
96.32408102 1.18403552
96.37409352 1.18302047
96.42410603 1.18184526
96.47411853 1.18018514
96.52413103 1.17909124
96.57414354 1.17779219
96.62415604 1.17622347
96.67416854 1.17418757
96.72418105 1.17283719
96.77419355 1.17096321
96.82420605 1.16941803
96.87421855 1.16798397
96.92423106 1.16714453
96.97424356 1.16612652
97.02425606 1.16444710
97.07426857 1.16261254
97.12428107 1.16111255
97.17429357 1.15925508
97.22430608 1.15711755
97.27431858 1.15518683
97.32433108 1.15511997
97.37434359 1.15168620
97.42435609 1.14933565
97.47436859 1.14831925
97.52438110 1.14593208
97.57439360 1.14471928
97.62440610 1.14321162
97.67441860 1.14184899
97.72443111 1.13871791
97.77444361 1.13550899
97.82445611 1.13382911
97.87446862 1.13205448
97.92448112 1.13173966
97.97449362 1.12914925
98.02450613 1.12817249
98.07451863 1.12656867
98.12453113 1.12510082
98.17454364 1.12307939
98.22455614 1.12135789
98.27456864 1.12011275
98.32458115 1.11784971
98.37459365 1.11524131
98.42460615 1.11401114
98.47461865 1.11260896
98.52463116 1.11127543
98.57464366 1.11097816
98.62465616 1.10914464
98.67466867 1.10666923
98.72468117 1.10525073
98.77469367 1.10331569
98.82470618 1.10178556
98.87471868 1.10071664
98.92473118 1.09944225
98.97474369 1.09777647
99.02475619 1.09570886
99.07476869 1.09353341
99.12478120 1.09177465
99.17479370 1.08995138
99.22480620 1.08788219
99.27481870 1.08617452
99.32483121 1.08466559
99.37484371 1.08249650
99.42485621 1.07979847
99.47486872 1.07938468
99.52488122 1.07737117
99.57489372 1.07574151
99.62490623 1.07414950
99.67491873 1.07270298
99.72493123 1.07184849
99.77494374 1.07035994
99.82495624 1.06967028
99.87496874 1.06819005
99.92498125 1.06538169
99.97499375 1.06395745
100.02500625 1.06301935
100.07501875 1.06176875
100.12503126 1.06061793
100.17504376 1.05818875
100.22505626 1.05669666
100.27506877 1.05551899
100.32508127 1.05406448
100.37509377 1.05246867
100.42510628 1.05065645
100.47511878 1.04874094
100.52513128 1.04682317
100.57514379 1.04526392
100.62515629 1.04376107
100.67516879 1.04208778
100.72518130 1.03960026
100.77519380 1.03812658
100.82520630 1.03696459
100.87521880 1.03631365
100.92523131 1.03419260
100.97524381 1.03174353
101.02525631 1.03068751
101.07526882 1.02905125
101.12528132 1.02831477
101.17529382 1.02743827
101.22530633 1.02620050
101.27531883 1.02521036
101.32533133 1.02316063
101.37534384 1.02179365
101.42535634 1.02014410
101.47536884 1.01860008
101.52538135 1.01786652
101.57539385 1.01637958
101.62540635 1.01347397
101.67541885 1.01233770
101.72543136 1.01197814
101.77544386 1.01049444
101.82545636 1.00940656
101.87546887 1.00806980
101.92548137 1.00756892
101.97549387 1.00599404
102.02550638 1.00448985
102.07551888 1.00335480
102.12553138 1.00101488
102.17554389 0.99895768
102.22555639 0.99686929
102.27556889 0.99410630
102.32558140 0.99249842
102.37559390 0.98996275
102.42560640 0.98836751
102.47561890 0.98710595
102.52563141 0.98654016
102.57564391 0.98557313
102.62565641 0.98367765
102.67566892 0.98127410
102.72568142 0.97986051
102.77569392 0.97828141
102.82570643 0.97700486
102.87571893 0.97489168
102.92573143 0.97312255
102.97574394 0.97190284
103.02575644 0.97001266
103.07576894 0.96802323
103.12578145 0.96631197
103.17579395 0.96529742
103.22580645 0.96430564
103.27581895 0.96206561
103.32583146 0.96072878
103.37584396 0.95956550
103.42585646 0.95797548
103.47586897 0.95611054
103.52588147 0.95507592
103.57589397 0.95361800
103.62590648 0.95304886
103.67591898 0.95184539
103.72593148 0.95092850
103.77594399 0.94929713
103.82595649 0.94701457
103.87596899 0.94521240
103.92598150 0.94431090
103.97599400 0.94223497
104.02600650 0.94104509
104.07601900 0.93953842
104.12603151 0.93769386
104.17604401 0.93604570
104.22605651 0.93471545
104.27606902 0.93352208
104.32608152 0.93235062
104.37609402 0.93080544
104.42610653 0.92929647
104.47611903 0.92729104
104.52613153 0.92608522
104.57614404 0.92466823
104.62615654 0.92318969
104.67616904 0.92192689
104.72618155 0.92042681
104.77619405 0.91929114
104.82620655 0.91779574
104.87621905 0.91625824
104.92623156 0.91479985
104.97624406 0.91296138
105.02625656 0.91161489
105.07626907 0.91004158
105.12628157 0.90877720
105.17629407 0.90785054
105.22630658 0.90745708
105.27631908 0.90509877
105.32633158 0.90374921
105.37634409 0.90080034
105.42635659 0.89820691
105.47636909 0.89597992
105.52638160 0.89507734
105.57639410 0.89357637
105.62640660 0.89210243
105.67641910 0.89073633
105.72643161 0.88951280
105.77644411 0.88822035
105.82645661 0.88582897
105.87646912 0.88426685
105.92648162 0.88154155
105.97649412 0.87999628
106.02650663 0.87856973
106.07651913 0.87728055
106.12653163 0.87577632
106.17654414 0.87470669
106.22655664 0.87303752
106.27656914 0.87005029
106.32658165 0.86889635
106.37659415 0.86837557
106.42660665 0.86737184
106.47661915 0.86581733
106.52663166 0.86390047
106.57664416 0.86228845
106.62665666 0.86121121
106.67666917 0.85993300
106.72668167 0.85877510
106.77669417 0.85779139
106.82670668 0.85653645
106.87671918 0.85469584
106.92673168 0.85360343
106.97674419 0.85200150
107.02675669 0.84931760
107.07676919 0.84802352
107.12678170 0.84638554
107.17679420 0.84540523
107.22680670 0.84470373
107.27681920 0.84367511
107.32683171 0.84242512
107.37684421 0.84136158
107.42685671 0.84028100
107.47686922 0.83868213
107.52688172 0.83786188
107.57689422 0.83522684
107.62690673 0.83403307
107.67691923 0.83318789
107.72693173 0.83201984
107.77694424 0.83077711
107.82695674 0.82933337
107.87696924 0.82832716
107.92698175 0.82771401
107.97699425 0.82694138
108.02700675 0.82515571
108.07701925 0.82272913
108.12703176 0.82124405
108.17704426 0.82042455
108.22705676 0.81900334
108.27706927 0.81849140
108.32708177 0.81647830
108.37709427 0.81500781
108.42710678 0.81418675
108.47711928 0.81193382
108.52713178 0.81040789
108.57714429 0.80960370
108.62715679 0.80854656
108.67716929 0.80790772
108.72718180 0.80713472
108.77719430 0.80556067
108.82720680 0.80405094
108.87721930 0.80275593
108.92723181 0.80162205
108.97724431 0.80058100
109.02725681 0.79962909
109.07726932 0.79895954
109.12728182 0.79776830
109.17729432 0.79652592
109.22730683 0.79522772
109.27731933 0.79431502
109.32733183 0.79313676
109.37734434 0.79212685
109.42735684 0.79031332
109.47736934 0.78883947
109.52738185 0.78804292
109.57739435 0.78672443
109.62740685 0.78578903
109.67741935 0.78448477
109.72743186 0.78366953
109.77744436 0.78246665
109.82745686 0.78023479
109.87746937 0.77932795
109.92748187 0.77605259
109.97749437 0.77501330
110.02750688 0.77426550
110.07751938 0.77364388
110.12753188 0.77258821
110.17754439 0.77138182
110.22755689 0.77074091
110.27756939 0.76957021
110.32758190 0.76902739
110.37759440 0.76831430
110.42760690 0.76761975
110.47761940 0.76663186
110.52763191 0.76511437
110.57764441 0.76295805
110.62765691 0.76152482
110.67766942 0.76068362
110.72768192 0.75957232
110.77769442 0.75791067
110.82770693 0.75708356
110.87771943 0.75596079
110.92773193 0.75503846
110.97774444 0.75349313
111.02775694 0.75227040
111.07776944 0.75180830
111.12778195 0.75108141
111.17779445 0.74983385
111.22780695 0.74833795
111.27781945 0.74691025
111.32783196 0.74417436
111.37784446 0.74269768
111.42785696 0.74121401
111.47786947 0.74084679
111.52788197 0.73972639
111.57789447 0.73852406
111.62790698 0.73721037
111.67791948 0.73613381
111.72793198 0.73466025
111.77794449 0.73359134
111.82795699 0.73292490
111.87796949 0.73099088
111.92798200 0.73033423
111.97799450 0.72904907
112.02800700 0.72820782
112.07801950 0.72728731
112.12803201 0.72615357
112.17804451 0.72463726
112.22805701 0.72359741
112.27806952 0.72279767
112.32808202 0.72131141
112.37809452 0.72031441
112.42810703 0.71919067
112.47811953 0.71816798
112.52813203 0.71729250
112.57814454 0.71671583
112.62815704 0.71465283
112.67816954 0.71379611
112.72818205 0.71294364
112.77819455 0.71212752
112.82820705 0.71113255
112.87821955 0.71067261
112.92823206 0.70994588
112.97824456 0.70901463
113.02825706 0.70743166
113.07826957 0.70627371
113.12828207 0.70510586
113.17829457 0.70449952
113.22830708 0.70334009
113.27831958 0.70233052
113.32833208 0.70107919
113.37834459 0.70020960
113.42835709 0.69919004
113.47836959 0.69869097
113.52838210 0.69689031
113.57839460 0.69606155
113.62840710 0.69504584
113.67841960 0.69362086
113.72843211 0.69223972
113.77844461 0.69109374
113.82845711 0.68934168
113.87846962 0.68823379
113.92848212 0.68727591
113.97849462 0.68595319
114.02850713 0.68495474
114.07851963 0.68416064
114.12853213 0.68256505
114.17854464 0.68173307
114.22855714 0.68072046
114.27856964 0.67958378
114.32858215 0.67867280
114.37859465 0.67803500
114.42860715 0.67707633
114.47861965 0.67602270
114.52863216 0.67376590
114.57864466 0.67156451
114.62865716 0.67072359
114.67866967 0.66981331
114.72868217 0.66860482
114.77869467 0.66767070
114.82870718 0.66745155
114.87871968 0.66598531
114.92873218 0.66457119
114.97874469 0.66309890
115.02875719 0.66210021
115.07876969 0.66104335
115.12878220 0.66033994
115.17879470 0.65949527
115.22880720 0.65888451
115.27881970 0.65799650
115.32883221 0.65567126
115.37884471 0.65463094
115.42885721 0.65372592
115.47886972 0.65192068
115.52888222 0.65068724
115.57889472 0.64950191
115.62890723 0.64784765
115.67891973 0.64687593
115.72893223 0.64610114
115.77894474 0.64534889
115.82895724 0.64451381
115.87896974 0.64273222
115.92898225 0.64117960
115.97899475 0.64037969
116.02900725 0.63944059
116.07901975 0.63848870
116.12903226 0.63774269
116.17904476 0.63664141
116.22905726 0.63578932
116.27906977 0.63531426
116.32908227 0.63444090
116.37909477 0.63344307
116.42910728 0.63296951
116.47911978 0.63211561
116.52913228 0.63127905
116.57914479 0.63021685
116.62915729 0.62909626
116.67916979 0.62758263
116.72918230 0.62658082
116.77919480 0.62544088
116.82920730 0.62553404
116.87921980 0.62485296
116.92923231 0.62501047
116.97924481 0.62395212
117.02925731 0.62235356
117.07926982 0.62085718
117.12928232 0.61962599
117.17929482 0.61913400
117.22930733 0.61839148
117.27931983 0.61754508
117.32933233 0.61623660
117.37934484 0.61461601
117.42935734 0.61346665
117.47936984 0.61291484
117.52938235 0.61138388
117.57939485 0.61030278
117.62940735 0.60965004
117.67941985 0.60879870
117.72943236 0.60716047
117.77944486 0.60637178
117.82945736 0.60577423
117.87946987 0.60533770
117.92948237 0.60435542
117.97949487 0.60336716
118.02950738 0.60265751
118.07951988 0.60190017
118.12953238 0.60106778
118.17954489 0.60023859
118.22955739 0.59981000
118.27956989 0.59868556
118.32958240 0.59803491
118.37959490 0.59715471
118.42960740 0.59642143
118.47961990 0.59535759
118.52963241 0.59443149
118.57964491 0.59308612
118.62965741 0.59159671
118.67966992 0.59121807
118.72968242 0.59031776
118.77969492 0.58776679
118.82970743 0.58656657
118.87971993 0.58469030
118.92973243 0.58379394
118.97974494 0.58307249
119.02975744 0.58243661
119.07976994 0.58175231
119.12978245 0.58092276
119.17979495 0.58003913
119.22980745 0.57941743
119.27981995 0.57922159
119.32983246 0.57807711
119.37984496 0.57786994
119.42985746 0.57719997
119.47986997 0.57622180
119.52988247 0.57495522
119.57989497 0.57379764
119.62990748 0.57164144
119.67991998 0.57100031
119.72993248 0.57025694
119.77994499 0.56924870
119.82995749 0.56784867
119.87996999 0.56670707
119.92998250 0.56591062
119.97999500 0.56505552
120.03000750 0.56434134
120.08002001 0.56289732
120.13003251 0.56145523
120.18004501 0.56014518
120.23005751 0.55941508
120.28007002 0.55825052
120.33008252 0.55743408
120.38009502 0.55649354
120.43010753 0.55553446
120.48012003 0.55478387
120.53013253 0.55421526
120.58014504 0.55329256
120.63015754 0.55251129
120.68017004 0.55056473
120.73018255 0.55006688
120.78019505 0.54917856
120.83020755 0.54796532
120.88022006 0.54690747
120.93023256 0.54602530
120.98024506 0.54450443
121.03025756 0.54358488
121.08027007 0.54280156
121.13028257 0.54208611
121.18029507 0.54140425
121.23030758 0.54011492
121.28032008 0.53917467
121.33033258 0.53867788
121.38034509 0.53843007
121.43035759 0.53712185
121.48037009 0.53659782
121.53038260 0.53590934
121.58039510 0.53517127
121.63040760 0.53406823
121.68042011 0.53301610
121.73043261 0.53191447
121.78044511 0.53096282
121.83045761 0.53017849
121.88047012 0.52930367
121.93048262 0.52852379
121.98049512 0.52761487
122.03050763 0.52666613
122.08052013 0.52583069
122.13053263 0.52430217
122.18054514 0.52343841
122.23055764 0.52264664
122.28057014 0.52187536
122.33058265 0.52094255
122.38059515 0.52060806
122.43060765 0.51993547
122.48062016 0.51934739
122.53063266 0.51861666
122.58064516 0.51783738
122.63065766 0.51690143
122.68067017 0.51605160
122.73068267 0.51522671
122.78069517 0.51415872
122.83070768 0.51329018
122.88072018 0.51191203
122.93073268 0.51111291
122.98074519 0.50982432
123.03075769 0.50870165
123.08077019 0.50793841
123.13078270 0.50713321
123.18079520 0.50668643
123.23080770 0.50589159
123.28082021 0.50566340
123.33083271 0.50492594
123.38084521 0.50415957
123.43085771 0.50338022
123.48087022 0.50221094
123.53088272 0.50127406
123.58089522 0.50099473
123.63090773 0.50032287
123.68092023 0.49983549
123.73093273 0.49882642
123.78094524 0.49805621
123.83095774 0.49731374
123.88097024 0.49655511
123.93098275 0.49579587
123.98099525 0.49562832
124.03100775 0.49465319
124.08102026 0.49359043
124.13103276 0.49280806
124.18104526 0.49212261
124.23105776 0.49143512
124.28107027 0.49102391
124.33108277 0.49062366
124.38109527 0.48947688
124.43110778 0.48812472
124.48112028 0.48816517
124.53113278 0.48745889
124.58114529 0.48662464
124.63115779 0.48566433
124.68117029 0.48486928
124.73118280 0.48398250
124.78119530 0.48254268
124.83120780 0.48170254
124.88122031 0.48075337
124.93123281 0.47957513
124.98124531 0.47886610
125.03125781 0.47809636
125.08127032 0.47740680
125.13128282 0.47608897
125.18129532 0.47523731
125.23130783 0.47502306
125.28132033 0.47440121
125.33133283 0.47377147
125.38134534 0.47277862
125.43135784 0.47178097
125.48137034 0.47109717
125.53138285 0.47016287
125.58139535 0.46969323
125.63140785 0.46879752
125.68142036 0.46808874
125.73143286 0.46713642
125.78144536 0.46634613
125.83145786 0.46512076
125.88147037 0.46422104
125.93148287 0.46357323
125.98149537 0.46280427
126.03150788 0.46282425
126.08152038 0.46189274
126.13153288 0.46067448
126.18154539 0.45983908
126.23155789 0.45841661
126.28157039 0.45714807
126.33158290 0.45674631
126.38159540 0.45548473
126.43160790 0.45469079
126.48162041 0.45368299
126.53163291 0.45271322
126.58164541 0.45226735
126.63165791 0.45187194
126.68167042 0.45244403
126.73168292 0.45178853
126.78169542 0.45119029
126.83170793 0.45061659
126.88172043 0.44991623
126.93173293 0.44825510
126.98174544 0.44770443
127.03175794 0.44711027
127.08177044 0.44629409
127.13178295 0.44588020
127.18179545 0.44510349
127.23180795 0.44426029
127.28182046 0.44331862
127.33183296 0.44267432
127.38184546 0.44192087
127.43185796 0.44123884
127.48187047 0.44132211
127.53188297 0.44054529
127.58189547 0.43968810
127.63190798 0.43894518
127.68192048 0.43887207
127.73193298 0.43973834
127.78194549 0.43917651
127.83195799 0.43841079
127.88197049 0.43784336
127.93198300 0.43684303
127.98199550 0.43500846
128.03200800 0.43559131
128.08202051 0.43516998
128.13203301 0.43434602
128.18204551 0.43357087
128.23205801 0.43299915
128.28207052 0.43236007
128.33208302 0.43097938
128.38209552 0.43023171
128.43210803 0.42930598
128.48212053 0.42805467
128.53213303 0.42738784
128.58214554 0.42677686
128.63215804 0.42587457
128.68217054 0.42513778
128.73218305 0.42428700
128.78219555 0.42323728
128.83220805 0.42303760
128.88222056 0.42224667
128.93223306 0.42141212
128.98224556 0.42164235
129.03225806 0.42096739
129.08227057 0.42040390
129.13228307 0.41983683
129.18229557 0.41898399
129.23230808 0.41839986
129.28232058 0.41776836
129.33233308 0.41701481
129.38234559 0.41653905
129.43235809 0.41596453
129.48237059 0.41518608
129.53238310 0.41456450
129.58239560 0.41408809
129.63240810 0.41314182
129.68242061 0.41257116
129.73243311 0.41173324
129.78244561 0.41053783
129.83245811 0.40959585
129.88247062 0.40907329
129.93248312 0.40859752
129.98249562 0.40849265
130.03250813 0.40789841
130.08252063 0.40712752
130.13253313 0.40662036
130.18254564 0.40597349
130.23255814 0.40559011
130.28257064 0.40504049
130.33258315 0.40453880
130.38259565 0.40399382
130.43260815 0.40359632
130.48262066 0.40289765
130.53263316 0.40196541
130.58264566 0.40135221
130.63265816 0.40097322
130.68267067 0.40027991
130.73268317 0.39979620
130.78269567 0.39948520
130.83270818 0.39883496
130.88272068 0.39820299
130.93273318 0.39750274
130.98274569 0.39682088
131.03275819 0.39622689
131.08277069 0.39561099
131.13278320 0.39503464
131.18279570 0.39451634
131.23280820 0.39381325
131.28282071 0.39299891
131.33283321 0.39220664
131.38284571 0.39156852
131.43285821 0.39050220
131.48287072 0.38987373
131.53288322 0.38919811
131.58289572 0.38853963
131.63290823 0.38788351
131.68292073 0.38700747
131.73293323 0.38627198
131.78294574 0.38544617
131.83295824 0.38471054
131.88297074 0.38401055
131.93298325 0.38346839
131.98299575 0.38269277
132.03300825 0.38185119
132.08302076 0.38122444
132.13303326 0.38065804
132.18304576 0.38009393
132.23305826 0.37947536
132.28307077 0.37877331
132.33308327 0.37825494
132.38309577 0.37787359
132.43310828 0.37729697
132.48312078 0.37667680
132.53313328 0.37606971
132.58314579 0.37559378
132.63315829 0.37501316
132.68317079 0.37349395
132.73318330 0.37303831
132.78319580 0.37229128
132.83320830 0.37160330
132.88322081 0.37114977
132.93323331 0.37046874
132.98324581 0.36906513
133.03325831 0.36854841
133.08327082 0.36796672
133.13328332 0.36713060
133.18329582 0.36660251
133.23330833 0.36609386
133.28332083 0.36434167
133.33333333 0.36376257
133.38334584 0.36304214
133.43335834 0.36180712
133.48337084 0.36143583
133.53338335 0.36100643
133.58339585 0.36041915
133.63340835 0.35974530
133.68342086 0.35919648
133.73343336 0.35855229
133.78344586 0.35774964
133.83345836 0.35707384
133.88347087 0.35641552
133.93348337 0.35575623
133.98349587 0.35514001
134.03350838 0.35456871
134.08352088 0.35383868
134.13353338 0.35292565
134.18354589 0.35243480
134.23355839 0.35173571
134.28357089 0.35065074
134.33358340 0.35005248
134.38359590 0.34939403
134.43360840 0.34894448
134.48362091 0.34828041
134.53363341 0.34773822
134.58364591 0.34697892
134.63365841 0.34644071
134.68367092 0.34577571
134.73368342 0.34519184
134.78369592 0.34419414
134.83370843 0.34380887
134.88372093 0.34305186
134.93373343 0.34233921
134.98374594 0.34152167
135.03375844 0.34110531
135.08377094 0.34054965
135.13378345 0.34075424
135.18379595 0.33954313
135.23380845 0.33888997
135.28382096 0.33858484
135.33383346 0.33796606
135.38384596 0.33807246
135.43385846 0.33716437
135.48387097 0.33664513
135.53388347 0.33598596
135.58389597 0.33543752
135.63390848 0.33466338
135.68392098 0.33390530
135.73393348 0.33327749
135.78394599 0.33278208
135.83395849 0.33230045
135.88397099 0.33173966
135.93398350 0.33114900
135.98399600 0.33043407
136.03400850 0.32990544
136.08402101 0.32931279
136.13403351 0.32905309
136.18404601 0.32821265
136.23405851 0.32711004
136.28407102 0.32656151
136.33408352 0.32605559
136.38409602 0.32557274
136.43410853 0.32515358
136.48412103 0.32457552
136.53413353 0.32412289
136.58414604 0.32431384
136.63415854 0.32371520
136.68417104 0.32334393
136.73418355 0.32285874
136.78419605 0.32305810
136.83420855 0.32278968
136.88422106 0.32225224
136.93423356 0.32186871
136.98424606 0.32142358
137.03425856 0.32082263
137.08427107 0.31969944
137.13428357 0.31928039
137.18429607 0.31874757
137.23430858 0.31818106
137.28432108 0.31763502
137.33433358 0.31715412
137.38434609 0.31692111
137.43435859 0.31636306
137.48437109 0.31592228
137.53438360 0.31542708
137.58439610 0.31497550
137.63440860 0.31456749
137.68442111 0.31395817
137.73443361 0.31339133
137.78444611 0.31284616
137.83445861 0.31230169
137.88447112 0.31163097
137.93448362 0.31093991
137.98449612 0.31055289
138.03450863 0.30992851
138.08452113 0.30949229
138.13453363 0.30894080
138.18454614 0.30835798
138.23455864 0.30773358
138.28457114 0.30713719
138.33458365 0.30706728
138.38459615 0.30649523
138.43460865 0.30572575
138.48462116 0.30503331
138.53463366 0.30440151
138.58464616 0.30431921
138.63465866 0.30406766
138.68467117 0.30361266
138.73468367 0.30263972
138.78469617 0.30215539
138.83470868 0.30171559
138.88472118 0.30124529
138.93473368 0.30043837
138.98474619 0.30003292
139.03475869 0.29962335
139.08477119 0.29909874
139.13478370 0.29849680
139.18479620 0.29797693
139.23480870 0.29738763
139.28482121 0.29655942
139.33483371 0.29608842
139.38484621 0.29562044
139.43485871 0.29486988
139.48487122 0.29429462
139.53488372 0.29335842
139.58489622 0.29287969
139.63490873 0.29228957
139.68492123 0.29154726
139.73493373 0.29102885
139.78494624 0.29064436
139.83495874 0.28962950
139.88497124 0.28937029
139.93498375 0.28886798
139.98499625 0.28843189
140.03500875 0.28753150
140.08502126 0.28698270
140.13503376 0.28611643
140.18504626 0.28563245
140.23505876 0.28497305
140.28507127 0.28453727
140.33508377 0.28400009
140.38509627 0.28365189
140.43510878 0.28313851
140.48512128 0.28270386
140.53513378 0.28198677
140.58514629 0.28150523
140.63515879 0.28108647
140.68517129 0.28070300
140.73518380 0.28035793
140.78519630 0.27988879
140.83520880 0.27940902
140.88522131 0.27891382
140.93523381 0.27839837
140.98524631 0.27781185
141.03525881 0.27755883
141.08527132 0.27713547
141.13528382 0.27660599
141.18529632 0.27616625
141.23530883 0.27601358
141.28532133 0.27548955
141.33533383 0.27505488
141.38534634 0.27471179
141.43535884 0.27418720
141.48537134 0.27428411
141.53538385 0.27386582
141.58539635 0.27277695
141.63540885 0.27214147
141.68542136 0.27129869
141.73543386 0.27118435
141.78544636 0.27067062
141.83545886 0.27005015
141.88547137 0.27004055
141.93548387 0.26951435
141.98549637 0.26939112
142.03550888 0.26883970
142.08552138 0.26857316
142.13553388 0.26833326
142.18554639 0.26791176
142.23555889 0.26712020
142.28557139 0.26668306
142.33558390 0.26623521
142.38559640 0.26550207
142.43560890 0.26527900
142.48562141 0.26494361
142.53563391 0.26491909
142.58564641 0.26533981
142.63565891 0.26466934
142.68567142 0.26408423
142.73568392 0.26355038
142.78569642 0.26291136
142.83570893 0.26242604
142.88572143 0.26187380
142.93573393 0.26155822
142.98574644 0.26098128
143.03575894 0.26050726
143.08577144 0.25993575
143.13578395 0.25952992
143.18579645 0.25912172
143.23580895 0.25853728
143.28582146 0.25804171
143.33583396 0.25759838
143.38584646 0.25715345
143.43585896 0.25663388
143.48587147 0.25670285
143.53588397 0.25656533
143.58589647 0.25600634
143.63590898 0.25554632
143.68592148 0.25535718
143.73593398 0.25490055
143.78594649 0.25443444
143.83595899 0.25398823
143.88597149 0.25353705
143.93598400 0.25310086
143.98599650 0.25266628
144.03600900 0.25120756
144.08602151 0.25070948
144.13603401 0.25035119
144.18604651 0.25002644
144.23605901 0.24958378
144.28607152 0.24912497
144.33608402 0.24911657
144.38609652 0.24873007
144.43610903 0.24817476
144.48612153 0.24768224
144.53613403 0.24702402
144.58614654 0.24657119
144.63615904 0.24623536
144.68617154 0.24623540
144.73618405 0.24587379
144.78619655 0.24542759
144.83620905 0.24500052
144.88622156 0.24463553
144.93623406 0.24428504
144.98624656 0.24389823
145.03625906 0.24353281
145.08627157 0.24312670
145.13628407 0.24269807
145.18629657 0.24226269
145.23630908 0.24215801
145.28632158 0.24169615
145.33633408 0.24147866
145.38634659 0.24104892
145.43635909 0.24091831
145.48637159 0.24067834
145.53638410 0.24031270
145.58639660 0.24003166
145.63640910 0.23982169
145.68642161 0.23938649
145.73643411 0.23889191
145.78644661 0.23843320
145.83645911 0.23800176
145.88647162 0.23752712
145.93648412 0.23718403
145.98649662 0.23664261
146.03650913 0.23633508
146.08652163 0.23597844
146.13653413 0.23546886
146.18654664 0.23508787
146.23655914 0.23465341
146.28657164 0.23423336
146.33658415 0.23377626
146.38659665 0.23328474
146.43660915 0.23315774
146.48662166 0.23268955
146.53663416 0.23238625
146.58664666 0.23224816
146.63665916 0.23187673
146.68667167 0.23143976
146.73668417 0.23124600
146.78669667 0.23076627
146.83670918 0.23024399
146.88672168 0.22975246
146.93673418 0.22921025
146.98674669 0.22880609
147.03675919 0.22844414
147.08677169 0.22809180
147.13678420 0.22755632
147.18679670 0.22718551
147.23680920 0.22678800
147.28682171 0.22636625
147.33683421 0.22593978
147.38684671 0.22551593
147.43685921 0.22517151
147.48687172 0.22488493
147.53688422 0.22450510
147.58689672 0.22426247
147.63690923 0.22384589
147.68692173 0.22346879
147.73693423 0.22306611
147.78694674 0.22265973
147.83695924 0.22217764
147.88697174 0.22239758
147.93698425 0.22201447
147.98699675 0.22162633
148.03700925 0.22116491
148.08702176 0.22071704
148.13703426 0.22020500
148.18704676 0.22006302
148.23705926 0.21958048
148.28707177 0.21942796
148.33708427 0.21901760
148.38709677 0.21863333
148.43710928 0.21828541
148.48712178 0.21781280
148.53713428 0.21749614
148.58714679 0.21719265
148.63715929 0.21687387
148.68717179 0.21628254
148.73718430 0.21591161
148.78719680 0.21555865
148.83720930 0.21518120
148.88722181 0.21483632
148.93723431 0.21449882
148.98724681 0.21423731
149.03725931 0.21389955
149.08727182 0.21354158
149.13728432 0.21306136
149.18729682 0.21271360
149.23730933 0.21230683
149.28732183 0.21173928
149.33733433 0.21144653
149.38734684 0.21111364
149.43735934 0.21078115
149.48737184 0.21042794
149.53738435 0.21002978
149.58739685 0.20952934
149.63740935 0.20914268
149.68742186 0.20884849
149.73743436 0.20862235
149.78744686 0.20827491
149.83745936 0.20787026
149.88747187 0.20751486
149.93748437 0.20672478
149.98749687 0.20665384
150.03750938 0.20631451
150.08752188 0.20609718
150.13753438 0.20557933
150.18754689 0.20523595
150.23755939 0.20476521
150.28757189 0.20443657
150.33758440 0.20411763
150.38759690 0.20377122
150.43760940 0.20344154
150.48762191 0.20371466
150.53763441 0.20306153
150.58764691 0.20284571
150.63765941 0.20258908
150.68767192 0.20226444
150.73768442 0.20203867
150.78769692 0.20178440
150.83770943 0.20142171
150.88772193 0.20107028
150.93773443 0.20051400
150.98774694 0.20012635
151.03775944 0.19999695
151.08777194 0.19975005
151.13778445 0.19946720
151.18779695 0.19913288
151.23780945 0.19873250
151.28782196 0.19837785
151.33783446 0.19807738
151.38784696 0.19755659
151.43785946 0.19740491
151.48787197 0.19697026
151.53788447 0.19721358
151.58789697 0.19686400
151.63790948 0.19643018
151.68792198 0.19606208
151.73793448 0.19603207
151.78794699 0.19579642
151.83795949 0.19560579
151.88797199 0.19507435
151.93798450 0.19479780
151.98799700 0.19446334
152.03800950 0.19416337
152.08802201 0.19386405
152.13803451 0.19361489
152.18804701 0.19329107
152.23805951 0.19295612
152.28807202 0.19262632
152.33808452 0.19241505
152.38809702 0.19200455
152.43810953 0.19163370
152.48812203 0.19129042
152.53813453 0.19093751
152.58814704 0.19059367
152.63815954 0.19023712
152.68817204 0.18996945
152.73818455 0.19061989
152.78819705 0.19013593
152.83820955 0.18979006
152.88822206 0.18952024
152.93823456 0.18924494
152.98824706 0.18896083
153.03825956 0.18839637
153.08827207 0.18824358
153.13828457 0.18826579
153.18829707 0.18799643
153.23830958 0.18762588
153.28832208 0.18736565
153.33833458 0.18675797
153.38834709 0.18642560
153.43835959 0.18666845
153.48837209 0.18597618
153.53838460 0.18567078
153.58839710 0.18474674
153.63840960 0.18447378
153.68842211 0.18414229
153.73843461 0.18377644
153.78844711 0.18337124
153.83845961 0.18322168
153.88847212 0.18230921
153.93848462 0.18186544
153.98849712 0.18156217
154.03850963 0.18143830
154.08852213 0.18112711
154.13853463 0.18069274
154.18854714 0.18037443
154.23855964 0.18007559
154.28857214 0.17973166
154.33858465 0.17948613
154.38859715 0.17916710
154.43860965 0.17921807
154.48862216 0.17886692
154.53863466 0.17855412
154.58864716 0.17820600
154.63865966 0.17795200
154.68867217 0.17756506
154.73868467 0.17710602
154.78869717 0.17676928
154.83870968 0.17642747
154.88872218 0.17607389
154.93873468 0.17601647
154.98874719 0.17572588
155.03875969 0.17547014
155.08877219 0.17505177
155.13878470 0.17470312
155.18879720 0.17458683
155.23880970 0.17414802
155.28882221 0.17384323
155.33883471 0.17352644
155.38884721 0.17323564
155.43885971 0.17294032
155.48887222 0.17283163
155.53888472 0.17252891
155.58889722 0.17223106
155.63890973 0.17197478
155.68892223 0.17170408
155.73893473 0.17134032
155.78894724 0.17109700
155.83895974 0.17086245
155.88897224 0.17041371
155.93898475 0.17016760
155.98899725 0.16995315
156.03900975 0.16964888
156.08902226 0.16941547
156.13903476 0.16901603
156.18904726 0.16873496
156.23905976 0.16886296
156.28907227 0.16892402
156.33908477 0.16887088
156.38909727 0.16857534
156.43910978 0.16853392
156.48912228 0.16825639
156.53913478 0.16796100
156.58914729 0.16731703
156.63915979 0.16701647
156.68917229 0.16694064
156.73918480 0.16654116
156.78919730 0.16625487
156.83920980 0.16599545
156.88922231 0.16573458
156.93923481 0.16618976
156.98924731 0.16590993
157.03925981 0.16562163
157.08927232 0.16585620
157.13928482 0.16561349
157.18929732 0.16539711
157.23930983 0.16513489
157.28932233 0.16447850
157.33933483 0.16453685
157.38934734 0.16431186
157.43935984 0.16388273
157.48937234 0.16352822
157.53938485 0.16379851
157.58939735 0.16328828
157.63940985 0.16298453
157.68942236 0.16257026
157.73943486 0.16223260
157.78944736 0.16213659
157.83945986 0.16197178
157.88947237 0.16170835
157.93948487 0.16136269
157.98949737 0.16101493
158.03950988 0.16068056
158.08952238 0.16038244
158.13953488 0.16024895
158.18954739 0.16004093
158.23955989 0.15971498
158.28957239 0.15981955
158.33958490 0.16018130
158.38959740 0.15975601
158.43960990 0.15944178
158.48962241 0.15918414
158.53963491 0.15898090
158.58964741 0.15876064
158.63965991 0.15849548
158.68967242 0.15819504
158.73968492 0.15788924
158.78969742 0.15757476
158.83970993 0.15722112
158.88972243 0.15708028
158.93973493 0.15665424
158.98974744 0.15645820
159.03975994 0.15621812
159.08977244 0.15628285
159.13978495 0.15585466
159.18979745 0.15601314
159.23980995 0.15576455
159.28982246 0.15542126
159.33983496 0.15522758
159.38984746 0.15527739
159.43985996 0.15516233
159.48987247 0.15495498
159.53988497 0.15457174
159.58989747 0.15443404
159.63990998 0.15410249
159.68992248 0.15418867
159.73993498 0.15389606
159.78994749 0.15354885
159.83995999 0.15317593
159.88997249 0.15283354
159.93998500 0.15247610
159.98999750 0.15223528
160.04001000 0.15207862
160.09002251 0.15183386
160.14003501 0.15155634
160.19004751 0.15123803
160.24006002 0.15083046
160.29007252 0.15042355
160.34008502 0.15020619
160.39009752 0.14981990
160.44011003 0.15014105
160.49012253 0.15011332
160.54013503 0.14969304
160.59014754 0.14938534
160.64016004 0.14935750
160.69017254 0.14916529
160.74018505 0.14897642
160.79019755 0.14877725
160.84021005 0.14856410
160.89022256 0.14879730
160.94023506 0.14854054
160.99024756 0.14828555
161.04026007 0.14806397
161.09027257 0.14784988
161.14028507 0.14762079
161.19029757 0.14808886
161.24031008 0.14781859
161.29032258 0.14733942
161.34033508 0.14741429
161.39034759 0.14714430
161.44036009 0.14687664
161.49037259 0.14660021
161.54038510 0.14631504
161.59039760 0.14602956
161.64041010 0.14575316
161.69042261 0.14548954
161.74043511 0.14526943
161.79044761 0.14503232
161.84046012 0.14480198
161.89047262 0.14457236
161.94048512 0.14433908
161.99049762 0.14391987
162.04051013 0.14377477
162.09052263 0.14365784
162.14053513 0.14344734
162.19054764 0.14322713
162.24056014 0.14296259
162.29057264 0.14288765
162.34058515 0.14260129
162.39059765 0.14234515
162.44061015 0.14210640
162.49062266 0.14192601
162.54063516 0.14159420
162.59064766 0.14136274
162.64066017 0.14110390
162.69067267 0.14080460
162.74068517 0.14040942
162.79069767 0.14017720
162.84071018 0.13997200
162.89072268 0.13966246
162.94073518 0.13938688
162.99074769 0.13994633
163.04076019 0.13968460
163.09077269 0.13954937
163.14078520 0.13933248
163.19079770 0.13890376
163.24081020 0.13859065
163.29082271 0.13837438
163.34083521 0.13815468
163.39084771 0.13792119
163.44086022 0.13767286
163.49087272 0.13755468
163.54088522 0.13741364
163.59089772 0.13717702
163.64091023 0.13684575
163.69092273 0.13657637
163.74093523 0.13637741
163.79094774 0.13611938
163.84096024 0.13648312
163.89097274 0.13622295
163.94098525 0.13594422
163.99099775 0.13542066
164.04101025 0.13520209
164.09102276 0.13493775
164.14103526 0.13485614
164.19104776 0.13471547
164.24106027 0.13447000
164.29107277 0.13434857
164.34108527 0.13390341
164.39109777 0.13360781
164.44111028 0.13333175
164.49112278 0.13308046
164.54113528 0.13278324
164.59114779 0.13258940
164.64116029 0.13227618
164.69117279 0.13199305
164.74118530 0.13200705
164.79119780 0.13144479
164.84121030 0.13123607
164.89122281 0.13091019
164.94123531 0.13093793
164.99124781 0.13063935
165.04126032 0.13029098
165.09127282 0.13009104
165.14128532 0.12993768
165.19129782 0.12982655
165.24131033 0.12961634
165.29132283 0.12948234
165.34133533 0.12933807
165.39134784 0.12910829
165.44136034 0.12888323
165.49137284 0.12878075
165.54138535 0.12842101
165.59139785 0.12824283
165.64141035 0.12795882
165.69142286 0.12756718
165.74143536 0.12738702
165.79144786 0.12713249
165.84146037 0.12697174
165.89147287 0.12672798
165.94148537 0.12587546
165.99149787 0.12545663
166.04151038 0.12520944
166.09152288 0.12575649
166.14153538 0.12557294
166.19154789 0.12534976
166.24156039 0.12492320
166.29157289 0.12464311
166.34158540 0.12441541
166.39159790 0.12435085
166.44161040 0.12393693
166.49162291 0.12361280
166.54163541 0.12326860
166.59164791 0.12305820
166.64166042 0.12264295
166.69167292 0.12242924
166.74168542 0.12228915
166.79169792 0.12226305
166.84171043 0.12237317
166.89172293 0.12212137
166.94173543 0.12185676
166.99174794 0.12160663
167.04176044 0.12140445
167.09177294 0.12111017
167.14178545 0.12092407
167.19179795 0.12082577
167.24181045 0.12059439
167.29182296 0.11995801
167.34183546 0.11975781
167.39184796 0.11957320
167.44186047 0.11929497
167.49187297 0.11906547
167.54188547 0.11888490
167.59189797 0.11870432
167.64191048 0.11833333
167.69192298 0.11813439
167.74193548 0.11791839
167.79194799 0.11742371
167.84196049 0.11724421
167.89197299 0.11712369
167.94198550 0.11709056
167.99199800 0.11691368
168.04201050 0.11686503
168.09202301 0.11666048
168.14203551 0.11646915
168.19204801 0.11627014
168.24206052 0.11642847
168.29207302 0.11622035
168.34208552 0.11606001
168.39209802 0.11572232
168.44211053 0.11545121
168.49212303 0.11521223
168.54213553 0.11498051
168.59214804 0.11489345
168.64216054 0.11478303
168.69217304 0.11459240
168.74218555 0.11442766
168.79219805 0.11405576
168.84221055 0.11402546
168.89222306 0.11389277
168.94223556 0.11374006
168.99224806 0.11355377
169.04226057 0.11335284
169.09227307 0.11315263
169.14228557 0.11296194
169.19229807 0.11266452
169.24231058 0.11250489
169.29232308 0.11233721
169.34233558 0.11226261
169.39234809 0.11209655
169.44236059 0.11184232
169.49237309 0.11159920
169.54238560 0.11136022
169.59239810 0.11114897
169.64241060 0.11091757
169.69242311 0.11082016
169.74243561 0.11059565
169.79244811 0.11049882
169.84246062 0.11031512
169.89247312 0.11020017
169.94248562 0.11000662
169.99249812 0.10980861
170.04251063 0.10960335
170.09252313 0.10953023
170.14253563 0.10932146
170.19254814 0.10884724
170.24256064 0.10866134
170.29257314 0.10844891
170.34258565 0.10835894
170.39259815 0.10821693
170.44261065 0.10790517
170.49262316 0.10772549
170.54263566 0.10791167
170.59264816 0.10777013
170.64266067 0.10770275
170.69267317 0.10762193
170.74268567 0.10743315
170.79269817 0.10732442
170.84271068 0.10719108
170.89272318 0.10703757
170.94273568 0.10689238
170.99274819 0.10672872
171.04276069 0.10684364
171.09277319 0.10690694
171.14278570 0.10674370
171.19279820 0.10653605
171.24281070 0.10637984
171.29282321 0.10622270
171.34283571 0.10605111
171.39284821 0.10603231
171.44286072 0.10578377
171.49287322 0.10572638
171.54288572 0.10549003
171.59289822 0.10529247
171.64291073 0.10506740
171.69292323 0.10508375
171.74293573 0.10492629
171.79294824 0.10469294
171.84296074 0.10542053
171.89297324 0.10527916
171.94298575 0.10504193
171.99299825 0.10484593
172.04301075 0.10469405
172.09302326 0.10449270
172.14303576 0.10450793
172.19304826 0.10435496
172.24306077 0.10393619
172.29307327 0.10389285
172.34308577 0.10375418
172.39309827 0.10363528
172.44311078 0.10345633
172.49312328 0.10339584
172.54313578 0.10318717
172.59314829 0.10300544
172.64316079 0.10280750
172.69317329 0.10261741
172.74318580 0.10245375
172.79319830 0.10229370
172.84321080 0.10211983
172.89322331 0.10192588
172.94323581 0.10142532
172.99324831 0.10121532
173.04326082 0.10103691
173.09327332 0.10085880
173.14328582 0.10070085
173.19329832 0.10051716
173.24331083 0.10035758
173.29332333 0.10021194
173.34333583 0.10064554
173.39334834 0.10049810
173.44336084 0.10032156
173.49337334 0.10014266
173.54338585 0.09994549
173.59339835 0.09974607
173.64341085 0.09955337
173.69342336 0.09937085
173.74343586 0.09919944
173.79344836 0.09903592
173.84346087 0.09887195
173.89347337 0.09870192
173.94348587 0.09852380
173.99349837 0.09817054
174.04351088 0.09798943
174.09352338 0.09781394
174.14353588 0.09781930
174.19354839 0.09789149
174.24356089 0.09767745
174.29357339 0.09748014
174.34358590 0.09760483
174.39359840 0.09735196
174.44361090 0.09720255
174.49362341 0.09704311
174.54363591 0.09690670
174.59364841 0.09669125
174.64366092 0.09666722
174.69367342 0.09648393
174.74368592 0.09631120
174.79369842 0.09611616
174.84371093 0.09590455
174.89372343 0.09567619
174.94373593 0.09543659
174.99374844 0.09519535
175.04376094 0.09496623
175.09377344 0.09473641
175.14378595 0.09461656
175.19379845 0.09454550
175.24381095 0.09411049
175.29382346 0.09398485
175.34383596 0.09386367
175.39384846 0.09354180
175.44386097 0.09332549
175.49387347 0.09318869
175.54388597 0.09303930
175.59389847 0.09288722
175.64391098 0.09273175
175.69392348 0.09249257
175.74393598 0.09226907
175.79394849 0.09205691
175.84396099 0.09190035
175.89397349 0.09173757
175.94398600 0.09161694
175.99399850 0.09144199
176.04401100 0.09126345
176.09402351 0.09107409
176.14403601 0.09090915
176.19404851 0.09101713
176.24406102 0.09088276
176.29407352 0.09073573
176.34408602 0.09059211
176.39409852 0.09027309
176.44411103 0.09005876
176.49412353 0.08986637
176.54413603 0.08976376
176.59414854 0.08936685
176.64416104 0.08922039
176.69417354 0.08913784
176.74418605 0.08933468
176.79419855 0.08904333
176.84421105 0.08882997
176.89422356 0.08865283
176.94423606 0.08829148
176.99424856 0.08824242
177.04426107 0.08846210
177.09427357 0.08844989
177.14428607 0.08833252
177.19429857 0.08816033
177.24431108 0.08808303
177.29432358 0.08797531
177.34433608 0.08837964
177.39434859 0.08809236
177.44436109 0.08795488
177.49437359 0.08778702
177.54438610 0.08763913
177.59439860 0.08749558
177.64441110 0.08734843
177.69442361 0.08719888
177.74443611 0.08755372
177.79444861 0.08740702
177.84446112 0.08726269
177.89447362 0.08712719
177.94448612 0.08720406
177.99449862 0.08709108
178.04451113 0.08698324
178.09452363 0.08689557
178.14453613 0.08730030
178.19454864 0.08683990
178.24456114 0.08677512
178.29457364 0.08657027
178.34458615 0.08624208
178.39459865 0.08610077
178.44461115 0.08589788
178.49462366 0.08573594
178.54463616 0.08557376
178.59464866 0.08538007
178.64466117 0.08521243
178.69467367 0.08521508
178.74468617 0.08518432
178.79469867 0.08490381
178.84471118 0.08476957
178.89472368 0.08464836
178.94473618 0.08451935
178.99474869 0.08438727
179.04476119 0.08425702
179.09477369 0.08410928
179.14478620 0.08400246
179.19479870 0.08379801
179.24481120 0.08373060
179.29482371 0.08359369
179.34483621 0.08344732
179.39484871 0.08329553
179.44486122 0.08314600
179.49487372 0.08300381
179.54488622 0.08286709
179.59489872 0.08272847
179.64491123 0.08258165
179.69492373 0.08242587
179.74493623 0.08230183
179.79494874 0.08202118
179.84496124 0.08140408
179.89497374 0.08125114
179.94498625 0.08110873
179.99499875 0.08093306
180.04501125 0.08092131
180.09502376 0.08108508
180.14503626 0.08096085
180.19504876 0.08082017
180.24506127 0.08067733
180.29507377 0.08053656
180.34508627 0.08039464
180.39509877 0.08021112
180.44511128 0.08006736
180.49512378 0.07992391
180.54513628 0.07978205
180.59514879 0.07958891
180.64516129 0.07954409
180.69517379 0.07949440
180.74518630 0.07933244
180.79519880 0.07918991
180.84521130 0.07905357
180.89522381 0.07892310
180.94523631 0.07879593
180.99524881 0.07868658
181.04526132 0.07856858
181.09527382 0.07844720
181.14528632 0.07808645
181.19529882 0.07793818
181.24531133 0.07777125
181.29532383 0.07764533
181.34533633 0.07750785
181.39534884 0.07736838
181.44536134 0.07722855
181.49537384 0.07737999
181.54538635 0.07726921
181.59539885 0.07714762
181.64541135 0.07704067
181.69542386 0.07693913
181.74543636 0.07682742
181.79544886 0.07670185
181.84546137 0.07659605
181.89547387 0.07645113
181.94548637 0.07635329
181.99549887 0.07611477
182.04551138 0.07603220
182.09552388 0.07584598
182.14553638 0.07571501
182.19554889 0.07547191
182.24556139 0.07537063
182.29557389 0.07519388
182.34558640 0.07508550
182.39559890 0.07503641
182.44561140 0.07495746
182.49562391 0.07486244
182.54563641 0.07476581
182.59564891 0.07453972
182.64566142 0.07446931
182.69567392 0.07427137
182.74568642 0.07415743
182.79569892 0.07404400
182.84571143 0.07389903
182.89572393 0.07376759
182.94573643 0.07363287
182.99574894 0.07350158
183.04576144 0.07321471
183.09577394 0.07309172
183.14578645 0.07297645
183.19579895 0.07284856
183.24581145 0.07271236
183.29582396 0.07261198
183.34583646 0.07244139
183.39584896 0.07230520
183.44586147 0.07200000
183.49587397 0.07180844
183.54588647 0.07178964
183.59589897 0.07228855
183.64591148 0.07213341
183.69592398 0.07222760
183.74593648 0.07203262
183.79594899 0.07189417
183.84596149 0.07171443
183.89597399 0.07161031
183.94598650 0.07150021
183.99599900 0.07127721
184.04601150 0.07111344
184.09602401 0.07099492
184.14603651 0.07085130
184.19604901 0.07093940
184.24606152 0.07067496
184.29607402 0.07071216
184.34608652 0.07052331
184.39609902 0.07038075
184.44611153 0.07026352
184.49612403 0.07011959
184.54613653 0.07002636
184.59614904 0.06989086
184.64616154 0.06974953
184.69617404 0.06970535
184.74618655 0.06959048
184.79619905 0.06953461
184.84621155 0.06945317
184.89622406 0.06945640
184.94623656 0.06945301
184.99624906 0.06921573
185.04626157 0.06908666
185.09627407 0.06892040
185.14628657 0.06892862
185.19629907 0.06887297
185.24631158 0.06880071
185.29632408 0.06867990
185.34633658 0.06861882
185.39634909 0.06852374
185.44636159 0.06853196
185.49637409 0.06834046
185.54638660 0.06819648
185.59639910 0.06806884
185.64641160 0.06794685
185.69642411 0.06807779
185.74643661 0.06795091
185.79644911 0.06784162
185.84646162 0.06773787
185.89647412 0.06765071
185.94648662 0.06756416
185.99649912 0.06746135
186.04651163 0.06733942
186.09652413 0.06722191
186.14653663 0.06705890
186.19654914 0.06707886
186.24656164 0.06694265
186.29657414 0.06684661
186.34658665 0.06676412
186.39659915 0.06666840
186.44661165 0.06661929
186.49662416 0.06650699
186.54663666 0.06625410
186.59664916 0.06648571
186.64666167 0.06656215
186.69667417 0.06644803
186.74668667 0.06634455
186.79669917 0.06624948
186.84671168 0.06615044
186.89672418 0.06590826
186.94673668 0.06579585
186.99674919 0.06578330
187.04676169 0.06565579
187.09677419 0.06547184
187.14678670 0.06526664
187.19679920 0.06513674
187.24681170 0.06503707
187.29682421 0.06496372
187.34683671 0.06490102
187.39684921 0.06483193
187.44686172 0.06496199
187.49687422 0.06485875
187.54688672 0.06475591
187.59689922 0.06462908
187.64691173 0.06452692
187.69692423 0.06445171
187.74693673 0.06434381
187.79694924 0.06425321
187.84696174 0.06418232
187.89697424 0.06407638
187.94698675 0.06395963
187.99699925 0.06383818
188.04701175 0.06371549
188.09702426 0.06353725
188.14703676 0.06343441
188.19704926 0.06329979
188.24706177 0.06315330
188.29707427 0.06303542
188.34708677 0.06291646
188.39709927 0.06279521
188.44711178 0.06338794
188.49712428 0.06324821
188.54713678 0.06313119
188.59714929 0.06304614
188.64716179 0.06286129
188.69717429 0.06264310
188.74718680 0.06249503
188.79719930 0.06236143
188.84721180 0.06227008
188.89722431 0.06217962
188.94723681 0.06208075
188.99724931 0.06191411
189.04726182 0.06175533
189.09727432 0.06169239
189.14728682 0.06157005
189.19729932 0.06145277
189.24731183 0.06135339
189.29732433 0.06112005
189.34733683 0.06102377
189.39734934 0.06092205
189.44736184 0.06081291
189.49737434 0.06069844
189.54738685 0.06058267
189.59739935 0.06046896
189.64741185 0.06035819
189.69742436 0.06024912
189.74743686 0.06014025
189.79744936 0.06003130
189.84746187 0.05992303
189.89747437 0.05981597
189.94748687 0.05970930
189.99749937 0.05960049
190.04751188 0.05948759
190.09752438 0.05937067
190.14753688 0.05925258
190.19754939 0.05913723
190.24756189 0.05941445
190.29757439 0.05930994
190.34758690 0.05920885
190.39759940 0.05910823
190.44761190 0.05899790
190.49762441 0.05855836
190.54763691 0.05857747
190.59764941 0.05880624
190.64766192 0.05874274
190.69767442 0.05862875
190.74768692 0.05852410
190.79769942 0.05842634
190.84771193 0.05833218
190.89772443 0.05823751
190.94773693 0.05813872
190.99774944 0.05853893
191.04776194 0.05839358
191.09777444 0.05830378
191.14778695 0.05819977
191.19779945 0.05810074
191.24781195 0.05800358
191.29782446 0.05790714
191.34783696 0.05780996
191.39784946 0.05774328
191.44786197 0.05780690
191.49787447 0.05772445
191.54788697 0.05760959
191.59789947 0.05747951
191.64791198 0.05733934
191.69792448 0.05780118
191.74793698 0.05766505
191.79794949 0.05754628
191.84796199 0.05741939
191.89797449 0.05730423
191.94798700 0.05717994
191.99799950 0.05704704
192.04801200 0.05691256
192.09802451 0.05680552
192.14803701 0.05669227
192.19804951 0.05651601
192.24806202 0.05658540
192.29807452 0.05667185
192.34808702 0.05661387
192.39809952 0.05654023
192.44811203 0.05646131
192.49812453 0.05635626
192.54813703 0.05624823
192.59814954 0.05612720
192.64816204 0.05601516
192.69817454 0.05621578
192.74818705 0.05608022
192.79819955 0.05594837
192.84821205 0.05598886
192.89822456 0.05584582
192.94823706 0.05572421
192.99824956 0.05552755
193.04826207 0.05540791
193.09827457 0.05531912
193.14828707 0.05522415
193.19829957 0.05511393
193.24831208 0.05514299
193.29832458 0.05543829
193.34833708 0.05533251
193.39834959 0.05549118
193.44836209 0.05577006
193.49837459 0.05562445
193.54838710 0.05553439
193.59839960 0.05546540
193.64841210 0.05540352
193.69842461 0.05532969
193.74843711 0.05525431
193.79844961 0.05517228
193.84846212 0.05508239
193.89847462 0.05498291
193.94848712 0.05477580
193.99849962 0.05460171
194.04851213 0.05448665
194.09852463 0.05438486
194.14853713 0.05428145
194.19854964 0.05506620
194.24856214 0.05495548
194.29857464 0.05485987
194.34858715 0.05476007
194.39859965 0.05461282
194.44861215 0.05445800
194.49862466 0.05452340
194.54863716 0.05443784
194.59864966 0.05434066
194.64866217 0.05428033
194.69867467 0.05417017
194.74868717 0.05406536
194.79869967 0.05397849
194.84871218 0.05389768
194.89872468 0.05382936
194.94873718 0.05371457
194.99874969 0.05384467
195.04876219 0.05370039
195.09877469 0.05373816
195.14878720 0.05364872
195.19879970 0.05357337
195.24881220 0.05443147
195.29882471 0.05430895
195.34883721 0.05423076
195.39884971 0.05416283
195.44886222 0.05410504
195.49887472 0.05405189
195.54888722 0.05399043
195.59889972 0.05391443
195.64891223 0.05379467
195.69892473 0.05370311
195.74893723 0.05362977
195.79894974 0.05354543
195.84896224 0.05363119
195.89897474 0.05337482
195.94898725 0.05325558
195.99899975 0.05319414
196.04901225 0.05307821
196.09902476 0.05308912
196.14903726 0.05298585
196.19904976 0.05280802
196.24906227 0.05271620
196.29907477 0.05270545
196.34908727 0.05277677
196.39909977 0.05268645
196.44911228 0.05255495
196.49912478 0.05238168
196.54913728 0.05227570
196.59914979 0.05208925
196.64916229 0.05196403
196.69917479 0.05184011
196.74918730 0.05173073
196.79919980 0.05162885
196.84921230 0.05153008
196.89922481 0.05164042
196.94923731 0.05153343
196.99924981 0.05141766
197.04926232 0.05131089
197.09927482 0.05122108
197.14928732 0.05114643
197.19929982 0.05107830
197.24931233 0.05083970
197.29932483 0.05076474
197.34933733 0.05053804
197.39934984 0.05044601
197.44936234 0.05035535
197.49937484 0.05026192
197.54938735 0.05016459
197.59939985 0.04996042
197.64941235 0.04985470
197.69942486 0.04979265
197.74943736 0.04973425
197.79944986 0.04991809
197.84946237 0.04981122
197.89947487 0.04975164
197.94948737 0.04970107
197.99949987 0.04951664
198.04951238 0.04942137
198.09952488 0.04947293
198.14953738 0.04940035
198.19954989 0.04936437
198.24956239 0.04951364
198.29957489 0.04934063
198.34958740 0.04913961
198.39959990 0.04905656
198.44961240 0.04911205
198.49962491 0.04891681
198.54963741 0.04878165
198.59964991 0.04871121
198.64966242 0.04864426
198.69967492 0.04863116
198.74968742 0.04839809
198.79969992 0.04831120
198.84971243 0.04822429
198.89972493 0.04813734
198.94973743 0.04804798
198.99974994 0.04830130
199.04976244 0.04823774
199.09977494 0.04813611
199.14978745 0.04804047
199.19979995 0.04804664
199.24981245 0.04804804
199.29982496 0.04793977
199.34983746 0.04787770
199.39984996 0.04780553
199.44986247 0.04769439
199.49987497 0.04766628
199.54988747 0.04756937
199.59989997 0.04733630
199.64991248 0.04724969
199.69992498 0.04716572
199.74993748 0.04708064
199.79994999 0.04699295
199.84996249 0.04696438
199.89997499 0.04681943
199.94998750 0.04673845
200.00000000 0.04668221
