0.00000000 0.00000000 0.00000000
1.00100100 0.05942339 0.03212215
2.00200200 0.06657858 0.04732838
3.00300300 0.06494400 0.06097007
4.00400400 0.06622827 0.06544452
5.00500501 0.06595722 0.06320245
6.00600601 0.06676425 0.06533178
7.00700701 0.06631198 0.07163196
8.00800801 0.06517643 0.08506011
9.00900901 0.06242401 0.08215700
10.01001001 0.05833070 0.08203601
11.01101101 0.05444197 0.08250053
12.01201201 0.05198651 0.08399604
13.01301301 0.05093346 0.08870883
14.01401401 0.04761659 0.08078989
15.01501502 0.04454696 0.07753592
16.01601602 0.04416525 0.08529997
17.01701702 0.04266925 0.09074131
18.01801802 0.04205641 0.09550042
19.01901902 0.03868185 0.09106844
20.02002002 0.03772555 0.08848562
21.02102102 0.03835815 0.09604639
22.02202202 0.03687569 0.10793908
23.02302302 0.03607223 0.10673363
24.02402402 0.03021473 0.07732864
25.02502503 0.02916883 0.08359330
26.02602603 0.02681269 0.07625903
27.02702703 0.02644128 0.07532315
28.02802803 0.02542195 0.07522237
29.02902903 0.02615441 0.07993513
30.03003003 0.02666793 0.08484519
31.03103103 0.02656764 0.09281320
32.03203203 0.02399466 0.08767671
33.03303303 0.02253731 0.07982997
34.03403403 0.02003912 0.06940150
35.03503504 0.02127560 0.07031290
36.03603604 0.01993552 0.06582430
37.03703704 0.01989523 0.06891447
38.03803804 0.01839153 0.06366249
39.03903904 0.01733190 0.06073085
40.04004004 0.01541591 0.05471123
41.04104104 0.01530728 0.05703692
42.04204204 0.01591926 0.05607564
43.04304304 0.01700524 0.05858995
44.04404404 0.02085985 0.08292885
45.04504505 0.01963698 0.07917221
46.04604605 0.02023627 0.08805489
47.04704705 0.02462424 0.10720034
48.04804805 0.02327768 0.09682215
49.04904905 0.02197477 0.09101942
50.05005005 0.02222985 0.09458742
51.05105105 0.02257970 0.10212803
52.05205205 0.01876022 0.08841396
53.05305305 0.01632253 0.07443336
54.05405405 0.01589638 0.07183289
55.05505506 0.01477764 0.06984216
56.05605606 0.01411269 0.06801132
57.05705706 0.01565183 0.07583655
58.05805806 0.01564457 0.07504202
59.05905906 0.01586491 0.07604941
60.06006006 0.01710404 0.08602667
61.06106106 0.01648696 0.08579507
62.06206206 0.01330661 0.06909458
63.06306306 0.01385089 0.07396074
64.06406406 0.01902108 0.10021916
65.06506507 0.01860412 0.09773070
66.06606607 0.01781360 0.08517397
67.06706707 0.02073171 0.09751838
68.06806807 0.01990898 0.09385440
69.06906907 0.01850417 0.08714149
70.07007007 0.01800915 0.08233328
71.07107107 0.01786329 0.08247868
72.07207207 0.01896644 0.08906802
73.07307307 0.01662496 0.08070638
74.07407407 0.01912534 0.08670141
75.07507508 0.02199451 0.10333906
76.07607608 0.01803818 0.08127439
77.07707708 0.01678856 0.07666956
78.07807808 0.01696277 0.07597331
79.07907908 0.01557059 0.07439274
80.08008008 0.01472022 0.06747786
81.08108108 0.01298511 0.06119999
82.08208208 0.01378952 0.06271446
83.08308308 0.01340820 0.05926563
84.08408408 0.01347445 0.05800293
85.08508509 0.01623516 0.07691215
86.08608609 0.01422154 0.06608872
87.08708709 0.01517662 0.07598960
88.08808809 0.01524717 0.07621402
89.08908909 0.01483476 0.07663570
90.09009009 0.01527880 0.08543515
91.09109109 0.01489981 0.07912357
92.09209209 0.01728709 0.09082934
93.09309309 0.01714519 0.09024427
94.09409409 0.01902324 0.09940681
95.09509510 0.01755936 0.10756863
96.09609610 0.01538529 0.08903787
97.09709710 0.01500389 0.08725709
98.09809810 0.01233344 0.07159469
99.09909910 0.01399223 0.08139101
100.10010010 0.01597281 0.08894239
101.10110110 0.01498900 0.08598267
102.10210210 0.01276546 0.07286305
103.10310310 0.01467937 0.08467062
104.10410410 0.01561809 0.09253941
105.10510511 0.01521356 0.08402042
106.10610611 0.01744113 0.09315497
107.10710711 0.02223995 0.11353095
108.10810811 0.01923200 0.09847228
109.10910911 0.01877261 0.09630555
110.11011011 0.01990353 0.10592408
111.11111111 0.02021316 0.11271686
112.11211211 0.01726875 0.09894001
113.11311311 0.01569921 0.08633431
114.11411411 0.01713317 0.09634956
115.11511512 0.01596556 0.08784116
116.11611612 0.02030166 0.10404148
117.11711712 0.01900405 0.09718820
118.11811812 0.01894148 0.09523032
119.11911912 0.01622078 0.08533767
120.12012012 0.01774575 0.09131943
121.12112112 0.01732577 0.08907091
122.12212212 0.01653397 0.08784846
123.12312312 0.01685225 0.08700747
124.12412412 0.01834618 0.10085965
125.12512513 0.01761626 0.09374050
126.12612613 0.01564799 0.08353201
127.12712713 0.01477215 0.08023331
128.12812813 0.01298316 0.06878871
129.12912913 0.01061494 0.05692773
130.13013013 0.01429516 0.08242157
131.13113113 0.01368898 0.07810494
132.13213213 0.01301497 0.07383654
133.13313313 0.01357309 0.07610540
134.13413413 0.01370544 0.08183842
135.13513514 0.01433259 0.08564876
136.13613614 0.01330937 0.08107543
137.13713714 0.01379561 0.08188951
138.13813814 0.01562912 0.08718326
139.13913914 0.01523968 0.08489394
140.14014014 0.01441782 0.07920701
141.14114114 0.01440327 0.08105758
142.14214214 0.01462751 0.07952083
143.14314314 0.01469446 0.07811171
144.14414414 0.01764704 0.09402164
145.14514515 0.01658483 0.08498913
146.14614615 0.01565059 0.08105733
147.14714715 0.01402339 0.07527733
148.14814815 0.01870226 0.09971678
149.14914915 0.01691334 0.08784076
150.15015015 0.01689936 0.08929178
151.15115115 0.01844571 0.09258240
152.15215215 0.01640346 0.08428144
153.15315315 0.01564971 0.08413190
154.15415415 0.01575315 0.08280534
155.15515516 0.01519003 0.08419773
156.15615616 0.01702073 0.09388388
157.15715716 0.01684489 0.09246467
158.15815816 0.01754594 0.09412316
159.15915916 0.01834721 0.09634506
160.16016016 0.01802449 0.09126705
161.16116116 0.01429315 0.07127376
162.16216216 0.01576024 0.07758236
163.16316316 0.01367812 0.06967631
164.16416416 0.01307923 0.06501045
165.16516517 0.01361453 0.07116302
166.16616617 0.01303235 0.06886856
167.16716717 0.01030755 0.04957922
168.16816817 0.01162517 0.06169315
169.16916917 0.01164274 0.06072524
170.17017017 0.01124160 0.05589580
171.17117117 0.01165216 0.06224948
172.17217217 0.01277136 0.07883964
173.17317317 0.01213945 0.07066999
174.17417417 0.01177612 0.06662120
175.17517518 0.01178429 0.06498302
176.17617618 0.01129865 0.06084354
177.17717718 0.00989439 0.05274952
178.17817818 0.00914454 0.04769289
179.17917918 0.01132781 0.06613674
180.18018018 0.01336521 0.08235465
181.18118118 0.01526350 0.08709766
182.18218218 0.01450606 0.07899545
183.18318318 0.01370408 0.07467744
184.18418418 0.01315897 0.07067774
185.18518519 0.01211296 0.06284918
186.18618619 0.01251110 0.06720179
187.18718719 0.01181132 0.06314348
188.18818819 0.01292733 0.08947172
189.18918919 0.01373961 0.08115744
190.19019019 0.01260032 0.07711596
191.19119119 0.01496357 0.08701389
192.19219219 0.01756120 0.09791264
193.19319319 0.01740440 0.09378269
194.19419419 0.01904533 0.09829821
195.19519520 0.01766442 0.09344970
196.19619620 0.01792103 0.09199634
197.19719720 0.01694532 0.08876458
198.19819820 0.02088897 0.10760858
199.19919920 0.02225164 0.11441340
200.20020020 0.01817400 0.08826032
201.20120120 0.01765577 0.08468525
202.20220220 0.01652377 0.08152377
203.20320320 0.01524462 0.07708612
204.20420420 0.01602666 0.08014545
205.20520521 0.01515961 0.07733426
206.20620621 0.01533578 0.08345258
207.20720721 0.01535649 0.08242471
208.20820821 0.01518097 0.08377979
209.20920921 0.01754405 0.09912087
210.21021021 0.01825504 0.10401235
211.21121121 0.01555875 0.08539963
212.21221221 0.01904706 0.10444832
213.21321321 0.01835259 0.09799525
214.21421421 0.01723669 0.09290748
215.21521522 0.01886198 0.10224566
216.21621622 0.02016528 0.10531284
217.21721722 0.02099491 0.10837866
218.21821822 0.01819901 0.09681892
219.21921922 0.01578489 0.08487402
220.22022022 0.01481572 0.08244681
221.22122122 0.01421661 0.07559552
222.22222222 0.01686298 0.09084998
223.22322322 0.01669857 0.09000957
224.22422422 0.01904006 0.09943171
225.22522523 0.01887950 0.09887077
226.22622623 0.01796691 0.09824339
227.22722723 0.01702941 0.09403807
228.22822823 0.01738136 0.09403728
229.22922923 0.01670970 0.09374351
230.23023023 0.01553893 0.08767716
231.23123123 0.01401251 0.07708702
232.23223223 0.01304466 0.07256740
233.23323323 0.01708601 0.09430173
234.23423423 0.01500346 0.08489993
235.23523524 0.01484434 0.08200427
236.23623624 0.01380825 0.07972564
237.23723724 0.01323055 0.07753201
238.23823824 0.01323463 0.07814468
239.23923924 0.01482513 0.08610691
240.24024024 0.01471827 0.08521699
241.24124124 0.01414635 0.08273259
242.24224224 0.01288454 0.07459120
243.24324324 0.01545799 0.08760712
244.24424424 0.01496400 0.08196997
245.24524525 0.01710206 0.09055953
246.24624625 0.01594453 0.08435344
247.24724725 0.01565863 0.08443503
248.24824825 0.01745792 0.09880755
249.24924925 0.01618991 0.09255434
250.25025025 0.01555909 0.08752418
251.25125125 0.01665094 0.09469152
252.25225225 0.01515747 0.08539998
253.25325325 0.01455944 0.08677112
254.25425425 0.01603336 0.09129335
255.25525526 0.01714079 0.09702077
256.25625626 0.01631275 0.09405581
257.25725726 0.01797958 0.10032062
258.25825826 0.01805868 0.09810957
259.25925926 0.02152283 0.11332867
260.26026026 0.02250439 0.11548818
261.26126126 0.02141412 0.10972533
262.26226226 0.01845391 0.09687705
263.26326326 0.01727423 0.08912796
264.26426426 0.01697115 0.08658323
265.26526527 0.01593739 0.08105669
266.26626627 0.01910587 0.09434431
267.26726727 0.01992495 0.09867214
268.26826827 0.02046555 0.10316738
269.26926927 0.02156779 0.10608276
270.27027027 0.01962807 0.10097847
271.27127127 0.02105164 0.11328520
272.27227227 0.01894260 0.10245065
273.27327327 0.01568408 0.08212899
274.27427427 0.01380762 0.07552006
275.27527528 0.01150053 0.06335340
276.27627628 0.01345384 0.07576607
277.27727728 0.01328076 0.07631817
278.27827828 0.01341651 0.07651263
279.27927928 0.01195937 0.06920175
280.28028028 0.01148476 0.06484273
281.28128128 0.01075314 0.05935207
282.28228228 0.01251270 0.07435987
283.28328328 0.01192998 0.06997296
284.28428428 0.01374587 0.07962502
285.28528529 0.01345063 0.07430170
286.28628629 0.01144570 0.06027438
287.28728729 0.01207048 0.06629038
288.28828829 0.01507013 0.08194300
289.28928929 0.01576135 0.08144015
290.29029029 0.01414335 0.07582917
291.29129129 0.01304790 0.07014051
292.29229229 0.01736299 0.09674582
293.29329329 0.01652332 0.09114757
294.29429429 0.01811703 0.09576253
295.29529530 0.01775609 0.10023644
296.29629630 0.01783542 0.09694744
297.29729730 0.01668678 0.08965919
298.29829830 0.01693011 0.09047371
299.29929930 0.01850020 0.10157546
300.30030030 0.01783965 0.09881303
301.30130130 0.01567178 0.08451713
302.30230230 0.01419321 0.07613614
303.30330330 0.01493151 0.08232519
304.30430430 0.01824650 0.10253361
305.30530531 0.01879626 0.10675271
306.30630631 0.02062233 0.11540883
307.30730731 0.01784337 0.10390878
308.30830831 0.01465784 0.09203151
309.30930931 0.01633934 0.09935068
310.31031031 0.01501431 0.09221243
311.31131131 0.01715058 0.10268103
312.31231231 0.01951680 0.11283651
313.31331331 0.02193678 0.11800214
314.31431431 0.02156594 0.11612117
315.31531532 0.02323002 0.12031846
316.31631632 0.02352216 0.11662570
317.31731732 0.02328890 0.11591816
318.31831832 0.02141807 0.11052608
319.31931932 0.02177065 0.11188949
320.32032032 0.02161593 0.10742059
321.32132132 0.01995468 0.09806230
322.32232232 0.01647362 0.08419928
323.32332332 0.01678788 0.08781616
324.32432432 0.01369495 0.07885826
325.32532533 0.01378105 0.07673870
326.32632633 0.01257230 0.07183692
327.32732733 0.01393051 0.07873889
328.32832833 0.01022741 0.05313723
329.32932933 0.01274055 0.07824237
330.33033033 0.01147553 0.07400358
331.33133133 0.01073402 0.06769529
332.33233233 0.00954170 0.06249235
333.33333333 0.01080045 0.07251770
334.33433433 0.01396563 0.08772466
335.33533534 0.01428284 0.08010230
336.33633634 0.01508103 0.08512680
337.33733734 0.01430844 0.08140272
338.33833834 0.01369762 0.07778500
339.33933934 0.01031832 0.05442157
340.34034034 0.00898720 0.04583773
341.34134134 0.00830788 0.04045350
342.34234234 0.00796993 0.03843636
343.34334334 0.00766673 0.03774026
344.34434434 0.00903024 0.05558373
345.34534535 0.00942177 0.05744731
346.34634635 0.00956380 0.05604008
347.34734735 0.00904946 0.05625408
348.34834835 0.00918505 0.05936826
349.34934935 0.01355469 0.08555242
350.35035035 0.01416522 0.08938947
351.35135135 0.01186995 0.07473626
352.35235235 0.01326161 0.08450963
353.35335335 0.01401529 0.09047487
354.35435435 0.01014686 0.06783278
355.35535536 0.01032200 0.06817809
356.35635636 0.00793523 0.04883364
357.35735736 0.00809204 0.05537931
358.35835836 0.00858286 0.05722637
359.35935936 0.00990228 0.06890606
360.36036036 0.01023173 0.07173067
361.36136136 0.01233854 0.08799088
362.36236236 0.01316387 0.09951679
363.36336336 0.01228645 0.09566730
364.36436436 0.01393112 0.10154623
365.36536537 0.01443502 0.10183452
366.36636637 0.01607009 0.10479282
367.36736737 0.01580067 0.10245355
368.36836837 0.01330114 0.08562329
369.36936937 0.01245624 0.08101992
370.37037037 0.01359962 0.08948553
371.37137137 0.01719439 0.10327025
372.37237237 0.01856078 0.10842496
373.37337337 0.01952772 0.11086921
374.37437437 0.02569693 0.13685845
375.37537538 0.01890122 0.10165388
376.37637638 0.01962425 0.10613382
377.37737738 0.02102828 0.10802050
378.37837838 0.02026719 0.09966167
379.37937938 0.01936224 0.09333282
380.38038038 0.01567903 0.07332883
381.38138138 0.01379811 0.06631393
382.38238238 0.01570916 0.08334049
383.38338338 0.01866438 0.09765678
384.38438438 0.01780749 0.09479017
385.38538539 0.01590520 0.08513758
386.38638639 0.01651556 0.08837621
387.38738739 0.01640990 0.09205487
388.38838839 0.01628834 0.09747955
389.38938939 0.01635707 0.09830374
390.39039039 0.01619016 0.09641026
391.39139139 0.01875189 0.10944603
392.39239239 0.02062528 0.11618454
393.39339339 0.02662093 0.14388314
394.39439439 0.02548702 0.13369456
395.39539540 0.02216585 0.11387258
396.39639640 0.02227853 0.11216566
397.39739740 0.02060678 0.10175634
398.39839840 0.01906389 0.09059889
399.39939940 0.01744954 0.08308468
400.40040040 0.02043906 0.09998706
401.40140140 0.02059788 0.10233628
402.40240240 0.02061251 0.09920842
403.40340340 0.02191572 0.10272836
404.40440440 0.01846216 0.08659873
405.40540541 0.01844803 0.08967304
406.40640641 0.01688716 0.08482506
407.40740741 0.01482000 0.06938686
408.40840841 0.01573929 0.07946656
409.40940941 0.01606786 0.08633848
410.41041041 0.01976495 0.11236829
411.41141141 0.01780228 0.10315174
412.41241241 0.01467080 0.08683051
413.41341341 0.01735612 0.10004175
414.41441441 0.01860994 0.10610841
415.41541542 0.01626659 0.09568977
416.41641642 0.01349310 0.07980851
417.41741742 0.01311256 0.07710812
418.41841842 0.01329337 0.07593606
419.41941942 0.01271931 0.07188681
420.42042042 0.01304417 0.06979150
421.42142142 0.01394645 0.07956701
422.42242242 0.01389090 0.07909544
423.42342342 0.01422649 0.08509223
424.42442442 0.01333906 0.08171627
425.42542543 0.01630337 0.09839618
426.42642643 0.01666924 0.10090692
427.42742743 0.01658108 0.09848891
428.42842843 0.01527336 0.08982378
429.42942943 0.01523645 0.09222099
430.43043043 0.01399704 0.08207400
431.43143143 0.01149119 0.06162242
432.43243243 0.01225816 0.06823916
433.43343343 0.01151976 0.06570686
434.43443443 0.01014636 0.05785112
435.43543544 0.00746372 0.03601094
436.43643644 0.00771832 0.03554960
437.43743744 0.00829462 0.04486361
438.43843844 0.00965784 0.06248027
439.43943944 0.00899872 0.06114670
440.44044044 0.00795386 0.05565390
441.44144144 0.00796046 0.05877923
442.44244244 0.00799029 0.05674274
443.44344344 0.00827720 0.05637469
444.44444444 0.00952731 0.06834889
445.44544545 0.01098237 0.07919519
446.44644645 0.01155551 0.07815283
447.44744745 0.01127082 0.07541879
448.44844845 0.00990606 0.06758240
449.44944945 0.00919546 0.06482104
450.45045045 0.00763926 0.05121388
451.45145145 0.00731063 0.04387639
452.45245245 0.01034423 0.07118967
453.45345345 0.01104577 0.07598477
454.45445445 0.01278330 0.08536910
455.45545546 0.01088167 0.07322581
456.45645646 0.01014270 0.06873081
457.45745746 0.01023299 0.07083654
458.45845846 0.01294630 0.08902386
459.45945946 0.00891522 0.06301095
460.46046046 0.00885295 0.06219972
461.46146146 0.01157283 0.07950744
462.46246246 0.01122239 0.07494602
463.46346346 0.01253314 0.08550306
464.46446446 0.01383703 0.08912562
465.46546547 0.01249442 0.08323878
466.46646647 0.01380565 0.08642436
467.46746747 0.01283665 0.07574826
468.46846847 0.01206838 0.07369606
469.46946947 0.01104065 0.06294230
470.47047047 0.01220141 0.07387224
471.47147147 0.01302424 0.07628860
472.47247247 0.01516995 0.08939388
473.47347347 0.01485012 0.08438345
474.47447447 0.01897492 0.10553708
475.47547548 0.01853412 0.09603576
476.47647648 0.01650447 0.08656254
477.47747748 0.01372640 0.07171496
478.47847848 0.01245869 0.06501300
479.47947948 0.01488436 0.08212351
480.48048048 0.01537869 0.08681693
481.48148148 0.01420840 0.08300647
482.48248248 0.01534219 0.09165881
483.48348348 0.01725658 0.10318917
484.48448448 0.01768437 0.10583616
485.48548549 0.01646300 0.10017726
486.48648649 0.01656267 0.10031325
487.48748749 0.01501030 0.09062590
488.48848849 0.01439255 0.08512340
489.48948949 0.01562774 0.08845317
490.49049049 0.01708958 0.09405039
491.49149149 0.01668859 0.09200898
492.49249249 0.01595596 0.08865389
493.49349349 0.02036959 0.10822257
494.49449449 0.02511772 0.12775148
495.49549550 0.02595619 0.14505671
496.49649650 0.02551823 0.14081419
497.49749750 0.02164910 0.12760485
498.49849850 0.01984512 0.11724573
499.49949950 0.02269259 0.13136634
500.50050050 0.02156051 0.13184057
501.50150150 0.02238564 0.13591515
502.50250250 0.02048911 0.12492905
503.50350350 0.02062730 0.13783364
504.50450450 0.02075109 0.12780349
505.50550551 0.02349019 0.14518117
506.50650651 0.02448034 0.14788235
507.50750751 0.02792583 0.15529766
508.50850851 0.02509647 0.14670851
509.50950951 0.02424552 0.14176246
510.51051051 0.02277903 0.13066174
511.51151151 0.02079668 0.12439526
512.51251251 0.02036430 0.12035284
513.51351351 0.02173263 0.12110088
514.51451451 0.02124094 0.11214863
515.51551552 0.02263543 0.11339905
516.51651652 0.02101400 0.10637955
517.51751752 0.02041636 0.10325825
518.51851852 0.02155313 0.10942577
519.51951952 0.02443631 0.12120760
520.52052052 0.02366539 0.11778290
521.52152152 0.02013476 0.10245876
522.52252252 0.02218185 0.10997913
523.52352352 0.02600602 0.12448266
524.52452452 0.02475820 0.12219841
525.52552553 0.02282147 0.11295247
526.52652653 0.02184715 0.10884145
527.52752753 0.02395665 0.11690764
528.52852853 0.02211655 0.11036353
529.52952953 0.02611002 0.12717156
530.53053053 0.02438814 0.11798281
531.53153153 0.02438366 0.12130426
532.53253253 0.02121620 0.10458139
533.53353353 0.01787288 0.08930462
534.53453453 0.01781685 0.09143173
535.53553554 0.01884691 0.09854727
536.53653654 0.01662024 0.08553546
537.53753754 0.01355363 0.06971606
538.53853854 0.01472250 0.08055966
539.53953954 0.01365889 0.07843355
540.54054054 0.01382761 0.08219380
541.54154154 0.01514326 0.09157480
542.54254254 0.01437872 0.08292274
543.54354354 0.01649990 0.09423046
544.54454454 0.02011146 0.11390251
545.54554555 0.01862319 0.10702496
546.54654655 0.01989836 0.11137550
547.54754755 0.01824447 0.09919504
548.54854855 0.01808814 0.09997806
549.54954955 0.01783640 0.09710497
550.55055055 0.01633608 0.09081877
551.55155155 0.01425763 0.08088262
552.55255255 0.01364450 0.08055275
553.55355355 0.01363934 0.08273336
554.55455455 0.01714521 0.09981170
555.55555556 0.01908829 0.10920297
556.55655656 0.02131161 0.11574124
557.55755756 0.01791101 0.09646883
558.55855856 0.01951546 0.10249006
559.55955956 0.01888473 0.09510123
560.56056056 0.01852134 0.09653020
561.56156156 0.02128957 0.10990808
562.56256256 0.01957400 0.09933892
563.56356356 0.01933600 0.10015567
564.56456456 0.01785192 0.09184664
565.56556557 0.01966298 0.10083279
566.56656657 0.02157845 0.11422015
567.56756757 0.02680394 0.13591106
568.56856857 0.02338174 0.11067053
569.56956957 0.01934584 0.09391033
570.57057057 0.01604248 0.07997277
571.57157157 0.01448814 0.07178860
572.57257257 0.01270997 0.06605530
573.57357357 0.01193278 0.06308785
574.57457457 0.01009527 0.05165761
575.57557558 0.00939233 0.05233532
576.57657658 0.01095906 0.06638738
577.57757758 0.01002673 0.06315033
578.57857858 0.01052797 0.06899595
579.57957958 0.01173386 0.07907170
580.58058058 0.01192023 0.07895646
581.58158158 0.01272900 0.08333053
582.58258258 0.01227321 0.08320484
583.58358358 0.01373955 0.09176696
584.58458458 0.01718166 0.10453410
585.58558559 0.01350318 0.08784422
586.58658659 0.01570219 0.09715974
587.58758759 0.01455574 0.08764920
588.58858859 0.01896963 0.10989479
589.58958959 0.01879240 0.11169811
590.59059059 0.02264964 0.12710571
591.59159159 0.02082909 0.11689560
592.59259259 0.02030526 0.11315260
593.59359359 0.01835869 0.10049742
594.59459459 0.01913795 0.10625219
595.59559560 0.01810742 0.10363517
596.59659660 0.01478072 0.08413719
597.59759760 0.01383374 0.07831065
598.59859860 0.01492230 0.07885408
599.59959960 0.01270113 0.06398667
600.60060060 0.01237881 0.06586792
601.60160160 0.01368864 0.07925912
602.60260260 0.01596058 0.09166398
603.60360360 0.01520464 0.08545579
604.60460460 0.02063099 0.10593556
605.60560561 0.02141022 0.11003845
606.60660661 0.01933043 0.10446921
607.60760761 0.02104887 0.11300140
608.60860861 0.02376819 0.12502170
609.60960961 0.02183869 0.11761733
610.61061061 0.02274358 0.12129839
611.61161161 0.02276990 0.12135802
612.61261261 0.01984677 0.10782608
613.61361361 0.02246297 0.11548572
614.61461461 0.02416987 0.12314797
615.61561562 0.01979446 0.10285888
616.61661662 0.01705397 0.08732649
617.61761762 0.01683655 0.08121579
618.61861862 0.01649715 0.08300245
619.61961962 0.01484503 0.07846844
620.62062062 0.01262776 0.06460924
621.62162162 0.01265903 0.06461623
622.62262262 0.01201839 0.06326733
623.62362362 0.01131742 0.05839188
624.62462462 0.01685538 0.10263925
625.62562563 0.01535941 0.09402164
626.62662663 0.01427266 0.08828100
627.62762763 0.01524583 0.09438039
628.62862863 0.01500674 0.09420700
629.62962963 0.01425177 0.08820776
630.63063063 0.01252452 0.07832234
631.63163163 0.01559559 0.09418760
632.63263263 0.01508593 0.09033752
633.63363363 0.01507916 0.08952918
634.63463463 0.01505316 0.08972435
635.63563564 0.02012815 0.11466207
636.63663664 0.01641596 0.09895383
637.63763764 0.01426436 0.08349951
638.63863864 0.01252433 0.07306498
639.63963964 0.01387602 0.08225563
640.64064064 0.01684608 0.09858646
641.64164164 0.01514482 0.08758736
642.64264264 0.01218794 0.07113926
643.64364364 0.01340908 0.07981339
644.64464464 0.01763803 0.10037569
645.64564565 0.01986915 0.11023248
646.64664665 0.01861318 0.10473536
647.64764765 0.01848302 0.09894494
648.64864865 0.01766379 0.09749418
649.64964965 0.01896168 0.10318910
650.65065065 0.02052138 0.10922732
651.65165165 0.01903382 0.10563434
652.65265265 0.02004166 0.10708298
653.65365365 0.01852624 0.10373035
654.65465465 0.01847110 0.10651112
655.65565566 0.01876191 0.10644478
656.65665666 0.01615095 0.09288611
657.65765766 0.01434963 0.08636085
658.65865866 0.01500780 0.09295256
659.65965966 0.01392876 0.08393206
660.66066066 0.01308476 0.08029962
661.66166166 0.01546697 0.09107035
662.66266266 0.01568248 0.09109389
663.66366366 0.01507088 0.08673806
664.66466466 0.01426516 0.08110444
665.66566567 0.01308847 0.07469327
666.66666667 0.01303153 0.07158908
667.66766767 0.01153740 0.05880352
668.66866867 0.01666502 0.09072078
669.66966967 0.01360184 0.07413099
670.67067067 0.01129444 0.05888120
671.67167167 0.01118009 0.05683957
672.67267267 0.01723347 0.09266905
673.67367367 0.01884743 0.10379559
674.67467467 0.01842256 0.09918938
675.67567568 0.01465749 0.07752144
676.67667668 0.01078062 0.05205763
677.67767768 0.01218087 0.06635524
678.67867868 0.01754646 0.09276895
679.67967968 0.01732222 0.09030621
680.68068068 0.01571714 0.08388135
681.68168168 0.01243050 0.06825997
682.68268268 0.01429236 0.08487768
683.68368368 0.01420371 0.08687612
684.68468468 0.01388357 0.08160119
685.68568569 0.01728117 0.10013892
686.68668669 0.01664310 0.09773463
687.68768769 0.01767062 0.10392016
688.68868869 0.01738369 0.10018558
689.68968969 0.01670482 0.09465741
690.69069069 0.01553364 0.09173384
691.69169169 0.01558867 0.09176986
692.69269269 0.01488046 0.08313868
693.69369369 0.01469031 0.08356999
694.69469469 0.01379699 0.07955320
695.69569570 0.01407295 0.08131504
696.69669670 0.01288078 0.07646143
697.69769770 0.01391254 0.08382043
698.69869870 0.01514449 0.08602294
699.69969970 0.01495837 0.08845975
700.70070070 0.01558812 0.09253220
701.70170170 0.01571533 0.09289477
702.70270270 0.01425817 0.08858228
703.70370370 0.01986427 0.11415396
704.70470470 0.01967784 0.11049005
705.70570571 0.02127654 0.11250503
706.70670671 0.02094966 0.10970088
707.70770771 0.01925275 0.10052512
708.70870871 0.01632099 0.08642055
709.70970971 0.02015345 0.10256929
710.71071071 0.01727481 0.08918747
711.71171171 0.01551812 0.07870679
712.71271271 0.01637962 0.08709085
713.71371371 0.01743015 0.09811339
714.71471471 0.01573454 0.08884846
715.71571572 0.01951934 0.10823813
716.71671672 0.02680514 0.13803185
717.71771772 0.02457474 0.12789485
718.71871872 0.02250440 0.11839317
719.71971972 0.02154169 0.11799484
720.72072072 0.01883186 0.10546724
721.72172172 0.01530757 0.08999995
722.72272272 0.01834949 0.10654745
723.72372372 0.01779133 0.10868046
724.72472472 0.01580262 0.09858329
725.72572573 0.01590609 0.09368628
726.72672673 0.01746211 0.09998493
727.72772773 0.01806854 0.10175524
728.72872873 0.01876564 0.10495465
729.72972973 0.01656251 0.09271774
730.73073073 0.01526936 0.08758051
731.73173173 0.01338702 0.07434323
732.73273273 0.01801906 0.10012929
733.73373373 0.01637141 0.09663848
734.73473473 0.01350882 0.08239268
735.73573574 0.01081678 0.05125977
736.73673674 0.01095949 0.04996040
737.73773774 0.00997100 0.04473874
738.73873874 0.00882876 0.03996628
739.73973974 0.00891554 0.04216170
740.74074074 0.01007035 0.05719418
741.74174174 0.01033265 0.05757916
742.74274274 0.01104675 0.06479850
743.74374374 0.01244510 0.07782947
744.74474474 0.01391526 0.07979078
745.74574575 0.01214347 0.06813404
746.74674675 0.01349633 0.06778750
747.74774775 0.01278921 0.06592645
748.74874875 0.01520551 0.08127746
749.74974975 0.01392357 0.07445321
750.75075075 0.01274719 0.07018986
751.75175175 0.01147588 0.05905736
752.75275275 0.01351979 0.07680577
753.75375375 0.01330339 0.07786779
754.75475475 0.01359772 0.07678583
755.75575576 0.01694911 0.09385816
756.75675676 0.01596981 0.08861205
757.75775776 0.01428819 0.08053609
758.75875876 0.01315496 0.07047753
759.75975976 0.01354000 0.07326541
760.76076076 0.01687948 0.09447570
761.76176176 0.01427742 0.07733344
762.76276276 0.01353338 0.07534825
763.76376376 0.01542315 0.08396713
764.76476476 0.01540072 0.08506057
765.76576577 0.01682789 0.09315326
766.76676677 0.02015191 0.11238552
767.76776777 0.01982266 0.11081051
768.76876877 0.01844345 0.10557352
769.76976977 0.01893763 0.11183680
770.77077077 0.02067245 0.11870185
771.77177177 0.02049968 0.12006525
772.77277277 0.02041052 0.11761859
773.77377377 0.01988724 0.11516598
774.77477477 0.01967429 0.11132304
775.77577578 0.02101390 0.11513036
776.77677678 0.01836500 0.10411534
777.77777778 0.01681139 0.09535912
778.77877878 0.01664822 0.09040478
779.77977978 0.01509115 0.08526326
780.78078078 0.01352585 0.07346698
781.78178178 0.01554829 0.08836586
782.78278278 0.01629298 0.09490100
783.78378378 0.01503564 0.09087398
784.78478478 0.01341482 0.08284523
785.78578579 0.01555303 0.09631339
786.78678679 0.01695262 0.10269441
787.78778779 0.01576472 0.09630699
788.78878879 0.01619539 0.09672489
789.78978979 0.01718644 0.10633747
790.79079079 0.01502617 0.09603932
791.79179179 0.01998940 0.11820782
792.79279279 0.02074846 0.11874559
793.79379379 0.02126630 0.11669990
794.79479479 0.02062311 0.11242075
795.79579580 0.02342405 0.12161006
796.79679680 0.02173479 0.11584726
797.79779780 0.01923198 0.10708120
798.79879880 0.01569451 0.09054913
799.79979980 0.01702150 0.09831447
800.80080080 0.01875835 0.10663995
801.80180180 0.01634317 0.09161325
802.80280280 0.01653366 0.09250680
803.80380380 0.01306279 0.07059507
804.80480480 0.01521392 0.08819581
805.80580581 0.01545754 0.09150985
806.80680681 0.01441293 0.09229933
807.80780781 0.01352382 0.08645576
808.80880881 0.01241278 0.08004258
809.80980981 0.01093264 0.07256163
810.81081081 0.01657802 0.10320133
811.81181181 0.01819501 0.10863260
812.81281281 0.01747438 0.10195762
813.81381381 0.01770666 0.11218935
814.81481481 0.01624102 0.10590006
815.81581582 0.01905937 0.11885567
816.81681682 0.01943438 0.12017494
817.81781782 0.01918128 0.11800568
818.81881882 0.01860484 0.11479710
819.81981982 0.01805599 0.11294516
820.82082082 0.01614050 0.10387583
821.82182182 0.01666838 0.10341318
822.82282282 0.01759806 0.10680822
823.82382382 0.01751496 0.10342908
824.82482482 0.01867244 0.10708423
825.82582583 0.02084908 0.11905139
826.82682683 0.02136171 0.11973106
827.82782783 0.01928252 0.10831950
828.82882883 0.01848143 0.10571331
829.82982983 0.01892658 0.10706088
830.83083083 0.02032507 0.10888297
831.83183183 0.01906123 0.10356379
832.83283283 0.01739398 0.09526809
833.83383383 0.01970532 0.10712616
834.83483483 0.02254990 0.12082865
835.83583584 0.01911356 0.10228898
836.83683684 0.01739569 0.09308946
837.83783784 0.01842449 0.10231254
838.83883884 0.01696335 0.09478539
839.83983984 0.01672097 0.09282131
840.84084084 0.01392691 0.07648153
841.84184184 0.01283572 0.07365163
842.84284284 0.01907506 0.10839146
843.84384384 0.01829039 0.10414581
844.84484484 0.02208540 0.11984835
845.84584585 0.02098478 0.11719169
846.84684685 0.02150781 0.11439506
847.84784785 0.02137652 0.11307964
848.84884885 0.02353526 0.12300116
849.84984985 0.01959415 0.10715322
850.85085085 0.01895137 0.10220482
851.85185185 0.01639822 0.08982117
852.85285285 0.01533007 0.08482163
853.85385385 0.01717041 0.09615679
854.85485485 0.01867379 0.10257437
855.85585586 0.01834512 0.10223761
856.85685686 0.01994304 0.11002651
857.85785786 0.02050844 0.11472883
858.85885886 0.01836363 0.10390649
859.85985986 0.01904186 0.10628310
860.86086086 0.01517373 0.08329228
861.86186186 0.01552256 0.08304119
862.86286286 0.01448446 0.07786060
863.86386386 0.01525405 0.08389760
864.86486486 0.01986448 0.10615838
865.86586587 0.02337149 0.12011547
866.86686687 0.02213744 0.11583423
867.86786787 0.02149910 0.11350194
868.86886887 0.01998151 0.10563052
869.86986987 0.02208068 0.11353218
870.87087087 0.02326866 0.11352504
871.87187187 0.01719106 0.08905461
872.87287287 0.01787932 0.09000106
873.87387387 0.01648790 0.08472151
874.87487487 0.01806160 0.09549380
875.87587588 0.01886159 0.09697156
876.87687688 0.01792916 0.09897259
877.87787788 0.01811971 0.09731334
878.87887888 0.02269950 0.11735624
879.87987988 0.02152330 0.10919258
880.88088088 0.02177447 0.10999631
881.88188188 0.02226059 0.11222802
882.88288288 0.02082253 0.10628033
883.88388388 0.02240676 0.11526492
884.88488488 0.02186964 0.11035117
885.88588589 0.02034861 0.10023767
886.88688689 0.01988633 0.09635740
887.88788789 0.02111642 0.10311480
888.88888889 0.01769810 0.09127454
889.88988989 0.01497870 0.07530035
890.89089089 0.01559667 0.07755691
891.89189189 0.01683414 0.08941984
892.89289289 0.01519303 0.08441371
893.89389389 0.01526665 0.08644628
894.89489489 0.01490567 0.08239814
895.89589590 0.01408003 0.07821489
896.89689690 0.01308876 0.07767354
897.89789790 0.01073978 0.05714931
898.89889890 0.01358459 0.07591266
899.89989990 0.01301745 0.07210960
900.90090090 0.01900325 0.10562789
901.90190190 0.01977661 0.11169286
902.90290290 0.02025763 0.11543240
903.90390390 0.02112814 0.11534257
904.90490490 0.01986846 0.11083331
905.90590591 0.01826312 0.10532462
906.90690691 0.02111023 0.11625040
907.90790791 0.01914572 0.10513385
908.90890891 0.01573590 0.08982574
909.90990991 0.01637337 0.09567222
910.91091091 0.01683023 0.09987720
911.91191191 0.01397922 0.08643443
912.91291291 0.01563765 0.09597439
913.91391391 0.01429193 0.08592756
914.91491491 0.01404742 0.08567220
915.91591592 0.01668953 0.09527146
916.91691692 0.01605540 0.09143565
917.91791792 0.01320770 0.08178027
918.91891892 0.01187113 0.07524925
919.91991992 0.01663545 0.10197541
920.92092092 0.01846461 0.11349594
921.92192192 0.01584534 0.09667714
922.92292292 0.01438266 0.08930489
923.92392392 0.01552536 0.09482211
924.92492492 0.01522008 0.09189177
925.92592593 0.01333233 0.08258639
926.92692693 0.01535963 0.09328584
927.92792793 0.01467030 0.08450357
928.92892893 0.01421205 0.07818469
929.92992993 0.01180575 0.06496493
930.93093093 0.01097483 0.05950149
931.93193193 0.01042690 0.05815496
932.93293293 0.00984995 0.05428422
933.93393393 0.01008862 0.05630847
934.93493493 0.00885926 0.05261938
935.93593594 0.01390452 0.08569321
936.93693694 0.01359563 0.07685214
937.93793794 0.01559891 0.08599145
938.93893894 0.01493589 0.08320675
939.93993994 0.01638321 0.09184373
940.94094094 0.01367268 0.07841848
941.94194194 0.01251627 0.07461522
942.94294294 0.01083279 0.06466836
943.94394394 0.00953358 0.05613493
944.94494494 0.00835612 0.04519220
945.94594595 0.01058929 0.07004700
946.94694695 0.01309849 0.08197744
947.94794795 0.01268137 0.07917436
948.94894895 0.01354293 0.08525274
949.94994995 0.01303064 0.08422372
950.95095095 0.01408305 0.09184134
951.95195195 0.01410386 0.09270981
952.95295295 0.01783560 0.11105813
953.95395395 0.01999265 0.11628283
954.95495495 0.01890063 0.11057374
955.95595596 0.01745572 0.10243062
956.95695696 0.01735405 0.10384563
957.95795796 0.01127540 0.05933947
958.95895896 0.01133794 0.06088915
959.95995996 0.01081146 0.05558068
960.96096096 0.01452992 0.08204425
961.96196196 0.01425450 0.08803658
962.96296296 0.01681033 0.09629593
963.96396396 0.01741959 0.10804987
964.96496496 0.01825558 0.10948175
965.96596597 0.02120245 0.12170498
966.96696697 0.01691647 0.10100160
967.96796797 0.01517244 0.08814732
968.96896897 0.01750741 0.10219976
969.96996997 0.01560840 0.08612082
970.97097097 0.01457373 0.08151079
971.97197197 0.01441798 0.08134122
972.97297297 0.01500296 0.08608311
973.97397397 0.01554173 0.08886224
974.97497497 0.01647515 0.09392738
975.97597598 0.01860007 0.10695592
976.97697698 0.01963960 0.11083346
977.97797798 0.02166121 0.11711498
978.97897898 0.01985263 0.11179677
979.97997998 0.01752819 0.09942138
980.98098098 0.01657288 0.09698087
981.98198198 0.01582007 0.09338776
982.98298298 0.01340358 0.08505731
983.98398398 0.01272267 0.06899295
984.98498498 0.01095374 0.05226760
985.98598599 0.01291648 0.06820625
986.98698699 0.01185567 0.06377436
987.98798799 0.01358512 0.07491123
988.98898899 0.01474367 0.08356912
989.98998999 0.01529072 0.08546729
990.99099099 0.01747949 0.09758199
991.99199199 0.01744901 0.09411736
992.99299299 0.01605068 0.09069809
993.99399399 0.01350442 0.07640402
994.99499499 0.01170240 0.06406411
995.99599600 0.01299507 0.07201484
996.99699700 0.01387650 0.08080433
997.99799800 0.01170373 0.06653826
998.99899900 0.01031815 0.05332641
1000.00000000 0.01093734 0.06234703
