0.00000000 6.00000000
1.00100100 5.97810507
2.00200200 5.91366005
3.00300300 5.83489716
4.00400400 5.75829739
5.00500501 5.68074446
6.00600601 5.59397419
7.00700701 5.47531484
8.00800801 5.37496367
9.00900901 5.28914015
10.01001001 5.20133926
11.01101101 5.11041944
12.01201201 5.04542190
13.01301301 4.94961177
14.01401401 4.88258027
15.01501502 4.79785090
16.01601602 4.70695259
17.01701702 4.62441496
18.01801802 4.52111718
19.01901902 4.43632033
20.02002002 4.34580480
21.02102102 4.25715292
22.02202202 4.17258859
23.02302302 4.09932539
24.02402402 4.02946359
25.02502503 3.94346245
26.02602603 3.86497298
27.02702703 3.80056578
28.02802803 3.72375299
29.02902903 3.66065916
30.03003003 3.59155721
31.03103103 3.52647772
32.03203203 3.47192114
33.03303303 3.41051290
34.03403403 3.34082818
35.03503504 3.28051892
36.03603604 3.21823857
37.03703704 3.16197776
38.03803804 3.09745817
39.03903904 3.03629211
40.04004004 2.97459628
41.04104104 2.93134235
42.04204204 2.87711945
43.04304304 2.82265740
44.04404404 2.75695404
45.04504505 2.71567626
46.04604605 2.67293082
47.04704705 2.62005216
48.04804805 2.57807538
49.04904905 2.52795022
50.05005005 2.48951701
51.05105105 2.43721132
52.05205205 2.39952284
53.05305305 2.34617580
54.05405405 2.30149118
55.05505506 2.25567212
56.05605606 2.20031466
57.05705706 2.16448447
58.05805806 2.12082303
59.05905906 2.07742440
60.06006006 2.02926610
61.06106106 1.99436728
62.06206206 1.94874980
63.06306306 1.90934355
64.06406406 1.87356744
65.06506507 1.83087780
66.06606607 1.79091129
67.06706707 1.74421986
68.06806807 1.69854829
69.06906907 1.65910726
70.07007007 1.62779945
71.07107107 1.59328265
72.07207207 1.55875539
73.07307307 1.52293766
74.07407407 1.49768261
75.07507508 1.45267627
76.07607608 1.41893811
77.07707708 1.38042997
78.07807808 1.34848171
79.07907908 1.31983762
80.08008008 1.29892923
81.08108108 1.27805973
82.08208208 1.24938572
83.08308308 1.22077892
84.08408408 1.19687219
85.08508509 1.16785921
86.08608609 1.14601592
87.08708709 1.12037339
88.08808809 1.09507752
89.08908909 1.07049822
90.09009009 1.04366268
91.09109109 1.02034693
92.09209209 1.00587672
93.09309309 0.98597158
94.09409409 0.96311980
95.09509510 0.94805485
96.09609610 0.92610449
97.09709710 0.90674507
98.09809810 0.88741581
99.09909910 0.87271803
100.10010010 0.85519355
101.10110110 0.83572129
102.10210210 0.81036275
103.10310310 0.79464756
104.10410410 0.77940823
105.10510511 0.76237617
106.10610611 0.75086961
107.10710711 0.73750174
108.10810811 0.71929466
109.10910911 0.70457661
110.11011011 0.68838032
111.11111111 0.67382437
112.11211211 0.66194322
113.11311311 0.64477201
114.11411411 0.62944914
115.11511512 0.61435917
116.11611612 0.59949451
117.11711712 0.58868943
118.11811812 0.57555290
119.11911912 0.55931357
120.12012012 0.54697408
121.12112112 0.53332626
122.12212212 0.52187291
123.12312312 0.50843561
124.12412412 0.49497690
125.12512513 0.48720525
126.12612613 0.47846916
127.12712713 0.47006046
128.12812813 0.45589544
129.12912913 0.44791817
130.13013013 0.43697629
131.13113113 0.42417675
132.13213213 0.41597286
133.13313313 0.40663781
134.13413413 0.39563076
135.13513514 0.38596625
136.13613614 0.37730981
137.13713714 0.36993680
138.13813814 0.36160074
139.13913914 0.35609720
140.14014014 0.34989373
141.14114114 0.34391527
142.14214214 0.33656841
143.14314314 0.32927336
144.14414414 0.32088340
145.14514515 0.31605044
146.14614615 0.30923041
147.14714715 0.30218953
148.14814815 0.29570054
149.14914915 0.28984779
150.15015015 0.28527185
151.15115115 0.27916174
152.15215215 0.27364393
153.15315315 0.26703782
154.15415415 0.26251980
155.15515516 0.25669205
156.15615616 0.25103704
157.15715716 0.24640998
158.15815816 0.24074922
159.15915916 0.23533768
160.16016016 0.23125494
161.16116116 0.22688053
162.16216216 0.22261633
163.16316316 0.21907399
164.16416416 0.21675127
165.16516517 0.21321956
166.16616617 0.20860404
167.16716717 0.20416087
168.16816817 0.19939514
169.16916917 0.19556723
170.17017017 0.19188397
171.17117117 0.18743862
172.17217217 0.18449692
173.17317317 0.18033438
174.17417417 0.17568691
175.17517518 0.17233812
176.17617618 0.16926061
177.17717718 0.16609287
178.17817818 0.16344817
179.17917918 0.15922047
180.18018018 0.15478494
181.18118118 0.15276419
182.18218218 0.14982571
183.18318318 0.14745098
184.18418418 0.14508090
185.18518519 0.14221584
186.18618619 0.13881156
187.18718719 0.13692669
188.18818819 0.13162837
189.18918919 0.12930176
190.19019019 0.12757605
191.19119119 0.12495457
192.19219219 0.12358770
193.19319319 0.12209816
194.19419419 0.12211379
195.19519520 0.12017846
196.19619620 0.11828670
197.19719720 0.11628061
198.19819820 0.11438418
199.19919920 0.11223592
200.20020020 0.10973045
201.20120120 0.10813934
202.20220220 0.10796475
203.20320320 0.10616361
204.20420420 0.10249675
205.20520521 0.10107588
206.20620621 0.10131143
207.20720721 0.10038466
208.20820821 0.09828179
209.20920921 0.09565674
210.21021021 0.09368016
211.21121121 0.09169561
212.21221221 0.08954664
213.21321321 0.08848505
214.21421421 0.08712480
215.21521522 0.08520397
216.21621622 0.08352037
217.21721722 0.08063696
218.21821822 0.07933620
219.21921922 0.07782172
220.22022022 0.07598904
221.22122122 0.07506374
222.22222222 0.07407598
223.22322322 0.07314944
224.22422422 0.07263204
225.22522523 0.07131902
226.22622623 0.06891433
227.22722723 0.06757579
228.22822823 0.06664321
229.22922923 0.06639352
230.23023023 0.06628292
231.23123123 0.06617698
232.23223223 0.06471762
233.23323323 0.06469326
234.23423423 0.06493198
235.23523524 0.06332175
236.23623624 0.06233725
237.23723724 0.06101810
238.23823824 0.05976991
239.23923924 0.06024882
240.24024024 0.06040728
241.24124124 0.05951280
242.24224224 0.05908279
243.24324324 0.05812244
244.24424424 0.05691910
245.24524525 0.05616524
246.24624625 0.05494458
247.24724725 0.05356663
248.24824825 0.05117960
249.24924925 0.05013597
250.25025025 0.04928167
251.25125125 0.04873908
252.25225225 0.04768764
253.25325325 0.04657878
254.25425425 0.04766076
255.25525526 0.04751700
256.25625626 0.04721347
257.25725726 0.04679597
258.25825826 0.04605536
259.25925926 0.04552109
260.26026026 0.04612705
261.26126126 0.04593791
262.26226226 0.04504715
263.26326326 0.04410372
264.26426426 0.04332003
265.26526527 0.04234540
266.26626627 0.04139922
267.26726727 0.04205085
268.26826827 0.04102715
269.26926927 0.04024967
270.27027027 0.03832739
271.27127127 0.03938572
272.27227227 0.03862821
273.27327327 0.03800304
274.27427427 0.03733616
275.27527528 0.03943195
276.27627628 0.03874407
277.27727728 0.03998681
278.27827828 0.03945624
279.27927928 0.04029078
280.28028028 0.03944057
281.28128128 0.03841571
282.28228228 0.03663899
283.28328328 0.03830628
284.28428428 0.03765823
285.28528529 0.03789102
286.28628629 0.03867946
287.28728729 0.03812905
288.28828829 0.03941688
289.28928929 0.04004186
290.29029029 0.03927726
291.29129129 0.03916270
292.29229229 0.04048584
293.29329329 0.03960909
294.29429429 0.03900536
295.29529530 0.03830116
296.29629630 0.03768426
297.29729730 0.03779522
298.29829830 0.03808049
299.29929930 0.03919672
300.30030030 0.03873813
301.30130130 0.03914271
302.30230230 0.03970497
303.30330330 0.03854469
304.30430430 0.03786059
305.30530531 0.03770832
306.30630631 0.03743142
307.30730731 0.03761648
308.30830831 0.03753378
309.30930931 0.03716193
310.31031031 0.03790810
311.31131131 0.03750369
312.31231231 0.03688464
313.31331331 0.03651736
314.31431431 0.03640430
315.31531532 0.03665115
316.31631632 0.03525986
317.31731732 0.03475279
318.31831832 0.03411506
319.31931932 0.03408673
320.32032032 0.03379929
321.32132132 0.03187147
322.32232232 0.03186970
323.32332332 0.03128089
324.32432432 0.03061967
325.32532533 0.03011542
326.32632633 0.02955621
327.32732733 0.03017140
328.32832833 0.03012719
329.32932933 0.02940020
330.33033033 0.03045432
331.33133133 0.02979687
332.33233233 0.02946733
333.33333333 0.02894250
334.33433433 0.02847490
335.33533534 0.02830096
336.33633634 0.02794962
337.33733734 0.02815487
338.33833834 0.02775645
339.33933934 0.02717680
340.34034034 0.02659702
341.34134134 0.02782059
342.34234234 0.02986741
343.34334334 0.02931074
344.34434434 0.02888047
345.34534535 0.02879773
346.34634635 0.02771060
347.34734735 0.02771385
348.34834835 0.02596005
349.34934935 0.02558583
350.35035035 0.02512178
351.35135135 0.02464816
352.35235235 0.02424835
353.35335335 0.02405247
354.35435435 0.02397841
355.35535536 0.02591037
356.35635636 0.02556076
357.35735736 0.02533589
358.35835836 0.02490608
359.35935936 0.02470829
360.36036036 0.02620345
361.36136136 0.02568232
362.36236236 0.02631884
363.36336336 0.02595399
364.36436436 0.02563980
365.36536537 0.02530803
366.36636637 0.02532724
367.36736737 0.02509614
368.36836837 0.02480597
369.36936937 0.02446448
370.37037037 0.02296467
371.37137137 0.02265153
372.37237237 0.02447097
373.37337337 0.02416231
374.37437437 0.02323115
375.37537538 0.02478510
376.37637638 0.02452544
377.37737738 0.02266533
378.37837838 0.02389161
379.37937938 0.02501972
380.38038038 0.02475945
381.38138138 0.02446491
382.38238238 0.02371247
383.38338338 0.02337823
384.38438438 0.02340511
385.38538539 0.02203806
386.38638639 0.02175973
387.38738739 0.02143745
388.38838839 0.02107119
389.38938939 0.02101238
390.39039039 0.02085471
391.39139139 0.02049594
392.39239239 0.02022596
393.39339339 0.02175155
394.39439439 0.02208778
395.39539540 0.02509541
396.39639640 0.02484236
397.39739740 0.02644298
398.39839840 0.02604052
399.39939940 0.02526365
400.40040040 0.02499799
401.40140140 0.02714705
402.40240240 0.02679056
403.40340340 0.02633113
404.40440440 0.02705918
405.40540541 0.02663814
406.40640641 0.02593588
407.40740741 0.02729309
408.40840841 0.02830220
409.40940941 0.02962387
410.41041041 0.03099098
411.41141141 0.03045991
412.41241241 0.02880852
413.41341341 0.02850565
414.41441441 0.02810603
415.41541542 0.02791126
416.41641642 0.02759368
417.41741742 0.02720926
418.41841842 0.02683702
419.41941942 0.02830469
420.42042042 0.02805920
421.42142142 0.02661936
422.42242242 0.02610935
423.42342342 0.02620150
424.42442442 0.02593322
425.42542543 0.02588760
426.42642643 0.02576808
427.42742743 0.02368505
428.42842843 0.02341605
429.42942943 0.02334786
430.43043043 0.02367824
431.43143143 0.02396597
432.43243243 0.02358686
433.43343343 0.02326140
434.43443443 0.02494873
435.43543544 0.02473448
436.43643644 0.02458778
437.43743744 0.02423772
438.43843844 0.02419742
439.43943944 0.02487522
440.44044044 0.02409478
441.44144144 0.02379131
442.44244244 0.02520249
443.44344344 0.02825329
444.44444444 0.02802051
445.44544545 0.02776662
446.44644645 0.02793989
447.44744745 0.02789898
448.44844845 0.02737439
449.44944945 0.02679251
450.45045045 0.02672797
451.45145145 0.02684794
452.45245245 0.02495377
453.45345345 0.02472122
454.45445445 0.02632532
455.45545546 0.02630851
456.45645646 0.02604733
457.45745746 0.02567804
458.45845846 0.02547610
459.45945946 0.02520584
460.46046046 0.02483269
461.46146146 0.02468357
462.46246246 0.02433676
463.46346346 0.02613709
464.46446446 0.02597826
465.46546547 0.02545990
466.46646647 0.02723508
467.46746747 0.02557427
468.46846847 0.02479392
469.46946947 0.02552274
470.47047047 0.02506574
471.47147147 0.02475747
472.47247247 0.02476383
473.47347347 0.02655925
474.47447447 0.02585482
475.47547548 0.02513137
476.47647648 0.02619893
477.47747748 0.02593841
478.47847848 0.02468007
479.47947948 0.02308502
480.48048048 0.02289787
481.48148148 0.02475978
482.48248248 0.02461759
483.48348348 0.02442940
484.48448448 0.02393717
485.48548549 0.02347785
486.48648649 0.02312893
487.48748749 0.02291532
488.48848849 0.02370033
489.48948949 0.02343013
490.49049049 0.02523061
491.49149149 0.02491837
492.49249249 0.02369364
493.49349349 0.02320982
494.49449449 0.02294938
495.49549550 0.02457254
496.49649650 0.02669537
497.49749750 0.02641789
498.49849850 0.02631803
499.49949950 0.02599859
500.50050050 0.02628798
501.50150150 0.02624370
502.50250250 0.02629117
503.50350350 0.02562300
504.50450450 0.02537426
505.50550551 0.02510525
506.50650651 0.02492744
507.50750751 0.02461989
508.50850851 0.02616003
509.50950951 0.02590064
510.51051051 0.02564192
511.51151151 0.02537359
512.51251251 0.02510254
513.51351351 0.02318600
514.51451451 0.02287567
515.51551552 0.02292654
516.51651652 0.02269168
517.51751752 0.02302412
518.51851852 0.02281297
519.51951952 0.02256570
520.52052052 0.02229255
521.52152152 0.02073596
522.52252252 0.02053008
523.52352352 0.02225338
524.52452452 0.02195001
525.52552553 0.02184229
526.52652653 0.02170310
527.52752753 0.02361558
528.52852853 0.02298967
529.52952953 0.02274739
530.53053053 0.02249126
531.53153153 0.02064680
532.53253253 0.02147186
533.53353353 0.02136525
534.53453453 0.02275940
535.53553554 0.02259692
536.53653654 0.02017786
537.53753754 0.01997558
538.53853854 0.01966647
539.53953954 0.01941780
540.54054054 0.02092394
541.54154154 0.02066844
542.54254254 0.02177927
543.54354354 0.02152368
544.54454454 0.02130414
545.54554555 0.02293168
546.54654655 0.02358861
547.54754755 0.02749926
548.54854855 0.02729511
549.54954955 0.02870817
550.55055055 0.02834686
551.55155155 0.02812527
552.55255255 0.02606731
553.55355355 0.02628677
554.55455455 0.02602594
555.55555556 0.02556419
556.55655656 0.02529982
557.55755756 0.02517265
558.55855856 0.02682653
559.55955956 0.02852536
560.56056056 0.02709925
561.56156156 0.02869330
562.56256256 0.02820671
563.56356356 0.02985046
564.56456456 0.02961165
565.56556557 0.03045995
566.56656657 0.02915107
567.56756757 0.02881241
568.56856857 0.02857084
569.56956957 0.02827380
570.57057057 0.02760773
571.57157157 0.02731207
572.57257257 0.02703766
573.57357357 0.02717995
574.57457457 0.02661887
575.57557558 0.02836895
576.57657658 0.02809597
577.57757758 0.02783642
578.57857858 0.02810996
579.57957958 0.02846795
580.58058058 0.03008609
581.58158158 0.02990452
582.58258258 0.02906109
583.58358358 0.03177137
584.58458458 0.03343530
585.58558559 0.03267109
586.58658659 0.03217027
587.58758759 0.03335389
588.58858859 0.03156679
589.58958959 0.03132629
590.59059059 0.03051290
591.59159159 0.03004611
592.59259259 0.02983272
593.59359359 0.02930906
594.59459459 0.02902962
595.59559560 0.02900114
596.59659660 0.02869971
597.59759760 0.02843798
598.59859860 0.03015223
599.59959960 0.02990920
600.60060060 0.02832806
601.60160160 0.03001268
602.60260260 0.03149489
603.60360360 0.03122772
604.60460460 0.03227502
605.60560561 0.03197018
606.60660661 0.03172316
607.60760761 0.03159017
608.60860861 0.03009106
609.60960961 0.03168793
610.61061061 0.03140569
611.61161161 0.02946387
612.61261261 0.02931991
613.61361361 0.03065565
614.61461461 0.03005475
615.61561562 0.02827420
616.61661662 0.02793812
617.61761762 0.02761044
618.61861862 0.02730645
619.61961962 0.02692611
620.62062062 0.02546815
621.62162162 0.02462633
622.62262262 0.02428251
623.62362362 0.02397430
624.62462462 0.02556294
625.62562563 0.02525124
626.62662663 0.02682630
627.62762763 0.02665439
628.62862863 0.02493894
629.62962963 0.02451056
630.63063063 0.02349158
631.63163163 0.02369781
632.63263263 0.02380904
633.63363363 0.02377507
634.63463463 0.02335753
635.63563564 0.02259665
636.63663664 0.02240335
637.63763764 0.02428497
638.63863864 0.02392607
639.63963964 0.02354792
640.64064064 0.02353552
641.64164164 0.02360609
642.64264264 0.02329790
643.64364364 0.02113540
644.64464464 0.02110161
645.64564565 0.02061051
646.64664665 0.02034719
647.64764765 0.01996701
648.64864865 0.02047761
649.64964965 0.02019957
650.65065065 0.02346639
651.65165165 0.02189910
652.65265265 0.02155064
653.65365365 0.02283139
654.65465465 0.02265666
655.65565566 0.02250373
656.65665666 0.02292803
657.65765766 0.02243865
658.65865866 0.02213435
659.65965966 0.02382272
660.66066066 0.02312384
661.66166166 0.02285697
662.66266266 0.02254877
663.66366366 0.02245464
664.66466466 0.02256889
665.66566567 0.02509669
666.66666667 0.02625798
667.66766767 0.02608668
668.66866867 0.02584755
669.66966967 0.02515608
670.67067067 0.02477928
671.67167167 0.02520431
672.67267267 0.02320182
673.67367367 0.02293607
674.67467467 0.02405340
675.67567568 0.02386402
676.67667668 0.02403977
677.67767768 0.02393480
678.67867868 0.02445598
679.67967968 0.02412590
680.68068068 0.02393506
681.68168168 0.02346798
682.68268268 0.02312613
683.68368368 0.02488814
684.68468468 0.02448592
685.68568569 0.02454058
686.68668669 0.02429543
687.68768769 0.02394672
688.68868869 0.02368916
689.68968969 0.02529740
690.69069069 0.02488229
691.69169169 0.02492971
692.69269269 0.02347582
693.69369369 0.02313196
694.69469469 0.02400804
695.69569570 0.02364691
696.69669670 0.02221172
697.69769770 0.02186762
698.69869870 0.02142862
699.69969970 0.02015027
700.70070070 0.02016954
701.70170170 0.01990655
702.70270270 0.02165148
703.70370370 0.02155499
704.70470470 0.02131261
705.70570571 0.02310851
706.70670671 0.02278662
707.70770771 0.02260062
708.70870871 0.02234837
709.70970971 0.02221853
710.71071071 0.02359864
711.71171171 0.02337291
712.71271271 0.02278030
713.71371371 0.02321972
714.71471471 0.02452308
715.71571572 0.02244438
716.71671672 0.02266668
717.71771772 0.02267472
718.71871872 0.02241452
719.71971972 0.02115398
720.72072072 0.02098751
721.72172172 0.01941453
722.72272272 0.01739611
723.72372372 0.01885247
724.72472472 0.01840794
725.72572573 0.02017370
726.72672673 0.02092848
727.72772773 0.02066897
728.72872873 0.02154127
729.72972973 0.01968632
730.73073073 0.01942379
731.73173173 0.01925023
732.73273273 0.02025836
733.73373373 0.01897674
734.73473473 0.02256363
735.73573574 0.02224365
736.73673674 0.02165577
737.73773774 0.02152547
738.73873874 0.02123028
739.73973974 0.01982263
740.74074074 0.01925965
741.74174174 0.01908220
742.74274274 0.02084965
743.74374374 0.02054463
744.74474474 0.02002990
745.74574575 0.01964546
746.74674675 0.01932833
747.74774775 0.01943468
748.74874875 0.01914397
749.74974975 0.01804330
750.75075075 0.02104017
751.75175175 0.02305688
752.75275275 0.02963018
753.75375375 0.02940639
754.75475475 0.03092999
755.75575576 0.03027315
756.75675676 0.02853566
757.75775776 0.02815072
758.75875876 0.02636645
759.75975976 0.02601290
760.76076076 0.02626564
761.76176176 0.02592214
762.76276276 0.02718140
763.76376376 0.02612006
764.76476476 0.02571772
765.76576577 0.02709553
766.76676677 0.02875933
767.76776777 0.02945258
768.76876877 0.02766803
769.76976977 0.02709633
770.77077077 0.02706620
771.77177177 0.02508922
772.77277277 0.02423238
773.77377377 0.02586094
774.77477477 0.02552089
775.77577578 0.02532425
776.77677678 0.02638427
777.77777778 0.02816269
778.77877878 0.02749650
779.77977978 0.02889180
780.78078078 0.02857931
781.78178178 0.02818979
782.78278278 0.02786458
783.78378378 0.02761855
784.78478478 0.02724008
785.78578579 0.03107685
786.78678679 0.03086964
787.78778779 0.03010355
788.78878879 0.02743535
789.78978979 0.02712543
790.79079079 0.02954568
791.79179179 0.02903887
792.79279279 0.02781815
793.79379379 0.02737713
794.79479479 0.02569173
795.79579580 0.02519008
796.79679680 0.02521432
797.79779780 0.02523843
798.79879880 0.02499777
799.79979980 0.02430201
800.80080080 0.02163715
801.80180180 0.02141910
802.80280280 0.02290055
803.80380380 0.02276381
804.80480480 0.02248877
805.80580581 0.02250281
806.80680681 0.02426706
807.80780781 0.02387860
808.80880881 0.02223072
809.80980981 0.02182379
810.81081081 0.02101147
811.81181181 0.02273914
812.81281281 0.02187726
813.81381381 0.02159856
814.81481481 0.02144612
815.81581582 0.02125566
816.81681682 0.02132701
817.81781782 0.02107781
818.81881882 0.02109978
819.81981982 0.02095420
820.82082082 0.02079466
821.82182182 0.02119711
822.82282282 0.02099793
823.82382382 0.02067459
824.82482482 0.02011614
825.82582583 0.01984983
826.82682683 0.02065926
827.82782783 0.01867912
828.82882883 0.01787939
829.82982983 0.01628858
830.83083083 0.01602556
831.83183183 0.01583762
832.83283283 0.01530549
833.83383383 0.01486006
834.83483483 0.01461308
835.83583584 0.01437461
836.83683684 0.01414801
837.83783784 0.01590365
838.83883884 0.01572552
839.83983984 0.01753183
840.84084084 0.01727782
841.84184184 0.01704652
842.84284284 0.01684414
843.84384384 0.01664216
844.84484484 0.01644507
845.84584585 0.01626162
846.84684685 0.01607490
847.84784785 0.01586701
848.84884885 0.01569192
849.84984985 0.01341867
850.85085085 0.01325605
851.85185185 0.01307085
852.85285285 0.01484680
853.85385385 0.01468930
854.85485485 0.01440511
855.85585586 0.01381060
856.85685686 0.01368747
857.85785786 0.01266178
858.85885886 0.01257148
859.85985986 0.01237011
860.86086086 0.01218154
861.86186186 0.01374597
862.86286286 0.01575334
863.86386386 0.01512600
864.86486486 0.01692184
865.86586587 0.01687885
866.86686687 0.01870975
867.86786787 0.01874356
868.86886887 0.01850912
869.86986987 0.01838341
870.87087087 0.01821826
871.87187187 0.01803911
872.87287287 0.01805962
873.87387387 0.01884196
874.87487487 0.02140567
875.87587588 0.02073739
876.87687688 0.02236844
877.87787788 0.02213660
878.87887888 0.02198191
879.87987988 0.01997043
880.88088088 0.01923620
881.88188188 0.01896433
882.88288288 0.01869310
883.88388388 0.01844687
884.88488488 0.01695801
885.88588589 0.01764731
886.88688689 0.01741466
887.88788789 0.01753353
888.88888889 0.01729306
889.88988989 0.01884191
890.89089089 0.02064744
891.89189189 0.02045255
892.89289289 0.02024043
893.89389389 0.02007046
894.89489489 0.01950918
895.89589590 0.01940700
896.89689690 0.02117696
897.89789790 0.02093169
898.89889890 0.02068916
899.89989990 0.02452408
900.90090090 0.02431784
901.90190190 0.02221586
902.90290290 0.02337068
903.90390390 0.02305214
904.90490490 0.02160071
905.90590591 0.01965867
906.90690691 0.01811679
907.90790791 0.01793730
908.90890891 0.01772752
909.90990991 0.01761906
910.91091091 0.01759280
911.91191191 0.01750664
912.91291291 0.01557218
913.91391391 0.01724154
914.91491491 0.01702124
915.91591592 0.01883120
916.91691692 0.01837833
917.91791792 0.01802929
918.91891892 0.01786463
919.91991992 0.01769259
920.92092092 0.01951519
921.92192192 0.01908865
922.92292292 0.02288739
923.92392392 0.02264003
924.92492492 0.02249180
925.92592593 0.02235943
926.92692693 0.02226673
927.92792793 0.02161372
928.92892893 0.02114267
929.92992993 0.02104451
930.93093093 0.02279033
931.93193193 0.02014493
932.93293293 0.01993231
933.93393393 0.01980111
934.93493493 0.01976487
935.93593594 0.01961387
936.93693694 0.01941078
937.93793794 0.01926714
938.93893894 0.01908084
939.93993994 0.01889303
940.94094094 0.01819841
941.94194194 0.01749260
942.94294294 0.01723594
943.94394394 0.01700102
944.94494494 0.01682819
945.94594595 0.01666323
946.94694695 0.01649523
947.94794795 0.01632570
948.94894895 0.01615948
949.94994995 0.01749948
950.95095095 0.01933134
951.95195195 0.01914506
952.95295295 0.01891362
953.95395395 0.01869660
954.95495495 0.01827764
955.95595596 0.01813534
956.95695696 0.01817262
957.95795796 0.01824480
958.95895896 0.02008808
959.95995996 0.02193857
960.96096096 0.02173604
961.96196196 0.02438097
962.96296296 0.02584020
963.96396396 0.02570339
964.96496496 0.02408774
965.96596597 0.02400909
966.96696697 0.02386186
967.96796797 0.02572956
968.96896897 0.02749836
969.96996997 0.02724257
970.97097097 0.02767062
971.97197197 0.02819105
972.97297297 0.02800206
973.97397397 0.02761531
974.97497497 0.02752679
975.97597598 0.02643628
976.97697698 0.02629045
977.97797798 0.02680305
978.97897898 0.02580754
979.97997998 0.02679161
980.98098098 0.02716387
981.98198198 0.02699440
982.98298298 0.02670763
983.98398398 0.02894772
984.98498498 0.02885126
985.98598599 0.02878411
986.98698699 0.02863681
987.98798799 0.02823246
988.98898899 0.02661833
989.98998999 0.02651665
990.99099099 0.02653351
991.99199199 0.02616105
992.99299299 0.02798881
993.99399399 0.02979350
994.99499499 0.02961949
995.99599600 0.02967891
996.99699700 0.02787726
997.99799800 0.03060657
998.99899900 0.02896590
1000.00000000 0.03063265
