0.00000000 11.00000000
2.00200200 10.91964432
4.00400400 10.79234624
6.00600601 10.65530432
8.00800801 10.47131374
10.01001001 10.29539533
12.01201201 10.11330424
14.01401401 9.96126102
16.01601602 9.80065681
18.01801802 9.61594650
20.02002002 9.44534159
22.02202202 9.25361965
24.02402402 9.11921490
26.02602603 8.95772539
28.02802803 8.80465486
30.03003003 8.64800130
32.03203203 8.47756890
34.03403403 8.32574603
36.03603604 8.14763818
38.03803804 7.99999709
40.04004004 7.88387011
42.04204204 7.71428207
44.04404404 7.57739406
46.04604605 7.40313661
48.04804805 7.27155298
50.05005005 7.13187429
52.05205205 6.98773818
54.05405405 6.84338967
56.05605606 6.70382990
58.05805806 6.55827766
60.06006006 6.43721438
62.06206206 6.32245418
64.06406406 6.18074834
66.06606607 6.03298084
68.06806807 5.91541594
70.07007007 5.78710185
72.07207207 5.65600203
74.07407407 5.53765315
76.07607608 5.43871757
78.07807808 5.33409942
80.08008008 5.22984049
82.08208208 5.09826835
84.08408408 4.97123724
86.08608609 4.86485610
88.08808809 4.76313371
90.09009009 4.65940905
92.09209209 4.58083931
94.09409409 4.47201299
96.09609610 4.37095769
98.09809810 4.26827530
100.10010010 4.18389127
102.10210210 4.07402325
104.10410410 3.98790696
106.10610611 3.88399007
108.10810811 3.78627118
110.11011011 3.68273875
112.11211211 3.60231985
114.11411411 3.51104199
116.11611612 3.43015454
118.11811812 3.34539202
120.12012012 3.26995291
122.12212212 3.18135787
124.12412412 3.10135885
126.12612613 3.01599632
128.12812813 2.93312041
130.13013013 2.86862652
132.13213213 2.77876918
134.13413413 2.70455302
136.13613614 2.62716052
138.13813814 2.55871540
140.14014014 2.48698698
142.14214214 2.40827292
144.14414414 2.34017015
146.14614615 2.28256588
148.14814815 2.21094305
150.15015015 2.14932774
152.15215215 2.09340376
154.15415415 2.03689984
156.15615616 1.97102778
158.15815816 1.91271029
160.16016016 1.84766281
162.16216216 1.79462299
164.16416416 1.74656145
166.16616617 1.69242866
168.16816817 1.64225879
170.17017017 1.59442545
172.17217217 1.54471179
174.17417417 1.49928075
176.17617618 1.45187873
178.17817818 1.40809406
180.18018018 1.36780672
182.18218218 1.32787357
184.18418418 1.29881063
186.18618619 1.26091612
188.18818819 1.22359709
190.19019019 1.18800484
192.19219219 1.14787728
194.19419419 1.11222261
196.19619620 1.07771208
198.19819820 1.04196038
200.20020020 1.00551010
202.20220220 0.97540584
204.20420420 0.95067841
206.20620621 0.92094196
208.20820821 0.89117158
210.21021021 0.86302416
212.21221221 0.83733853
214.21421421 0.81233421
216.21621622 0.78467507
218.21821822 0.75364677
220.22022022 0.72673029
222.22222222 0.70455156
224.22422422 0.67796047
226.22622623 0.65918565
228.22822823 0.64032937
230.23023023 0.61718521
232.23223223 0.59510681
234.23423423 0.58024286
236.23623624 0.56088373
238.23823824 0.54470574
240.24024024 0.52300395
242.24224224 0.50930523
244.24424424 0.49392032
246.24624625 0.47999158
248.24824825 0.46447847
250.25025025 0.44846598
252.25225225 0.43228324
254.25425425 0.41883685
256.25625626 0.40478666
258.25825826 0.38949687
260.26026026 0.37673513
262.26226226 0.36237137
264.26426426 0.34900272
266.26626627 0.33685856
268.26826827 0.32792442
270.27027027 0.31940670
272.27227227 0.30986843
274.27427427 0.30056736
276.27627628 0.28910495
278.27827828 0.27904903
280.28028028 0.26956321
282.28228228 0.25814964
284.28428428 0.24984437
286.28628629 0.24271688
288.28828829 0.23462242
290.29029029 0.22907814
292.29229229 0.22204685
294.29429429 0.21507604
296.29629630 0.20742639
298.29829830 0.20237982
300.30030030 0.19449916
302.30230230 0.18815685
304.30430430 0.18094020
306.30630631 0.17410403
308.30830831 0.16797423
310.31031031 0.16121539
312.31231231 0.15465607
314.31431431 0.14941734
316.31631632 0.14630908
318.31831832 0.14106662
320.32032032 0.13564908
322.32232232 0.13404108
324.32432432 0.12975252
326.32632633 0.12528703
328.32832833 0.12024154
330.33033033 0.11561356
332.33233233 0.11432629
334.33433433 0.11044473
336.33633634 0.10693966
338.33833834 0.10283475
340.34034034 0.09785434
342.34234234 0.09422217
344.34434434 0.09069218
346.34634635 0.08676491
348.34834835 0.08360407
350.35035035 0.08093339
352.35235235 0.07793218
354.35435435 0.07548905
356.35635636 0.07342155
358.35835836 0.06968661
360.36036036 0.06709855
362.36236236 0.06433333
364.36436436 0.06225047
366.36636637 0.06090030
368.36836837 0.05841781
370.37037037 0.05671173
372.37237237 0.05508704
374.37437437 0.05230398
376.37637638 0.05035485
378.37837838 0.04840030
380.38038038 0.04666729
382.38238238 0.04566152
384.38438438 0.04358549
386.38638639 0.04197269
388.38838839 0.04111473
390.39039039 0.04009701
392.39239239 0.03911040
394.39439439 0.03732490
396.39639640 0.03619111
398.39839840 0.03475751
400.40040040 0.03348555
402.40240240 0.03257026
404.40440440 0.03110654
406.40640641 0.03004296
408.40840841 0.02885019
410.41041041 0.02767654
412.41241241 0.02674052
414.41441441 0.02644453
416.41641642 0.02649919
418.41841842 0.02678325
420.42042042 0.02736572
422.42242242 0.02882886
424.42442442 0.02815967
426.42642643 0.02751717
428.42842843 0.02815725
430.43043043 0.02900703
432.43243243 0.02824419
434.43443443 0.02768776
436.43643644 0.02707713
438.43843844 0.02633574
440.44044044 0.02610096
442.44244244 0.02527173
444.44444444 0.02718460
446.44644645 0.02755431
448.44844845 0.02694213
450.45045045 0.02625917
452.45245245 0.02595026
454.45445445 0.02500148
456.45645646 0.02476734
458.45845846 0.02430858
460.46046046 0.02381759
462.46246246 0.02336382
464.46446446 0.02326805
466.46646647 0.02293730
468.46846847 0.02266391
470.47047047 0.02177443
472.47247247 0.02040585
474.47447447 0.02012468
476.47647648 0.01856029
478.47847848 0.01822684
480.48048048 0.01809893
482.48248248 0.01765616
484.48448448 0.01902182
486.48648649 0.01826975
488.48848849 0.01765614
490.49049049 0.01723368
492.49249249 0.01696036
494.49449449 0.01659210
496.49649650 0.01641699
498.49849850 0.01628925
500.50050050 0.01708727
502.50250250 0.01761902
504.50450450 0.01812375
506.50650651 0.01753045
508.50850851 0.01692785
510.51051051 0.01717313
512.51251251 0.01647836
514.51451451 0.01713745
516.51651652 0.01862367
518.51851852 0.01863500
520.52052052 0.01809796
522.52252252 0.01706107
524.52452452 0.01682986
526.52652653 0.01616766
528.52852853 0.01544815
530.53053053 0.01507864
532.53253253 0.01478067
534.53453453 0.01447012
536.53653654 0.01391758
538.53853854 0.01360343
540.54054054 0.01475463
542.54254254 0.01605965
544.54454454 0.01729498
546.54654655 0.01568299
548.54854855 0.01537442
550.55055055 0.01499280
552.55255255 0.01657709
554.55455455 0.01584661
556.55655656 0.01569683
558.55855856 0.01460307
560.56056056 0.01413492
562.56256256 0.01663403
564.56456456 0.01606575
566.56656657 0.01576597
568.56856857 0.01600634
570.57057057 0.01705073
572.57257257 0.01787550
574.57457457 0.01901487
576.57657658 0.01867570
578.57857858 0.01762136
580.58058058 0.01753741
582.58258258 0.01762511
584.58458458 0.01743399
586.58658659 0.01701226
588.58858859 0.01653941
590.59059059 0.01635901
592.59259259 0.01795379
594.59459459 0.01660961
596.59659660 0.01652296
598.59859860 0.01826612
600.60060060 0.01797214
602.60260260 0.01793596
604.60460460 0.01770131
606.60660661 0.01752738
608.60860861 0.01686266
610.61061061 0.01663169
612.61261261 0.01466275
614.61461461 0.01449862
616.61661662 0.01379655
618.61861862 0.01299518
620.62062062 0.01256864
622.62262262 0.01309328
624.62462462 0.01456361
626.62662663 0.01591536
628.62862863 0.01554955
630.63063063 0.01527409
632.63263263 0.01485145
634.63463463 0.01504181
636.63663664 0.01454556
638.63863864 0.01555353
640.64064064 0.01491401
642.64264264 0.01458888
644.64464464 0.01744144
646.64664665 0.01754985
648.64864865 0.01712488
650.65065065 0.01668098
652.65265265 0.01679329
654.65465465 0.01963166
656.65665666 0.01930887
658.65865866 0.01899171
660.66066066 0.02043837
662.66266266 0.02193462
664.66466466 0.02333123
666.66666667 0.02317468
668.66866867 0.02257043
670.67067067 0.02234942
672.67267267 0.02105531
674.67467467 0.02032998
676.67667668 0.01996856
678.67867868 0.01970268
680.68068068 0.01946139
682.68268268 0.01902812
684.68468468 0.02024610
686.68668669 0.01924195
688.68868869 0.01876085
690.69069069 0.01864306
692.69269269 0.01848830
694.69469469 0.01787068
696.69669670 0.01762787
698.69869870 0.01476114
700.70070070 0.01439755
702.70270270 0.01419132
704.70470470 0.01426639
706.70670671 0.01308929
708.70870871 0.01284503
710.71071071 0.01186805
712.71271271 0.01329412
714.71471471 0.01311434
716.71671672 0.01501971
718.71871872 0.01474716
720.72072072 0.01461785
722.72272272 0.01609643
724.72472472 0.01998034
726.72672673 0.01878265
728.72872873 0.01801502
730.73073073 0.01792762
732.73273273 0.01411109
734.73473473 0.01370728
736.73673674 0.01306736
738.73873874 0.01569577
740.74074074 0.01525409
742.74274274 0.01498929
744.74474474 0.01862267
746.74674675 0.01994112
748.74874875 0.02053669
750.75075075 0.02049909
752.75275275 0.02113461
754.75475475 0.02087963
756.75675676 0.02284337
758.75875876 0.02244105
760.76076076 0.02229258
762.76276276 0.02235277
764.76476476 0.02157033
766.76676677 0.02131546
768.76876877 0.02399174
770.77077077 0.02318083
772.77277277 0.02149701
774.77477477 0.02196121
776.77677678 0.02023366
778.77877878 0.02113107
780.78078078 0.02080769
782.78278278 0.02127182
784.78478478 0.02309307
786.78678679 0.02246002
788.78878879 0.02171904
790.79079079 0.02271944
792.79279279 0.02240096
794.79479479 0.02231191
796.79679680 0.02084628
798.79879880 0.02114192
800.80080080 0.02239515
802.80280280 0.02134746
804.80480480 0.02158552
806.80680681 0.02285549
808.80880881 0.02266704
810.81081081 0.02207581
812.81281281 0.02352398
814.81481481 0.02262361
816.81681682 0.02219269
818.81881882 0.02078859
820.82082082 0.01885585
822.82282282 0.01718238
824.82482482 0.01623810
826.82682683 0.01593111
828.82882883 0.01484819
830.83083083 0.01599978
832.83283283 0.01797131
834.83483483 0.01813676
836.83683684 0.01716286
838.83883884 0.01672504
840.84084084 0.01620688
842.84284284 0.01573398
844.84484484 0.01523906
846.84684685 0.01496061
848.84884885 0.01626706
850.85085085 0.01546221
852.85285285 0.01734050
854.85485485 0.01928641
856.85685686 0.02039788
858.85885886 0.01972781
860.86086086 0.01955126
862.86286286 0.01936406
864.86486486 0.01843604
866.86686687 0.01565931
868.86886887 0.01722372
870.87087087 0.01738811
872.87287287 0.01627828
874.87487487 0.01438681
876.87687688 0.01388368
878.87887888 0.01367241
880.88088088 0.01388247
882.88288288 0.01521906
884.88488488 0.01357533
886.88688689 0.01319098
888.88888889 0.01286637
890.89089089 0.01229778
892.89289289 0.01189896
894.89489489 0.01022771
896.89689690 0.00975501
898.89889890 0.01062365
900.90090090 0.01166540
902.90290290 0.01108816
904.90490490 0.01226968
906.90690691 0.01192805
908.90890891 0.01318936
910.91091091 0.01616269
912.91291291 0.01577587
914.91491491 0.01583069
916.91691692 0.01540740
918.91891892 0.01654473
920.92092092 0.01873653
922.92292292 0.01689644
924.92492492 0.01682787
926.92692693 0.01658793
928.92892893 0.01845735
930.93093093 0.02046251
932.93293293 0.02053609
934.93493493 0.02180265
936.93693694 0.02068220
938.93893894 0.02025889
940.94094094 0.02117953
942.94294294 0.02086840
944.94494494 0.02183456
946.94694695 0.02178093
948.94894895 0.02323646
950.95095095 0.02282992
952.95295295 0.02245075
954.95495495 0.02206662
956.95695696 0.02156863
958.95895896 0.02375660
960.96096096 0.02402323
962.96296296 0.02160890
964.96496496 0.02149584
966.96696697 0.02128493
968.96896897 0.02257656
970.97097097 0.02487678
972.97297297 0.02437399
974.97497497 0.02741686
976.97697698 0.02723789
978.97897898 0.02686301
980.98098098 0.02650427
982.98298298 0.02621872
984.98498498 0.02638866
986.98698699 0.02571527
988.98898899 0.02445359
990.99099099 0.02382089
992.99299299 0.02334454
994.99499499 0.02249791
996.99699700 0.02196691
998.99899900 0.02147079
1001.00100100 0.01997323
1003.00300300 0.01713408
1005.00500501 0.01840146
1007.00700701 0.01821458
1009.00900901 0.01775945
1011.01101101 0.01897227
1013.01301301 0.01951961
1015.01501502 0.01935453
1017.01701702 0.02052620
1019.01901902 0.02199210
1021.02102102 0.02302914
1023.02302302 0.02257828
1025.02502503 0.02219769
1027.02702703 0.02152360
1029.02902903 0.01979755
1031.03103103 0.02267131
1033.03303303 0.02110333
1035.03503504 0.02147067
1037.03703704 0.02004545
1039.03903904 0.01974739
1041.04104104 0.01949047
1043.04304304 0.02096135
1045.04504505 0.02410294
1047.04704705 0.02253312
1049.04904905 0.02240672
1051.05105105 0.02154261
1053.05305305 0.02176879
1055.05505506 0.02307513
1057.05705706 0.02329005
1059.05905906 0.02300442
1061.06106106 0.02277702
1063.06306306 0.02111473
1065.06506507 0.02429364
1067.06706707 0.02476429
1069.06906907 0.02344127
1071.07107107 0.02493895
1073.07307307 0.02506944
1075.07507508 0.02465629
1077.07707708 0.02566823
1079.07907908 0.02501429
1081.08108108 0.02407057
1083.08308308 0.02356521
1085.08508509 0.02512520
1087.08708709 0.02450288
1089.08908909 0.02402927
1091.09109109 0.02201430
1093.09309309 0.02324783
1095.09509510 0.02452506
1097.09709710 0.02264553
1099.09909910 0.02172871
1101.10110110 0.02170961
1103.10310310 0.02028831
1105.10510511 0.01973231
1107.10710711 0.02131903
1109.10910911 0.01783946
1111.11111111 0.01647067
1113.11311311 0.01606195
1115.11511512 0.01529492
1117.11711712 0.01518189
1119.11911912 0.01348382
1121.12112112 0.01258836
1123.12312312 0.01251001
1125.12512513 0.01252717
1127.12712713 0.01394859
1129.12912913 0.01379642
1131.13113113 0.01406256
1133.13313313 0.01438056
1135.13513514 0.01782464
1137.13713714 0.01710449
1139.13913914 0.01537285
1141.14114114 0.01530366
1143.14314314 0.02064773
1145.14514515 0.02041846
1147.14714715 0.02005612
1149.14914915 0.01809585
1151.15115115 0.01942784
1153.15315315 0.01920098
1155.15515516 0.01899198
1157.15715716 0.01890067
1159.15915916 0.01729667
1161.16116116 0.01623315
1163.16316316 0.01592571
1165.16516517 0.01418608
1167.16716717 0.01360409
1169.16916917 0.01478663
1171.17117117 0.01463155
1173.17317317 0.01535077
1175.17517518 0.01375240
1177.17717718 0.01160079
1179.17917918 0.01326621
1181.18118118 0.01265341
1183.18318318 0.01321346
1185.18518519 0.01292521
1187.18718719 0.01583121
1189.18918919 0.01580833
1191.19119119 0.01382912
1193.19319319 0.01372511
1195.19519520 0.01640807
1197.19719720 0.01621882
1199.19919920 0.01545175
1201.20120120 0.01519788
1203.20320320 0.01541688
1205.20520521 0.01518052
1207.20720721 0.01346222
1209.20920921 0.01305766
1211.21121121 0.01263375
1213.21321321 0.01280695
1215.21521522 0.01491661
1217.21721722 0.01467536
1219.21921922 0.01747818
1221.22122122 0.01680472
1223.22322322 0.01650069
1225.22522523 0.01628526
1227.22722723 0.01588288
1229.22922923 0.01765809
1231.23123123 0.01716178
1233.23323323 0.01690867
1235.23523524 0.01667412
1237.23723724 0.01652912
1239.23923924 0.01801721
1241.24124124 0.01981489
1243.24324324 0.01948264
1245.24524525 0.02030641
1247.24724725 0.01883106
1249.24924925 0.01881461
1251.25125125 0.01828723
1253.25325325 0.01632869
1255.25525526 0.01775201
1257.25725726 0.01604722
1259.25925926 0.01573701
1261.26126126 0.01442675
1263.26326326 0.01405970
1265.26526527 0.01570063
1267.26726727 0.01424932
1269.26926927 0.01401548
1271.27127127 0.01414064
1273.27327327 0.01384820
1275.27527528 0.01389268
1277.27727728 0.01370020
1279.27927928 0.01359601
1281.28128128 0.01355201
1283.28328328 0.01319236
1285.28528529 0.01531425
1287.28728729 0.01507900
1289.28928929 0.01482117
1291.29129129 0.01341528
1293.29329329 0.01311973
1295.29529530 0.01288076
1297.29729730 0.01269466
1299.29929930 0.01137956
1301.30130130 0.01110870
1303.30330330 0.01103136
1305.30530531 0.01475502
1307.30730731 0.01820284
1309.30930931 0.01732602
1311.31131131 0.01702256
1313.31331331 0.01646146
1315.31531532 0.02022307
1317.31731732 0.02189549
1319.31931932 0.01932901
1321.32132132 0.01803131
1323.32332332 0.01773672
1325.32532533 0.02089001
1327.32732733 0.02056348
1329.32932933 0.01948557
1331.33133133 0.01766029
1333.33333333 0.01663885
1335.33533534 0.01660518
1337.33733734 0.01620168
1339.33933934 0.01452969
1341.34134134 0.01403488
1343.34334334 0.01308674
1345.34534535 0.01296187
1347.34734735 0.01230505
1349.34934935 0.01214868
1351.35135135 0.01201476
1353.35335335 0.01163008
1355.35535536 0.01321521
1357.35735736 0.01284290
1359.35935936 0.01260207
1361.36136136 0.01422895
1363.36336336 0.01375430
1365.36536537 0.01288375
1367.36736737 0.01116546
1369.36936937 0.01005121
1371.37137137 0.00987140
1373.37337337 0.00951915
1375.37537538 0.00930988
1377.37737738 0.01096127
1379.37937938 0.01082666
1381.38138138 0.01048996
1383.38338338 0.01045564
1385.38538539 0.01141034
1387.38738739 0.01124314
1389.38938939 0.01097888
1391.39139139 0.01075687
1393.39339339 0.01060219
1395.39539540 0.01004882
1397.39739740 0.01173482
1399.39939940 0.01226046
1401.40140140 0.01190835
1403.40340340 0.01160946
1405.40540541 0.01317199
1407.40740741 0.01302992
1409.40940941 0.01277630
1411.41141141 0.01250862
1413.41341341 0.01232051
1415.41541542 0.01215747
1417.41741742 0.01342298
1419.41941942 0.01497774
1421.42142142 0.01655231
1423.42342342 0.01661731
1425.42542543 0.01529929
1427.42742743 0.01517715
1429.42942943 0.01482998
1431.43143143 0.01418873
1433.43343343 0.01274840
1435.43543544 0.01240333
1437.43743744 0.01408476
1439.43943944 0.01383409
1441.44144144 0.01536394
1443.44344344 0.01433506
1445.44544545 0.01449440
1447.44744745 0.01289443
1449.44944945 0.01460147
1451.45145145 0.01446867
1453.45345345 0.01424584
1455.45545546 0.01651980
1457.45745746 0.01665246
1459.45945946 0.01551379
1461.46146146 0.01745174
1463.46346346 0.01735012
1465.46546547 0.01675106
1467.46746747 0.01751048
1469.46946947 0.01914382
1471.47147147 0.01743898
1473.47347347 0.01818157
1475.47547548 0.01779854
1477.47747748 0.01905492
1479.47947948 0.01862975
1481.48148148 0.01785546
1483.48348348 0.01988436
1485.48548549 0.01953004
1487.48748749 0.01776218
1489.48948949 0.01720857
1491.49149149 0.01719124
1493.49349349 0.01622837
1495.49549550 0.01626784
1497.49749750 0.01565977
1499.49949950 0.01558866
1501.50150150 0.01561651
1503.50350350 0.01578110
1505.50550551 0.01716441
1507.50750751 0.01675507
1509.50950951 0.01642570
1511.51151151 0.01619600
1513.51351351 0.01403920
1515.51551552 0.01260880
1517.51751752 0.01206205
1519.51951952 0.01180403
1521.52152152 0.01027073
1523.52352352 0.01003967
1525.52552553 0.00990961
1527.52752753 0.00991017
1529.52952953 0.01081947
1531.53153153 0.01047090
1533.53353353 0.01149567
1535.53553554 0.01094335
1537.53753754 0.01064708
1539.53953954 0.01039695
1541.54154154 0.01197246
1543.54354354 0.01159036
1545.54554555 0.01147200
1547.54754755 0.01120806
1549.54954955 0.01105844
1551.55155155 0.01267527
1553.55355355 0.01240971
1555.55555556 0.01166901
1557.55755756 0.01143264
1559.55955956 0.01115545
1561.56156156 0.01143006
1563.56356356 0.01111374
1565.56556557 0.01076966
1567.56756757 0.01069195
1569.56956957 0.01056735
1571.57157157 0.01063927
1573.57357357 0.01041636
1575.57557558 0.01015186
1577.57757758 0.00989267
1579.57957958 0.00960609
1581.58158158 0.00929288
1583.58358358 0.00889043
1585.58558559 0.00950243
1587.58758759 0.00925183
1589.58958959 0.01205942
1591.59159159 0.01183309
1593.59359359 0.00968164
1595.59559560 0.01128519
1597.59759760 0.01137106
1599.59959960 0.00986849
1601.60160160 0.01315807
1603.60360360 0.01467552
1605.60560561 0.01449598
1607.60760761 0.01433271
1609.60960961 0.01454739
1611.61161161 0.01431744
1613.61361361 0.01611978
1615.61561562 0.01774027
1617.61761762 0.01645049
1619.61961962 0.01633373
1621.62162162 0.01646306
1623.62362362 0.01747361
1625.62562563 0.01662515
1627.62762763 0.01652386
1629.62962963 0.01566268
1631.63163163 0.01746237
1633.63363363 0.01727857
1635.63563564 0.01701573
1637.63763764 0.01649621
1639.63963964 0.01558420
1641.64164164 0.01637656
1643.64364364 0.01603346
1645.64564565 0.01402371
1647.64764765 0.01583369
1649.64964965 0.01478190
1651.65165165 0.01279724
1653.65365365 0.01247616
1655.65565566 0.01221663
1657.65765766 0.01206601
1659.65965966 0.01040517
1661.66166166 0.01036628
1663.66366366 0.01043118
1665.66566567 0.01035350
1667.66766767 0.01193762
1669.66966967 0.01174302
1671.67167167 0.00999422
1673.67367367 0.00977853
1675.67567568 0.00958732
1677.67767768 0.00939827
1679.67967968 0.00922309
1681.68168168 0.00924716
1683.68368368 0.00913840
1685.68568569 0.00849830
1687.68768769 0.00841337
1689.68968969 0.00831433
1691.69169169 0.00662730
1693.69369369 0.00859762
1695.69569570 0.00844445
1697.69769770 0.00858513
1699.69969970 0.00847856
1701.70170170 0.01003915
1703.70370370 0.01004400
1705.70570571 0.00922168
1707.70770771 0.00886005
1709.70970971 0.00863980
1711.71171171 0.00828009
1713.71371371 0.00826304
1715.71571572 0.00822467
1717.71771772 0.00807676
1719.71971972 0.00992136
1721.72172172 0.00996990
1723.72372372 0.01005467
1725.72572573 0.00988122
1727.72772773 0.01171470
1729.72972973 0.01338524
1731.73173173 0.01480159
1733.73373373 0.01501808
1735.73573574 0.01507975
1737.73773774 0.01497442
1739.73973974 0.01671107
1741.74174174 0.01688364
1743.74374374 0.01829774
1745.74574575 0.01604982
1747.74774775 0.01460230
1749.74974975 0.01476056
1751.75175175 0.01329678
1753.75375375 0.01324683
1755.75575576 0.01444480
1757.75775776 0.01430799
1759.75975976 0.01421145
1761.76176176 0.01579579
1763.76376376 0.01473759
1765.76576577 0.01692016
1767.76776777 0.01509378
1769.76976977 0.01326624
1771.77177177 0.01346792
1773.77377377 0.01315627
1775.77577578 0.01355695
1777.77777778 0.01378764
1779.77977978 0.01374684
1781.78178178 0.01355403
1783.78378378 0.01331386
1785.78578579 0.01326456
1787.78778779 0.01314600
1789.78978979 0.01501113
1791.79179179 0.01658715
1793.79379379 0.01614473
1795.79579580 0.01641537
1797.79779780 0.01617097
1799.79979980 0.01597040
1801.80180180 0.01652312
1803.80380380 0.01818435
1805.80580581 0.01855066
1807.80780781 0.01851439
1809.80980981 0.01858686
1811.81181181 0.01795203
1813.81381381 0.01814132
1815.81581582 0.01705175
1817.81781782 0.01588490
1819.81981982 0.01605716
1821.82182182 0.01573867
1823.82382382 0.01546189
1825.82582583 0.01554442
1827.82782783 0.01534759
1829.82982983 0.01709710
1831.83183183 0.01653602
1833.83383383 0.01637017
1835.83583584 0.01618485
1837.83783784 0.01419920
1839.83983984 0.01417459
1841.84184184 0.01244810
1843.84384384 0.01067358
1845.84584585 0.01062142
1847.84784785 0.01030370
1849.84984985 0.00997020
1851.85185185 0.01149931
1853.85385385 0.01106587
1855.85585586 0.01285104
1857.85785786 0.01262983
1859.85985986 0.01239887
1861.86186186 0.01215536
1863.86386386 0.01214098
1865.86586587 0.01614968
1867.86786787 0.01583574
1869.86986987 0.01572616
1871.87187187 0.01623327
1873.87387387 0.01593238
1875.87587588 0.01452719
1877.87787788 0.01381931
1879.87987988 0.01354913
1881.88188188 0.01331866
1883.88388388 0.01460415
1885.88588589 0.01650663
1887.88788789 0.01618748
1889.88988989 0.01585203
1891.89189189 0.01563222
1893.89389389 0.01733174
1895.89589590 0.01603292
1897.89789790 0.01769406
1899.89989990 0.01741954
1901.90190190 0.01884389
1903.90390390 0.01745233
1905.90590591 0.01720637
1907.90790791 0.01690785
1909.90990991 0.01507177
1911.91191191 0.01482325
1913.91391391 0.01455910
1915.91591592 0.01686289
1917.91791792 0.01687227
1919.91991992 0.01574815
1921.92192192 0.01528021
1923.92392392 0.01516602
1925.92592593 0.01389595
1927.92792793 0.01558813
1929.92992993 0.01522097
1931.93193193 0.01906413
1933.93393393 0.01911287
1935.93593594 0.02003740
1937.93793794 0.02138053
1939.93993994 0.02126395
1941.94194194 0.02095853
1943.94394394 0.02084292
1945.94594595 0.02088005
1947.94794795 0.02116190
1949.94994995 0.02085131
1951.95195195 0.02056620
1953.95395395 0.02156724
1955.95595596 0.02109320
1957.95795796 0.02079308
1959.95995996 0.02059563
1961.96196196 0.01976539
1963.96396396 0.02000690
1965.96596597 0.01817080
1967.96796797 0.01586426
1969.96996997 0.01725288
1971.97197197 0.01690184
1973.97397397 0.01665235
1975.97597598 0.01649719
1977.97797798 0.01816468
1979.97997998 0.01817950
1981.98198198 0.01994021
1983.98398398 0.01978493
1985.98598599 0.01968241
1987.98798799 0.01900404
1989.98998999 0.01880174
1991.99199199 0.01903083
1993.99399399 0.01887572
1995.99599600 0.01956337
1997.99799800 0.01922954
2000.00000000 0.01700536
