0.00000000 11.00000000
1.00100100 10.97047646
2.00200200 10.83672742
3.00300300 10.72310286
4.00400400 10.59448164
5.00500501 10.47053177
6.00600601 10.32073617
7.00700701 10.20938947
8.00800801 10.08384606
9.00900901 9.94053495
10.01001001 9.80758534
11.01101101 9.66409771
12.01201201 9.53499096
13.01301301 9.37172057
14.01401401 9.22492741
15.01501502 9.08363710
16.01601602 8.94350848
17.01701702 8.81789336
18.01801802 8.69479692
19.01901902 8.56241490
20.02002002 8.40860421
21.02102102 8.29004621
22.02202202 8.16938430
23.02302302 8.03432772
24.02402402 7.89928384
25.02502503 7.79057566
26.02602603 7.67672296
27.02702703 7.53794905
28.02802803 7.40326588
29.02902903 7.26228773
30.03003003 7.14431816
31.03103103 7.02148131
32.03203203 6.91381875
33.03303303 6.76967364
34.03403403 6.67279498
35.03503504 6.56518778
36.03603604 6.46096989
37.03703704 6.37791690
38.03803804 6.28085744
39.03903904 6.15039648
40.04004004 6.07181486
41.04104104 5.95714271
42.04204204 5.86365030
43.04304304 5.77254369
44.04404404 5.65312269
45.04504505 5.57110160
46.04604605 5.44664191
47.04704705 5.35656205
48.04804805 5.26634379
49.04904905 5.17995671
50.05005005 5.08624899
51.05105105 4.99425076
52.05205205 4.90637475
53.05305305 4.82079455
54.05405405 4.74583302
55.05505506 4.66389804
56.05605606 4.57434247
57.05705706 4.48660458
58.05805806 4.40620531
59.05905906 4.32262840
60.06006006 4.26007010
61.06106106 4.17997427
62.06206206 4.10612056
63.06306306 4.01641643
64.06406406 3.94555025
65.06506507 3.85833247
66.06606607 3.78938689
67.06706707 3.72095938
68.06806807 3.64646549
69.06906907 3.58329763
70.07007007 3.52210776
71.07107107 3.46607678
72.07207207 3.40552247
73.07307307 3.33887867
74.07407407 3.26774666
75.07507508 3.19563985
76.07607608 3.14117540
77.07707708 3.07028278
78.07807808 3.00502022
79.07907908 2.93998617
80.08008008 2.88874611
81.08108108 2.84363747
82.08208208 2.78781402
83.08308308 2.72575540
84.08408408 2.67679206
85.08508509 2.62410841
86.08608609 2.57549185
87.08708709 2.52147620
88.08808809 2.47131985
89.08908909 2.41581348
90.09009009 2.36772292
91.09109109 2.31578047
92.09209209 2.26495790
93.09309309 2.21515506
94.09409409 2.16938307
95.09509510 2.11917706
96.09609610 2.07848591
97.09709710 2.02658611
98.09809810 1.97933411
99.09909910 1.93774232
100.10010010 1.88889668
101.10110110 1.84941982
102.10210210 1.80998883
103.10310310 1.77457558
104.10410410 1.72875376
105.10510511 1.69758313
106.10610611 1.66109232
107.10710711 1.62629169
108.10810811 1.59340776
109.10910911 1.55909389
110.11011011 1.52329556
111.11111111 1.49202484
112.11211211 1.45827258
113.11311311 1.42658982
114.11411411 1.39590628
115.11511512 1.37106648
116.11611612 1.33959540
117.11711712 1.30660169
118.11811812 1.27540988
119.11911912 1.24753494
120.12012012 1.21501176
121.12112112 1.19152787
122.12212212 1.16445669
123.12312312 1.13545592
124.12412412 1.10986252
125.12512513 1.08252052
126.12612613 1.06025559
127.12712713 1.03729176
128.12812813 1.01265360
129.12912913 0.99194938
130.13013013 0.97140432
131.13113113 0.94942038
132.13213213 0.92730713
133.13313313 0.90747605
134.13413413 0.89041031
135.13513514 0.87205242
136.13613614 0.85152521
137.13713714 0.83332800
138.13813814 0.81402795
139.13913914 0.79877512
140.14014014 0.78341390
141.14114114 0.76719160
142.14214214 0.74940391
143.14314314 0.73319762
144.14414414 0.71393287
145.14514515 0.69906329
146.14614615 0.68297867
147.14714715 0.66789248
148.14814815 0.65357014
149.14914915 0.63792900
150.15015015 0.62303462
151.15115115 0.60923676
152.15215215 0.59762580
153.15315315 0.58396468
154.15415415 0.57018853
155.15515516 0.55846540
156.15615616 0.54443453
157.15715716 0.53200032
158.15815816 0.52049907
159.15915916 0.50751406
160.16016016 0.49498204
161.16116116 0.48256940
162.16216216 0.47177237
163.16316316 0.45905212
164.16416416 0.44558873
165.16516517 0.43707784
166.16616617 0.42736071
167.16716717 0.41766630
168.16816817 0.40834796
169.16916917 0.39757467
170.17017017 0.38865569
171.17117117 0.37930683
172.17217217 0.36953634
173.17317317 0.35854991
174.17417417 0.35223734
175.17517518 0.34481428
176.17617618 0.33633637
177.17717718 0.32868319
178.17817818 0.32059800
179.17917918 0.31254135
180.18018018 0.30548183
181.18118118 0.29829114
182.18218218 0.28891548
183.18318318 0.28304144
184.18418418 0.27567061
185.18518519 0.27008523
186.18618619 0.26388995
187.18718719 0.25872201
188.18818819 0.25214934
189.18918919 0.24707067
190.19019019 0.24073030
191.19119119 0.23553126
192.19219219 0.22968596
193.19319319 0.22399308
194.19419419 0.21965596
195.19519520 0.21598587
196.19619620 0.21069348
197.19719720 0.20585181
198.19819820 0.20135589
199.19919920 0.19750900
200.20020020 0.19154880
201.20120120 0.18656444
202.20220220 0.18263260
203.20320320 0.17845702
204.20420420 0.17425284
205.20520521 0.17000104
206.20620621 0.16500900
207.20720721 0.16072659
208.20820821 0.15796449
209.20920921 0.15490119
210.21021021 0.15130292
211.21121121 0.14727371
212.21221221 0.14396540
213.21321321 0.14120137
214.21421421 0.13931973
215.21521522 0.13747361
216.21621622 0.13509336
217.21721722 0.13335210
218.21821822 0.13050925
219.21921922 0.12749584
220.22022022 0.12454347
221.22122122 0.12231308
222.22222222 0.11995661
223.22322322 0.11690801
224.22422422 0.11418314
225.22522523 0.11105831
226.22622623 0.10899929
227.22722723 0.10899594
228.22822823 0.10673976
229.22922923 0.10423393
230.23023023 0.10193929
231.23123123 0.10012413
232.23223223 0.09761790
233.23323323 0.09546615
234.23423423 0.09373466
235.23523524 0.09215532
236.23623624 0.09084192
237.23723724 0.08872605
238.23823824 0.08633761
239.23923924 0.08381044
240.24024024 0.08162277
241.24124124 0.08123322
242.24224224 0.08033146
243.24324324 0.07921115
244.24424424 0.07796449
245.24524525 0.07709032
246.24624625 0.07549575
247.24724725 0.07384508
248.24824825 0.07285324
249.24924925 0.07100592
250.25025025 0.06942386
251.25125125 0.06851228
252.25225225 0.06735811
253.25325325 0.06574884
254.25425425 0.06468648
255.25525526 0.06363808
256.25625626 0.06216908
257.25725726 0.06114480
258.25825826 0.06036868
259.25925926 0.06076892
260.26026026 0.05936180
261.26126126 0.05804944
262.26226226 0.05664472
263.26326326 0.05752910
264.26426426 0.05752858
265.26526527 0.05658642
266.26626627 0.05513084
267.26726727 0.05382871
268.26826827 0.05250673
269.26926927 0.05399103
270.27027027 0.05357403
271.27127127 0.05230721
272.27227227 0.05113874
273.27327327 0.04999693
274.27427427 0.04924205
275.27527528 0.04807298
276.27627628 0.04645341
277.27727728 0.04579600
278.27827828 0.04512774
279.27927928 0.04590591
280.28028028 0.04468098
281.28128128 0.04376996
282.28228228 0.04290711
283.28328328 0.04209584
284.28428428 0.04118172
285.28528529 0.04026718
286.28628629 0.04026232
287.28728729 0.04020880
288.28828829 0.03938147
289.28928929 0.03843824
290.29029029 0.03765723
291.29129129 0.03700723
292.29229229 0.03662613
293.29329329 0.03496933
294.29429429 0.03369699
295.29529530 0.03299491
296.29629630 0.03246538
297.29729730 0.03203092
298.29829830 0.03148754
299.29929930 0.03115827
300.30030030 0.03175645
301.30130130 0.03092625
302.30230230 0.03181915
303.30330330 0.03066683
304.30430430 0.03030513
305.30530531 0.02946627
306.30630631 0.02880601
307.30730731 0.02874207
308.30830831 0.02837369
309.30930931 0.02821181
310.31031031 0.02768783
311.31131131 0.02708086
312.31231231 0.02638652
313.31331331 0.02579883
314.31431431 0.02490802
315.31531532 0.02517163
316.31631632 0.02530225
317.31731732 0.02487841
318.31831832 0.02345957
319.31931932 0.02500574
320.32032032 0.02444736
321.32132132 0.02395225
322.32232232 0.02331596
323.32332332 0.02293412
324.32432432 0.02323780
325.32532533 0.02277518
326.32632633 0.02224815
327.32732733 0.02200652
328.32832833 0.02151872
329.32932933 0.02127476
330.33033033 0.02103631
331.33133133 0.02065431
332.33233233 0.02022143
333.33333333 0.02119884
334.33433433 0.02145601
335.33533534 0.02202746
336.33633634 0.02162609
337.33733734 0.02118023
338.33833834 0.02229182
339.33933934 0.02189041
340.34034034 0.02244154
341.34134134 0.02219853
342.34234234 0.02333798
343.34334334 0.02347279
344.34434434 0.02444024
345.34534535 0.02377130
346.34634635 0.02322962
347.34734735 0.02311091
348.34834835 0.02257482
349.34934935 0.02087255
350.35035035 0.02086993
351.35135135 0.01995733
352.35235235 0.01952799
353.35335335 0.01899168
354.35435435 0.01892662
355.35535536 0.01867288
356.35635636 0.01867404
357.35735736 0.01840832
358.35835836 0.01809774
359.35935936 0.01768208
360.36036036 0.01729885
361.36136136 0.01700445
362.36236236 0.01691635
363.36336336 0.01650225
364.36436436 0.01786787
365.36536537 0.01760915
366.36636637 0.01750737
367.36736737 0.01937966
368.36836837 0.01921588
369.36936937 0.01855254
370.37037037 0.01741156
371.37137137 0.01725480
372.37237237 0.01808010
373.37337337 0.01941745
374.37437437 0.01923331
375.37537538 0.01964219
376.37637638 0.01966816
377.37737738 0.02044801
378.37837838 0.02031164
379.37937938 0.02032166
380.38038038 0.02011622
381.38138138 0.01975015
382.38238238 0.01938694
383.38338338 0.01932916
384.38438438 0.02129555
385.38538539 0.02102589
386.38638639 0.01965191
387.38738739 0.02123986
388.38838839 0.02091944
389.38938939 0.02066832
390.39039039 0.01902623
391.39139139 0.01872129
392.39239239 0.02032888
393.39339339 0.02095021
394.39439439 0.02136607
395.39539540 0.02114207
396.39639640 0.02114187
397.39739740 0.02091726
398.39839840 0.02110514
399.39939940 0.02072379
400.40040040 0.02074595
401.40140140 0.02044099
402.40240240 0.02034105
403.40340340 0.01975645
404.40440440 0.01936102
405.40540541 0.01837408
406.40640641 0.01804604
407.40740741 0.01767609
408.40840841 0.01741233
409.40940941 0.01718052
410.41041041 0.01716432
411.41141141 0.01809996
412.41241241 0.01757066
413.41341341 0.01748976
414.41441441 0.01727886
415.41541542 0.01683256
416.41641642 0.01853619
417.41741742 0.01904841
418.41841842 0.01877287
419.41941942 0.01795976
420.42042042 0.01763449
421.42142142 0.01897863
422.42242242 0.01862619
423.42342342 0.02030651
424.42442442 0.01999726
425.42542543 0.01954041
426.42642643 0.01983960
427.42742743 0.02113357
428.42842843 0.01789843
429.42942943 0.01768123
430.43043043 0.01733927
431.43143143 0.01703543
432.43243243 0.01614701
433.43343343 0.01590716
434.43443443 0.01762271
435.43543544 0.01922493
436.43643644 0.01910953
437.43743744 0.01897218
438.43843844 0.01840614
439.43943944 0.02138793
440.44044044 0.01990506
441.44144144 0.01961096
442.44244244 0.02015032
443.44344344 0.01976239
444.44444444 0.01974570
445.44544545 0.01932003
446.44644645 0.01913001
447.44744745 0.01850952
448.44844845 0.01817250
449.44944945 0.01785949
450.45045045 0.02120737
451.45145145 0.02102303
452.45245245 0.02032487
453.45345345 0.02021840
454.45445445 0.02008496
455.45545546 0.01981947
456.45645646 0.01977949
457.45745746 0.02103609
458.45845846 0.02086004
459.45945946 0.01919058
460.46046046 0.01800466
461.46146146 0.01772401
462.46246246 0.01902522
463.46346346 0.01877848
464.46446446 0.01858881
465.46546547 0.02223684
466.46646647 0.02699501
467.46746747 0.02675086
468.46846847 0.02677275
469.46946947 0.02698764
470.47047047 0.02685260
471.47147147 0.02678574
472.47247247 0.02628809
473.47347347 0.02657095
474.47447447 0.02678682
475.47547548 0.02384996
476.47647648 0.02353063
477.47747748 0.02251655
478.47847848 0.02226535
479.47947948 0.02061863
480.48048048 0.02028377
481.48148148 0.02218356
482.48248248 0.02245905
483.48348348 0.02376838
484.48448448 0.02350474
485.48548549 0.02323593
486.48648649 0.02336044
487.48748749 0.02293847
488.48848849 0.02281069
489.48948949 0.02231504
490.49049049 0.02201621
491.49149149 0.02166408
492.49249249 0.02137586
493.49349349 0.02304807
494.49449449 0.02553720
495.49549550 0.02479933
496.49649650 0.02271458
497.49749750 0.02226194
498.49849850 0.02355960
499.49949950 0.02287362
500.50050050 0.02435562
501.50150150 0.02611449
502.50250250 0.02563717
503.50350350 0.02829982
504.50450450 0.02670153
505.50550551 0.02640110
506.50650651 0.02630944
507.50750751 0.02585836
508.50850851 0.02547192
509.50950951 0.02399763
510.51051051 0.02366056
511.51151151 0.02242748
512.51251251 0.02255887
513.51351351 0.02327426
514.51451451 0.02315711
515.51551552 0.02296454
516.51651652 0.02202524
517.51751752 0.02171070
518.51851852 0.02144261
519.51951952 0.02128916
520.52052052 0.02108431
521.52152152 0.01761781
522.52252252 0.01791546
523.52352352 0.01763946
524.52452452 0.01959514
525.52552553 0.01915451
526.52652653 0.02086394
527.52752753 0.02072430
528.52852853 0.02052982
529.52952953 0.02205384
530.53053053 0.02193553
531.53153153 0.02164954
532.53253253 0.02142033
533.53353353 0.01961416
534.53453453 0.01949846
535.53553554 0.01920752
536.53653654 0.01896908
537.53753754 0.01880418
538.53853854 0.01843460
539.53953954 0.01816985
540.54054054 0.01798688
541.54154154 0.01970523
542.54254254 0.02129332
543.54354354 0.02291078
544.54454454 0.02444401
545.54554555 0.02348739
546.54654655 0.02321689
547.54754755 0.02305375
548.54854855 0.02435975
549.54954955 0.02543678
550.55055055 0.02922500
551.55155155 0.02890509
552.55255255 0.02854618
553.55355355 0.02889640
554.55455455 0.02555570
555.55555556 0.02510098
556.55655656 0.02416759
557.55755756 0.02459641
558.55855856 0.02512095
559.55955956 0.02411512
560.56056056 0.02350231
561.56156156 0.02343072
562.56256256 0.02312998
563.56356356 0.02264945
564.56456456 0.02439498
565.56556557 0.02199742
566.56656657 0.02374879
567.56756757 0.02349019
568.56856857 0.02475623
569.56956957 0.02462546
570.57057057 0.02281126
571.57157157 0.02293828
572.57257257 0.02459702
573.57357357 0.02447272
574.57457457 0.02449106
575.57557558 0.02414745
576.57657658 0.02383858
577.57757758 0.02373414
578.57857858 0.02334110
579.57957958 0.02390325
580.58058058 0.02394795
581.58158158 0.02369451
582.58258258 0.02307668
583.58358358 0.02277890
584.58458458 0.02297823
585.58558559 0.02352115
586.58658659 0.02319076
587.58758759 0.02103826
588.58858859 0.02074331
589.58958959 0.02034802
590.59059059 0.01932629
591.59159159 0.01900497
592.59259259 0.01752384
593.59359359 0.01712542
594.59459459 0.01689211
595.59559560 0.01652981
596.59659660 0.01613176
597.59759760 0.01583108
598.59859860 0.01712014
599.59959960 0.01771783
600.60060060 0.01843416
601.60160160 0.01978031
602.60260260 0.01956563
603.60360360 0.01941469
604.60460460 0.01912212
605.60560561 0.02076392
606.60660661 0.02064711
607.60760761 0.02031718
608.60860861 0.02372734
609.60960961 0.02383041
610.61061061 0.02400653
611.61161161 0.02372938
612.61261261 0.02369236
613.61361361 0.02407341
614.61461461 0.02530217
615.61561562 0.02551088
616.61661662 0.02522492
617.61761762 0.02619240
618.61861862 0.02522660
619.61961962 0.02699016
620.62062062 0.02668619
621.62162162 0.02813577
622.62262262 0.02753762
623.62362362 0.02743320
624.62462462 0.02658647
625.62562563 0.02635961
626.62662663 0.02555022
627.62762763 0.02521165
628.62862863 0.02682790
629.62962963 0.02657536
630.63063063 0.02627718
631.63163163 0.02494987
632.63263263 0.02467111
633.63363363 0.02651911
634.63463463 0.02605265
635.63563564 0.02606819
636.63663664 0.02579987
637.63763764 0.02562019
638.63863864 0.02237274
639.63963964 0.02132042
640.64064064 0.02107914
641.64164164 0.02283841
642.64264264 0.02198300
643.64364364 0.02174897
644.64464464 0.02154227
645.64564565 0.02030823
646.64664665 0.02171059
647.64764765 0.02163783
648.64864865 0.02154206
649.64964965 0.02045696
650.65065065 0.02025775
651.65165165 0.02209736
652.65265265 0.02389966
653.65365365 0.02377061
654.65465465 0.02348698
655.65565566 0.02337420
656.65665666 0.02542652
657.65765766 0.02526715
658.65865866 0.02682470
659.65965966 0.02892328
660.66066066 0.02877081
661.66166166 0.02801672
662.66266266 0.02971839
663.66366366 0.03087277
664.66466466 0.03068386
665.66566567 0.02904086
666.66666667 0.02893443
667.66766767 0.02870234
668.66866867 0.02854529
669.66966967 0.02803149
670.67067067 0.03296730
671.67167167 0.03266070
672.67267267 0.03086093
673.67367367 0.03064226
674.67467467 0.03041349
675.67567568 0.03008783
676.67667668 0.02963994
677.67767768 0.02902460
678.67867868 0.02687914
679.67967968 0.02716967
680.68068068 0.02698616
681.68168168 0.02559616
682.68268268 0.02519014
683.68368368 0.02498260
684.68468468 0.02563224
685.68568569 0.02922329
686.68668669 0.02826042
687.68768769 0.02656963
688.68868869 0.02639473
689.68968969 0.02323577
690.69069069 0.02189859
691.69169169 0.02370622
692.69269269 0.02355691
693.69369369 0.02330314
694.69469469 0.02283049
695.69569570 0.02253685
696.69669670 0.02226591
697.69769770 0.02361735
698.69869870 0.02302529
699.69969970 0.02475334
700.70070070 0.02277598
701.70170170 0.02445064
702.70270270 0.02401310
703.70370370 0.02372550
704.70470470 0.02305316
705.70570571 0.02835981
706.70670671 0.02815097
707.70770771 0.02787767
708.70870871 0.02753814
709.70970971 0.02617585
710.71071071 0.02606931
711.71171171 0.02385049
712.71271271 0.02517531
713.71371371 0.02403997
714.71471471 0.02231396
715.71571572 0.02172400
716.71671672 0.02163359
717.71771772 0.02083242
718.71871872 0.01942170
719.71971972 0.01770137
720.72072072 0.01785080
721.72172172 0.01776575
722.72272272 0.01756031
723.72372372 0.02095451
724.72472472 0.02055887
725.72572573 0.02031518
726.72672673 0.02003109
727.72772773 0.01839504
728.72872873 0.01824378
729.72972973 0.01801551
730.73073073 0.01651308
731.73173173 0.01508433
732.73273273 0.01685758
733.73373373 0.01706020
734.73473473 0.01683913
735.73573574 0.01690350
736.73673674 0.01670138
737.73773774 0.01659622
738.73873874 0.01638771
739.73973974 0.01622644
740.74074074 0.01796876
741.74174174 0.01974118
742.74274274 0.02128416
743.74374374 0.02059010
744.74474474 0.02037278
745.74574575 0.02014119
746.74674675 0.01993338
747.74774775 0.01974501
748.74874875 0.01956379
749.74974975 0.01954738
750.75075075 0.01952093
751.75175175 0.01930340
752.75275275 0.01949293
753.75375375 0.01929396
754.75475475 0.01914838
755.75575576 0.02090731
756.75675676 0.02074647
757.75775776 0.01957709
758.75875876 0.01934718
759.75975976 0.01704386
760.76076076 0.01886687
761.76176176 0.01875985
762.76276276 0.01859001
763.76376376 0.01862139
764.76476476 0.01818010
765.76576577 0.01805127
766.76676677 0.01618841
767.76776777 0.01622266
768.76876877 0.01612633
769.76976977 0.01627525
770.77077077 0.01610166
771.77177177 0.01809186
772.77277277 0.01773755
773.77377377 0.01608303
774.77477477 0.01593594
775.77577578 0.01768538
776.77677678 0.01750913
777.77777778 0.01741016
778.77877878 0.01748793
779.77977978 0.01549840
780.78078078 0.01620148
781.78178178 0.01620638
782.78278278 0.01447606
783.78378378 0.01627945
784.78478478 0.01611172
785.78578579 0.01602182
786.78678679 0.01530182
787.78778779 0.01562072
788.78878879 0.01765157
789.78978979 0.01747912
790.79079079 0.01734850
791.79179179 0.01669855
792.79279279 0.01630924
793.79379379 0.01612543
794.79479479 0.01591813
795.79579580 0.01572406
796.79679680 0.01566941
797.79779780 0.01534972
798.79879880 0.01524960
799.79979980 0.01361463
800.80080080 0.01553620
801.80180180 0.01536745
802.80280280 0.01339936
803.80380380 0.01152110
804.80480480 0.01152186
805.80580581 0.01146841
806.80680681 0.01321046
807.80780781 0.01355855
808.80880881 0.01349656
809.80980981 0.01508927
810.81081081 0.01515517
811.81181181 0.01530254
812.81281281 0.01509009
813.81381381 0.01491564
814.81481481 0.01471542
815.81581582 0.01452479
816.81681682 0.01436972
817.81781782 0.02015606
818.81881882 0.02002073
819.81981982 0.01981979
820.82082082 0.01967295
821.82182182 0.01782371
822.82282282 0.01782719
823.82382382 0.01750832
824.82482482 0.01649606
825.82582583 0.01614000
826.82682683 0.01598460
827.82782783 0.01486734
828.82882883 0.01505268
829.82982983 0.01619477
830.83083083 0.01601357
831.83183183 0.01614135
832.83283283 0.01792344
833.83383383 0.01770862
834.83483483 0.01754684
835.83583584 0.01746412
836.83683684 0.01689780
837.83783784 0.01893678
838.83883884 0.01881374
839.83983984 0.01846215
840.84084084 0.01858009
841.84184184 0.01841986
842.84284284 0.01823824
843.84384384 0.01813540
844.84484484 0.01758124
845.84584585 0.01835602
846.84684685 0.01992178
847.84784785 0.01981243
848.84884885 0.01941059
849.84984985 0.01916240
850.85085085 0.02083333
851.85185185 0.02258068
852.85285285 0.02167726
853.85385385 0.02186826
854.85485485 0.02366736
855.85585586 0.02532782
856.85685686 0.02506262
857.85785786 0.02687814
858.85885886 0.02665603
859.85985986 0.02565860
860.86086086 0.02553709
861.86186186 0.02727020
862.86286286 0.02711082
863.86386386 0.02718096
864.86486486 0.02694119
865.86586587 0.02666058
866.86686687 0.02645005
867.86786787 0.02450395
868.86886887 0.02431345
869.86986987 0.02234057
870.87087087 0.02208131
871.87187187 0.02190306
872.87287287 0.02163286
873.87387387 0.02141382
874.87487487 0.02119834
875.87587588 0.02096088
876.87687688 0.02054788
877.87787788 0.02223689
878.87887888 0.02305413
879.87987988 0.02290620
880.88088088 0.02124813
881.88188188 0.02110145
882.88288288 0.02099611
883.88388388 0.02081555
884.88488488 0.02064572
885.88588589 0.02046508
886.88688689 0.01855489
887.88788789 0.01837346
888.88888889 0.01822265
889.88988989 0.02005146
890.89089089 0.02144424
891.89189189 0.02282860
892.89289289 0.02399594
893.89389389 0.02383051
894.89489489 0.02180530
895.89589590 0.02158585
896.89689690 0.02147447
897.89789790 0.02168115
898.89889890 0.02158856
899.89989990 0.02140358
900.90090090 0.02125599
901.90190190 0.02267292
902.90290290 0.02097636
903.90390390 0.01994322
904.90490490 0.01971874
905.90590591 0.01942998
906.90690691 0.01898354
907.90790791 0.02347283
908.90890891 0.02311184
909.90990991 0.02299325
910.91091091 0.02245587
911.91191191 0.02045463
912.91291291 0.02406917
913.91391391 0.02228829
914.91491491 0.02393433
915.91591592 0.02392832
916.91691692 0.02383590
917.91791792 0.02317350
918.91891892 0.02296778
919.91991992 0.02133477
920.92092092 0.02453619
921.92192192 0.02602603
922.92292292 0.02779762
923.92392392 0.02748528
924.92492492 0.02606426
925.92592593 0.02615391
926.92692693 0.02578680
927.92792793 0.02552633
928.92892893 0.02587716
929.92992993 0.02784183
930.93093093 0.02758159
931.93193193 0.02822099
932.93293293 0.02796265
933.93393393 0.02885904
934.93493493 0.02842071
935.93593594 0.02633617
936.93693694 0.02625223
937.93793794 0.02603366
938.93893894 0.02442966
939.93993994 0.02415644
940.94094094 0.02374867
941.94194194 0.02349455
942.94294294 0.02451517
943.94394394 0.02791099
944.94494494 0.02958280
945.94594595 0.02842279
946.94694695 0.02704082
947.94794795 0.02674743
948.94894895 0.02647963
949.94994995 0.02565474
950.95095095 0.02734999
951.95195195 0.02907350
952.95295295 0.03076594
953.95395395 0.03043652
954.95495495 0.03208982
955.95595596 0.03333365
956.95695696 0.03266519
957.95795796 0.03431567
958.95895896 0.03402414
959.95995996 0.03391380
960.96096096 0.03283880
961.96196196 0.03255751
962.96296296 0.03230621
963.96396396 0.03202845
964.96496496 0.03038498
965.96596597 0.03059852
966.96696697 0.03007205
967.96796797 0.02987649
968.96896897 0.02966669
969.96996997 0.02899419
970.97097097 0.02858668
971.97197197 0.02832528
972.97297297 0.02706904
973.97397397 0.02682139
974.97497497 0.02655484
975.97597598 0.02602638
976.97697698 0.02613489
977.97797798 0.02672553
978.97897898 0.03088763
979.97997998 0.03073752
980.98098098 0.03023641
981.98198198 0.03012069
982.98298298 0.02999274
983.98398398 0.02978567
984.98498498 0.02941874
985.98598599 0.02979163
986.98698699 0.02939346
987.98798799 0.03102406
988.98898899 0.03077003
989.98998999 0.03054940
990.99099099 0.03021807
991.99199199 0.02999014
992.99299299 0.02965075
993.99399399 0.03130897
994.99499499 0.03283380
995.99599600 0.03244738
996.99699700 0.03187281
997.99799800 0.03245844
998.99899900 0.03201953
1000.00000000 0.03232151
