0.00000000 11.00000000 0.00000081
1.00050025 11.06038417 0.05574072
2.00100050 10.96288542 0.08240865
3.00150075 11.01742496 0.17274232
4.00200100 10.92868881 0.19425398
5.00250125 10.91197501 0.23879725
6.00300150 10.88625592 0.26031614
7.00350175 10.86598991 0.29703980
8.00400200 10.83379558 0.31122831
9.00450225 10.81571305 0.34425350
10.00500250 10.79644087 0.36097691
11.00550275 10.75229313 0.36754354
12.00600300 10.74507034 0.39920613
13.00650325 10.71346388 0.40511757
14.00700350 10.68545684 0.42243929
15.00750375 10.67026480 0.43991942
16.00800400 10.65469698 0.47172200
17.00850425 10.61084113 0.47171600
18.00900450 10.57956833 0.51543922
19.00950475 10.55172451 0.53831587
20.01000500 10.52365498 0.54103697
21.01050525 10.50752077 0.54403043
22.01100550 10.48927428 0.57873117
23.01150575 10.46556323 0.58622345
24.01200600 10.42969711 0.61122599
25.01250625 10.42060708 0.63072281
26.01300650 10.39194033 0.64798750
27.01350675 10.37081840 0.64999916
28.01400700 10.36026490 0.66026880
29.01450725 10.33187531 0.67632560
30.01500750 10.31184202 0.68393535
31.01550775 10.28921485 0.70119967
32.01600800 10.27306483 0.71551645
33.01650825 10.24948102 0.72034092
34.01700850 10.22256430 0.74933728
35.01750875 10.20007294 0.76482381
36.01800900 10.17639625 0.76878852
37.01850925 10.15370254 0.78275689
38.01900950 10.12164143 0.78454622
39.01950975 10.09067659 0.79236747
40.02001001 10.07005231 0.79646912
41.02051026 10.05131847 0.81069373
42.02101051 10.02418780 0.82510176
43.02151076 9.99407195 0.84294457
44.02201101 9.97764126 0.85335472
45.02251126 9.96649067 0.85352520
46.02301151 9.94692501 0.85154802
47.02351176 9.93136364 0.85431960
48.02401201 9.90278869 0.86385935
49.02451226 9.87407113 0.86268592
50.02501251 9.84507161 0.87269081
51.02551276 9.81775165 0.87606721
52.02601301 9.79665864 0.89242628
53.02651326 9.78050011 0.90019819
54.02701351 9.77144736 0.90707871
55.02751376 9.74810319 0.92109647
56.02801401 9.72514984 0.92903499
57.02851426 9.71076369 0.94044850
58.02901451 9.68236425 0.95652930
59.02951476 9.67395516 0.96412617
60.03001501 9.65951519 0.96395637
61.03051526 9.61840074 0.98173853
62.03101551 9.59761062 0.98891431
63.03151576 9.57111077 0.99575543
64.03201601 9.54688964 1.00347654
65.03251626 9.52928855 1.01035291
66.03301651 9.48837911 1.02816075
67.03351676 9.46661685 1.02989383
68.03401701 9.44440251 1.04128742
69.03451726 9.42903029 1.04320272
70.03501751 9.40704548 1.06228209
71.03551776 9.37852084 1.07644454
72.03601801 9.37514581 1.07909232
73.03651826 9.36348922 1.08168880
74.03701851 9.34194766 1.08380516
75.03751876 9.31956388 1.08996774
76.03801901 9.30129263 1.09943839
77.03851926 9.28205547 1.11549542
78.03901951 9.27318111 1.10983061
79.03951976 9.25614908 1.11897399
80.04002001 9.23984984 1.12579647
81.04052026 9.20974239 1.12829453
82.04102051 9.18907132 1.12939662
83.04152076 9.15681497 1.14104629
84.04202101 9.13177394 1.14966847
85.04252126 9.11383849 1.16422607
86.04302151 9.08821269 1.16963674
87.04352176 9.06678343 1.17715026
88.04402201 9.04443602 1.18330542
89.04452226 9.02036332 1.19504866
90.04502251 9.00462877 1.20481317
91.04552276 8.97708454 1.21200078
92.04602301 8.97198405 1.21730262
93.04652326 8.95562324 1.22190910
94.04702351 8.92663102 1.23173241
95.04752376 8.91507450 1.23829970
96.04802401 8.89311187 1.24201914
97.04852426 8.87179763 1.24541396
98.04902451 8.84563213 1.25666638
99.04952476 8.83502202 1.26547851
100.05002501 8.81430185 1.26392071
101.05052526 8.79813216 1.27303022
102.05102551 8.77820431 1.28865048
103.05152576 8.76044878 1.29775065
104.05202601 8.73812228 1.30586246
105.05252626 8.72054600 1.31420444
106.05302651 8.69590622 1.31584598
107.05352676 8.67404812 1.32389046
108.05402701 8.63985488 1.32890163
109.05452726 8.61913188 1.33913341
110.05502751 8.60173233 1.34497820
111.05552776 8.58942597 1.34943155
112.05602801 8.57288721 1.34574695
113.05652826 8.54730586 1.35767048
114.05702851 8.51416626 1.35830212
115.05752876 8.48955911 1.35700705
116.05802901 8.47217484 1.35875915
117.05852926 8.44747885 1.36762336
118.05902951 8.43185339 1.37200292
119.05952976 8.41294227 1.37377585
120.06003002 8.39810350 1.38572716
121.06053027 8.37204820 1.39085108
122.06103052 8.35946079 1.39809753
123.06153077 8.33645329 1.39154789
124.06203102 8.30135877 1.39801762
125.06253127 8.26920816 1.39755114
126.06303152 8.24407779 1.40939286
127.06353177 8.23707566 1.40465661
128.06403202 8.21452471 1.40764867
129.06453227 8.19692453 1.41182121
130.06503252 8.17306935 1.40722520
131.06553277 8.16497831 1.40488292
132.06603302 8.14463599 1.41111695
133.06653327 8.12524710 1.41371662
134.06703352 8.09312981 1.42240453
135.06753377 8.06233481 1.42221556
136.06803402 8.03725697 1.43640019
137.06853427 8.01986863 1.43800260
138.06903452 8.00267827 1.43752340
139.06953477 7.98388712 1.44085567
140.07003502 7.96565089 1.44075235
141.07053527 7.95239663 1.45714678
142.07103552 7.93423791 1.45631968
143.07153577 7.90636565 1.46536649
144.07203602 7.90067761 1.46860493
145.07253627 7.87695862 1.47931913
146.07303652 7.85058089 1.47793720
147.07353677 7.84130625 1.48827876
148.07403702 7.83098294 1.48764949
149.07453727 7.81636057 1.49049300
150.07503752 7.78995911 1.49311630
151.07553777 7.77491138 1.50629362
152.07603802 7.75248612 1.50984759
153.07653827 7.73561599 1.50994572
154.07703852 7.72031835 1.51292176
155.07753877 7.70347886 1.51442508
156.07803902 7.67468975 1.52427516
157.07853927 7.64468907 1.53498674
158.07903952 7.62390955 1.54720567
159.07953977 7.60586226 1.55658646
160.08004002 7.58402049 1.56165944
161.08054027 7.56139614 1.56430958
162.08104052 7.54861671 1.56739653
163.08154077 7.53048591 1.57305331
164.08204102 7.49455015 1.58021104
165.08254127 7.47560662 1.58504705
166.08304152 7.46717779 1.58722657
167.08354177 7.44315022 1.60067462
168.08404202 7.41921878 1.59934567
169.08454227 7.40268417 1.60176802
170.08504252 7.38057228 1.60074978
171.08554277 7.36144726 1.60687034
172.08604302 7.34008206 1.61269829
173.08654327 7.31964111 1.61859098
174.08704352 7.30182822 1.62292761
175.08754377 7.29478954 1.62909470
176.08804402 7.28007456 1.63519085
177.08854427 7.26727376 1.62521445
178.08904452 7.25694088 1.63310970
179.08954477 7.22725423 1.63263063
180.09004502 7.20812564 1.63085083
181.09054527 7.18055350 1.63436063
182.09104552 7.16128521 1.64336841
183.09154577 7.14951034 1.64071444
184.09204602 7.12955801 1.64201912
185.09254627 7.11210736 1.63977248
186.09304652 7.09227449 1.64155617
187.09354677 7.07531942 1.64731538
188.09404702 7.06245476 1.65100504
189.09454727 7.04258147 1.64857399
190.09504752 7.02311848 1.65365657
191.09554777 7.01071877 1.65727387
192.09604802 6.98297951 1.66894780
193.09654827 6.96717571 1.67254062
194.09704852 6.94847556 1.67385986
195.09754877 6.92391090 1.68687688
196.09804902 6.90118995 1.68410252
197.09854927 6.88643652 1.68637069
198.09904952 6.87450021 1.68485695
199.09954977 6.85986280 1.68249897
200.10005003 6.84347422 1.68001615
201.10055028 6.82470747 1.67585343
202.10105053 6.80735821 1.67431147
203.10155078 6.79046671 1.67666952
204.10205103 6.76794697 1.67676291
205.10255128 6.74859098 1.68488560
206.10305153 6.73002502 1.69561551
207.10355178 6.70420584 1.69547598
208.10405203 6.67836637 1.69188126
209.10455228 6.65183637 1.69130226
210.10505253 6.63048759 1.70226095
211.10555278 6.61300058 1.70242278
212.10605303 6.58472632 1.70827051
213.10655328 6.55753965 1.70561995
214.10705353 6.54020404 1.70796565
215.10755378 6.52074384 1.71027324
216.10805403 6.50545372 1.70466258
217.10855428 6.48087008 1.70975197
218.10905453 6.44773185 1.73254417
219.10955478 6.42501348 1.73178135
220.11005503 6.41603954 1.73152741
221.11055528 6.38961660 1.74381384
222.11105553 6.36130758 1.74037209
223.11155578 6.33515918 1.74691061
224.11205603 6.31023018 1.74292549
225.11255628 6.28295952 1.74495435
226.11305653 6.26210058 1.74283550
227.11355678 6.24911244 1.73612021
228.11405703 6.22845621 1.74148309
229.11455728 6.20392542 1.74549524
230.11505753 6.19142140 1.74693463
231.11555778 6.17582318 1.74599344
232.11605803 6.15709317 1.75081063
233.11655828 6.14050718 1.75309246
234.11705853 6.11770911 1.75984611
235.11755878 6.10857690 1.75992528
236.11805903 6.09029964 1.76876786
237.11855928 6.06754340 1.77357571
238.11905953 6.05124320 1.76810418
239.11955978 6.03537858 1.76728072
240.12006003 6.01498514 1.76863046
241.12056028 5.99367758 1.76608305
242.12106053 5.98209676 1.77299277
243.12156078 5.96047078 1.77134796
244.12206103 5.93325799 1.76609074
245.12256128 5.91186265 1.77113220
246.12306153 5.89627252 1.77587840
247.12356178 5.88739374 1.76986832
248.12406203 5.87119174 1.76785515
249.12456228 5.85602412 1.77314873
250.12506253 5.84326395 1.77663296
251.12556278 5.82339329 1.77864871
252.12606303 5.81336366 1.77410456
253.12656328 5.79547088 1.76636111
254.12706353 5.76724614 1.75373335
255.12756378 5.74265538 1.75203177
256.12806403 5.72176773 1.75448435
257.12856428 5.70068348 1.75667242
258.12906453 5.67337639 1.75918426
259.12956478 5.65466273 1.75380033
260.13006503 5.63666699 1.75183763
261.13056528 5.62188773 1.75635255
262.13106553 5.60801844 1.75684753
263.13156578 5.58625551 1.74877888
264.13206603 5.57801637 1.75302274
265.13256628 5.56437203 1.74801174
266.13306653 5.54961837 1.75410514
267.13356678 5.52973636 1.75541782
268.13406703 5.50983003 1.75362089
269.13456728 5.50860662 1.75734694
270.13506753 5.47770885 1.75915667
271.13556778 5.46606065 1.76373381
272.13606803 5.44854474 1.76143902
273.13656828 5.43094196 1.76203888
274.13706853 5.41497921 1.76692761
275.13756878 5.39567168 1.76189729
276.13806903 5.38290455 1.75769868
277.13856928 5.37711341 1.75831290
278.13906953 5.36226399 1.76545188
279.13956978 5.34228939 1.76592593
280.14007004 5.32728419 1.76841389
281.14057029 5.31030031 1.76384890
282.14107054 5.28707072 1.76824737
283.14157079 5.27580954 1.77156712
284.14207104 5.25155664 1.77088486
285.14257129 5.23642575 1.77158572
286.14307154 5.21669189 1.77505679
287.14357179 5.20051174 1.77405013
288.14407204 5.18220275 1.76873113
289.14457229 5.16218467 1.77387703
290.14507254 5.13393524 1.76913529
291.14557279 5.11814383 1.76585782
292.14607304 5.10229399 1.77292946
293.14657329 5.08707463 1.77902576
294.14707354 5.07677951 1.77908473
295.14757379 5.05867559 1.77449216
296.14807404 5.04418364 1.77867612
297.14857429 5.02690158 1.77721281
298.14907454 5.01335837 1.77425628
299.14957479 5.00546762 1.77694932
300.15007504 4.99353218 1.77757756
301.15057529 4.97741979 1.78337447
302.15107554 4.96062932 1.78342196
303.15157579 4.93813816 1.78355684
304.15207604 4.92193022 1.78496108
305.15257629 4.90684294 1.78757469
306.15307654 4.88906178 1.79131217
307.15357679 4.87121609 1.79446095
308.15407704 4.85480335 1.79272378
309.15457729 4.84061334 1.78933359
310.15507754 4.82579612 1.79153305
311.15557779 4.80687214 1.79834456
312.15607804 4.79940145 1.79377836
313.15657829 4.78214330 1.79786939
314.15707854 4.76577671 1.80280622
315.15757879 4.75373583 1.80890189
316.15807904 4.73891203 1.80801758
317.15857929 4.71356432 1.80018648
318.15907954 4.70008364 1.79607625
319.15957979 4.68027406 1.79068838
320.16008004 4.66182436 1.79910291
321.16058029 4.65023947 1.79623139
322.16108054 4.63485142 1.80228937
323.16158079 4.61707985 1.79687250
324.16208104 4.60883268 1.79252060
325.16258129 4.59766705 1.79817529
326.16308154 4.58291167 1.79324927
327.16358179 4.56540843 1.79253982
328.16408204 4.54162611 1.78484091
329.16458229 4.52181350 1.77958365
330.16508254 4.50936601 1.78051900
331.16558279 4.49390753 1.78355168
332.16608304 4.48042880 1.78683720
333.16658329 4.46596886 1.78545351
334.16708354 4.45580503 1.78818528
335.16758379 4.44525184 1.78449715
336.16808404 4.43297940 1.78961247
337.16858429 4.42369751 1.79166159
338.16908454 4.41461723 1.79150818
339.16958479 4.39519532 1.78537229
340.17008504 4.38312777 1.78433459
341.17058529 4.36865200 1.78378282
342.17108554 4.34672489 1.78040455
343.17158579 4.33769669 1.77964746
344.17208604 4.32248654 1.77912684
345.17258629 4.30488950 1.76962565
346.17308654 4.28657722 1.76277301
347.17358679 4.27884519 1.75836713
348.17408704 4.26277182 1.76399761
349.17458729 4.25139961 1.76315474
350.17508754 4.23866503 1.75595456
351.17558779 4.22319452 1.75069629
352.17608804 4.20924348 1.75193326
353.17658829 4.19567715 1.75694161
354.17708854 4.18509696 1.75833193
355.17758879 4.18173134 1.75711518
356.17808904 4.16815068 1.75179474
357.17858929 4.14461455 1.74983680
358.17908954 4.12914314 1.75133218
359.17958979 4.10811483 1.75376305
360.18009005 4.09380702 1.74855732
361.18059030 4.08081651 1.75199650
362.18109055 4.06417431 1.74511078
363.18159080 4.04941198 1.74526987
364.18209105 4.03940545 1.74400034
365.18259130 4.02426143 1.74623917
366.18309155 4.00964880 1.75293839
367.18359180 3.99552548 1.74603451
368.18409205 3.98302949 1.74266424
369.18459230 3.96700343 1.74337251
370.18509255 3.95130256 1.74729406
371.18559280 3.93666736 1.74507204
372.18609305 3.92089309 1.74129291
373.18659330 3.91393455 1.74308144
374.18709355 3.89696120 1.73720725
375.18759380 3.88690862 1.74420558
376.18809405 3.87085975 1.73811179
377.18859430 3.85454335 1.73183097
378.18909455 3.84309757 1.73114304
379.18959480 3.82468717 1.71945673
380.19009505 3.80500557 1.71270331
381.19059530 3.79448213 1.71637620
382.19109555 3.78727777 1.71763224
383.19159580 3.77626437 1.71834698
384.19209605 3.76051064 1.71621638
385.19259630 3.75119417 1.71842423
386.19309655 3.73724965 1.72482967
387.19359680 3.72596438 1.72666461
388.19409705 3.71078979 1.72927733
389.19459730 3.70347537 1.73000142
390.19509755 3.68548927 1.72352056
391.19559780 3.66702557 1.71289280
392.19609805 3.64739730 1.70049297
393.19659830 3.63325099 1.69984336
394.19709855 3.61930551 1.70575473
395.19759880 3.61016447 1.69468226
396.19809905 3.59838357 1.69706798
397.19859930 3.58835220 1.69295418
398.19909955 3.58509170 1.69619490
399.19959980 3.57714639 1.69963591
400.20010005 3.56461186 1.68626066
401.20060030 3.54899961 1.68716677
402.20110055 3.53742122 1.68260866
403.20160080 3.52818758 1.68046318
404.20210105 3.51128476 1.67704875
405.20260130 3.49466256 1.67915417
406.20310155 3.47467152 1.66823731
407.20360180 3.46492218 1.66684813
408.20410205 3.44903147 1.66590376
409.20460230 3.44112656 1.66246309
410.20510255 3.42823653 1.65861002
411.20560280 3.41747376 1.64986998
412.20610305 3.39958540 1.64663880
413.20660330 3.38707405 1.64573824
414.20710355 3.37799393 1.64491449
415.20760380 3.36027691 1.64498631
416.20810405 3.34361854 1.64744927
417.20860430 3.33292014 1.64622916
418.20910455 3.32658702 1.64990208
419.20960480 3.31329474 1.65012859
420.21010505 3.29889007 1.64826587
421.21060530 3.28852508 1.64905444
422.21110555 3.27386737 1.64672336
423.21160580 3.25927522 1.63930842
424.21210605 3.25297842 1.63678757
425.21260630 3.23765451 1.63149996
426.21310655 3.22573237 1.63215925
427.21360680 3.21658585 1.63085285
428.21410705 3.19950912 1.62791276
429.21460730 3.18718888 1.62688454
430.21510755 3.17382480 1.62665353
431.21560780 3.16445808 1.62844646
432.21610805 3.15820366 1.63011620
433.21660830 3.14241327 1.63124533
434.21710855 3.13029759 1.63117019
435.21760880 3.11902756 1.62663413
436.21810905 3.10313929 1.62428009
437.21860930 3.09486676 1.61613065
438.21910955 3.08765763 1.61672068
439.21960980 3.07702757 1.61242141
440.22011006 3.06436442 1.61045234
441.22061031 3.05938843 1.61390176
442.22111056 3.04899351 1.60827805
443.22161081 3.04338208 1.60904702
444.22211106 3.03270970 1.61111372
445.22261131 3.02463641 1.60706648
446.22311156 3.01294717 1.60904881
447.22361181 3.00078477 1.61085871
448.22411206 2.99194404 1.60728478
449.22461231 2.98542695 1.60964460
450.22511256 2.98036212 1.60821681
451.22561281 2.95934878 1.59389068
452.22611306 2.94753504 1.59090336
453.22661331 2.93320428 1.58392110
454.22711356 2.92243035 1.58091709
455.22761381 2.90764595 1.57711946
456.22811406 2.90121312 1.57482779
457.22861431 2.88925510 1.57730275
458.22911456 2.87934054 1.57600983
459.22961481 2.86764319 1.57872414
460.23011506 2.85807781 1.57798103
461.23061531 2.84427179 1.57863960
462.23111556 2.83045607 1.57228204
463.23161581 2.82484024 1.57360292
464.23211606 2.81308253 1.57297288
465.23261631 2.80616226 1.57486175
466.23311656 2.79830859 1.57558744
467.23361681 2.79200247 1.57356232
468.23411706 2.78020865 1.57387783
469.23461731 2.76818529 1.57400456
470.23511756 2.75602918 1.57111779
471.23561781 2.74763920 1.57226994
472.23611806 2.73435044 1.56572492
473.23661831 2.72978652 1.56791953
474.23711856 2.71645525 1.56119836
475.23761881 2.70521517 1.55995494
476.23811906 2.69249667 1.55733811
477.23861931 2.68460377 1.55732085
478.23911956 2.66901654 1.55165110
479.23961981 2.66180561 1.55474750
480.24012006 2.65579579 1.55538856
481.24062031 2.64728455 1.55567228
482.24112056 2.63975656 1.55516713
483.24162081 2.62872817 1.55665486
484.24212106 2.61798140 1.55542994
485.24262131 2.60986501 1.55427242
486.24312156 2.59765021 1.55034979
487.24362181 2.58302282 1.54716768
488.24412206 2.57217339 1.54169243
489.24462231 2.55839771 1.53752521
490.24512256 2.53506820 1.53549780
491.24562281 2.53119028 1.53663758
492.24612306 2.51983817 1.53847261
493.24662331 2.50968083 1.53636476
494.24712356 2.50712704 1.54187813
495.24762381 2.49239880 1.53839881
496.24812406 2.48307300 1.53482312
497.24862431 2.47318788 1.53127884
498.24912456 2.45574731 1.52516784
499.24962481 2.44405513 1.52221717
500.25012506 2.43298899 1.52073618
501.25062531 2.42807402 1.51689461
502.25112556 2.41757791 1.51735240
503.25162581 2.41251005 1.52049796
504.25212606 2.39885683 1.51729876
505.25262631 2.38877970 1.51524811
506.25312656 2.38374080 1.51486424
507.25362681 2.37738834 1.50827146
508.25412706 2.37157592 1.50952929
509.25462731 2.35930201 1.50299370
510.25512756 2.34462866 1.49540012
511.25562781 2.34293615 1.49602210
512.25612806 2.33515984 1.49656557
513.25662831 2.32550763 1.49568411
514.25712856 2.31803357 1.49287398
515.25762881 2.31030087 1.49537022
516.25812906 2.30014589 1.49124415
517.25862931 2.29259882 1.49075998
518.25912956 2.28050890 1.48492668
519.25962981 2.26707687 1.47991875
520.26013007 2.25485234 1.46391141
521.26063032 2.25103214 1.46437529
522.26113057 2.24604302 1.46468855
523.26163082 2.23894852 1.46394343
524.26213107 2.22914998 1.46218214
525.26263132 2.21988734 1.45356776
526.26313157 2.20966220 1.45316502
527.26363182 2.20190341 1.45024770
528.26413207 2.19209284 1.44949346
529.26463232 2.18148424 1.44942726
530.26513257 2.17141832 1.44744136
531.26563282 2.17053741 1.44469355
532.26613307 2.16651133 1.44329884
533.26663332 2.15513400 1.44154734
534.26713357 2.14976538 1.44224184
535.26763382 2.13622583 1.43927967
536.26813407 2.13033683 1.43922726
537.26863432 2.11738761 1.42960965
538.26913457 2.10987256 1.42979157
539.26963482 2.09530201 1.42304047
540.27013507 2.08922274 1.42147794
541.27063532 2.07913160 1.41824527
542.27113557 2.07130778 1.42090809
543.27163582 2.06446135 1.41689249
544.27213607 2.05199663 1.41264453
545.27263632 2.04652945 1.41038656
546.27313657 2.03967397 1.41041722
547.27363682 2.02687314 1.40152126
548.27413707 2.01953804 1.40316915
549.27463732 2.01092778 1.40461917
550.27513757 2.00381906 1.40456616
551.27563782 1.99424740 1.40048782
552.27613807 1.98216182 1.39756649
553.27663832 1.97255459 1.38521885
554.27713857 1.96891929 1.38454971
555.27763882 1.96077325 1.38378067
556.27813907 1.94775688 1.37730138
557.27863932 1.94248850 1.37849580
558.27913957 1.93400372 1.37800705
559.27963982 1.92729075 1.37594790
560.28014007 1.91981582 1.37366834
561.28064032 1.91264843 1.37112630
562.28114057 1.90725298 1.36985840
563.28164082 1.90116529 1.36751628
564.28214107 1.89121810 1.35714762
565.28264132 1.88533019 1.35428375
566.28314157 1.87437798 1.34987304
567.28364182 1.86985124 1.35022415
568.28414207 1.86155549 1.35198699
569.28464232 1.85466258 1.35233175
570.28514257 1.84446823 1.34438479
571.28564282 1.83513020 1.33489885
572.28614307 1.83093538 1.33888968
573.28664332 1.82377027 1.34323329
574.28714357 1.81340254 1.33778004
575.28764382 1.80318557 1.33204748
576.28814407 1.79538228 1.32986619
577.28864432 1.78690444 1.32902636
578.28914457 1.77742161 1.32596386
579.28964482 1.76811859 1.31657730
580.29014507 1.76038330 1.31408478
581.29064532 1.75441807 1.31200751
582.29114557 1.74461036 1.30335094
583.29164582 1.73461872 1.29887244
584.29214607 1.72892287 1.29450087
585.29264632 1.72001930 1.29076027
586.29314657 1.71343052 1.29393636
587.29364682 1.70638353 1.29374008
588.29414707 1.69840964 1.29163860
589.29464732 1.68945891 1.29031533
590.29514757 1.67731641 1.28340770
591.29564782 1.67366667 1.28339152
592.29614807 1.66925131 1.28578634
593.29664832 1.66284000 1.28431537
594.29714857 1.65590267 1.28224569
595.29764882 1.65068647 1.28141718
596.29814907 1.64326482 1.27829976
597.29864932 1.63934930 1.27844167
598.29914957 1.63493262 1.27670936
599.29964982 1.62852955 1.27486380
600.30015008 1.61843117 1.27048538
601.30065033 1.61098392 1.26840284
602.30115058 1.60621138 1.26861825
603.30165083 1.59724505 1.26505497
604.30215108 1.59130491 1.26690383
605.30265133 1.58551665 1.26390326
606.30315158 1.57932927 1.26157638
607.30365183 1.56775805 1.24825259
608.30415208 1.56379698 1.24614508
609.30465233 1.55255439 1.23737496
610.30515258 1.54452664 1.22825410
611.30565283 1.54022608 1.22836612
612.30615308 1.53583488 1.22841476
613.30665333 1.52675065 1.22509811
614.30715358 1.51849647 1.21723209
615.30765383 1.50981453 1.21371834
616.30815408 1.50034408 1.20919501
617.30865433 1.48848007 1.20441688
618.30915458 1.48649887 1.20607745
619.30965483 1.47782991 1.19813661
620.31015508 1.46967763 1.18879424
621.31065533 1.46365424 1.18901609
622.31115558 1.46228949 1.19603869
623.31165583 1.45678132 1.19565714
624.31215608 1.45336696 1.19583262
625.31265633 1.44998907 1.19421069
626.31315658 1.44336765 1.18974251
627.31365683 1.43604608 1.18715766
628.31415708 1.43078994 1.18758934
629.31465733 1.42426145 1.18363818
630.31515758 1.41965811 1.18169684
631.31565783 1.41171875 1.17212510
632.31615808 1.40553684 1.16539434
633.31665833 1.39942048 1.16468806
634.31715858 1.39450151 1.16010977
635.31765883 1.38480962 1.15572375
636.31815908 1.37484651 1.14337256
637.31865933 1.36985702 1.13935700
638.31915958 1.35974431 1.12966884
639.31965983 1.35250411 1.12474766
640.32016008 1.35038051 1.12658124
641.32066033 1.34602446 1.12514862
642.32116058 1.34012130 1.12261942
643.32166083 1.33781712 1.12335643
644.32216108 1.33239834 1.11954484
645.32266133 1.32746479 1.12054224
646.32316158 1.32509167 1.11951601
647.32366183 1.32005946 1.11953101
648.32416208 1.31266144 1.11385473
649.32466233 1.30545955 1.11099168
650.32516258 1.29334953 1.09964479
651.32566283 1.28935469 1.09974190
652.32616308 1.28719527 1.09725821
653.32666333 1.28046033 1.09589570
654.32716358 1.27379170 1.09618155
655.32766383 1.26913559 1.08987187
656.32816408 1.26565697 1.08751287
657.32866433 1.25690783 1.08141716
658.32916458 1.25161277 1.08288487
659.32966483 1.24672766 1.07669587
660.33016508 1.24037176 1.07355255
661.33066533 1.23079086 1.06650666
662.33116558 1.22688817 1.06625762
663.33166583 1.22207592 1.06686338
664.33216608 1.21715072 1.06475537
665.33266633 1.20780233 1.06268431
666.33316658 1.20013690 1.05845635
667.33366683 1.19865143 1.05835345
668.33416708 1.19224357 1.05327856
669.33466733 1.18668971 1.04936315
670.33516758 1.17975353 1.04847461
671.33566783 1.16871991 1.04056866
672.33616808 1.16207538 1.03610349
673.33666833 1.15465409 1.03433009
674.33716858 1.15209289 1.03033563
675.33766883 1.14476827 1.02604453
676.33816908 1.14206656 1.02605827
677.33866933 1.13612075 1.02164817
678.33916958 1.13165585 1.01803593
679.33966983 1.12966006 1.01903903
680.34017009 1.12340764 1.01604997
681.34067034 1.11581019 1.01585075
682.34117059 1.10889547 1.01246714
683.34167084 1.10285498 1.00963807
684.34217109 1.09869166 1.00919793
685.34267134 1.09558932 1.01160214
686.34317159 1.09454729 1.00964483
687.34367184 1.08684103 1.00522138
688.34417209 1.08173578 1.00002942
689.34467234 1.07708375 0.99821566
690.34517259 1.07359504 0.99802873
691.34567284 1.07005780 0.99725361
692.34617309 1.06832330 0.99604508
693.34667334 1.06319827 0.99357917
694.34717359 1.06238105 0.99315766
695.34767384 1.05734068 0.99289972
696.34817409 1.05005556 0.98971691
697.34867434 1.04413331 0.98911129
698.34917459 1.03839193 0.98460909
699.34967484 1.03419110 0.98473854
700.35017509 1.02975928 0.98049827
701.35067534 1.02169238 0.97427830
702.35117559 1.02095541 0.97639364
703.35167584 1.01955445 0.97479278
704.35217609 1.01427196 0.97201475
705.35267634 1.00869262 0.96682054
706.35317659 1.00260485 0.96275867
707.35367684 0.99860086 0.96158330
708.35417709 0.99596291 0.96053110
709.35467734 0.99051343 0.95100602
710.35517759 0.98481133 0.94798794
711.35567784 0.97818839 0.94166843
712.35617809 0.97483073 0.94045414
713.35667834 0.97036950 0.93978962
714.35717859 0.96865965 0.94181463
715.35767884 0.96333546 0.93488485
716.35817909 0.95957388 0.93422878
717.35867934 0.95422853 0.93235552
718.35917959 0.95081177 0.93004102
719.35967984 0.94557273 0.92737830
720.36018009 0.94376347 0.92541167
721.36068034 0.93983838 0.92266043
722.36118059 0.93430011 0.91652525
723.36168084 0.92880574 0.91502510
724.36218109 0.92385884 0.91304546
725.36268134 0.91967162 0.91117188
726.36318159 0.91567761 0.91117247
727.36368184 0.91187013 0.91034232
728.36418209 0.90695156 0.90889392
729.36468234 0.90325773 0.90853930
730.36518259 0.90038936 0.90903091
731.36568284 0.89858959 0.90834657
732.36618309 0.89360572 0.90415175
733.36668334 0.88982472 0.90320569
734.36718359 0.88498479 0.90076700
735.36768384 0.88205908 0.89879224
736.36818409 0.87937504 0.89586199
737.36868434 0.87810076 0.89586367
738.36918459 0.87198290 0.88960459
739.36968484 0.86855584 0.88860002
740.37018509 0.86508447 0.88644655
741.37068534 0.85828728 0.87981889
742.37118559 0.85370442 0.87855465
743.37168584 0.84834608 0.87328673
744.37218609 0.84202560 0.86836149
745.37268634 0.83699629 0.86572771
746.37318659 0.83218391 0.86103972
747.37368684 0.82795951 0.86119607
748.37418709 0.82298675 0.85903098
749.37468734 0.81958672 0.85598143
750.37518759 0.81484720 0.85641576
751.37568784 0.80679237 0.85143884
752.37618809 0.80375666 0.84935040
753.37668834 0.79964009 0.84897068
754.37718859 0.79718195 0.84964130
755.37768884 0.79471154 0.84695358
756.37818909 0.79420268 0.84495418
757.37868934 0.78896213 0.84076774
758.37918959 0.78584985 0.84041100
759.37968984 0.78130628 0.83958091
760.38019010 0.77975591 0.84072238
761.38069035 0.77590395 0.83930758
762.38119060 0.76956853 0.83397316
763.38169085 0.76633882 0.83080559
764.38219110 0.75870772 0.82129077
765.38269135 0.75557005 0.82029827
766.38319160 0.75737771 0.82183618
767.38369185 0.75281068 0.81503553
768.38419210 0.74870713 0.81345126
769.38469235 0.74639502 0.81453983
770.38519260 0.74053499 0.80465432
771.38569285 0.73849550 0.80512870
772.38619310 0.73356939 0.80328957
773.38669335 0.72947483 0.80139889
774.38719360 0.72595371 0.80080191
775.38769385 0.72258761 0.79612060
776.38819410 0.72089296 0.79350201
777.38869435 0.72073981 0.79968748
778.38919460 0.71738369 0.79268469
779.38969485 0.71538686 0.79863318
780.39019510 0.71125187 0.79322816
781.39069535 0.70971342 0.79387785
782.39119560 0.70698822 0.79522989
783.39169585 0.70211723 0.78934549
784.39219610 0.69970419 0.78937050
785.39269635 0.69584137 0.78550920
786.39319660 0.69306451 0.78253826
787.39369685 0.69224579 0.78325732
788.39419710 0.68632711 0.77088147
789.39469735 0.68051748 0.76538598
790.39519760 0.67681832 0.76478541
791.39569785 0.67372247 0.75774978
792.39619810 0.66962928 0.75551588
793.39669835 0.66640758 0.75577855
794.39719860 0.66396784 0.75336056
795.39769885 0.66154842 0.75241411
796.39819910 0.65789818 0.75067861
797.39869935 0.65300248 0.74750780
798.39919960 0.65142295 0.74761981
799.39969985 0.64640421 0.74063917
800.40020010 0.64253405 0.73841539
801.40070035 0.64039826 0.73806872
802.40120060 0.63952304 0.73461346
803.40170085 0.63770320 0.73591638
804.40220110 0.63158117 0.73066282
805.40270135 0.62984376 0.72955441
806.40320160 0.62703699 0.72725148
807.40370185 0.62331110 0.72472650
808.40420210 0.62122431 0.72232815
809.40470235 0.61936050 0.72191365
810.40520260 0.61694096 0.72124477
811.40570285 0.61466123 0.72026751
812.40620310 0.61264281 0.71597603
813.40670335 0.60811946 0.71451676
814.40720360 0.60551258 0.71232160
815.40770385 0.60383659 0.70943301
816.40820410 0.60217964 0.70929503
817.40870435 0.60267487 0.70990821
818.40920460 0.60037143 0.70858879
819.40970485 0.59786848 0.70665748
820.41020510 0.59442723 0.70522222
821.41070535 0.59267155 0.70307566
822.41120560 0.58750106 0.69905044
823.41170585 0.58109686 0.69643762
824.41220610 0.57376117 0.68854353
825.41270635 0.57148743 0.68807434
826.41320660 0.56933663 0.68596429
827.41370685 0.56633710 0.68204956
828.41420710 0.56756217 0.69424073
829.41470735 0.56441153 0.69211308
830.41520760 0.56022006 0.68967789
831.41570785 0.55907474 0.69007723
832.41620810 0.55445229 0.68507880
833.41670835 0.55044332 0.68287775
834.41720860 0.54808086 0.68148915
835.41770885 0.54685815 0.68094737
836.41820910 0.54330097 0.67814582
837.41870935 0.54181715 0.67769421
838.41920960 0.53839575 0.67245891
839.41970985 0.53578732 0.67349653
840.42021011 0.53451971 0.67601924
841.42071036 0.53524690 0.67525628
842.42121061 0.53285779 0.67375186
843.42171086 0.53161142 0.67485142
844.42221111 0.53093919 0.67191718
845.42271136 0.52916255 0.66897166
846.42321161 0.52485396 0.65627419
847.42371186 0.52394076 0.65709390
848.42421211 0.52083748 0.65563357
849.42471236 0.52012458 0.65375763
850.42521261 0.51572235 0.64596391
851.42571286 0.51299017 0.64369218
852.42621311 0.51016162 0.64321846
853.42671336 0.50855798 0.64201453
854.42721361 0.50630338 0.63820279
855.42771386 0.50420511 0.63651774
856.42821411 0.50254654 0.63569433
857.42871436 0.50213862 0.63420212
858.42921461 0.49985921 0.63232670
859.42971486 0.49810228 0.63142528
860.43021511 0.49551417 0.62951757
861.43071536 0.49307409 0.62720627
862.43121561 0.49020115 0.62136219
863.43171586 0.48638714 0.61300110
864.43221611 0.48228203 0.60861003
865.43271636 0.48163957 0.60990196
866.43321661 0.47791464 0.60653686
867.43371686 0.47489360 0.60367439
868.43421711 0.47370870 0.60207915
869.43471736 0.46953643 0.60260083
870.43521761 0.46565966 0.59414091
871.43571786 0.46266212 0.59062325
872.43621811 0.46152054 0.59069952
873.43671836 0.45973114 0.58779052
874.43721861 0.46121553 0.58943118
875.43771886 0.45803300 0.58794719
876.43821911 0.45519428 0.58627028
877.43871936 0.45345035 0.58446965
878.43921961 0.45012972 0.58305916
879.43971986 0.44827276 0.58114941
880.44022011 0.44627623 0.57875464
881.44072036 0.44755666 0.58368323
882.44122061 0.44531098 0.58241908
883.44172086 0.44135794 0.57788375
884.44222111 0.44008085 0.57815788
885.44272136 0.43844199 0.57745417
886.44322161 0.43498606 0.57552409
887.44372186 0.43292351 0.57409753
888.44422211 0.43045544 0.57164476
889.44472236 0.42765743 0.56951385
890.44522261 0.42635242 0.56883485
891.44572286 0.42605226 0.56878058
892.44622311 0.42269873 0.56510674
893.44672336 0.42088008 0.56350268
894.44722361 0.41905820 0.56176360
895.44772386 0.41612004 0.55836681
896.44822411 0.41485309 0.55760897
897.44872436 0.40926042 0.55300534
898.44922461 0.40672609 0.55403004
899.44972486 0.40520274 0.55382074
900.45022511 0.40297391 0.55186770
901.45072536 0.40118016 0.54934881
902.45122561 0.39972241 0.54970622
903.45172586 0.39817765 0.54714897
904.45222611 0.39687204 0.54296539
905.45272636 0.39378607 0.54074600
906.45322661 0.38925094 0.53069652
907.45372686 0.38682747 0.52984237
908.45422711 0.38421693 0.52648385
909.45472736 0.38282467 0.52367003
910.45522761 0.38207615 0.52345334
911.45572786 0.38020744 0.52308709
912.45622811 0.37739540 0.52042317
913.45672836 0.37688958 0.51975341
914.45722861 0.37477875 0.51312043
915.45772886 0.37329610 0.51247517
916.45822911 0.37141615 0.51184157
917.45872936 0.37028714 0.50992470
918.45922961 0.36893268 0.50969595
919.45972986 0.36809716 0.51013254
920.46023012 0.36794682 0.50927718
921.46073037 0.36483328 0.50631142
922.46123062 0.36319856 0.50539163
923.46173087 0.36210632 0.50276976
924.46223112 0.36034440 0.50134824
925.46273137 0.35786657 0.49771313
926.46323162 0.35471931 0.49069852
927.46373187 0.35325019 0.48944353
928.46423212 0.35354635 0.49231901
929.46473237 0.35023822 0.48796011
930.46523262 0.34902796 0.48531580
931.46573287 0.34668058 0.48158991
932.46623312 0.34517674 0.48138948
933.46673337 0.34250653 0.47614490
934.46723362 0.34011624 0.47148294
935.46773387 0.33793263 0.46995408
936.46823412 0.33450296 0.46325841
937.46873437 0.33218206 0.46069623
938.46923462 0.33053806 0.46031306
939.46973487 0.32890157 0.46124512
940.47023512 0.32605061 0.45702503
941.47073537 0.32363977 0.45536875
942.47123562 0.32268168 0.45481063
943.47173587 0.32107370 0.45083587
944.47223612 0.31943940 0.45136050
945.47273637 0.31808263 0.45045940
946.47323662 0.31674246 0.44901152
947.47373687 0.31464598 0.44844109
948.47423712 0.31185810 0.44618491
949.47473737 0.30977514 0.44312724
950.47523762 0.30897489 0.44427910
951.47573787 0.30918137 0.44415131
952.47623812 0.30786184 0.44325568
953.47673837 0.30652813 0.44130978
954.47723862 0.30448642 0.43482434
955.47773887 0.30248281 0.43187099
956.47823912 0.30055473 0.42962200
957.47873937 0.29830685 0.42470230
958.47923962 0.29697104 0.42311615
959.47973987 0.29479562 0.41878012
960.48024012 0.29340579 0.41769485
961.48074037 0.29208218 0.41668781
962.48124062 0.29010629 0.41152475
963.48174087 0.28960638 0.41313821
964.48224112 0.28872747 0.40746703
965.48274137 0.28751427 0.40798091
966.48324162 0.28563677 0.40709935
967.48374187 0.28412670 0.40625155
968.48424212 0.28262242 0.40469304
969.48474237 0.28146996 0.40277409
970.48524262 0.28026336 0.40239687
971.48574287 0.27976918 0.40283735
972.48624312 0.27895653 0.40241713
973.48674337 0.27764236 0.39890429
974.48724362 0.27639274 0.39610301
975.48774387 0.27352430 0.39514302
976.48824412 0.27227246 0.39411987
977.48874437 0.27075170 0.39257490
978.48924462 0.26962445 0.39121912
979.48974487 0.26687761 0.38951313
980.49024512 0.26702390 0.39080727
981.49074537 0.26565244 0.38954428
982.49124562 0.26466983 0.38847488
983.49174587 0.26228356 0.38720801
984.49224612 0.26263706 0.38775301
985.49274637 0.26163701 0.38672483
986.49324662 0.26121490 0.38577448
987.49374687 0.25938060 0.38418876
988.49424712 0.25791239 0.38389118
989.49474737 0.25652521 0.38307290
990.49524762 0.25384712 0.38110147
991.49574787 0.25290002 0.38050884
992.49624812 0.25167518 0.37924274
993.49674837 0.25098957 0.37878934
994.49724862 0.24924895 0.37727662
995.49774887 0.24866303 0.37632339
996.49824912 0.24717112 0.37493593
997.49874937 0.24626144 0.37382259
998.49924962 0.24454481 0.37238639
999.49974987 0.24370711 0.37173346
1000.50025013 0.24300276 0.37125460
1001.50075038 0.24203681 0.37121982
1002.50125063 0.24143814 0.37075200
1003.50175088 0.23845335 0.36753352
1004.50225113 0.23734040 0.36590303
1005.50275138 0.23721304 0.36657033
1006.50325163 0.23605469 0.36512625
1007.50375188 0.23510667 0.36429161
1008.50425213 0.23489115 0.36328076
1009.50475238 0.23459767 0.36319104
1010.50525263 0.23342181 0.36267269
1011.50575288 0.23254778 0.36182370
1012.50625313 0.23180079 0.36085969
1013.50675338 0.23017801 0.35958666
1014.50725363 0.22823648 0.35903825
1015.50775388 0.22740571 0.35825408
1016.50825413 0.22633605 0.35579169
1017.50875438 0.22611559 0.35595434
1018.50925463 0.22535935 0.35506472
1019.50975488 0.22424871 0.35363459
1020.51025513 0.22265462 0.35034230
1021.51075538 0.22152867 0.34972131
1022.51125563 0.22071172 0.34928496
1023.51175588 0.21970659 0.34847920
1024.51225613 0.21852394 0.34602386
1025.51275638 0.21735081 0.34328307
1026.51325663 0.21644864 0.34202234
1027.51375688 0.21524855 0.34095133
1028.51425713 0.21456926 0.34010537
1029.51475738 0.21373744 0.33381853
1030.51525763 0.21307932 0.33270831
1031.51575788 0.21305206 0.33380447
1032.51625813 0.21224454 0.33324947
1033.51675838 0.21069106 0.32971056
1034.51725863 0.20982349 0.32858308
1035.51775888 0.20847792 0.32678315
1036.51825913 0.20727794 0.32541062
1037.51875938 0.20651518 0.32531591
1038.51925963 0.20544915 0.32469843
1039.51975988 0.20409199 0.32252389
1040.52026013 0.20297707 0.32053853
1041.52076038 0.20181510 0.31917460
1042.52126063 0.20145392 0.31882223
1043.52176088 0.20108801 0.31861670
1044.52226113 0.20023380 0.31979792
1045.52276138 0.19911481 0.31830877
1046.52326163 0.19838398 0.31703460
1047.52376188 0.19773966 0.31696249
1048.52426213 0.19718506 0.31681472
1049.52476238 0.19672303 0.31560949
1050.52526263 0.19570917 0.31424225
1051.52576288 0.19465973 0.31277964
1052.52626313 0.19370037 0.31189520
1053.52676338 0.19317960 0.31120509
1054.52726363 0.19237456 0.30974742
1055.52776388 0.19072540 0.30672206
1056.52826413 0.18973874 0.30573478
1057.52876438 0.18916481 0.30628568
1058.52926463 0.18789056 0.30291174
1059.52976488 0.18666851 0.30042611
1060.53026513 0.18748754 0.30314379
1061.53076538 0.18684041 0.30489446
1062.53126563 0.18564299 0.30256745
1063.53176588 0.18491664 0.30185576
1064.53226613 0.18437054 0.30137424
1065.53276638 0.18409061 0.30124872
1066.53326663 0.18333618 0.30029485
1067.53376688 0.18183983 0.29829973
1068.53426713 0.18108742 0.29604128
1069.53476738 0.18096192 0.29543980
1070.53526763 0.17971995 0.29423791
1071.53576788 0.17890255 0.29431509
1072.53626813 0.17799068 0.29328931
1073.53676838 0.17709072 0.29285696
1074.53726863 0.17643163 0.29154689
1075.53776888 0.17588594 0.28917961
1076.53826913 0.17497444 0.28717034
1077.53876938 0.17456737 0.28765413
1078.53926963 0.17378401 0.28621246
1079.53976988 0.17291673 0.28469358
1080.54027014 0.17166096 0.28131732
1081.54077039 0.17130088 0.28165487
1082.54127064 0.17184764 0.28104418
1083.54177089 0.17071630 0.28100906
1084.54227114 0.16996153 0.28040220
1085.54277139 0.16913308 0.28006195
1086.54327164 0.16811059 0.27855397
1087.54377189 0.16737603 0.27689997
1088.54427214 0.16718830 0.27675580
1089.54477239 0.16661697 0.27591754
1090.54527264 0.16558940 0.27485149
1091.54577289 0.16486247 0.27465370
1092.54627314 0.16416525 0.27381053
1093.54677339 0.16271154 0.27232850
1094.54727364 0.16226425 0.27164651
1095.54777389 0.16029193 0.26776043
1096.54827414 0.15951664 0.26680823
1097.54877439 0.15840953 0.26602435
1098.54927464 0.15923077 0.26695550
1099.54977489 0.15831187 0.26549368
1100.55027514 0.15681443 0.26337989
1101.55077539 0.15594316 0.26209134
1102.55127564 0.15532340 0.26161200
1103.55177589 0.15483794 0.26101645
1104.55227614 0.15417075 0.26021916
1105.55277639 0.15325033 0.25982784
1106.55327664 0.15186447 0.25892221
1107.55377689 0.15091191 0.25673721
1108.55427714 0.15020882 0.25548813
1109.55477739 0.14858104 0.24966279
1110.55527764 0.14783796 0.24865687
1111.55577789 0.14714485 0.24750899
1112.55627814 0.14667041 0.24718550
1113.55677839 0.14610247 0.24526170
1114.55727864 0.14508840 0.24203661
1115.55777889 0.14409412 0.24036322
1116.55827914 0.14344708 0.23968366
1117.55877939 0.14299331 0.23950112
1118.55927964 0.14273036 0.23929737
1119.55977989 0.14225737 0.23878252
1120.56028014 0.14033411 0.23400450
1121.56078039 0.13941102 0.23272239
1122.56128064 0.13806015 0.23029664
1123.56178089 0.13741694 0.22983181
1124.56228114 0.13641715 0.22807180
1125.56278139 0.13580927 0.22715956
1126.56328164 0.13556209 0.22729793
1127.56378189 0.13530386 0.22788679
1128.56428214 0.13423687 0.22594761
1129.56478239 0.13342883 0.22496464
1130.56528264 0.13190025 0.22209253
1131.56578289 0.13020277 0.22061165
1132.56628314 0.12943554 0.21936779
1133.56678339 0.12883160 0.21892584
1134.56728364 0.12813747 0.21794258
1135.56778389 0.12806669 0.21734048
1136.56828414 0.12757713 0.21654822
1137.56878439 0.12711116 0.21613645
1138.56928464 0.12643654 0.21544101
1139.56978489 0.12573089 0.21481963
1140.57028514 0.12521919 0.21407769
1141.57078539 0.12501117 0.21321967
1142.57128564 0.12389317 0.21194375
1143.57178589 0.12255507 0.20877101
1144.57228614 0.12204612 0.20846682
1145.57278639 0.12134758 0.20713802
1146.57328664 0.12064645 0.20693331
1147.57378689 0.11956834 0.20362513
1148.57428714 0.11877625 0.20337478
1149.57478739 0.11796661 0.20092996
1150.57528764 0.11784220 0.20110423
1151.57578789 0.11719828 0.19969953
1152.57628814 0.11655963 0.19948331
1153.57678839 0.11584795 0.19896677
1154.57728864 0.11542755 0.19772758
1155.57778889 0.11459740 0.19719353
1156.57828914 0.11385116 0.19552560
1157.57878939 0.11378108 0.19701326
1158.57928964 0.11314558 0.19588551
1159.57978989 0.11265760 0.19524299
1160.58029015 0.11192845 0.19391358
1161.58079040 0.11161629 0.19391583
1162.58129065 0.11108979 0.19263972
1163.58179090 0.11049607 0.19197727
1164.58229115 0.11011431 0.19058806
1165.58279140 0.10855249 0.18655936
1166.58329165 0.10802932 0.18578473
1167.58379190 0.10717712 0.18414657
1168.58429215 0.10699312 0.18471261
1169.58479240 0.10651807 0.18421133
1170.58529265 0.10626166 0.18402886
1171.58579290 0.10544174 0.18290155
1172.58629315 0.10483338 0.18198636
1173.58679340 0.10430745 0.18091559
1174.58729365 0.10437762 0.18280600
1175.58779390 0.10374233 0.18077895
1176.58829415 0.10330636 0.17983169
1177.58879440 0.10272431 0.17874733
1178.58929465 0.10225278 0.17846496
1179.58979490 0.10159286 0.17773410
1180.59029515 0.10105919 0.17702490
1181.59079540 0.10073545 0.17616336
1182.59129565 0.10024906 0.17508463
1183.59179590 0.09887138 0.17390131
1184.59229615 0.09821294 0.17331641
1185.59279640 0.09780604 0.17282335
1186.59329665 0.09730476 0.17167163
1187.59379690 0.09685800 0.17118443
1188.59429715 0.09651231 0.17072553
1189.59479740 0.09663978 0.17119662
1190.59529765 0.09612004 0.17060246
1191.59579790 0.09469736 0.16509376
1192.59629815 0.09452487 0.16463506
1193.59679840 0.09374258 0.16378759
1194.59729865 0.09256129 0.16103739
1195.59779890 0.09184482 0.15989355
1196.59829915 0.09145505 0.15985538
1197.59879940 0.09112187 0.15904656
1198.59929965 0.08900014 0.15212442
1199.59979990 0.08821895 0.14962084
1200.60030015 0.08773414 0.14909225
1201.60080040 0.08737230 0.14866130
1202.60130065 0.08666588 0.14757027
1203.60180090 0.08590937 0.14667932
1204.60230115 0.08590811 0.14679762
1205.60280140 0.08582012 0.14690926
1206.60330165 0.08556129 0.14622643
1207.60380190 0.08494602 0.14518043
1208.60430215 0.08449513 0.14469125
1209.60480240 0.08446705 0.14534805
1210.60530265 0.08373288 0.14439469
1211.60580290 0.08345375 0.14375280
1212.60630315 0.08358913 0.14324405
1213.60680340 0.08318309 0.14315784
1214.60730365 0.08340205 0.14318633
1215.60780390 0.08317834 0.14279693
1216.60830415 0.08283893 0.14209846
1217.60880440 0.08228128 0.14132574
1218.60930465 0.08165704 0.14032803
1219.60980490 0.08115641 0.13953555
1220.61030515 0.08076705 0.13902202
1221.61080540 0.08048643 0.13874320
1222.61130565 0.08069890 0.13839796
1223.61180590 0.08014323 0.13764387
1224.61230615 0.07919843 0.13414285
1225.61280640 0.07897549 0.13433029
1226.61330665 0.07846824 0.13319205
1227.61380690 0.07827897 0.13307245
1228.61430715 0.07796437 0.13242669
1229.61480740 0.07755606 0.13210141
1230.61530765 0.07731447 0.13184113
1231.61580790 0.07633533 0.12987787
1232.61630815 0.07726899 0.13133688
1233.61680840 0.07732023 0.13151568
1234.61730865 0.07805544 0.13315079
1235.61780890 0.07543014 0.12773042
1236.61830915 0.07574633 0.12912365
1237.61880940 0.07644753 0.13090209
1238.61930965 0.07538712 0.12879457
1239.61980990 0.07472486 0.12779119
1240.62031016 0.07439828 0.12716870
1241.62081041 0.07386670 0.12578513
1242.62131066 0.07349183 0.12543025
1243.62181091 0.07296049 0.12482901
1244.62231116 0.07406962 0.12718430
1245.62281141 0.07363301 0.12664654
1246.62331166 0.07330186 0.12617510
1247.62381191 0.07280950 0.12555921
1248.62431216 0.07261353 0.12546928
1249.62481241 0.07200737 0.12457947
1250.62531266 0.07175082 0.12412172
1251.62581291 0.07122888 0.12344937
1252.62631316 0.07091254 0.12269058
1253.62681341 0.07091450 0.12252504
1254.62731366 0.07084130 0.12252927
1255.62781391 0.07065615 0.12243113
1256.62831416 0.07006960 0.12160079
1257.62881441 0.07121343 0.12440010
1258.62931466 0.07101955 0.12482110
1259.62981491 0.07056055 0.12400842
1260.63031516 0.07070350 0.12481117
1261.63081541 0.07035086 0.12388535
1262.63131566 0.06975045 0.12273309
1263.63181591 0.06905842 0.12188333
1264.63231616 0.06890779 0.12234685
1265.63281641 0.06866827 0.12210650
1266.63331666 0.06857712 0.12156789
1267.63381691 0.06813316 0.12078366
1268.63431716 0.06776454 0.12043168
1269.63481741 0.06751044 0.11990078
1270.63531766 0.06717211 0.11965107
1271.63581791 0.06690277 0.11926092
1272.63631816 0.06645613 0.11842635
1273.63681841 0.06610141 0.11804743
1274.63731866 0.06581590 0.11777287
1275.63781891 0.06559219 0.11762645
1276.63831916 0.06582915 0.11875842
1277.63881941 0.06526772 0.11791860
1278.63931966 0.06505133 0.11699146
1279.63981991 0.06425610 0.11519635
1280.64032016 0.06425563 0.11546722
1281.64082041 0.06391686 0.11545650
1282.64132066 0.06372995 0.11469158
1283.64182091 0.06351429 0.11454770
1284.64232116 0.06304964 0.11374978
1285.64282141 0.06289093 0.11349851
1286.64332166 0.06196321 0.11227908
1287.64382191 0.06163518 0.11177051
1288.64432216 0.06150148 0.11250414
1289.64482241 0.06097912 0.11125667
1290.64532266 0.06070155 0.11101507
1291.64582291 0.06057508 0.11083767
1292.64632316 0.06038010 0.11105835
1293.64682341 0.05998340 0.11063845
1294.64732366 0.06007195 0.11136366
1295.64782391 0.06121616 0.11559014
1296.64832416 0.06128661 0.11595798
1297.64882441 0.06075301 0.11476707
1298.64932466 0.06068287 0.11486986
1299.64982491 0.05950599 0.11236179
1300.65032516 0.05950652 0.11249021
1301.65082541 0.05912785 0.11143217
1302.65132566 0.05891482 0.11128519
1303.65182591 0.05862520 0.11033927
1304.65232616 0.05844090 0.11047216
1305.65282641 0.05817560 0.11012760
1306.65332666 0.05638258 0.10297309
1307.65382691 0.05602825 0.10210717
1308.65432716 0.05550484 0.10131330
1309.65482741 0.05523328 0.10052785
1310.65532766 0.05620714 0.10757502
1311.65582791 0.05599244 0.10717183
1312.65632816 0.05604368 0.10721268
1313.65682841 0.05567766 0.10575474
1314.65732866 0.05525710 0.10464012
1315.65782891 0.05521348 0.10508053
1316.65832916 0.05507622 0.10557155
1317.65882941 0.05473459 0.10514063
1318.65932966 0.05422476 0.10375228
1319.65982991 0.05400965 0.10316653
1320.66033017 0.05367035 0.10300022
1321.66083042 0.05357521 0.10304248
1322.66133067 0.05348494 0.10293037
1323.66183092 0.05437978 0.10562638
1324.66233117 0.05405584 0.10542557
1325.66283142 0.05374546 0.10505639
1326.66333167 0.05295650 0.10390439
1327.66383192 0.05291124 0.10354792
1328.66433217 0.05274271 0.10391913
1329.66483242 0.05398346 0.10930895
1330.66533267 0.05395809 0.11011624
1331.66583292 0.05410856 0.11054831
1332.66633317 0.05392765 0.10994823
1333.66683342 0.05355183 0.10885007
1334.66733367 0.05352701 0.10912183
1335.66783392 0.05377312 0.11099311
1336.66833417 0.05331396 0.10990082
1337.66883442 0.05324182 0.11017155
1338.66933467 0.05297705 0.10910201
1339.66983492 0.05290435 0.11016657
1340.67033517 0.05268158 0.11043322
1341.67083542 0.05267519 0.11111312
1342.67133567 0.05244284 0.11074900
1343.67183592 0.05200658 0.10938400
1344.67233617 0.05184265 0.10916923
1345.67283642 0.05041768 0.10352005
1346.67333667 0.05033785 0.10371958
1347.67383692 0.04985755 0.10338392
1348.67433717 0.04979447 0.10376362
1349.67483742 0.04937410 0.10276642
1350.67533767 0.04892831 0.10273405
1351.67583792 0.04864738 0.10181152
1352.67633817 0.04856177 0.10210639
1353.67683842 0.04858222 0.10208561
1354.67733867 0.04829291 0.10176700
1355.67783892 0.04792799 0.10114951
1356.67833917 0.04787185 0.10130649
1357.67883942 0.04775136 0.10113039
1358.67933967 0.04749063 0.10062747
1359.67983992 0.04906440 0.10737128
1360.68034017 0.04866035 0.10651854
1361.68084042 0.04873481 0.10710246
1362.68134067 0.04862250 0.10739900
1363.68184092 0.04805845 0.10489804
1364.68234117 0.04814214 0.10449840
1365.68284142 0.04872804 0.10578346
1366.68334167 0.04880975 0.10576560
1367.68384192 0.04909646 0.10542727
1368.68434217 0.04886277 0.10550516
1369.68484242 0.04873686 0.10528795
1370.68534267 0.04930365 0.10682378
1371.68584292 0.04910590 0.10701732
1372.68634317 0.04909998 0.10743957
1373.68684342 0.04908312 0.10753429
1374.68734367 0.04848961 0.10617010
1375.68784392 0.04829770 0.10641275
1376.68834417 0.04822970 0.10633912
1377.68884442 0.04802479 0.10581796
1378.68934467 0.04783038 0.10571686
1379.68984492 0.04760892 0.10544721
1380.69034517 0.04739655 0.10528973
1381.69084542 0.04682343 0.10366973
1382.69134567 0.04858398 0.11074471
1383.69184592 0.04840246 0.11052230
1384.69234617 0.04793484 0.10981638
1385.69284642 0.04799044 0.11081558
1386.69334667 0.04761187 0.11020034
1387.69384692 0.04728639 0.10947011
1388.69434717 0.04714105 0.10947903
1389.69484742 0.04682289 0.10851888
1390.69534767 0.04664177 0.10858926
1391.69584792 0.04643064 0.10812391
1392.69634817 0.04601891 0.10806986
1393.69684842 0.04575760 0.10763635
1394.69734867 0.04544945 0.10754184
1395.69784892 0.04526346 0.10680348
1396.69834917 0.04532628 0.10756071
1397.69884942 0.04504262 0.10727043
1398.69934967 0.04493900 0.10722780
1399.69984992 0.04457256 0.10628336
1400.70035018 0.04454006 0.10642515
1401.70085043 0.04438836 0.10624088
1402.70135068 0.04429156 0.10642109
1403.70185093 0.04391149 0.10566267
1404.70235118 0.04360165 0.10518549
1405.70285143 0.04344219 0.10511520
1406.70335168 0.04353224 0.10530137
1407.70385193 0.04377049 0.10541328
1408.70435218 0.04322490 0.10447571
1409.70485243 0.04281135 0.10409735
1410.70535268 0.04266532 0.10443075
1411.70585293 0.04166734 0.10201640
1412.70635318 0.04154109 0.10167135
1413.70685343 0.04130201 0.10111396
1414.70735368 0.04111270 0.10096513
1415.70785393 0.04091821 0.10092715
1416.70835418 0.04081664 0.10081091
1417.70885443 0.04122331 0.10151639
1418.70935468 0.04110123 0.10135391
1419.70985493 0.04083729 0.10078319
1420.71035518 0.04069548 0.10040907
1421.71085543 0.04218608 0.10646808
1422.71135568 0.04212326 0.10653311
1423.71185593 0.04185787 0.10501801
1424.71235618 0.04010747 0.09665099
1425.71285643 0.03989079 0.09591890
1426.71335668 0.03986057 0.09673797
1427.71385693 0.03954879 0.09643626
1428.71435718 0.03933492 0.09575375
1429.71485743 0.03924906 0.09548083
1430.71535768 0.03972789 0.09632910
1431.71585793 0.03966739 0.09657923
1432.71635818 0.03932251 0.09584548
1433.71685843 0.03814221 0.09343915
1434.71735868 0.03804946 0.09337908
1435.71785893 0.03950885 0.09837390
1436.71835918 0.03928785 0.09803204
1437.71885943 0.03897296 0.09724353
1438.71935968 0.03860710 0.09695998
1439.71985993 0.03867605 0.09691239
1440.72036018 0.03811059 0.09530500
1441.72086043 0.03812485 0.09543416
1442.72136068 0.03795431 0.09531966
1443.72186093 0.03747565 0.09476313
1444.72236118 0.03738923 0.09436716
1445.72286143 0.03591838 0.08736567
1446.72336168 0.03568447 0.08705911
1447.72386193 0.03546593 0.08668534
1448.72436218 0.03527011 0.08648785
1449.72486243 0.03505771 0.08519842
1450.72536268 0.03486007 0.08459339
1451.72586293 0.03505631 0.08458690
1452.72636318 0.03483419 0.08394033
1453.72686343 0.03462229 0.08343602
1454.72736368 0.03439561 0.08313454
1455.72786393 0.03424421 0.08308757
1456.72836418 0.03408350 0.08304445
1457.72886443 0.03390478 0.08247304
1458.72936468 0.03396111 0.08277135
1459.72986493 0.03380962 0.08215360
1460.73036518 0.03379452 0.08236251
1461.73086543 0.03360093 0.08215644
1462.73136568 0.03347933 0.08187846
1463.73186593 0.03404491 0.08296979
1464.73236618 0.03417287 0.08455974
1465.73286643 0.03397797 0.08369140
1466.73336668 0.03450390 0.08474425
1467.73386693 0.03448240 0.08411894
1468.73436718 0.03430765 0.08382459
1469.73486743 0.03436653 0.08447903
1470.73536768 0.03418607 0.08394002
1471.73586793 0.03517129 0.08645527
1472.73636818 0.03500510 0.08647403
1473.73686843 0.03485491 0.08622729
1474.73736868 0.03445514 0.08506763
1475.73786893 0.03444259 0.08529606
1476.73836918 0.03431784 0.08518810
1477.73886943 0.03410515 0.08471900
1478.73936968 0.03581273 0.09066220
1479.73986993 0.03553827 0.09089130
1480.74037019 0.03528087 0.09008807
1481.74087044 0.03488446 0.08918474
1482.74137069 0.03489280 0.08954222
1483.74187094 0.03468308 0.08936361
1484.74237119 0.03468809 0.08863708
1485.74287144 0.03448640 0.08841889
1486.74337169 0.03425011 0.08835139
1487.74387194 0.03396400 0.08763148
1488.74437219 0.03374698 0.08748978
1489.74487244 0.03357655 0.08744944
1490.74537269 0.03336978 0.08724649
1491.74587294 0.03304007 0.08638291
1492.74637319 0.03304846 0.08671775
1493.74687344 0.03301377 0.08669230
1494.74737369 0.03329249 0.08670527
1495.74787394 0.03327074 0.08660785
1496.74837419 0.03305547 0.08630905
1497.74887444 0.03306363 0.08627898
1498.74937469 0.03308512 0.08601206
1499.74987494 0.03306476 0.08608927
1500.75037519 0.03292511 0.08564565
1501.75087544 0.03299404 0.08545589
1502.75137569 0.03277573 0.08527487
1503.75187594 0.03260968 0.08509937
1504.75237619 0.03243368 0.08462604
1505.75287644 0.03290547 0.08655884
1506.75337669 0.03284764 0.08655928
1507.75387694 0.03266219 0.08746814
1508.75437719 0.03269022 0.08817218
1509.75487744 0.03259593 0.08764725
1510.75537769 0.03188556 0.08374815
1511.75587794 0.03176103 0.08329372
1512.75637819 0.03265061 0.08594885
1513.75687844 0.03267781 0.08625115
1514.75737869 0.03261428 0.08639582
1515.75787894 0.03244423 0.08621260
1516.75837919 0.03240141 0.08615278
1517.75887944 0.03222957 0.08513389
1518.75937969 0.03232081 0.08540711
1519.75987994 0.03236045 0.08568288
1520.76038019 0.03233506 0.08553683
1521.76088044 0.03171424 0.08355184
1522.76138069 0.03148446 0.08317754
1523.76188094 0.03037587 0.07700283
1524.76238119 0.03030055 0.07701019
1525.76288144 0.03136375 0.08077049
1526.76338169 0.03116605 0.08071112
1527.76388194 0.03093972 0.08016482
1528.76438219 0.03074182 0.07934120
1529.76488244 0.03121831 0.07945069
1530.76538269 0.03135842 0.07980214
1531.76588294 0.03240275 0.08522806
1532.76638319 0.03205327 0.08516910
1533.76688344 0.03191699 0.08387558
1534.76738369 0.03151318 0.08113774
1535.76788394 0.03127534 0.08196885
1536.76838419 0.03123329 0.08170450
1537.76888444 0.03111439 0.08161365
1538.76938469 0.03091817 0.08077435
1539.76988494 0.03104072 0.08134498
1540.77038519 0.03069856 0.08075666
1541.77088544 0.03021982 0.07826928
1542.77138569 0.02983730 0.07683039
1543.77188594 0.02984601 0.07687487
1544.77238619 0.02969416 0.07685859
1545.77288644 0.02871037 0.07385489
1546.77338669 0.02892568 0.07417438
1547.77388694 0.03056075 0.08310949
1548.77438719 0.03171553 0.08717100
1549.77488744 0.03171435 0.08702182
1550.77538769 0.03184907 0.08686383
1551.77588794 0.03189205 0.08649242
1552.77638819 0.03184851 0.08723480
1553.77688844 0.03160184 0.08691131
1554.77738869 0.03140765 0.08688851
1555.77788894 0.03054803 0.08365577
1556.77838919 0.03059476 0.08306304
1557.77888944 0.03045113 0.08250736
1558.77938969 0.03041859 0.08295075
1559.77988994 0.03025917 0.08298616
1560.78039020 0.03003510 0.08246684
1561.78089045 0.02984125 0.08218336
1562.78139070 0.02996434 0.08367373
1563.78189095 0.02989015 0.08382831
1564.78239120 0.02982928 0.08414824
1565.78289145 0.02953606 0.08286893
1566.78339170 0.03076553 0.08805359
1567.78389195 0.03080258 0.08852665
1568.78439220 0.03230746 0.09387821
1569.78489245 0.03196882 0.09276346
1570.78539270 0.03175306 0.09207741
1571.78589295 0.03199489 0.09313066
1572.78639320 0.03200625 0.09321022
1573.78689345 0.03172892 0.09202719
1574.78739370 0.03156875 0.09197305
1575.78789395 0.03144909 0.09210898
1576.78839420 0.03124881 0.09137439
1577.78889445 0.03110463 0.09118531
1578.78939470 0.03124003 0.09191290
1579.78989495 0.03111055 0.09144385
1580.79039520 0.03096053 0.09139557
1581.79089545 0.03135498 0.09417074
1582.79139570 0.03105074 0.09266257
1583.79189595 0.03082476 0.09201683
1584.79239620 0.03253852 0.10029582
1585.79289645 0.03244141 0.10001858
1586.79339670 0.03131013 0.09587203
1587.79389695 0.03124304 0.09640026
1588.79439720 0.03109323 0.09626316
1589.79489745 0.03109693 0.09569770
1590.79539770 0.03026269 0.09131105
1591.79589795 0.03026390 0.09175783
1592.79639820 0.03178319 0.09816969
1593.79689845 0.03260359 0.09981054
1594.79739870 0.03235686 0.09907693
1595.79789895 0.03216630 0.09846554
1596.79839920 0.03207256 0.09888393
1597.79889945 0.03188000 0.09811847
1598.79939970 0.03179335 0.09759496
1599.79989995 0.03166942 0.09666317
1600.80040020 0.03149980 0.09642326
1601.80090045 0.03123629 0.09568847
1602.80140070 0.03129659 0.09638528
1603.80190095 0.03113711 0.09597562
1604.80240120 0.03251758 0.10099300
1605.80290145 0.03240952 0.10121325
1606.80340170 0.03194999 0.09966823
1607.80390195 0.03158256 0.09763807
1608.80440220 0.03297561 0.10426254
1609.80490245 0.03282722 0.10391676
1610.80540270 0.03295857 0.10505879
1611.80590295 0.03302802 0.10614241
1612.80640320 0.03295702 0.10623240
1613.80690345 0.03256741 0.10466879
1614.80740370 0.03297700 0.10484033
1615.80790395 0.03292763 0.10486987
1616.80840420 0.03307544 0.10542484
1617.80890445 0.03435063 0.10919687
1618.80940470 0.03405866 0.10822623
1619.80990495 0.03383985 0.10778022
1620.81040520 0.03388051 0.10805191
1621.81090545 0.03374818 0.10763519
1622.81140570 0.03548413 0.11482690
1623.81190595 0.03526923 0.11461617
1624.81240620 0.03530404 0.11443783
1625.81290645 0.03787628 0.12095242
1626.81340670 0.03757776 0.12024797
1627.81390695 0.03744394 0.12007886
1628.81440720 0.03722793 0.11973437
1629.81490745 0.03814562 0.12213034
1630.81540770 0.03818020 0.12238046
1631.81590795 0.03808771 0.12268925
1632.81640820 0.03778804 0.12184933
1633.81690845 0.03745692 0.12087129
1634.81740870 0.03750414 0.12123953
1635.81790895 0.03736986 0.12106730
1636.81840920 0.03767206 0.12218639
1637.81890945 0.03748089 0.12181160
1638.81940970 0.03720038 0.12110870
1639.81990995 0.03680220 0.11988263
1640.82041021 0.03670791 0.11971961
1641.82091046 0.03677299 0.12027688
1642.82141071 0.03685474 0.12087818
1643.82191096 0.03481132 0.11319867
1644.82241121 0.03452958 0.11224957
1645.82291146 0.03436888 0.11182769
1646.82341171 0.03445007 0.11193934
1647.82391196 0.03594039 0.11646810
1648.82441221 0.03581454 0.11631073
1649.82491246 0.03703062 0.12400149
1650.82541271 0.03680949 0.12302566
1651.82591296 0.03670615 0.12280823
1652.82641321 0.03672196 0.12332855
1653.82691346 0.03629561 0.12322323
1654.82741371 0.03616844 0.12202890
1655.82791396 0.03587990 0.12114760
1656.82841421 0.03619751 0.11974869
1657.82891446 0.03607605 0.11963572
1658.82941471 0.03593317 0.11884009
1659.82991496 0.03577647 0.11807469
1660.83041521 0.03576052 0.11802457
1661.83091546 0.03518434 0.11724710
1662.83141571 0.03512917 0.11732655
1663.83191596 0.03350516 0.11250779
1664.83241621 0.03250660 0.10903721
1665.83291646 0.03238039 0.10872388
1666.83341671 0.03264830 0.10877878
1667.83391696 0.03250501 0.10858495
1668.83441721 0.03122223 0.10454831
1669.83491746 0.03125334 0.10442332
1670.83541771 0.03041331 0.10290503
1671.83591796 0.03018637 0.10245859
1672.83641821 0.02996575 0.10211928
1673.83691846 0.03007195 0.10241963
1674.83741871 0.02975889 0.10178714
1675.83791896 0.02993363 0.10175655
1676.83841921 0.02979469 0.10152821
1677.83891946 0.02959214 0.10113652
1678.83941971 0.02828150 0.09702751
1679.83991996 0.02810684 0.09658379
1680.84042021 0.02795438 0.09613168
1681.84092046 0.02642552 0.09129505
1682.84142071 0.02647659 0.09126031
1683.84192096 0.02735240 0.09314691
1684.84242121 0.02726322 0.09315113
1685.84292146 0.02721354 0.09350655
1686.84342171 0.02718638 0.09331761
1687.84392196 0.02705116 0.09278828
1688.84442221 0.02694727 0.09308275
1689.84492246 0.02703760 0.09346329
1690.84542271 0.02702126 0.09299646
1691.84592296 0.02688119 0.09218051
1692.84642321 0.02667427 0.09185338
1693.84692346 0.02604173 0.08981786
1694.84742371 0.02595809 0.08976147
1695.84792396 0.02583306 0.08957991
1696.84842421 0.02544491 0.08874735
1697.84892446 0.02468963 0.08686074
1698.84942471 0.02465881 0.08694157
1699.84992496 0.02464596 0.08695446
1700.85042521 0.02420959 0.08621134
1701.85092546 0.02410915 0.08582254
1702.85142571 0.02415715 0.08572517
1703.85192596 0.02419411 0.08569212
1704.85242621 0.02401030 0.08534856
1705.85292646 0.02393717 0.08509773
1706.85342671 0.02388254 0.08504468
1707.85392696 0.02377697 0.08485340
1708.85442721 0.02318017 0.08231810
1709.85492746 0.02325348 0.08235590
1710.85542771 0.02311947 0.08188078
1711.85592796 0.02297040 0.08171121
1712.85642821 0.02275949 0.08121511
1713.85692846 0.02277252 0.08129514
1714.85742871 0.02255849 0.08062721
1715.85792896 0.02279148 0.08145429
1716.85842921 0.02265799 0.08113747
1717.85892946 0.02244391 0.08056901
1718.85942971 0.02241370 0.08046902
1719.85992996 0.02219850 0.07994953
1720.86043022 0.02207020 0.07965055
1721.86093047 0.02204934 0.07950501
1722.86143072 0.02174943 0.07862031
1723.86193097 0.02162694 0.07836674
1724.86243122 0.02148922 0.07809758
1725.86293147 0.02135431 0.07777198
1726.86343172 0.02126575 0.07753495
1727.86393197 0.02125484 0.07749505
1728.86443222 0.02116828 0.07731883
1729.86493247 0.02102707 0.07692934
1730.86543272 0.02090030 0.07657443
1731.86593297 0.02260480 0.08790317
1732.86643322 0.02274658 0.08979692
1733.86693347 0.02276823 0.08987893
1734.86743372 0.02266772 0.08900469
1735.86793397 0.02245215 0.08823819
1736.86843422 0.02234940 0.08817325
1737.86893447 0.02262420 0.08905487
1738.86943472 0.02281738 0.09021349
1739.86993497 0.02255258 0.08903398
1740.87043522 0.02212752 0.08674887
1741.87093547 0.02210069 0.08719290
1742.87143572 0.02203055 0.08754948
1743.87193597 0.02199163 0.08757770
1744.87243622 0.02169091 0.08710744
1745.87293647 0.02132971 0.08608742
1746.87343672 0.02123908 0.08604543
1747.87393697 0.02116391 0.08566714
1748.87443722 0.02110695 0.08565207
1749.87493747 0.02111629 0.08562891
1750.87543772 0.02098381 0.08481005
1751.87593797 0.02089896 0.08473341
1752.87643822 0.02066588 0.08493457
1753.87693847 0.02173650 0.08893867
1754.87743872 0.02205482 0.08987553
1755.87793897 0.02193166 0.08954347
1756.87843922 0.02187657 0.08935726
1757.87893947 0.02174284 0.08902518
1758.87943972 0.02131750 0.08770946
1759.87993997 0.02145832 0.08768552
1760.88044022 0.02152742 0.08773792
1761.88094047 0.02279802 0.09332976
1762.88144072 0.02279833 0.09394670
1763.88194097 0.02265907 0.09351478
1764.88244122 0.02272828 0.09378288
1765.88294147 0.02297683 0.09381370
1766.88344172 0.02289817 0.09354746
1767.88394197 0.02277903 0.09319712
1768.88444222 0.02265789 0.09279791
1769.88494247 0.02262223 0.09292850
1770.88544272 0.02255059 0.09263939
1771.88594297 0.02237480 0.09211132
1772.88644322 0.02248352 0.09286580
1773.88694347 0.02252948 0.09322134
1774.88744372 0.02247688 0.09301551
1775.88794397 0.02220674 0.09241549
1776.88844422 0.02217354 0.09222239
1777.88894447 0.02199097 0.09189759
1778.88944472 0.02203172 0.09160809
1779.88994497 0.02196260 0.09120568
1780.89044522 0.02191145 0.09136894
1781.89094547 0.02180708 0.09122726
1782.89144572 0.02105301 0.08503882
1783.89194597 0.02102546 0.08471806
1784.89244622 0.02102674 0.08512784
1785.89294647 0.02095637 0.08475012
1786.89344672 0.02074707 0.08455873
1787.89394697 0.02060339 0.08411547
1788.89444722 0.02049733 0.08400804
1789.89494747 0.02038946 0.08346629
1790.89544772 0.02041020 0.08365099
1791.89594797 0.02031384 0.08363464
1792.89644822 0.02028693 0.08338004
1793.89694847 0.02047907 0.08194606
1794.89744872 0.02056819 0.08247991
1795.89794897 0.02024198 0.08098193
1796.89844922 0.02127219 0.08507834
1797.89894947 0.02131900 0.08526929
1798.89944972 0.02112028 0.08367324
1799.89994997 0.02122610 0.08373941
1800.90045023 0.02114395 0.08374409
1801.90095048 0.02115623 0.08460334
1802.90145073 0.02135024 0.08427320
1803.90195098 0.02128726 0.08373381
1804.90245123 0.02118336 0.08325107
1805.90295148 0.02117596 0.08349159
1806.90345173 0.02112711 0.08356372
1807.90395198 0.02152651 0.08381485
1808.90445223 0.02135871 0.08277365
1809.90495248 0.02120506 0.08243051
1810.90545273 0.02084476 0.08152576
1811.90595298 0.01977067 0.07715184
1812.90645323 0.01963594 0.07660785
1813.90695348 0.01964845 0.07642373
1814.90745373 0.01966206 0.07663645
1815.90795398 0.01952177 0.07645743
1816.90845423 0.01936056 0.07589946
1817.90895448 0.01923739 0.07533395
1818.90945473 0.01925611 0.07554614
1819.90995498 0.01914926 0.07541495
1820.91045523 0.01908494 0.07533634
1821.91095548 0.01890563 0.07478880
1822.91145573 0.01887540 0.07464032
1823.91195598 0.01878738 0.07452130
1824.91245623 0.01891356 0.07452395
1825.91295648 0.01879258 0.07422756
1826.91345673 0.01868472 0.07383638
1827.91395698 0.01865058 0.07373329
1828.91445723 0.01853966 0.07353081
1829.91495748 0.01846577 0.07337203
1830.91545773 0.01865535 0.07377826
1831.91595798 0.01864105 0.07369037
1832.91645823 0.01855082 0.07346950
1833.91695848 0.01853731 0.07307393
1834.91745873 0.01881562 0.07337013
1835.91795898 0.01874032 0.07319728
1836.91845923 0.01871921 0.07317859
1837.91895948 0.01874413 0.07317104
1838.91945973 0.01855951 0.07271078
1839.91995998 0.01865425 0.07292793
1840.92046023 0.01865912 0.07305549
1841.92096048 0.01902406 0.07353934
1842.92146073 0.01887976 0.07322311
1843.92196098 0.01881578 0.07294177
1844.92246123 0.01866452 0.07260056
1845.92296148 0.01858666 0.07231696
1846.92346173 0.01847586 0.07190934
1847.92396198 0.02002036 0.07871037
1848.92446223 0.02082369 0.08054845
1849.92496248 0.01988853 0.07530990
1850.92546273 0.01978773 0.07562235
1851.92596298 0.01999884 0.07575287
1852.92646323 0.02015040 0.07609383
1853.92696348 0.02025261 0.07589978
1854.92746373 0.02000508 0.07554284
1855.92796398 0.01990262 0.07519759
1856.92846423 0.01981319 0.07487264
1857.92896448 0.02030008 0.07570780
1858.92946473 0.02031924 0.07571164
1859.92996498 0.02014130 0.07523245
1860.93046523 0.01988128 0.07456856
1861.93096548 0.01921572 0.07188321
1862.93146573 0.01922361 0.07188823
1863.93196598 0.01905482 0.07145680
1864.93246623 0.01928065 0.07195401
1865.93296648 0.01946466 0.07241961
1866.93346673 0.01944335 0.07237742
1867.93396698 0.01933343 0.07229712
1868.93446723 0.01909456 0.07168275
1869.93496748 0.01908189 0.07156360
1870.93546773 0.01899588 0.07111269
1871.93596798 0.01910324 0.07124519
1872.93646823 0.01908997 0.07110352
1873.93696848 0.01908733 0.07108407
1874.93746873 0.01894366 0.07075690
1875.93796898 0.01913282 0.07146636
1876.93846923 0.01892345 0.07068555
1877.93896948 0.02053473 0.07928974
1878.93946973 0.02043371 0.07933572
1879.93996998 0.02041585 0.07896482
1880.94047024 0.02040837 0.07904913
1881.94097049 0.02041606 0.07911309
1882.94147074 0.02037255 0.07900485
1883.94197099 0.02038623 0.07921434
1884.94247124 0.02039828 0.07931525
1885.94297149 0.02030410 0.07868543
1886.94347174 0.02026324 0.07877157
1887.94397199 0.02175665 0.08565289
1888.94447224 0.02138195 0.08413138
1889.94497249 0.02292374 0.09026265
1890.94547274 0.02284313 0.08994616
1891.94597299 0.02276283 0.08947095
1892.94647324 0.02250732 0.08903076
1893.94697349 0.02266293 0.08993459
1894.94747374 0.02252934 0.08988510
1895.94797399 0.02399004 0.09553024
1896.94847424 0.02379539 0.09444935
1897.94897449 0.02385858 0.09488672
1898.94947474 0.02392045 0.09550324
1899.94997499 0.02373544 0.09488949
1900.95047524 0.02360638 0.09427282
1901.95097549 0.02344906 0.09331412
1902.95147574 0.02352810 0.09376835
1903.95197599 0.02340223 0.09395843
1904.95247624 0.02335605 0.09377947
1905.95297649 0.02322063 0.09331629
1906.95347674 0.02311570 0.09290423
1907.95397699 0.02311537 0.09310461
1908.95447724 0.02306225 0.09292401
1909.95497749 0.02282197 0.09253073
1910.95547774 0.02264873 0.09228788
1911.95597799 0.02262639 0.09217544
1912.95647824 0.02183073 0.09048111
1913.95697849 0.02190455 0.09030421
1914.95747874 0.02093895 0.08565443
1915.95797899 0.02233155 0.09054492
1916.95847924 0.02228909 0.09087672
1917.95897949 0.02207782 0.08962825
1918.95947974 0.02200572 0.08939336
1919.95997999 0.02172181 0.08896991
1920.96048024 0.02170294 0.08898304
1921.96098049 0.02167592 0.08921384
1922.96148074 0.02146185 0.08860692
1923.96198099 0.02133706 0.08805700
1924.96248124 0.02132696 0.08847366
1925.96298149 0.02290896 0.09546636
1926.96348174 0.02279543 0.09512427
1927.96398199 0.02270694 0.09473008
1928.96448224 0.02262425 0.09455837
1929.96498249 0.02355632 0.09653659
1930.96548274 0.02499833 0.10214595
1931.96598299 0.02506906 0.10290707
1932.96648324 0.02533782 0.10409086
1933.96698349 0.02525722 0.10406193
1934.96748374 0.02526957 0.10360151
1935.96798399 0.02530888 0.10381612
1936.96848424 0.02527770 0.10431016
1937.96898449 0.02521800 0.10425480
1938.96948474 0.02552930 0.10706607
1939.96998499 0.02546106 0.10667714
1940.97048524 0.02550570 0.10666267
1941.97098549 0.02542862 0.10666033
1942.97148574 0.02513154 0.10605501
1943.97198599 0.02514141 0.10614224
1944.97248624 0.02511884 0.10607494
1945.97298649 0.02565483 0.11083531
1946.97348674 0.02568448 0.11150952
1947.97398699 0.02563261 0.11163983
1948.97448724 0.02551672 0.11096604
1949.97498749 0.02540499 0.11072043
1950.97548774 0.02536003 0.11082710
1951.97598799 0.02526797 0.11080053
1952.97648824 0.02527525 0.11062725
1953.97698849 0.02528749 0.11053342
1954.97748874 0.02524650 0.11033429
1955.97798899 0.02517806 0.11015710
1956.97848924 0.02409803 0.10737368
1957.97898949 0.02401354 0.10733293
1958.97948974 0.02385949 0.10691656
1959.97998999 0.02371453 0.10629400
1960.98049025 0.02466841 0.10824263
1961.98099050 0.02465165 0.10857608
1962.98149075 0.02456267 0.10833722
1963.98199100 0.02448949 0.10781855
1964.98249125 0.02450136 0.10801813
1965.98299150 0.02449252 0.10816022
1966.98349175 0.02458388 0.10831821
1967.98399200 0.02452546 0.10851726
1968.98449225 0.02423191 0.10804547
1969.98499250 0.02415207 0.10811042
1970.98549275 0.02559168 0.11238281
1971.98599300 0.02438497 0.10825874
1972.98649325 0.02433852 0.10838434
1973.98699350 0.02597051 0.11444335
1974.98749375 0.02584512 0.11440408
1975.98799400 0.02575057 0.11439384
1976.98849425 0.02589728 0.11581924
1977.98899450 0.02553333 0.11463515
1978.98949475 0.02548843 0.11423754
1979.98999500 0.02532330 0.11376743
1980.99049525 0.02536712 0.11380169
1981.99099550 0.02524262 0.11336758
1982.99149575 0.02449517 0.10955282
1983.99199600 0.02430800 0.10862638
1984.99249625 0.02300425 0.10196658
1985.99299650 0.02281694 0.10149435
1986.99349675 0.02285571 0.10198726
1987.99399700 0.02283218 0.10186057
1988.99449725 0.02278971 0.10186285
1989.99499750 0.02269853 0.10175895
1990.99549775 0.02254472 0.10124049
1991.99599800 0.02249141 0.10129206
1992.99649825 0.02235110 0.10068310
1993.99699850 0.02235502 0.10061009
1994.99749875 0.02212966 0.10024986
1995.99799900 0.02196178 0.09978196
1996.99849925 0.02195641 0.09989565
1997.99899950 0.02196081 0.09992869
1998.99949975 0.02307495 0.10347087
2000.00000000 0.02581414 0.11185383
