0.00000000 9.00000000
1.00100100 8.95630408
2.00200200 8.85182658
3.00300300 8.75670553
4.00400400 8.64278139
5.00500501 8.52909764
6.00600601 8.40607534
7.00700701 8.28766260
8.00800801 8.16203485
9.00900901 8.03209686
10.01001001 7.91921310
11.01101101 7.79894733
12.01201201 7.70918479
13.01301301 7.62178025
14.01401401 7.48673806
15.01501502 7.37048074
16.01601602 7.25174334
17.01701702 7.12459400
18.01801802 6.99535448
19.01901902 6.83516649
20.02002002 6.73196762
21.02102102 6.60470232
22.02202202 6.48511482
23.02302302 6.37203544
24.02402402 6.27335819
25.02502503 6.15198686
26.02602603 6.03865074
27.02702703 5.94912367
28.02802803 5.85032231
29.02902903 5.73520804
30.03003003 5.63977105
31.03103103 5.51592256
32.03203203 5.44300162
33.03303303 5.34088333
34.03403403 5.24241228
35.03503504 5.13634596
36.03603604 5.03064367
37.03703704 4.94430281
38.03803804 4.84475789
39.03903904 4.76790009
40.04004004 4.69887391
41.04104104 4.61623053
42.04204204 4.54072632
43.04304304 4.44361576
44.04404404 4.35311583
45.04504505 4.27100583
46.04604605 4.18994723
47.04704705 4.10406493
48.04804805 4.02429247
49.04904905 3.96024141
50.05005005 3.87909851
51.05105105 3.81640603
52.05205205 3.74800764
53.05305305 3.67006293
54.05405405 3.58996821
55.05505506 3.52191501
56.05605606 3.45470432
57.05705706 3.38828708
58.05805806 3.32612858
59.05905906 3.26155551
60.06006006 3.19182343
61.06106106 3.13734669
62.06206206 3.08555823
63.06306306 3.02407665
64.06406406 2.95765991
65.06506507 2.90031489
66.06606607 2.83252668
67.06706707 2.77856485
68.06806807 2.73164776
69.06906907 2.67635801
70.07007007 2.62593675
71.07107107 2.57042494
72.07207207 2.51986433
73.07307307 2.47651360
74.07407407 2.43156079
75.07507508 2.37381675
76.07607608 2.33204838
77.07707708 2.26842625
78.07807808 2.22436385
79.07907908 2.18187841
80.08008008 2.13962407
81.08108108 2.09775697
82.08208208 2.06328129
83.08308308 2.02195751
84.08408408 1.97879610
85.08508509 1.93995540
86.08608609 1.90043658
87.08708709 1.86124334
88.08808809 1.82553973
89.08908909 1.78277293
90.09009009 1.74718240
91.09109109 1.70998273
92.09209209 1.67373069
93.09309309 1.64666420
94.09409409 1.61474048
95.09509510 1.58378879
96.09609610 1.54890867
97.09709710 1.52167223
98.09809810 1.48834298
99.09909910 1.45370802
100.10010010 1.42243935
101.10110110 1.39241364
102.10210210 1.36109538
103.10310310 1.33754268
104.10410410 1.31089616
105.10510511 1.28141634
106.10610611 1.25112112
107.10710711 1.22199535
108.10810811 1.19740239
109.10910911 1.17095245
110.11011011 1.14699773
111.11111111 1.12645980
112.11211211 1.10118815
113.11311311 1.07837530
114.11411411 1.05421050
115.11511512 1.03091927
116.11611612 1.00908324
117.11711712 0.98604495
118.11811812 0.96636537
119.11911912 0.94614956
120.12012012 0.92722009
121.12112112 0.90372649
122.12212212 0.87950050
123.12312312 0.86401228
124.12412412 0.84467897
125.12512513 0.82587166
126.12612613 0.80994932
127.12712713 0.79425541
128.12812813 0.77428345
129.12912913 0.75883594
130.13013013 0.74065207
131.13113113 0.71994937
132.13213213 0.69953809
133.13313313 0.68374497
134.13413413 0.66795306
135.13513514 0.65192865
136.13613614 0.63802454
137.13713714 0.62772039
138.13813814 0.61431506
139.13913914 0.60259306
140.14014014 0.59108755
141.14114114 0.57745133
142.14214214 0.56506158
143.14314314 0.55408409
144.14414414 0.54024993
145.14514515 0.53074154
146.14614615 0.51811280
147.14714715 0.50861100
148.14814815 0.49864165
149.14914915 0.48806911
150.15015015 0.47798781
151.15115115 0.46994287
152.15215215 0.46086749
153.15315315 0.45147016
154.15415415 0.44142315
155.15515516 0.43312368
156.15615616 0.42366979
157.15715716 0.41439063
158.15815816 0.40651079
159.15915916 0.39873333
160.16016016 0.38985789
161.16116116 0.38187045
162.16216216 0.37365273
163.16316316 0.36640290
164.16416416 0.35960463
165.16516517 0.35125296
166.16616617 0.34466532
167.16716717 0.33608938
168.16816817 0.33036228
169.16916917 0.32272410
170.17017017 0.31640229
171.17117117 0.30940352
172.17217217 0.30167167
173.17317317 0.29470713
174.17417417 0.28897748
175.17517518 0.28293074
176.17617618 0.27823009
177.17717718 0.27171959
178.17817818 0.26593180
179.17917918 0.25861714
180.18018018 0.25305750
181.18118118 0.24739403
182.18218218 0.24147629
183.18318318 0.23723471
184.18418418 0.23226022
185.18518519 0.22713233
186.18618619 0.22162857
187.18718719 0.21713121
188.18818819 0.21301512
189.18918919 0.20870117
190.19019019 0.20506902
191.19119119 0.20095745
192.19219219 0.19606106
193.19319319 0.19314207
194.19419419 0.18933459
195.19519520 0.18587432
196.19619620 0.18178083
197.19719720 0.17769252
198.19819820 0.17320923
199.19919920 0.16945101
200.20020020 0.16594864
201.20120120 0.16331325
202.20220220 0.15924528
203.20320320 0.15546471
204.20420420 0.15369543
205.20520521 0.15063055
206.20620621 0.14736336
207.20720721 0.14582949
208.20820821 0.14216624
209.20920921 0.13936891
210.21021021 0.13484459
211.21121121 0.13148653
212.21221221 0.12902781
213.21321321 0.12739590
214.21421421 0.12553810
215.21521522 0.12391131
216.21621622 0.12071223
217.21721722 0.11820105
218.21821822 0.11682095
219.21921922 0.11487073
220.22022022 0.11242692
221.22122122 0.11067014
222.22222222 0.10865586
223.22322322 0.10779306
224.22422422 0.10598128
225.22522523 0.10407050
226.22622623 0.10230964
227.22722723 0.10046255
228.22822823 0.09783340
229.22922923 0.09475254
230.23023023 0.09221124
231.23123123 0.09073020
232.23223223 0.08892392
233.23323323 0.08757993
234.23423423 0.08595188
235.23523524 0.08450250
236.23623624 0.08315023
237.23723724 0.08156291
238.23823824 0.08092327
239.23923924 0.08089200
240.24024024 0.07891464
241.24124124 0.07819007
242.24224224 0.07644752
243.24324324 0.07563602
244.24424424 0.07397415
245.24524525 0.07309584
246.24624625 0.07126548
247.24724725 0.07038186
248.24824825 0.06839928
249.24924925 0.06711652
250.25025025 0.06561711
251.25125125 0.06492022
252.25225225 0.06323527
253.25325325 0.06168670
254.25425425 0.06020021
255.25525526 0.05895084
256.25625626 0.05766782
257.25725726 0.05662217
258.25825826 0.05530588
259.25925926 0.05395353
260.26026026 0.05251235
261.26126126 0.05102056
262.26226226 0.04983912
263.26326326 0.04970734
264.26426426 0.04865893
265.26526527 0.04804087
266.26626627 0.04681461
267.26726727 0.04610959
268.26826827 0.04597673
269.26926927 0.04507802
270.27027027 0.04556575
271.27127127 0.04438614
272.27227227 0.04346375
273.27327327 0.04260309
274.27427427 0.04180841
275.27527528 0.04082916
276.27627628 0.04031583
277.27727728 0.03901966
278.27827828 0.03842722
279.27927928 0.03896533
280.28028028 0.03879670
281.28128128 0.03805500
282.28228228 0.03769613
283.28328328 0.03793332
284.28428428 0.03749133
285.28528529 0.03757678
286.28628629 0.03656492
287.28728729 0.03788184
288.28828829 0.03870575
289.28928929 0.03758250
290.29029029 0.03844106
291.29129129 0.03918710
292.29229229 0.03928528
293.29329329 0.03873362
294.29429429 0.03770574
295.29529530 0.03777874
296.29629630 0.03782361
297.29729730 0.03754578
298.29829830 0.03686030
299.29929930 0.03685447
300.30030030 0.03551837
301.30130130 0.03481275
302.30230230 0.03636059
303.30330330 0.03557596
304.30430430 0.03520173
305.30530531 0.03651121
306.30630631 0.03597078
307.30730731 0.03599314
308.30830831 0.03527067
309.30930931 0.03457085
310.31031031 0.03326759
311.31131131 0.03342041
312.31231231 0.03322203
313.31331331 0.03280801
314.31431431 0.03307122
315.31531532 0.03240908
316.31631632 0.03188218
317.31731732 0.03138455
318.31831832 0.03180071
319.31931932 0.03127341
320.32032032 0.03147424
321.32132132 0.03084416
322.32232232 0.03047508
323.32332332 0.02845475
324.32432432 0.02814208
325.32532533 0.02742569
326.32632633 0.02639470
327.32732733 0.02615731
328.32832833 0.02562467
329.32932933 0.02535147
330.33033033 0.02552804
331.33133133 0.02476332
332.33233233 0.02449760
333.33333333 0.02405719
334.33433433 0.02375168
335.33533534 0.02327271
336.33633634 0.02320409
337.33733734 0.02270187
338.33833834 0.02388914
339.33933934 0.02352691
340.34034034 0.02302321
341.34134134 0.02257264
342.34234234 0.02332348
343.34334334 0.02468507
344.34434434 0.02350350
345.34534535 0.02275290
346.34634635 0.02242984
347.34734735 0.02240891
348.34834835 0.02214831
349.34934935 0.02165238
350.35035035 0.02008185
351.35135135 0.02117692
352.35235235 0.02097080
353.35335335 0.02079879
354.35435435 0.02035686
355.35535536 0.01851085
356.35635636 0.01810731
357.35735736 0.01806004
358.35835836 0.01779635
359.35935936 0.01741682
360.36036036 0.01756606
361.36136136 0.01699154
362.36236236 0.01798721
363.36336336 0.01646881
364.36436436 0.01611866
365.36536537 0.01624203
366.36636637 0.01753540
367.36736737 0.01929460
368.36836837 0.01877275
369.36936937 0.02032739
370.37037037 0.02021380
371.37137137 0.01984665
372.37237237 0.02072447
373.37337337 0.02049791
374.37437437 0.01986873
375.37537538 0.01949148
376.37637638 0.02075844
377.37737738 0.02031628
378.37837838 0.02072588
379.37937938 0.02030848
380.38038038 0.01990314
381.38138138 0.01991922
382.38238238 0.01967753
383.38338338 0.01929631
384.38438438 0.01922057
385.38538539 0.01692058
386.38638639 0.01660552
387.38738739 0.01640442
388.38838839 0.01853620
389.38938939 0.01836936
390.39039039 0.01970898
391.39139139 0.01951943
392.39239239 0.02080330
393.39339339 0.02062115
394.39439439 0.02217812
395.39539540 0.02188440
396.39639640 0.02107325
397.39739740 0.02071427
398.39839840 0.02064732
399.39939940 0.02017058
400.40040040 0.02001138
401.40140140 0.02116393
402.40240240 0.01989651
403.40340340 0.02345478
404.40440440 0.02526233
405.40540541 0.02726684
406.40640641 0.02719115
407.40740741 0.02699336
408.40840841 0.02803630
409.40940941 0.02704187
410.41041041 0.02767560
411.41141141 0.02718041
412.41241241 0.02687944
413.41341341 0.02975665
414.41441441 0.02933250
415.41541542 0.02915320
416.41641642 0.02893303
417.41741742 0.02868476
418.41841842 0.02944472
419.41941942 0.02916776
420.42042042 0.02977415
421.42142142 0.02963505
422.42242242 0.03110226
423.42342342 0.03153573
424.42442442 0.02976297
425.42542543 0.03001942
426.42642643 0.03046563
427.42742743 0.02979227
428.42842843 0.02921614
429.42942943 0.02891596
430.43043043 0.02911702
431.43143143 0.02915933
432.43243243 0.02867394
433.43343343 0.03001041
434.43443443 0.02978259
435.43543544 0.02943353
436.43643644 0.02920123
437.43743744 0.02777219
438.43843844 0.02572376
439.43943944 0.02513212
440.44044044 0.02470289
441.44144144 0.02423179
442.44244244 0.02488131
443.44344344 0.02427706
444.44444444 0.02396569
445.44544545 0.02380790
446.44644645 0.02415307
447.44744745 0.02527256
448.44844845 0.02499532
449.44944945 0.02470053
450.45045045 0.02523032
451.45145145 0.02519965
452.45245245 0.02417391
453.45345345 0.02568311
454.45445445 0.02562824
455.45545546 0.02590317
456.45645646 0.02743420
457.45745746 0.02716948
458.45845846 0.02685310
459.45945946 0.02641421
460.46046046 0.02608700
461.46146146 0.02629383
462.46246246 0.02602682
463.46346346 0.02572445
464.46446446 0.02431088
465.46546547 0.02393897
466.46646647 0.02379099
467.46746747 0.02350070
468.46846847 0.02524786
469.46946947 0.02565365
470.47047047 0.02535563
471.47147147 0.02504734
472.47247247 0.02302479
473.47347347 0.02268474
474.47447447 0.02245111
475.47547548 0.02296743
476.47647648 0.02280518
477.47747748 0.02266221
478.47847848 0.02246774
479.47947948 0.02219445
480.48048048 0.02379532
481.48148148 0.02517959
482.48248248 0.02368420
483.48348348 0.02224408
484.48448448 0.02180348
485.48548549 0.02110686
486.48648649 0.02104587
487.48748749 0.02078220
488.48848849 0.02063168
489.48948949 0.02214935
490.49049049 0.02031943
491.49149149 0.02003061
492.49249249 0.01968640
493.49349349 0.01940309
494.49449449 0.01939762
495.49549550 0.01922234
496.49649650 0.01716835
497.49749750 0.01688153
498.49849850 0.01653953
499.49949950 0.01628618
500.50050050 0.01615172
501.50150150 0.01593116
502.50250250 0.01578433
503.50350350 0.01746617
504.50450450 0.01727105
505.50550551 0.01703910
506.50650651 0.01677576
507.50750751 0.01688703
508.50850851 0.01663984
509.50950951 0.01814843
510.51051051 0.01913613
511.51151151 0.02100147
512.51251251 0.02080797
513.51351351 0.02080578
514.51451451 0.02017084
515.51551552 0.01995858
516.51651652 0.01986286
517.51751752 0.01960144
518.51851852 0.02295102
519.51951952 0.02403947
520.52052052 0.02125499
521.52152152 0.02300682
522.52252252 0.02278561
523.52352352 0.02261357
524.52452452 0.02233534
525.52552553 0.02187719
526.52652653 0.02360175
527.52752753 0.02199172
528.52852853 0.02146653
529.52952953 0.02335589
530.53053053 0.02205779
531.53153153 0.02224277
532.53253253 0.02337595
533.53353353 0.02151285
534.53453453 0.02326552
535.53553554 0.02307046
536.53653654 0.02292310
537.53753754 0.02264899
538.53853854 0.02253717
539.53953954 0.02235225
540.54054054 0.02218352
541.54154154 0.02226611
542.54254254 0.02197434
543.54354354 0.02165364
544.54454454 0.02511662
545.54554555 0.02413108
546.54654655 0.02174169
547.54754755 0.02196055
548.54854855 0.02179143
549.54954955 0.02153214
550.55055055 0.02119668
551.55155155 0.02090236
552.55255255 0.02084235
553.55355355 0.02056081
554.55455455 0.02028656
555.55555556 0.02005520
556.55655656 0.01980527
557.55755756 0.02141782
558.55855856 0.02084891
559.55955956 0.01825076
560.56056056 0.01945511
561.56156156 0.02332665
562.56256256 0.02316461
563.56356356 0.02269297
564.56456456 0.02258362
565.56556557 0.02228757
566.56656657 0.02055128
567.56756757 0.02030217
568.56856857 0.01971942
569.56956957 0.01965057
570.57057057 0.01949171
571.57157157 0.01932334
572.57257257 0.01916593
573.57357357 0.01902081
574.57457457 0.01897144
575.57557558 0.01885838
576.57657658 0.01853959
577.57757758 0.01881919
578.57857858 0.01866335
579.57957958 0.02040380
580.58058058 0.02216131
581.58158158 0.02394625
582.58258258 0.02324324
583.58358358 0.02462056
584.58458458 0.02459104
585.58558559 0.02429785
586.58658659 0.02418878
587.58758759 0.02396593
588.58858859 0.02369933
589.58958959 0.02738651
590.59059059 0.02723108
591.59159159 0.02547567
592.59259259 0.02367113
593.59359359 0.02529880
594.59459459 0.02635169
595.59559560 0.02615244
596.59659660 0.02707112
597.59759760 0.02700735
598.59859860 0.02687515
599.59959960 0.02665127
600.60060060 0.02683629
601.60160160 0.02640173
602.60260260 0.02615844
603.60360360 0.02604097
604.60460460 0.02763743
605.60560561 0.02912247
606.60660661 0.03288223
607.60760761 0.03272697
608.60860861 0.03310018
609.60960961 0.03298236
610.61061061 0.03476423
611.61161161 0.03454075
612.61261261 0.03612606
613.61361361 0.03388087
614.61461461 0.03202755
615.61561562 0.03185814
616.61661662 0.03369905
617.61761762 0.03347173
618.61861862 0.03350559
619.61961962 0.03343122
620.62062062 0.03314620
621.62162162 0.03284194
622.62262262 0.03360572
623.62362362 0.03245670
624.62462462 0.03217249
625.62562563 0.03085778
626.62662663 0.03050700
627.62762763 0.02995877
628.62862863 0.03053157
629.62962963 0.03016752
630.63063063 0.02973120
631.63163163 0.03296624
632.63263263 0.03107653
633.63363363 0.03116786
634.63463463 0.03145257
635.63563564 0.03123445
636.63663664 0.02930676
637.63763764 0.02905358
638.63863864 0.02902851
639.63963964 0.03081324
640.64064064 0.02903442
641.64164164 0.03089154
642.64264264 0.02828450
643.64364364 0.02802222
644.64464464 0.02762251
645.64564565 0.02577756
646.64664665 0.02507209
647.64764765 0.02465380
648.64864865 0.02386664
649.64964965 0.02240381
650.65065065 0.02079351
651.65165165 0.02059474
652.65265265 0.02017619
653.65365365 0.01981830
654.65465465 0.01934289
655.65565566 0.01904220
656.65665666 0.01996041
657.65765766 0.01971131
658.65865866 0.02152449
659.65965966 0.02109999
660.66066066 0.02257029
661.66166166 0.02238704
662.66266266 0.02397972
663.66366366 0.02371876
664.66466466 0.02339187
665.66566567 0.02406474
666.66666667 0.02549507
667.66766767 0.02538923
668.66866867 0.02718439
669.66966967 0.02702946
670.67067067 0.02666234
671.67167167 0.02700285
672.67267267 0.02677568
673.67367367 0.02638474
674.67467467 0.02598299
675.67567568 0.02578251
676.67667668 0.02547157
677.67767768 0.02452692
678.67867868 0.02434306
679.67967968 0.02400870
680.68068068 0.02458760
681.68168168 0.02432947
682.68268268 0.02268860
683.68368368 0.02244202
684.68468468 0.02216116
685.68568569 0.02185302
686.68668669 0.02175589
687.68768769 0.02149204
688.68868869 0.02122619
689.68968969 0.02171898
690.69069069 0.02330233
691.69169169 0.02285498
692.69269269 0.02288683
693.69369369 0.02274344
694.69469469 0.02204680
695.69569570 0.02046948
696.69669670 0.02051628
697.69769770 0.02031412
698.69869870 0.02225897
699.69969970 0.02244155
700.70070070 0.02389280
701.70170170 0.02271823
702.70270270 0.02687416
703.70370370 0.02670219
704.70470470 0.02566701
705.70570571 0.02515333
706.70670671 0.02490770
707.70770771 0.02479659
708.70870871 0.02438991
709.70970971 0.02411303
710.71071071 0.02353658
711.71171171 0.02356034
712.71271271 0.02517727
713.71371371 0.02416501
714.71471471 0.02374358
715.71571572 0.02420399
716.71671672 0.02230709
717.71771772 0.02195337
718.71871872 0.02016255
719.71971972 0.01834777
720.72072072 0.01810085
721.72172172 0.01941010
722.72272272 0.01924003
723.72372372 0.02102412
724.72472472 0.02134731
725.72572573 0.02061531
726.72672673 0.02036621
727.72772773 0.02033111
728.72872873 0.02055842
729.72972973 0.01992310
730.73073073 0.01959220
731.73173173 0.02067919
732.73273273 0.02065701
733.73373373 0.02072737
734.73473473 0.02013824
735.73573574 0.02009026
736.73673674 0.01866885
737.73773774 0.01849436
738.73873874 0.01823334
739.73973974 0.01816728
740.74074074 0.01793580
741.74174174 0.01766079
742.74274274 0.01744692
743.74374374 0.01761806
744.74474474 0.01735806
745.74574575 0.01710502
746.74674675 0.01683042
747.74774775 0.01658829
748.74874875 0.01628255
749.74974975 0.01604295
750.75075075 0.01404931
751.75175175 0.01601044
752.75275275 0.01459774
753.75375375 0.01408942
754.75475475 0.01389017
755.75575576 0.01363020
756.75675676 0.01334721
757.75775776 0.01458917
758.75875876 0.01361536
759.75975976 0.01364528
760.76076076 0.01344133
761.76176176 0.01334596
762.76276276 0.01551081
763.76376376 0.01583919
764.76476476 0.01559588
765.76576577 0.01535319
766.76676677 0.01469109
767.76776777 0.01643172
768.76876877 0.01838369
769.76976977 0.01841580
770.77077077 0.01705998
771.77177177 0.01641391
772.77277277 0.01616190
773.77377377 0.01423445
774.77477477 0.01389205
775.77577578 0.01395857
776.77677678 0.01369405
777.77777778 0.01564063
778.77877878 0.01351417
779.77977978 0.01205977
780.78078078 0.01382370
781.78178178 0.01564824
782.78278278 0.01529694
783.78378378 0.01427694
784.78478478 0.01306020
785.78578579 0.01288278
786.78678679 0.01274054
787.78778779 0.01330960
788.78878879 0.01292112
789.78978979 0.01265476
790.79079079 0.01205149
791.79179179 0.01194015
792.79279279 0.01176818
793.79379379 0.01159030
794.79479479 0.01119587
795.79579580 0.01112101
796.79679680 0.01289855
797.79779780 0.01284506
798.79879880 0.01634652
799.79979980 0.01613797
800.80080080 0.01604167
801.80180180 0.01599574
802.80280280 0.01516850
803.80380380 0.01583720
804.80480480 0.01574141
805.80580581 0.01765240
806.80680681 0.01746229
807.80780781 0.01725892
808.80880881 0.01909759
809.80980981 0.01904340
810.81081081 0.01886463
811.81181181 0.02012687
812.81281281 0.01933534
813.81381381 0.01920773
814.81481481 0.01870158
815.81581582 0.01990782
816.81681682 0.01949327
817.81781782 0.02062428
818.81881882 0.02027834
819.81981982 0.02259090
820.82082082 0.02156224
821.82182182 0.02286775
822.82282282 0.02248508
823.82382382 0.02212008
824.82482482 0.02194807
825.82582583 0.02180895
826.82682683 0.02167184
827.82782783 0.02210293
828.82882883 0.02561424
829.82982983 0.02521835
830.83083083 0.02488483
831.83183183 0.02466955
832.83283283 0.02448564
833.83383383 0.02434834
834.83483483 0.02467702
835.83583584 0.02651574
836.83683684 0.02567080
837.83783784 0.02498443
838.83883884 0.02487213
839.83983984 0.02305237
840.84084084 0.02249034
841.84184184 0.02580454
842.84284284 0.02576624
843.84384384 0.02583286
844.84484484 0.02959703
845.84584585 0.03130729
846.84684685 0.02903421
847.84784785 0.02916948
848.84884885 0.02891830
849.84984985 0.02855855
850.85085085 0.03040866
851.85185185 0.03018329
852.85285285 0.02994467
853.85385385 0.02972320
854.85485485 0.02951870
855.85585586 0.03076047
856.85685686 0.03053970
857.85785786 0.03044981
858.85885886 0.03106515
859.85985986 0.03096714
860.86086086 0.02885985
861.86186186 0.02743667
862.86286286 0.02784831
863.86386386 0.02762803
864.86486486 0.02858230
865.86586587 0.02692433
866.86686687 0.02578037
867.86786787 0.02553513
868.86886887 0.02514357
869.86986987 0.02493467
870.87087087 0.02867856
871.87187187 0.02824243
872.87287287 0.02812772
873.87387387 0.02557593
874.87487487 0.02762602
875.87587588 0.02704203
876.87687688 0.02727797
877.87787788 0.02717789
878.87887888 0.02713726
879.87987988 0.02700113
880.88088088 0.02409151
881.88188188 0.02372881
882.88288288 0.02354922
883.88388388 0.02324492
884.88488488 0.02200474
885.88588589 0.02403810
886.88688689 0.02297398
887.88788789 0.02274882
888.88888889 0.02255629
889.88988989 0.02253115
890.89089089 0.02225839
891.89189189 0.02209818
892.89289289 0.02403016
893.89389389 0.02559123
894.89489489 0.02518050
895.89589590 0.02873080
896.89689690 0.02567284
897.89789790 0.02557821
898.89889890 0.02548186
899.89989990 0.02515453
900.90090090 0.02498152
901.90190190 0.02358200
902.90290290 0.02324171
903.90390390 0.02297355
904.90490490 0.02267319
905.90590591 0.02245719
906.90690691 0.02230509
907.90790791 0.02404807
908.90890891 0.02379898
909.90990991 0.02339442
910.91091091 0.02510950
911.91191191 0.02677930
912.91291291 0.02653348
913.91391391 0.02626946
914.91491491 0.02655244
915.91591592 0.02557779
916.91691692 0.02397820
917.91791792 0.02292280
918.91891892 0.02269017
919.91991992 0.02441789
920.92092092 0.02402798
921.92192192 0.02360286
922.92292292 0.02339463
923.92392392 0.02320543
924.92492492 0.02199512
925.92592593 0.02184382
926.92692693 0.02374133
927.92792793 0.02374429
928.92892893 0.02289284
929.92992993 0.02260560
930.93093093 0.02467338
931.93193193 0.02441566
932.93293293 0.02441027
933.93393393 0.02394476
934.93493493 0.02254056
935.93593594 0.02251769
936.93693694 0.02098915
937.93793794 0.02072978
938.93893894 0.02109102
939.93993994 0.02105031
940.94094094 0.02117062
941.94194194 0.02041732
942.94294294 0.02133576
943.94394394 0.02034943
944.94494494 0.02024627
945.94594595 0.02200779
946.94694695 0.02170835
947.94794795 0.02360188
948.94894895 0.02339451
949.94994995 0.02189815
950.95095095 0.02180409
951.95195195 0.02365488
952.95295295 0.02352153
953.95395395 0.02353092
954.95495495 0.02338596
955.95595596 0.02319056
956.95695696 0.02493098
957.95795796 0.02463856
958.95895896 0.02442492
959.95995996 0.02420359
960.96096096 0.02040053
961.96196196 0.02014648
962.96296296 0.01854211
963.96396396 0.01900920
964.96496496 0.01875214
965.96596597 0.01844215
966.96696697 0.01628669
967.96796797 0.01605792
968.96896897 0.01584855
969.96996997 0.01497987
970.97097097 0.01673175
971.97197197 0.01753158
972.97297297 0.01961352
973.97397397 0.01977187
974.97497497 0.02123075
975.97597598 0.02019483
976.97697698 0.02006350
977.97797798 0.01964582
978.97897898 0.01943615
979.97997998 0.01788408
980.98098098 0.01771889
981.98198198 0.01753547
982.98298298 0.01727043
983.98398398 0.01710730
984.98498498 0.01693677
985.98598599 0.01882096
986.98698699 0.02055653
987.98798799 0.02058191
988.98898899 0.02059241
989.98998999 0.02051993
990.99099099 0.02034512
991.99199199 0.02025063
992.99299299 0.02123567
993.99399399 0.01970597
994.99499499 0.01964604
995.99599600 0.01865577
996.99699700 0.01849152
997.99799800 0.01718794
998.99899900 0.01704782
1000.00000000 0.01696497
