0.00000000 8.00000000
1.00100100 7.98205056
2.00200200 7.88596612
3.00300300 7.81530875
4.00400400 7.70740796
5.00500501 7.59780783
6.00600601 7.48287311
7.00700701 7.36576681
8.00800801 7.24100898
9.00900901 7.11844385
10.01001001 7.02673919
11.01101101 6.90798435
12.01201201 6.78124735
13.01301301 6.68532443
14.01401401 6.58146882
15.01501502 6.49882464
16.01601602 6.37004652
17.01701702 6.26812951
18.01801802 6.14725280
19.01901902 6.03766499
20.02002002 5.93261524
21.02102102 5.84115503
22.02202202 5.74264890
23.02302302 5.62012214
24.02402402 5.51050199
25.02502503 5.41891767
26.02602603 5.32616933
27.02702703 5.22198107
28.02802803 5.11047512
29.02902903 5.03600788
30.03003003 4.94299899
31.03103103 4.84017835
32.03203203 4.76420636
33.03303303 4.66318030
34.03403403 4.56504801
35.03503504 4.46901880
36.03603604 4.37964899
37.03703704 4.30111648
38.03803804 4.21966692
39.03903904 4.14850378
40.04004004 4.07988422
41.04104104 4.00202454
42.04204204 3.92091145
43.04304304 3.85046773
44.04404404 3.77373326
45.04504505 3.69324894
46.04604605 3.62738682
47.04704705 3.56042545
48.04804805 3.48485807
49.04904905 3.41965939
50.05005005 3.34897332
51.05105105 3.27357733
52.05205205 3.21249769
53.05305305 3.13251483
54.05405405 3.06047695
55.05505506 3.00276468
56.05605606 2.94463052
57.05705706 2.88073949
58.05805806 2.82737668
59.05905906 2.76293222
60.06006006 2.71696242
61.06106106 2.66674999
62.06206206 2.60826336
63.06306306 2.55969983
64.06406406 2.51535665
65.06506507 2.45421141
66.06606607 2.39474081
67.06706707 2.34883294
68.06806807 2.29677476
69.06906907 2.25521814
70.07007007 2.21301142
71.07107107 2.16923705
72.07207207 2.12610067
73.07307307 2.07825032
74.07407407 2.04332018
75.07507508 2.00101137
76.07607608 1.95628002
77.07707708 1.91809180
78.07807808 1.87882689
79.07907908 1.83596856
80.08008008 1.78995511
81.08108108 1.75390863
82.08208208 1.71525374
83.08308308 1.67802854
84.08408408 1.64266130
85.08508509 1.60960864
86.08608609 1.56723734
87.08708709 1.52636595
88.08808809 1.49689351
89.08908909 1.46633936
90.09009009 1.43041429
91.09109109 1.39930689
92.09209209 1.36837858
93.09309309 1.34064968
94.09409409 1.30946476
95.09509510 1.28650695
96.09609610 1.25867288
97.09709710 1.22422576
98.09809810 1.19196143
99.09909910 1.16341917
100.10010010 1.13031991
101.10110110 1.10786389
102.10210210 1.08205257
103.10310310 1.05451560
104.10410410 1.03088840
105.10510511 1.00232378
106.10610611 0.97701567
107.10710711 0.95308648
108.10810811 0.92857988
109.10910911 0.90584646
110.11011011 0.88346534
111.11111111 0.86529036
112.11211211 0.84316723
113.11311311 0.82289796
114.11411411 0.80437245
115.11511512 0.78873088
116.11611612 0.76608923
117.11711712 0.75064685
118.11811812 0.73024436
119.11911912 0.71487569
120.12012012 0.69884984
121.12112112 0.68033207
122.12212212 0.66221532
123.12312312 0.64394375
124.12412412 0.62831661
125.12512513 0.60952532
126.12612613 0.59606694
127.12712713 0.57972543
128.12812813 0.56538268
129.12912913 0.55457400
130.13013013 0.54139902
131.13113113 0.52889266
132.13213213 0.51631323
133.13313313 0.50334595
134.13413413 0.49238891
135.13513514 0.48192964
136.13613614 0.47043409
137.13713714 0.45906765
138.13813814 0.44848490
139.13913914 0.43606780
140.14014014 0.42683306
141.14114114 0.41675965
142.14214214 0.40683852
143.14314314 0.39283459
144.14414414 0.38345483
145.14514515 0.37321038
146.14614615 0.36357529
147.14714715 0.35472718
148.14814815 0.34897464
149.14914915 0.34008500
150.15015015 0.33206341
151.15115115 0.32543224
152.15215215 0.31815661
153.15315315 0.31072530
154.15415415 0.30175709
155.15515516 0.29454282
156.15615616 0.28736149
157.15715716 0.28090029
158.15815816 0.27487979
159.15915916 0.26816277
160.16016016 0.26228307
161.16116116 0.25584783
162.16216216 0.24976018
163.16316316 0.24436481
164.16416416 0.23833704
165.16516517 0.23313660
166.16616617 0.22837066
167.16716717 0.22402197
168.16816817 0.21931825
169.16916917 0.21367794
170.17017017 0.20725730
171.17117117 0.20215112
172.17217217 0.19756693
173.17317317 0.19287042
174.17417417 0.18869167
175.17517518 0.18524049
176.17617618 0.18043315
177.17717718 0.17551096
178.17817818 0.17293369
179.17917918 0.16865225
180.18018018 0.16598791
181.18118118 0.16259941
182.18218218 0.15800563
183.18318318 0.15432327
184.18418418 0.15065226
185.18518519 0.14732024
186.18618619 0.14374804
187.18718719 0.14037247
188.18818819 0.13689670
189.18918919 0.13343262
190.19019019 0.13024381
191.19119119 0.12771664
192.19219219 0.12484835
193.19319319 0.12141863
194.19419419 0.11963409
195.19519520 0.11685584
196.19619620 0.11443675
197.19719720 0.11287099
198.19819820 0.11057694
199.19919920 0.10807816
200.20020020 0.10466496
201.20120120 0.10211771
202.20220220 0.09946130
203.20320320 0.09752634
204.20420420 0.09548236
205.20520521 0.09370316
206.20620621 0.09112191
207.20720721 0.08932347
208.20820821 0.08794878
209.20920921 0.08589505
210.21021021 0.08359707
211.21121121 0.08152146
212.21221221 0.07981988
213.21321321 0.07900939
214.21421421 0.07739017
215.21521522 0.07568834
216.21621622 0.07437914
217.21721722 0.07281279
218.21821822 0.07071753
219.21921922 0.06949149
220.22022022 0.06737753
221.22122122 0.06590066
222.22222222 0.06481740
223.22322322 0.06324881
224.22422422 0.06220937
225.22522523 0.06146536
226.22622623 0.05985910
227.22722723 0.05838702
228.22822823 0.05782936
229.22922923 0.05785535
230.23023023 0.05622991
231.23123123 0.05525416
232.23223223 0.05400054
233.23323323 0.05343306
234.23423423 0.05208324
235.23523524 0.05085356
236.23623624 0.05086216
237.23723724 0.04926674
238.23823824 0.04826145
239.23923924 0.04695702
240.24024024 0.04576346
241.24124124 0.04494778
242.24224224 0.04447212
243.24324324 0.04356729
244.24424424 0.04271555
245.24524525 0.04156129
246.24624625 0.04089162
247.24724725 0.04083829
248.24824825 0.03982173
249.24924925 0.03917700
250.25025025 0.03852862
251.25125125 0.03780675
252.25225225 0.03867050
253.25325325 0.03857565
254.25425425 0.03739668
255.25525526 0.03729528
256.25625626 0.03845246
257.25725726 0.03716386
258.25825826 0.03671793
259.25925926 0.03576236
260.26026026 0.03574179
261.26126126 0.03511722
262.26226226 0.03463422
263.26326326 0.03376141
264.26426426 0.03302056
265.26526527 0.03300458
266.26626627 0.03250203
267.26726727 0.03214585
268.26826827 0.03172190
269.26926927 0.03233726
270.27027027 0.03091475
271.27127127 0.03043953
272.27227227 0.03015054
273.27327327 0.02934375
274.27427427 0.03045240
275.27527528 0.03074443
276.27627628 0.03029807
277.27727728 0.02936467
278.27827828 0.03078570
279.27927928 0.03079745
280.28028028 0.03189984
281.28128128 0.03114601
282.28228228 0.03050414
283.28328328 0.03189125
284.28428428 0.03151825
285.28528529 0.03082994
286.28628629 0.03021290
287.28728729 0.02999746
288.28828829 0.02912115
289.28928929 0.02971730
290.29029029 0.02925785
291.29129129 0.02872172
292.29229229 0.02843072
293.29329329 0.02725146
294.29429429 0.02711614
295.29529530 0.02726897
296.29629630 0.02647646
297.29729730 0.02563840
298.29829830 0.02533757
299.29929930 0.02483205
300.30030030 0.02526276
301.30130130 0.02494691
302.30230230 0.02309244
303.30330330 0.02279391
304.30430430 0.02243357
305.30530531 0.02134357
306.30630631 0.02469983
307.30730731 0.02427244
308.30830831 0.02395284
309.30930931 0.02494115
310.31031031 0.02459736
311.31131131 0.02468988
312.31231231 0.02526771
313.31331331 0.02525960
314.31431431 0.02538188
315.31531532 0.02532442
316.31631632 0.02498847
317.31731732 0.02633532
318.31831832 0.02637549
319.31931932 0.02622268
320.32032032 0.02583204
321.32132132 0.02545939
322.32232232 0.02581507
323.32332332 0.02558723
324.32432432 0.02539754
325.32532533 0.02688825
326.32632633 0.02647696
327.32732733 0.02598034
328.32832833 0.02586115
329.32932933 0.02527717
330.33033033 0.02379442
331.33133133 0.02321696
332.33233233 0.02313091
333.33333333 0.02326091
334.33433433 0.02446654
335.33533534 0.02439005
336.33633634 0.02434986
337.33733734 0.02386325
338.33833834 0.02058455
339.33933934 0.01976602
340.34034034 0.01940783
341.34134134 0.01968914
342.34234234 0.01935400
343.34334334 0.01882386
344.34434434 0.02257836
345.34534535 0.02230084
346.34634635 0.02230173
347.34734735 0.02212844
348.34834835 0.02200635
349.34934935 0.01885920
350.35035035 0.02045870
351.35135135 0.01925163
352.35235235 0.01900551
353.35335335 0.01869311
354.35435435 0.01849939
355.35535536 0.01860056
356.35635636 0.01942046
357.35735736 0.01937621
358.35835836 0.02102747
359.35935936 0.02450988
360.36036036 0.02422894
361.36136136 0.02436185
362.36236236 0.02764350
363.36336336 0.02440791
364.36436436 0.02424186
365.36536537 0.02316163
366.36636637 0.02623717
367.36736737 0.02606213
368.36836837 0.02598795
369.36936937 0.02500816
370.37037037 0.02434842
371.37137137 0.02400431
372.37237237 0.02355433
373.37337337 0.02129898
374.37437437 0.02091223
375.37537538 0.02111686
376.37637638 0.02074782
377.37737738 0.02096451
378.37837838 0.02078329
379.37937938 0.02058246
380.38038038 0.02011375
381.38138138 0.01982163
382.38238238 0.01964860
383.38338338 0.02056205
384.38438438 0.01859184
385.38538539 0.01839257
386.38638639 0.01839697
387.38738739 0.01701716
388.38838839 0.01853991
389.38938939 0.01801374
390.39039039 0.01854778
391.39139139 0.01850802
392.39239239 0.01825107
393.39339339 0.01830406
394.39439439 0.01983945
395.39539540 0.01964833
396.39639640 0.01924854
397.39739740 0.01891711
398.39839840 0.01991644
399.39939940 0.01981059
400.40040040 0.01949946
401.40140140 0.01922018
402.40240240 0.01776949
403.40340340 0.01757696
404.40440440 0.01725879
405.40540541 0.01710240
406.40640641 0.01683278
407.40740741 0.01670865
408.40840841 0.01556426
409.40940941 0.01520593
410.41041041 0.01499590
411.41141141 0.01524064
412.41241241 0.01540132
413.41341341 0.01511757
414.41441441 0.01484307
415.41541542 0.01588447
416.41641642 0.01560879
417.41741742 0.01601127
418.41841842 0.01576676
419.41941942 0.01593217
420.42042042 0.01737474
421.42142142 0.01917387
422.42242242 0.01902676
423.42342342 0.01806447
424.42442442 0.01684992
425.42542543 0.01656397
426.42642643 0.01629558
427.42742743 0.01636467
428.42842843 0.01610327
429.42942943 0.01586283
430.43043043 0.01754105
431.43143143 0.01732982
432.43243243 0.01579085
433.43343343 0.01557439
434.43443443 0.01637337
435.43543544 0.01700650
436.43643644 0.01678152
437.43743744 0.01658005
438.43843844 0.01809976
439.43943944 0.02039158
440.44044044 0.02011747
441.44144144 0.02183183
442.44244244 0.02242143
443.44344344 0.02082647
444.44444444 0.02060908
445.44544545 0.02044567
446.44644645 0.01984015
447.44744745 0.01954160
448.44844845 0.01904885
449.44944945 0.01864657
450.45045045 0.01828128
451.45145145 0.01799371
452.45245245 0.01735583
453.45345345 0.01731469
454.45445445 0.01721591
455.45545546 0.01587085
456.45645646 0.01607842
457.45745746 0.01587047
458.45845846 0.01548597
459.45945946 0.01521522
460.46046046 0.01496706
461.46146146 0.01651009
462.46246246 0.01823706
463.46346346 0.01779118
464.46446446 0.01801008
465.46546547 0.01802236
466.46646647 0.01775691
467.46746747 0.01954992
468.46846847 0.01927709
469.46946947 0.01903162
470.47047047 0.01879613
471.47147147 0.01853846
472.47247247 0.01913826
473.47347347 0.01971782
474.47447447 0.01949232
475.47547548 0.01922788
476.47647648 0.01987723
477.47747748 0.02182896
478.47847848 0.01898370
479.47947948 0.01860753
480.48048048 0.01838940
481.48148148 0.01836015
482.48248248 0.01809725
483.48348348 0.01794575
484.48448448 0.01758077
485.48548549 0.01899409
486.48648649 0.01690314
487.48748749 0.01515605
488.48848849 0.01560352
489.48948949 0.01548880
490.49049049 0.01548794
491.49149149 0.01704724
492.49249249 0.01682017
493.49349349 0.01845910
494.49449449 0.01738685
495.49549550 0.01717679
496.49649650 0.01680656
497.49749750 0.01649804
498.49849850 0.01803825
499.49949950 0.01972610
500.50050050 0.01981766
501.50150150 0.01823242
502.50250250 0.01816733
503.50350350 0.01809371
504.50450450 0.01813920
505.50550551 0.01800868
506.50650651 0.01780442
507.50750751 0.01769640
508.50850851 0.01750203
509.50950951 0.01907073
510.51051051 0.01883951
511.51151151 0.01865129
512.51251251 0.01710154
513.51351351 0.01690969
514.51451451 0.01710724
515.51551552 0.01609089
516.51651652 0.01776393
517.51751752 0.01756283
518.51851852 0.01740748
519.51951952 0.01715220
520.52052052 0.01704400
521.52152152 0.01674617
522.52252252 0.01691716
523.52352352 0.01670685
524.52452452 0.01651342
525.52552553 0.01644092
526.52652653 0.01610113
527.52752753 0.01585003
528.52852853 0.01565391
529.52952953 0.01729586
530.53053053 0.01724433
531.53153153 0.01725178
532.53253253 0.01924439
533.53353353 0.01907945
534.53453453 0.01907223
535.53553554 0.01930201
536.53653654 0.01833207
537.53753754 0.01816419
538.53853854 0.01803722
539.53953954 0.01799582
540.54054054 0.01881347
541.54154154 0.02084596
542.54254254 0.02241564
543.54354354 0.02414076
544.54454454 0.02574576
545.54554555 0.02542869
546.54654655 0.02573040
547.54754755 0.02564490
548.54854855 0.02663014
549.54954955 0.02634073
550.55055055 0.02509293
551.55155155 0.02490585
552.55255255 0.02464007
553.55355355 0.02440251
554.55455455 0.02312433
555.55555556 0.02303688
556.55655656 0.02424188
557.55755756 0.02406434
558.55855856 0.02412421
559.55955956 0.02370908
560.56056056 0.02351515
561.56156156 0.02502212
562.56256256 0.02356980
563.56356356 0.02283290
564.56456456 0.02260571
565.56556557 0.02313949
566.56656657 0.02282104
567.56756757 0.02338089
568.56856857 0.02327516
569.56956957 0.02191061
570.57057057 0.02181752
571.57157157 0.02157731
572.57257257 0.02085011
573.57357357 0.02266221
574.57457457 0.02443180
575.57557558 0.02348326
576.57657658 0.02333913
577.57757758 0.02422110
578.57857858 0.02527902
579.57957958 0.02486656
580.58058058 0.02497189
581.58158158 0.02448039
582.58258258 0.02437079
583.58358358 0.02439989
584.58458458 0.02414472
585.58558559 0.02382788
586.58658659 0.02206663
587.58758759 0.02048558
588.58858859 0.02077784
589.58958959 0.01929456
590.59059059 0.01878551
591.59159159 0.01871956
592.59259259 0.01851682
593.59359359 0.01826917
594.59459459 0.01877997
595.59559560 0.01853605
596.59659660 0.01844667
597.59759760 0.01820913
598.59859860 0.02183681
599.59959960 0.02140850
600.60060060 0.02113093
601.60160160 0.02410610
602.60260260 0.02580160
603.60360360 0.02554858
604.60460460 0.02477908
605.60560561 0.02341316
606.60660661 0.02317572
607.60760761 0.02351974
608.60860861 0.02335103
609.60960961 0.02309610
610.61061061 0.02304227
611.61161161 0.02495690
612.61261261 0.02481265
613.61361361 0.02423975
614.61461461 0.02328769
615.61561562 0.02333682
616.61661662 0.02321919
617.61761762 0.02498964
618.61861862 0.02557663
619.61961962 0.02533982
620.62062062 0.02520182
621.62162162 0.02496810
622.62262262 0.02468486
623.62362362 0.02442517
624.62462462 0.02422822
625.62562563 0.02326819
626.62662663 0.02528446
627.62762763 0.02501521
628.62862863 0.02671062
629.62962963 0.03024967
630.63063063 0.03000242
631.63163163 0.02775996
632.63263263 0.02750581
633.63363363 0.02732656
634.63463463 0.02634415
635.63563564 0.02622375
636.63663664 0.02761894
637.63763764 0.02643804
638.63863864 0.02580738
639.63963964 0.02684931
640.64064064 0.02883102
641.64164164 0.02843096
642.64264264 0.03005427
643.64364364 0.03025291
644.64464464 0.03004691
645.64564565 0.03070688
646.64664665 0.03045689
647.64764765 0.02991143
648.64864865 0.02975803
649.64964965 0.02966949
650.65065065 0.02956081
651.65165165 0.02973755
652.65265265 0.02950184
653.65365365 0.02804619
654.65465465 0.02645309
655.65565566 0.02612161
656.65665666 0.02575516
657.65765766 0.02100684
658.65865866 0.02272724
659.65965966 0.02275165
660.66066066 0.01818829
661.66166166 0.01898112
662.66266266 0.01954661
663.66366366 0.01923536
664.66466466 0.01891167
665.66566567 0.02091673
666.66666667 0.02482801
667.66766767 0.02410364
668.66866867 0.02549594
669.66966967 0.02667014
670.67067067 0.02987821
671.67167167 0.02959547
672.67267267 0.03094041
673.67367367 0.03064802
674.67467467 0.03221322
675.67567568 0.03042750
676.67667668 0.03262620
677.67767768 0.03259249
678.67867868 0.02777171
679.67967968 0.02743731
680.68068068 0.02706962
681.68168168 0.02816498
682.68268268 0.02793274
683.68368368 0.02831797
684.68468468 0.02970408
685.68568569 0.02951893
686.68668669 0.02801918
687.68768769 0.03034779
688.68868869 0.03010745
689.68968969 0.02808689
690.69069069 0.02764688
691.69169169 0.02948077
692.69269269 0.02843248
693.69369369 0.02815914
694.69469469 0.02528683
695.69569570 0.02502708
696.69669670 0.02694005
697.69769770 0.02873869
698.69869870 0.02828893
699.69969970 0.02912032
700.70070070 0.03080344
701.70170170 0.03229346
702.70270270 0.03208770
703.70370370 0.03169655
704.70470470 0.03137187
705.70570571 0.03133947
706.70670671 0.03105827
707.70770771 0.02905502
708.70870871 0.02890864
709.70970971 0.02869333
710.71071071 0.03022439
711.71171171 0.02988099
712.71271271 0.02561095
713.71371371 0.02399620
714.71471471 0.02730918
715.71571572 0.02706317
716.71671672 0.02699698
717.71771772 0.02845910
718.71871872 0.02846586
719.71971972 0.02816472
720.72072072 0.02612280
721.72172172 0.02598118
722.72272272 0.02565896
723.72372372 0.02430253
724.72472472 0.02410951
725.72572573 0.02387156
726.72672673 0.02445555
727.72772773 0.02298744
728.72872873 0.02203702
729.72972973 0.02181873
730.73073073 0.02160035
731.73173173 0.02136998
732.73273273 0.02153788
733.73373373 0.02315723
734.73473473 0.02306685
735.73573574 0.02492241
736.73673674 0.02679754
737.73773774 0.02649229
738.73873874 0.02623621
739.73973974 0.02599944
740.74074074 0.02578044
741.74174174 0.02550797
742.74274274 0.02723849
743.74374374 0.02698297
744.74474474 0.02679705
745.74574575 0.02853963
746.74674675 0.02822795
747.74774775 0.02816380
748.74874875 0.02824347
749.74974975 0.02523003
750.75075075 0.02500742
751.75175175 0.02414670
752.75275275 0.02350424
753.75375375 0.02525126
754.75475475 0.02680043
755.75575576 0.02668904
756.75675676 0.02505300
757.75775776 0.02528215
758.75875876 0.02613606
759.75975976 0.02435026
760.76076076 0.02284237
761.76176176 0.02259600
762.76276276 0.02211336
763.76376376 0.02180893
764.76476476 0.02353512
765.76576577 0.02328816
766.76676677 0.02291120
767.76776777 0.02270830
768.76876877 0.02247418
769.76976977 0.02358762
770.77077077 0.02377595
771.77177177 0.02354457
772.77277277 0.02336374
773.77377377 0.02314313
774.77477477 0.02192650
775.77577578 0.02169021
776.77677678 0.02147243
777.77777778 0.02335476
778.77877878 0.02167626
779.77977978 0.02148202
780.78078078 0.02133056
781.78178178 0.02018817
782.78278278 0.02197440
783.78378378 0.02157095
784.78478478 0.02145550
785.78578579 0.01835905
786.78678679 0.01820559
787.78778779 0.01770112
788.78878879 0.01909728
789.78978979 0.02092017
790.79079079 0.02249256
791.79179179 0.02244407
792.79279279 0.02076434
793.79379379 0.02258908
794.79479479 0.02217146
795.79579580 0.02207997
796.79679680 0.02383362
797.79779780 0.02362969
798.79879880 0.02291644
799.79979980 0.02268092
800.80080080 0.02146695
801.80180180 0.02301707
802.80280280 0.02474028
803.80380380 0.02605470
804.80480480 0.02438357
805.80580581 0.02715831
806.80680681 0.02524890
807.80780781 0.02512816
808.80880881 0.02661197
809.80980981 0.02561584
810.81081081 0.02391397
811.81181181 0.02379156
812.81281281 0.02358900
813.81381381 0.02337027
814.81481481 0.02330447
815.81581582 0.02501256
816.81681682 0.02484809
817.81781782 0.02408745
818.81881882 0.02398119
819.81981982 0.02217485
820.82082082 0.02032727
821.82182182 0.02012414
822.82282282 0.01993809
823.82382382 0.01972129
824.82482482 0.01941798
825.82582583 0.01919825
826.82682683 0.01764177
827.82782783 0.01933397
828.82882883 0.01900207
829.82982983 0.01771745
830.83083083 0.01920803
831.83183183 0.01904861
832.83283283 0.01875819
833.83383383 0.01675683
834.83483483 0.01659550
835.83583584 0.01638840
836.83683684 0.01548054
837.83783784 0.01526597
838.83883884 0.01506792
839.83983984 0.01488477
840.84084084 0.01866620
841.84184184 0.01825931
842.84284284 0.02005849
843.84384384 0.01836617
844.84484484 0.01650223
845.84584585 0.01831451
846.84684685 0.01808263
847.84784785 0.01783064
848.84884885 0.01765682
849.84984985 0.01594189
850.85085085 0.01571801
851.85185185 0.01543173
852.85285285 0.01535431
853.85385385 0.01525586
854.85485485 0.01335125
855.85585586 0.01328535
856.85685686 0.01313306
857.85785786 0.01299526
858.85885886 0.01275115
859.85985986 0.01282158
860.86086086 0.01463861
861.86186186 0.01449994
862.86286286 0.01432172
863.86386386 0.01420692
864.86486486 0.01409580
865.86586587 0.01382980
866.86686687 0.01367464
867.86786787 0.01349630
868.86886887 0.01199246
869.86986987 0.01185138
870.87087087 0.01379675
871.87187187 0.01377247
872.87287287 0.01565910
873.87387387 0.01561015
874.87487487 0.01550828
875.87587588 0.01710207
876.87687688 0.01699039
877.87787788 0.01675849
878.87887888 0.01806211
879.87987988 0.01989715
880.88088088 0.01974166
881.88188188 0.01685911
882.88288288 0.01474270
883.88388388 0.01468736
884.88488488 0.01677504
885.88588589 0.01848082
886.88688689 0.02027648
887.88788789 0.02010063
888.88888889 0.01997560
889.88988989 0.01993057
890.89089089 0.01975484
891.89189189 0.01946369
892.89289289 0.01836155
893.89389389 0.02005283
894.89489489 0.02076420
895.89589590 0.02061814
896.89689690 0.02076374
897.89789790 0.02056309
898.89889890 0.01978824
899.89989990 0.02152947
900.90090090 0.02281272
901.90190190 0.02264053
902.90290290 0.02272161
903.90390390 0.02270622
904.90490490 0.02232305
905.90590591 0.02172823
906.90690691 0.02089238
907.90790791 0.02065581
908.90890891 0.02043499
909.90990991 0.02022624
910.91091091 0.01881189
911.91191191 0.01865661
912.91291291 0.01841166
913.91391391 0.01819471
914.91491491 0.01798773
915.91591592 0.01955809
916.91691692 0.01983709
917.91791792 0.01833881
918.91891892 0.01772320
919.91991992 0.01751717
920.92092092 0.01720735
921.92192192 0.01696921
922.92292292 0.01673059
923.92392392 0.01689760
924.92492492 0.01668835
925.92592593 0.01680207
926.92692693 0.01659414
927.92792793 0.01636578
928.92892893 0.01612724
929.92992993 0.01794429
930.93093093 0.01769738
931.93193193 0.01709622
932.93293293 0.01948604
933.93393393 0.01838189
934.93493493 0.01749110
935.93593594 0.01740647
936.93693694 0.01724669
937.93793794 0.01899900
938.93893894 0.01877252
939.93993994 0.01856759
940.94094094 0.01837109
941.94194194 0.01816837
942.94294294 0.01805606
943.94394394 0.01985555
944.94494494 0.01850328
945.94594595 0.01828232
946.94694695 0.01808422
947.94794795 0.01789338
948.94894895 0.01895552
949.94994995 0.01690209
950.95095095 0.01619038
951.95195195 0.01491926
952.95295295 0.01453708
953.95395395 0.01433059
954.95495495 0.01417200
955.95595596 0.01327404
956.95695696 0.01508435
957.95795796 0.01356654
958.95895896 0.01341245
959.95995996 0.01159675
960.96096096 0.01129095
961.96196196 0.01128242
962.96296296 0.01124319
963.96396396 0.01114987
964.96496496 0.01095660
965.96596597 0.01077827
966.96696697 0.01071357
967.96796797 0.01058106
968.96896897 0.01060711
969.96996997 0.00859606
970.97097097 0.00851455
971.97197197 0.00857310
972.97297297 0.01042371
973.97397397 0.01024133
974.97497497 0.01038404
975.97597598 0.01024020
976.97697698 0.01034294
977.97797798 0.01023916
978.97897898 0.00873692
979.97997998 0.00858045
980.98098098 0.00846195
981.98198198 0.00835251
982.98298298 0.00837822
983.98398398 0.00820776
984.98498498 0.01012416
985.98598599 0.01093268
986.98698699 0.01073257
987.98798799 0.01075778
988.98898899 0.01058775
989.98998999 0.01026643
990.99099099 0.01012369
991.99199199 0.01002134
992.99299299 0.00982001
993.99399399 0.00973218
994.99499499 0.00976151
995.99599600 0.00972988
996.99699700 0.01361582
997.99799800 0.01349347
998.99899900 0.01338677
1000.00000000 0.01357164
