0.00000000 2.00000000 0.00000021
1.00050025 2.02598311 0.01284235
2.00100050 2.00586598 0.02168233
3.00150075 2.02538028 0.04575096
4.00200100 1.99325489 0.04571914
5.00250125 1.99759250 0.07412549
6.00300150 1.98830961 0.07519981
7.00350175 1.98310294 0.09541360
8.00400200 1.97707391 0.11719045
9.00450225 1.97596300 0.12461994
10.00500250 1.96041178 0.14240342
11.00550275 1.95904995 0.14806885
12.00600300 1.95161134 0.15237421
13.00650325 1.94170660 0.16696057
14.00700350 1.94172556 0.17536016
15.00750375 1.93046840 0.18255534
16.00800400 1.92528953 0.18576842
17.00850425 1.92057432 0.19565613
18.00900450 1.91407254 0.19711825
19.00950475 1.90804851 0.20282855
20.01000500 1.90447048 0.21365959
21.01050525 1.88814759 0.22988931
22.01100550 1.88084559 0.24432651
23.01150575 1.87201273 0.25398248
24.01200600 1.86060185 0.26024237
25.01250625 1.85783823 0.27046159
26.01300650 1.85088502 0.27730406
27.01350675 1.83949052 0.28329807
28.01400700 1.84040672 0.28558771
29.01450725 1.83174823 0.29278593
30.01500750 1.82055880 0.30816534
31.01550775 1.81467109 0.31230996
32.01600800 1.80062943 0.32003183
33.01650825 1.79465878 0.32205893
34.01700850 1.79197284 0.32661949
35.01750875 1.78152046 0.32827770
36.01800900 1.77748530 0.33133334
37.01850925 1.77442904 0.33486414
38.01900950 1.76169886 0.34853411
39.01950975 1.76040308 0.35332954
40.02001001 1.75339980 0.35935845
41.02051026 1.74758947 0.36044375
42.02101051 1.74534108 0.36229407
43.02151076 1.73479807 0.36950705
44.02201101 1.72871190 0.36980880
45.02251126 1.72568049 0.37922266
46.02301151 1.71456296 0.38611437
47.02351176 1.70603496 0.38918558
48.02401201 1.70054843 0.39282541
49.02451226 1.69242580 0.39664564
50.02501251 1.68530632 0.40015276
51.02551276 1.68191300 0.40590651
52.02601301 1.66893381 0.41246777
53.02651326 1.66781649 0.41132098
54.02701351 1.66326841 0.41591662
55.02751376 1.65624916 0.41939334
56.02801401 1.65387793 0.42216330
57.02851426 1.64845520 0.42474028
58.02901451 1.63510009 0.43164534
59.02951476 1.62398265 0.43572113
60.03001501 1.61431663 0.44324939
61.03051526 1.60621569 0.44539354
62.03101551 1.59634318 0.45082450
63.03151576 1.58832186 0.46047189
64.03201601 1.57866943 0.46019022
65.03251626 1.57534988 0.46624958
66.03301651 1.56354100 0.47326011
67.03351676 1.55616002 0.47811638
68.03401701 1.54558970 0.47928152
69.03451726 1.53631715 0.48141120
70.03501751 1.52953231 0.48490473
71.03551776 1.52310957 0.48713739
72.03601801 1.51713341 0.48924924
73.03651826 1.50866224 0.49026886
74.03701851 1.50464280 0.49131255
75.03751876 1.49992585 0.49167837
76.03801901 1.49197137 0.49298074
77.03851926 1.48772579 0.49187228
78.03901951 1.48483291 0.49183189
79.03951976 1.47809955 0.49245295
80.04002001 1.47374425 0.49308079
81.04052026 1.46383162 0.49762264
82.04102051 1.45682472 0.49884004
83.04152076 1.45388379 0.49962154
84.04202101 1.44755711 0.50412686
85.04252126 1.43787547 0.50660759
86.04302151 1.43291717 0.50737562
87.04352176 1.42703373 0.51016489
88.04402201 1.41785090 0.50927890
89.04452226 1.40974251 0.51026514
90.04502251 1.40420541 0.51151972
91.04552276 1.39414841 0.51079379
92.04602301 1.38650859 0.51182326
93.04652326 1.37758078 0.51503174
94.04702351 1.37258187 0.51721042
95.04752376 1.36690373 0.51641380
96.04802401 1.36433082 0.51924290
97.04852426 1.36006324 0.52278046
98.04902451 1.35181561 0.52208152
99.04952476 1.34713883 0.52176197
100.05002501 1.34361436 0.52325882
101.05052526 1.33597347 0.52293068
102.05102551 1.32793945 0.52317616
103.05152576 1.31711705 0.52742484
104.05202601 1.31438232 0.52780932
105.05252626 1.30747387 0.53563681
106.05302651 1.30002801 0.53545307
107.05352676 1.29179717 0.53709301
108.05402701 1.28905170 0.53553219
109.05452726 1.28149419 0.53458746
110.05502751 1.28077454 0.53509749
111.05552776 1.27026625 0.53560692
112.05602801 1.26123414 0.53892415
113.05652826 1.25784472 0.53695081
114.05702851 1.25090169 0.53894221
115.05752876 1.24427471 0.53837910
116.05802901 1.23557633 0.54427442
117.05852926 1.22899897 0.54333343
118.05902951 1.22720298 0.54180088
119.05952976 1.22257920 0.54252021
120.06003002 1.20950293 0.54503649
121.06053027 1.20283934 0.54795141
122.06103052 1.19344896 0.54757735
123.06153077 1.19059152 0.54766387
124.06203102 1.18814520 0.54696818
125.06253127 1.18345636 0.54656921
126.06303152 1.17806163 0.54720152
127.06353177 1.17383579 0.54788237
128.06403202 1.16666021 0.54863529
129.06453227 1.16418227 0.55178565
130.06503252 1.15670949 0.55417363
131.06553277 1.15162529 0.55372976
132.06603302 1.15115919 0.55386409
133.06653327 1.14749833 0.55341977
134.06703352 1.14264238 0.55650419
135.06753377 1.13855114 0.55643624
136.06803402 1.13374976 0.55821171
137.06853427 1.12852582 0.55870985
138.06903452 1.12587628 0.55913527
139.06953477 1.12484331 0.55849432
140.07003502 1.11863242 0.55814463
141.07053527 1.11199549 0.55835750
142.07103552 1.10769664 0.55708501
143.07153577 1.10315509 0.55704258
144.07203602 1.09973244 0.55839986
145.07253627 1.09077067 0.55589675
146.07303652 1.08852485 0.55675886
147.07353677 1.08397605 0.55894920
148.07403702 1.07537443 0.55483999
149.07453727 1.07024855 0.55628027
150.07503752 1.06693320 0.55734793
151.07553777 1.06248279 0.55810863
152.07603802 1.05297989 0.55825118
153.07653827 1.04912222 0.55657907
154.07703852 1.04654840 0.55699038
155.07753877 1.04130429 0.55892137
156.07803902 1.03695986 0.55726279
157.07853927 1.03407740 0.55814860
158.07903952 1.02850421 0.55753896
159.07953977 1.02134682 0.55778084
160.08004002 1.01672645 0.55741468
161.08054027 1.00961293 0.55909072
162.08104052 1.00592312 0.56047781
163.08154077 1.00201891 0.56161255
164.08204102 0.99389011 0.56031918
165.08254127 0.98792753 0.55842512
166.08304152 0.98313257 0.55768962
167.08354177 0.97900932 0.55682394
168.08404202 0.97272303 0.55680296
169.08454227 0.96715227 0.55380561
170.08504252 0.96334028 0.55140516
171.08554277 0.96101450 0.55185232
172.08604302 0.95829531 0.55128255
173.08654327 0.95482214 0.55351374
174.08704352 0.94999686 0.55348416
175.08754377 0.94731939 0.55221830
176.08804402 0.93525915 0.55293613
177.08854427 0.93195428 0.55267933
178.08904452 0.92431808 0.54997814
179.08954477 0.92136436 0.54983582
180.09004502 0.91575484 0.55246618
181.09054527 0.91035229 0.55082466
182.09104552 0.90486102 0.55201138
183.09154577 0.89864466 0.55026929
184.09204602 0.89482417 0.55017949
185.09254627 0.88069382 0.54849370
186.09304652 0.87896908 0.55176666
187.09354677 0.87514295 0.55134061
188.09404702 0.87377290 0.55138664
189.09454727 0.86944450 0.54984315
190.09504752 0.86533102 0.55121522
191.09554777 0.86132889 0.55239410
192.09604802 0.85543647 0.55443758
193.09654827 0.85227549 0.55435228
194.09704852 0.84656525 0.55388084
195.09754877 0.84146358 0.55290952
196.09804902 0.83932795 0.55244514
197.09854927 0.83355150 0.55233121
198.09904952 0.83125079 0.54973513
199.09954977 0.83066635 0.54999236
200.10005003 0.82447957 0.54633372
201.10055028 0.81636337 0.54651752
202.10105053 0.80958720 0.54312627
203.10155078 0.80697058 0.54266504
204.10205103 0.79996719 0.53998926
205.10255128 0.79329308 0.53346465
206.10305153 0.78972455 0.53250260
207.10355178 0.78336187 0.53277014
208.10405203 0.78167442 0.53468344
209.10455228 0.77665429 0.53138588
210.10505253 0.76911145 0.52858576
211.10555278 0.76693360 0.52789542
212.10605303 0.76243848 0.52807921
213.10655328 0.75781589 0.52416800
214.10705353 0.75480390 0.52376733
215.10755378 0.75247967 0.52121511
216.10805403 0.74838349 0.51964369
217.10855428 0.74670813 0.52070559
218.10905453 0.74267213 0.51935276
219.10955478 0.73830527 0.51911197
220.11005503 0.73559893 0.51791539
221.11055528 0.73183081 0.51614740
222.11105553 0.72897766 0.51654649
223.11155578 0.72617290 0.51465621
224.11205603 0.72075383 0.51285803
225.11255628 0.71757244 0.51383103
226.11305653 0.71496842 0.51254757
227.11355678 0.71274894 0.51346080
228.11405703 0.70705720 0.51398965
229.11455728 0.70516215 0.51400795
230.11505753 0.70211367 0.51304299
231.11555778 0.69793876 0.51132584
232.11605803 0.69278465 0.51086143
233.11655828 0.68763771 0.51088197
234.11705853 0.68332605 0.50894833
235.11755878 0.68074317 0.50684507
236.11805903 0.67696573 0.50746253
237.11855928 0.67273376 0.50761415
238.11905953 0.67035041 0.50661153
239.11955978 0.66863293 0.50726922
240.12006003 0.66701975 0.50726368
241.12056028 0.66459908 0.50509759
242.12106053 0.65712497 0.50028168
243.12156078 0.65256386 0.50131541
244.12206103 0.65047716 0.50107467
245.12256128 0.64892652 0.50118149
246.12306153 0.64515113 0.50070299
247.12356178 0.64231696 0.50130241
248.12406203 0.64038951 0.50132613
249.12456228 0.63682909 0.50106773
250.12506253 0.63398764 0.50060293
251.12556278 0.62818463 0.50047711
252.12606303 0.62455999 0.49954431
253.12656328 0.61976966 0.50044209
254.12706353 0.61737017 0.50002477
255.12756378 0.61459194 0.49656143
256.12806403 0.61209933 0.49532411
257.12856428 0.61017356 0.49635929
258.12906453 0.60632657 0.49208725
259.12956478 0.60359914 0.49159290
260.13006503 0.60003011 0.48782549
261.13056528 0.59590982 0.48862702
262.13106553 0.59126537 0.48718544
263.13156578 0.59056488 0.48840419
264.13206603 0.58874675 0.48761972
265.13256628 0.58692637 0.48782446
266.13306653 0.58085153 0.48839184
267.13356678 0.57561257 0.48695861
268.13406703 0.57146089 0.48543823
269.13456728 0.56936355 0.48559057
270.13506753 0.56447254 0.48347240
271.13556778 0.55889378 0.47989344
272.13606803 0.55562443 0.47946172
273.13656828 0.55238521 0.47921103
274.13706853 0.54760223 0.47569605
275.13756878 0.54553536 0.47653706
276.13806903 0.54333959 0.47597908
277.13856928 0.54025162 0.47405237
278.13906953 0.53785582 0.47311633
279.13956978 0.53655615 0.47371796
280.14007004 0.53302284 0.47248928
281.14057029 0.52958249 0.47225680
282.14107054 0.52536892 0.47154531
283.14157079 0.52311432 0.46967719
284.14207104 0.51787334 0.46766735
285.14257129 0.51409466 0.46764646
286.14307154 0.51198603 0.46758721
287.14357179 0.51135481 0.46698215
288.14407204 0.50984201 0.46653291
289.14457229 0.50740157 0.46386248
290.14507254 0.50522073 0.46323583
291.14557279 0.50287000 0.46236002
292.14607304 0.49860079 0.45825426
293.14657329 0.49707181 0.45808718
294.14707354 0.49338303 0.45513839
295.14757379 0.49153016 0.45514625
296.14807404 0.48999952 0.45440691
297.14857429 0.48646030 0.45249066
298.14907454 0.48086784 0.44817801
299.14957479 0.47874017 0.44837546
300.15007504 0.47658983 0.44835970
301.15057529 0.47306787 0.44791545
302.15107554 0.47176684 0.44795200
303.15157579 0.46876245 0.44760002
304.15207604 0.46710115 0.44718177
305.15257629 0.46498426 0.44610414
306.15307654 0.45999028 0.44509011
307.15357679 0.45786184 0.44468891
308.15407704 0.45720329 0.44420276
309.15457729 0.45434516 0.43988308
310.15507754 0.45344545 0.43985392
311.15557779 0.44884798 0.43633347
312.15607804 0.44596567 0.43659492
313.15657829 0.44405768 0.43512182
314.15707854 0.44291716 0.43503055
315.15757879 0.44212723 0.43496601
316.15807904 0.43954537 0.43235706
317.15857929 0.43734950 0.43149902
318.15907954 0.43549826 0.43104962
319.15957979 0.43426363 0.43057063
320.16008004 0.43201350 0.42880678
321.16058029 0.42859532 0.42794359
322.16108054 0.42517838 0.42503551
323.16158079 0.42181046 0.42204566
324.16208104 0.41909558 0.42154228
325.16258129 0.41770878 0.42082664
326.16308154 0.41738380 0.42156926
327.16358179 0.41492554 0.42065148
328.16408204 0.41342520 0.42028825
329.16458229 0.41181206 0.41951647
330.16508254 0.40977289 0.41809266
331.16558279 0.40869497 0.41854634
332.16608304 0.40791912 0.41925754
333.16658329 0.40692194 0.41833966
334.16708354 0.40290862 0.41522812
335.16758379 0.40132423 0.41427736
336.16808404 0.40002578 0.41152014
337.16858429 0.39804158 0.41132905
338.16908454 0.39560823 0.40906875
339.16958479 0.39373681 0.40870490
340.17008504 0.39284713 0.40857222
341.17058529 0.39017923 0.40767945
342.17108554 0.38966832 0.40676081
343.17158579 0.38762804 0.40561880
344.17208604 0.38638766 0.40497717
345.17258629 0.38066649 0.40013381
346.17308654 0.37770730 0.39892806
347.17358679 0.37410066 0.39532158
348.17408704 0.37077576 0.39343141
349.17458729 0.36944609 0.39268001
350.17508754 0.36530980 0.38851498
351.17558779 0.36016571 0.38831729
352.17608804 0.35691565 0.38845735
353.17658829 0.35555786 0.38909902
354.17708854 0.35402724 0.38873212
355.17758879 0.35196044 0.38827951
356.17808904 0.35031230 0.38683994
357.17858929 0.34877725 0.38538699
358.17908954 0.34666059 0.38374951
359.17958979 0.34654054 0.38681179
360.18009005 0.34526311 0.38671076
361.18059030 0.34410903 0.38499573
362.18109055 0.34233070 0.38298016
363.18159080 0.34168874 0.38220342
364.18209105 0.33744408 0.38134364
365.18259130 0.33495146 0.38049144
366.18309155 0.33256414 0.37780323
367.18359180 0.33196936 0.37792223
368.18409205 0.33034804 0.37826183
369.18459230 0.32975039 0.37780021
370.18509255 0.32846795 0.37714821
371.18559280 0.32364341 0.37106304
372.18609305 0.32178445 0.37014595
373.18659330 0.32031257 0.37030111
374.18709355 0.32007437 0.37098510
375.18759380 0.31757543 0.36925956
376.18809405 0.31614288 0.36923538
377.18859430 0.31300780 0.36528008
378.18909455 0.31113602 0.36325967
379.18959480 0.31012789 0.36282215
380.19009505 0.30803729 0.36195758
381.19059530 0.30642860 0.36115603
382.19109555 0.30202261 0.35495255
383.19159580 0.30142330 0.35347963
384.19209605 0.30042517 0.35319611
385.19259630 0.29963891 0.35288981
386.19309655 0.29810187 0.35287808
387.19359680 0.29418844 0.34606231
388.19409705 0.29244239 0.34481318
389.19459730 0.29155065 0.34382394
390.19509755 0.28897854 0.34125548
391.19559780 0.28704261 0.33859040
392.19609805 0.28547382 0.33689527
393.19659830 0.28242494 0.33365977
394.19709855 0.28157310 0.33349181
395.19759880 0.28075944 0.33297957
396.19809905 0.27950111 0.33229180
397.19859930 0.27870302 0.33198183
398.19909955 0.27644107 0.33110941
399.19959980 0.27242543 0.32650401
400.20010005 0.27245836 0.32584428
401.20060030 0.27219433 0.32612593
402.20110055 0.27136661 0.32520849
403.20160080 0.26851622 0.32343159
404.20210105 0.26738130 0.32273447
405.20260130 0.26501003 0.31977357
406.20310155 0.26413692 0.31974015
407.20360180 0.26297600 0.31874794
408.20410205 0.26178026 0.31801676
409.20460230 0.25984562 0.31529155
410.20510255 0.25941013 0.31547503
411.20560280 0.25810449 0.31448687
412.20610305 0.25703822 0.31362116
413.20660330 0.25604209 0.31309436
414.20710355 0.25404890 0.31289504
415.20760380 0.25325794 0.31189631
416.20810405 0.25250027 0.31155655
417.20860430 0.25171557 0.31099968
418.20910455 0.24808478 0.30695740
419.20960480 0.24516447 0.30542308
420.21010505 0.24298520 0.30407598
421.21060530 0.24250927 0.30308746
422.21110555 0.24160376 0.30328884
423.21160580 0.24104426 0.30299038
424.21210605 0.23974148 0.30302515
425.21260630 0.23858409 0.30192413
426.21310655 0.23817090 0.30174236
427.21360680 0.23736747 0.30097423
428.21410705 0.23604522 0.30091157
429.21460730 0.23536137 0.30062176
430.21510755 0.23281871 0.29383612
431.21560780 0.22918271 0.29036400
432.21610805 0.22781439 0.28960487
433.21660830 0.22675549 0.28862629
434.21710855 0.22367289 0.28472206
435.21760880 0.22378275 0.28559640
436.21810905 0.22275281 0.28544035
437.21860930 0.22151869 0.28415057
438.21910955 0.22000239 0.28379152
439.21960980 0.21898409 0.28340404
440.22011006 0.21811112 0.28296167
441.22061031 0.21466115 0.28089120
442.22111056 0.21369225 0.28005257
443.22161081 0.21276054 0.27988781
444.22211106 0.21197146 0.27897158
445.22261131 0.21099783 0.27852535
446.22311156 0.21035094 0.27829912
447.22361181 0.20725966 0.27451209
448.22411206 0.20747362 0.27446170
449.22461231 0.20649866 0.27382244
450.22511256 0.20509831 0.27305814
451.22561281 0.20328849 0.27066712
452.22611306 0.20197913 0.27007972
453.22661331 0.20132046 0.26935960
454.22711356 0.20054871 0.26852988
455.22761381 0.20000134 0.26813597
456.22811406 0.19865412 0.26689653
457.22861431 0.19767815 0.26624233
458.22911456 0.19696012 0.26583578
459.22961481 0.19498411 0.26402189
460.23011506 0.19308995 0.26253987
461.23061531 0.19233146 0.26186301
462.23111556 0.19172940 0.26119794
463.23161581 0.19122954 0.26079632
464.23211606 0.18941021 0.25949172
465.23261631 0.18860921 0.25941220
466.23311656 0.18760646 0.25920334
467.23361681 0.18596695 0.25784247
468.23411706 0.18538605 0.25769509
469.23461731 0.18469706 0.25700162
470.23511756 0.18270943 0.25547601
471.23561781 0.18178971 0.25508356
472.23611806 0.17895395 0.25110433
473.23661831 0.17840150 0.24969664
474.23711856 0.17787474 0.24964168
475.23761881 0.17680906 0.24925788
476.23811906 0.17483370 0.24897900
477.23861931 0.17403573 0.24832628
478.23911956 0.17385931 0.24709152
479.23961981 0.17171548 0.24472025
480.24012006 0.17051571 0.24111323
481.24062031 0.17024866 0.24116155
482.24112056 0.17080768 0.24173723
483.24162081 0.17000270 0.24128078
484.24212106 0.16898855 0.24083331
485.24262131 0.16652490 0.23761423
486.24312156 0.16614919 0.23752955
487.24362181 0.16408965 0.23474367
488.24412206 0.16463549 0.23448072
489.24462231 0.16424397 0.23442065
490.24512256 0.16348193 0.23381733
491.24562281 0.16341475 0.23440724
492.24612306 0.16233191 0.23392705
493.24662331 0.16160490 0.23432792
494.24712356 0.16020235 0.23358870
495.24762381 0.15989009 0.23327936
496.24812406 0.15918829 0.23279224
497.24862431 0.15851364 0.23169913
498.24912456 0.15760004 0.23129302
499.24962481 0.15719735 0.23083149
500.25012506 0.15628516 0.23039046
501.25062531 0.15570854 0.22990092
502.25112556 0.15505516 0.22786295
503.25162581 0.15357176 0.22622555
504.25212606 0.15223883 0.22519649
505.25262631 0.15105948 0.22412149
506.25312656 0.15145232 0.22411187
507.25362681 0.15011722 0.22347174
508.25412706 0.14926275 0.22279310
509.25462731 0.14961320 0.22225789
510.25512756 0.14895117 0.22181384
511.25562781 0.14872909 0.22192825
512.25612806 0.14830095 0.22193143
513.25662831 0.14761961 0.22117978
514.25712856 0.14666925 0.22045526
515.25762881 0.14588008 0.21993254
516.25812906 0.14485051 0.21963188
517.25862931 0.14421377 0.21932534
518.25912956 0.14488940 0.22108565
519.25962981 0.14459358 0.22074735
520.26013007 0.14408794 0.21948416
521.26063032 0.14333050 0.21924014
522.26113057 0.14270710 0.21907385
523.26163082 0.14220613 0.21901564
524.26213107 0.14014904 0.21155227
525.26263132 0.13981108 0.21214148
526.26313157 0.13890410 0.21013249
527.26363182 0.13705533 0.20856324
528.26413207 0.13514844 0.20535204
529.26463232 0.13590836 0.20672109
530.26513257 0.13545043 0.20594013
531.26563282 0.13492407 0.20577160
532.26613307 0.13408909 0.20516437
533.26663332 0.13340061 0.20471154
534.26713357 0.13296018 0.20460362
535.26763382 0.13416867 0.20773365
536.26813407 0.13289455 0.20540941
537.26863432 0.13191711 0.20474881
538.26913457 0.13255673 0.20487625
539.26963482 0.13054178 0.20086151
540.27013507 0.12931817 0.19997055
541.27063532 0.12921715 0.20011210
542.27113557 0.12904765 0.20021630
543.27163582 0.12863859 0.19985252
544.27213607 0.12777735 0.19858265
545.27263632 0.12782576 0.19805059
546.27313657 0.12550541 0.19419045
547.27363682 0.12553185 0.19342836
548.27413707 0.12480690 0.19304819
549.27463732 0.12418511 0.19284262
550.27513757 0.12394711 0.19244885
551.27563782 0.12373295 0.19195483
552.27613807 0.12259901 0.18965754
553.27663832 0.12279288 0.18983427
554.27713857 0.12209128 0.18935699
555.27763882 0.12140270 0.18916792
556.27813907 0.12047005 0.18808488
557.27863932 0.11965881 0.18712050
558.27913957 0.11946702 0.18702541
559.27963982 0.11950204 0.18816790
560.28014007 0.11848586 0.18655819
561.28064032 0.11797731 0.18624505
562.28114057 0.11754843 0.18582791
563.28164082 0.11730323 0.18584072
564.28214107 0.11601477 0.18447661
565.28264132 0.11568098 0.18422640
566.28314157 0.11532333 0.18382997
567.28364182 0.11448172 0.18291612
568.28414207 0.11388056 0.18201304
569.28464232 0.11430130 0.18293863
570.28514257 0.11375868 0.18219424
571.28564282 0.11327876 0.18167102
572.28614307 0.11324892 0.18127552
573.28664332 0.11091321 0.17652101
574.28714357 0.11046297 0.17660321
575.28764382 0.10976626 0.17546152
576.28814407 0.10934182 0.17531050
577.28864432 0.10788716 0.17194242
578.28914457 0.10742162 0.17139870
579.28964482 0.10693564 0.17064148
580.29014507 0.10710085 0.17069440
581.29064532 0.10660935 0.16977449
582.29114557 0.10593685 0.16943444
583.29164582 0.10565793 0.17016203
584.29214607 0.10542557 0.16956684
585.29264632 0.10433158 0.16865743
586.29314657 0.10391014 0.16865887
587.29364682 0.10295845 0.16762259
588.29414707 0.10273027 0.16771009
589.29464732 0.10227121 0.16684415
590.29514757 0.10204453 0.16626958
591.29564782 0.10207357 0.16715785
592.29614807 0.10167838 0.16662852
593.29664832 0.10118733 0.16620886
594.29714857 0.10034730 0.16434704
595.29764882 0.09983004 0.16363476
596.29814907 0.09965064 0.16451557
597.29864932 0.09973207 0.16532371
598.29914957 0.09918399 0.16347465
599.29964982 0.09915097 0.16438235
600.30015008 0.09844704 0.16330524
601.30065033 0.09830862 0.16354701
602.30115058 0.09777590 0.16242189
603.30165083 0.09709821 0.16186166
604.30215108 0.09646612 0.16099211
605.30265133 0.09626515 0.16056926
606.30315158 0.09542107 0.15925016
607.30365183 0.09498222 0.15894208
608.30415208 0.09431487 0.15814207
609.30465233 0.09369498 0.15731669
610.30515258 0.09325248 0.15710613
611.30565283 0.09303783 0.15683260
612.30615308 0.09241469 0.15638835
613.30665333 0.09232360 0.15628859
614.30715358 0.09147215 0.15566556
615.30765383 0.09111690 0.15505708
616.30815408 0.09076666 0.15468828
617.30865433 0.09037004 0.15420377
618.30915458 0.09004802 0.15374970
619.30965483 0.09053143 0.15423846
620.31015508 0.09014648 0.15377426
621.31065533 0.08946129 0.15262542
622.31115558 0.08945210 0.15269102
623.31165583 0.08754709 0.14918332
624.31215608 0.08725155 0.14885111
625.31265633 0.08602161 0.14582392
626.31315658 0.08556569 0.14511154
627.31365683 0.08512771 0.14486476
628.31415708 0.08469634 0.14425888
629.31465733 0.08418560 0.14382330
630.31515758 0.08466684 0.14408169
631.31565783 0.08436526 0.14378427
632.31615808 0.08442666 0.14374575
633.31665833 0.08417780 0.14356341
634.31715858 0.08381142 0.14275622
635.31765883 0.08349562 0.14260453
636.31815908 0.08354831 0.14217354
637.31865933 0.08351528 0.14215849
638.31915958 0.08303544 0.14130145
639.31965983 0.08197353 0.14060479
640.32016008 0.08175586 0.14014053
641.32066033 0.08020815 0.13592207
642.32116058 0.07964234 0.13532910
643.32166083 0.07928876 0.13496440
644.32216108 0.07880318 0.13449284
645.32266133 0.07813820 0.13363793
646.32316158 0.07766569 0.13319924
647.32366183 0.07749992 0.13282355
648.32416208 0.07719505 0.13275394
649.32466233 0.07648490 0.13225770
650.32516258 0.07602567 0.13154364
651.32566283 0.07553151 0.13094723
652.32616308 0.07529419 0.13072959
653.32666333 0.07468922 0.13007453
654.32716358 0.07378765 0.12914698
655.32766383 0.07343877 0.12868547
656.32816408 0.07319310 0.12818953
657.32866433 0.07287258 0.12805728
658.32916458 0.07245942 0.12764313
659.32966483 0.07196997 0.12703656
660.33016508 0.07099964 0.12558447
661.33066533 0.07092653 0.12543457
662.33116558 0.07033205 0.12470316
663.33166583 0.06986592 0.12421643
664.33216608 0.06943458 0.12356807
665.33266633 0.06931459 0.12331821
666.33316658 0.06910671 0.12294334
667.33366683 0.06794096 0.12194502
668.33416708 0.06764681 0.12218769
669.33466733 0.06720226 0.12136659
670.33516758 0.06642929 0.11918067
671.33566783 0.06613563 0.11904522
672.33616808 0.06586277 0.11826108
673.33666833 0.06561847 0.11800366
674.33716858 0.06535858 0.11747942
675.33766883 0.06469772 0.11664940
676.33816908 0.06439511 0.11628676
677.33866933 0.06425894 0.11614427
678.33916958 0.06429909 0.11585669
679.33966983 0.06387526 0.11544992
680.34017009 0.06285352 0.11381979
681.34067034 0.06260423 0.11367058
682.34117059 0.06237601 0.11330750
683.34167084 0.06204954 0.11265323
684.34217109 0.06170062 0.11225704
685.34267134 0.06132159 0.11192226
686.34317159 0.06103502 0.11184353
687.34367184 0.06116106 0.11150411
688.34417209 0.06111011 0.11120093
689.34467234 0.06081792 0.11084024
690.34517259 0.06021845 0.11003292
691.34567284 0.05976367 0.10957149
692.34617309 0.06009826 0.11000002
693.34667334 0.06032014 0.11018921
694.34717359 0.06018852 0.11007321
695.34767384 0.05994176 0.10920938
696.34817409 0.05969436 0.10910409
697.34867434 0.06035921 0.11028834
698.34917459 0.06026746 0.11005480
699.34967484 0.05954748 0.10877110
700.35017509 0.05919796 0.10842367
701.35067534 0.05902941 0.10808554
702.35117559 0.05747681 0.10311211
703.35167584 0.05724914 0.10266928
704.35217609 0.05707044 0.10250298
705.35267634 0.05687214 0.10213253
706.35317659 0.05643241 0.10155015
707.35367684 0.05602428 0.10098700
708.35417709 0.05652479 0.10264419
709.35467734 0.05618669 0.10228262
710.35517759 0.05583271 0.10208988
711.35567784 0.05587898 0.10181337
712.35617809 0.05552711 0.10112924
713.35667834 0.05535676 0.10079484
714.35717859 0.05508118 0.10057940
715.35767884 0.05485849 0.10031498
716.35817909 0.05468047 0.10006538
717.35867934 0.05448151 0.09970780
718.35917959 0.05427271 0.09948696
719.35967984 0.05365767 0.09839733
720.36018009 0.05414948 0.10023607
721.36068034 0.05411059 0.10017069
722.36118059 0.05412072 0.10039813
723.36168084 0.05373088 0.09928362
724.36218109 0.05402984 0.10018966
725.36268134 0.05381789 0.10005019
726.36318159 0.05361850 0.10006482
727.36368184 0.05337033 0.09955658
728.36418209 0.05309231 0.09914253
729.36468234 0.05272880 0.09867562
730.36518259 0.05253213 0.09841418
731.36568284 0.05245111 0.09838003
732.36618309 0.05232465 0.09821845
733.36668334 0.05208294 0.09765817
734.36718359 0.05191607 0.09723525
735.36768384 0.05175501 0.09711996
736.36818409 0.05141209 0.09702226
737.36868434 0.05112056 0.09669192
738.36918459 0.05167729 0.09734724
739.36968484 0.05145658 0.09677270
740.37018509 0.05130605 0.09660393
741.37068534 0.05116026 0.09637195
742.37118559 0.05078088 0.09620876
743.37168584 0.05162169 0.09800505
744.37218609 0.05133272 0.09758090
745.37268634 0.05231467 0.09957943
746.37318659 0.05205473 0.09927836
747.37368684 0.05175063 0.09857509
748.37418709 0.05143946 0.09890263
749.37468734 0.05103283 0.09782934
750.37518759 0.05131129 0.09913064
751.37568784 0.05099242 0.09842092
752.37618809 0.04997908 0.09566943
753.37668834 0.05013854 0.09762253
754.37718859 0.05001419 0.09758315
755.37768884 0.04982935 0.09659705
756.37818909 0.04866277 0.09186084
757.37868934 0.04839223 0.09171359
758.37918959 0.04813900 0.09128390
759.37968984 0.04767173 0.09075087
760.38019010 0.04717941 0.08980018
761.38069035 0.04700465 0.08952635
762.38119060 0.04662627 0.08924310
763.38169085 0.04639397 0.08893170
764.38219110 0.04604910 0.08780039
765.38269135 0.04709860 0.09160290
766.38319160 0.04712788 0.09255222
767.38369185 0.04748770 0.09392111
768.38419210 0.04710513 0.09320414
769.38469235 0.04669242 0.09203330
770.38519260 0.04808924 0.10081696
771.38569285 0.04792069 0.10059471
772.38619310 0.04777397 0.10097814
773.38669335 0.04771979 0.10122646
774.38719360 0.04671922 0.09968565
775.38769385 0.04632149 0.09843552
776.38819410 0.04627323 0.09878682
777.38869435 0.04606857 0.09850524
778.38919460 0.04652873 0.09923845
779.38969485 0.04644038 0.09899681
780.39019510 0.04611020 0.09857487
781.39069535 0.04578811 0.09794314
782.39119560 0.04576568 0.09817393
783.39169585 0.04515686 0.09644958
784.39219610 0.04500822 0.09642910
785.39269635 0.04485056 0.09608187
786.39319660 0.04334826 0.09112019
787.39369685 0.04307698 0.09098959
788.39419710 0.04286065 0.09048378
789.39469735 0.04286712 0.09085181
790.39519760 0.04289792 0.09116495
791.39569785 0.04257768 0.09033974
792.39619810 0.04306016 0.09201238
793.39669835 0.04332659 0.09321980
794.39719860 0.04331219 0.09286898
795.39769885 0.04474305 0.09838369
796.39819910 0.04450305 0.09826179
797.39869935 0.04478102 0.09809796
798.39919960 0.04458127 0.09853089
799.39969985 0.04463256 0.09856602
800.40020010 0.04461986 0.09874725
801.40070035 0.04433362 0.09840070
802.40120060 0.04539679 0.10137523
803.40170085 0.04518003 0.10082131
804.40220110 0.04496892 0.10048523
805.40270135 0.04479715 0.10096260
806.40320160 0.04442742 0.10039914
807.40370185 0.04410763 0.09962688
808.40420210 0.04404396 0.09954953
809.40470235 0.04354283 0.09812263
810.40520260 0.04375345 0.09841565
811.40570285 0.04353102 0.09841276
812.40620310 0.04326592 0.09801892
813.40670335 0.04301780 0.09678276
814.40720360 0.04281162 0.09629208
815.40770385 0.04266300 0.09617693
816.40820410 0.04237342 0.09582758
817.40870435 0.04232654 0.09608260
818.40920460 0.04203538 0.09602004
819.40970485 0.04185614 0.09570079
820.41020510 0.04143557 0.09478157
821.41070535 0.04137042 0.09498340
822.41120560 0.04255984 0.10194706
823.41170585 0.04281602 0.10324270
824.41220610 0.04253731 0.10236006
825.41270635 0.04274021 0.10314930
826.41320660 0.04244763 0.10236015
827.41370685 0.04238839 0.10302300
828.41420710 0.04202009 0.10205614
829.41470735 0.04217368 0.10301723
830.41520760 0.04195580 0.10196943
831.41570785 0.04177168 0.10158754
832.41620810 0.04176626 0.10186644
833.41670835 0.04177622 0.10201741
834.41720860 0.04152345 0.10159396
835.41770885 0.04128303 0.10112529
836.41820910 0.04144688 0.10087885
837.41870935 0.04143697 0.10096424
838.41920960 0.04130126 0.10094240
839.41970985 0.04124000 0.10097052
840.42021011 0.04119284 0.10072136
841.42071036 0.04155576 0.10024062
842.42121061 0.04160301 0.10064599
843.42171086 0.04171690 0.10027134
844.42221111 0.04150940 0.09997770
845.42271136 0.04235105 0.10356557
846.42321161 0.04219746 0.10301038
847.42371186 0.04187605 0.10230629
848.42421211 0.04243864 0.10306560
849.42471236 0.04242088 0.10325316
850.42521261 0.04293873 0.10357658
851.42571286 0.04248712 0.10254480
852.42621311 0.04254149 0.10179039
853.42671336 0.04349919 0.10509122
854.42721361 0.04297373 0.10297781
855.42771386 0.04302219 0.10299653
856.42821411 0.04307535 0.10415759
857.42871436 0.04269354 0.10377175
858.42921461 0.04247125 0.10360609
859.42971486 0.04242583 0.10343075
860.43021511 0.04185004 0.10000580
861.43071536 0.04159583 0.09899767
862.43121561 0.04145275 0.09912331
863.43171586 0.04121364 0.09839199
864.43221611 0.04054130 0.09702062
865.43271636 0.04055954 0.09726393
866.43321661 0.04096684 0.09868644
867.43371686 0.04087699 0.09830994
868.43421711 0.04060109 0.09777042
869.43471736 0.04035387 0.09739538
870.43521761 0.04003187 0.09642733
871.43571786 0.04005958 0.09679910
872.43621811 0.03995219 0.09636052
873.43671836 0.04118716 0.10086810
874.43721861 0.04102284 0.10028871
875.43771886 0.04067753 0.10020373
876.43821911 0.04040571 0.10005510
877.43871936 0.04225591 0.10518037
878.43921961 0.04197358 0.10419176
879.43971986 0.04158025 0.10358007
880.44022011 0.04190012 0.10376301
881.44072036 0.04179793 0.10407211
882.44122061 0.04168014 0.10390924
883.44172086 0.04155955 0.10330401
884.44222111 0.04157136 0.10286605
885.44272136 0.04141938 0.10286012
886.44322161 0.04143599 0.10281492
887.44372186 0.04128796 0.10254098
888.44422211 0.04104862 0.10237537
889.44472236 0.04086963 0.10208384
890.44522261 0.04082024 0.10226185
891.44572286 0.04159793 0.10726499
892.44622311 0.04140945 0.10744873
893.44672336 0.04150963 0.10775024
894.44722361 0.04139165 0.10768919
895.44772386 0.04224034 0.10877610
896.44822411 0.04166822 0.10752508
897.44872436 0.04101030 0.10604383
898.44922461 0.04085867 0.10618809
899.44972486 0.04066235 0.10604346
900.45022511 0.04024773 0.10378823
901.45072536 0.03982379 0.10301768
902.45122561 0.04097553 0.10661325
903.45172586 0.04087317 0.10538863
904.45222611 0.04082507 0.10579444
905.45272636 0.04082770 0.10626828
906.45322661 0.04048299 0.10518095
907.45372686 0.04031710 0.10454710
908.45422711 0.03949633 0.10336467
909.45472736 0.03928203 0.10295613
910.45522761 0.03921475 0.10242502
911.45572786 0.03905146 0.10239921
912.45622811 0.03884298 0.10207135
913.45672836 0.03858943 0.10147319
914.45722861 0.03881648 0.10168779
915.45772886 0.03872516 0.10151494
916.45822911 0.03855510 0.10111995
917.45872936 0.03842173 0.10087669
918.45922961 0.03805520 0.10077680
919.45972986 0.03893371 0.10263701
920.46023012 0.03862023 0.10185616
921.46073037 0.03842909 0.10150594
922.46123062 0.03831742 0.10162640
923.46173087 0.03839599 0.10145390
924.46223112 0.03818977 0.10114239
925.46273137 0.03799319 0.10042905
926.46323162 0.03739452 0.09956504
927.46373187 0.03725864 0.09936556
928.46423212 0.03691013 0.09878652
929.46473237 0.03659675 0.09849890
930.46523262 0.03683117 0.09869530
931.46573287 0.03677576 0.09845299
932.46623312 0.03678015 0.09851589
933.46673337 0.03647836 0.09837190
934.46723362 0.03649748 0.09804439
935.46773387 0.03631737 0.09782419
936.46823412 0.03631213 0.09781333
937.46873437 0.03605820 0.09705178
938.46923462 0.03597066 0.09697115
939.46973487 0.03575618 0.09695562
940.47023512 0.03560240 0.09659571
941.47073537 0.03538055 0.09619513
942.47123562 0.03518344 0.09590605
943.47173587 0.03516770 0.09564541
944.47223612 0.03492374 0.09530121
945.47273637 0.03586834 0.09767328
946.47323662 0.03623339 0.09818321
947.47373687 0.03629757 0.09854301
948.47423712 0.03602781 0.09820595
949.47473737 0.03576604 0.09748508
950.47523762 0.03552154 0.09708618
951.47573787 0.03538951 0.09672330
952.47623812 0.03508930 0.09540315
953.47673837 0.03436309 0.09021517
954.47723862 0.03452373 0.09064170
955.47773887 0.03415510 0.08977792
956.47823912 0.03406194 0.08956621
957.47873937 0.03418068 0.08962140
958.47923962 0.03406360 0.08930278
959.47973987 0.03405118 0.08950145
960.48024012 0.03387002 0.08848381
961.48074037 0.03384297 0.08825163
962.48124062 0.03378090 0.08812276
963.48174087 0.03346805 0.08619164
964.48224112 0.03309161 0.08529312
965.48274137 0.03234642 0.08407359
966.48324162 0.03227391 0.08427232
967.48374187 0.03225497 0.08445121
968.48424212 0.03258410 0.08478932
969.48474237 0.03233142 0.08411866
970.48524262 0.03214199 0.08394227
971.48574287 0.03197508 0.08374846
972.48624312 0.03198355 0.08373105
973.48674337 0.03198845 0.08346035
974.48724362 0.03187611 0.08305039
975.48774387 0.03176402 0.08275563
976.48824412 0.03302568 0.08607650
977.48874437 0.03299430 0.08639193
978.48924462 0.03278097 0.08589907
979.48974487 0.03258908 0.08504530
980.49024512 0.03239061 0.08455960
981.49074537 0.03228970 0.08445182
982.49124562 0.03214698 0.08435674
983.49174587 0.03197066 0.08409026
984.49224612 0.03188752 0.08357533
985.49274637 0.03164625 0.08306821
986.49324662 0.03155297 0.08281436
987.49374687 0.03148320 0.08263735
988.49424712 0.03137413 0.08238044
989.49474737 0.03133366 0.08200353
990.49524762 0.03228789 0.08707962
991.49574787 0.03218751 0.08652101
992.49624812 0.03218143 0.08767209
993.49674837 0.03205825 0.08738118
994.49724862 0.03192265 0.08736659
995.49774887 0.03171652 0.08662351
996.49824912 0.03174345 0.08722826
997.49874937 0.03181507 0.08696699
998.49924962 0.03208115 0.08717262
999.49974987 0.03187546 0.08695774
1000.50025013 0.03176859 0.08647874
1001.50075038 0.03308230 0.09205121
1002.50125063 0.03278492 0.09141018
1003.50175088 0.03283571 0.09170288
1004.50225113 0.03274502 0.09188024
1005.50275138 0.03264835 0.09196288
1006.50325163 0.03242759 0.09153681
1007.50375188 0.03230972 0.09109906
1008.50425213 0.03234287 0.09162984
1009.50475238 0.03229901 0.09156890
1010.50525263 0.03211708 0.09103931
1011.50575288 0.03209558 0.09067547
1012.50625313 0.03306033 0.09333711
1013.50675338 0.03448853 0.09827884
1014.50725363 0.03437097 0.09839374
1015.50775388 0.03570160 0.10341318
1016.50825413 0.03541804 0.10298811
1017.50875438 0.03555954 0.10357239
1018.50925463 0.03539182 0.10248659
1019.50975488 0.03551824 0.10213752
1020.51025513 0.03514269 0.10122227
1021.51075538 0.03493544 0.10092331
1022.51125563 0.03528248 0.10321580
1023.51175588 0.03505898 0.10274283
1024.51225613 0.03486902 0.10211985
1025.51275638 0.03549867 0.10382141
1026.51325663 0.03707673 0.10985416
1027.51375688 0.03686758 0.11011968
1028.51425713 0.03766695 0.11125203
1029.51475738 0.03696350 0.10981872
1030.51525763 0.03636730 0.10836805
1031.51575788 0.03609518 0.10734404
1032.51625813 0.03602836 0.10759953
1033.51675838 0.03553104 0.10530863
1034.51725863 0.03534120 0.10488734
1035.51775888 0.03417791 0.09978091
1036.51825913 0.03404001 0.09972175
1037.51875938 0.03327995 0.09638264
1038.51925963 0.03300574 0.09614650
1039.51975988 0.03304415 0.09642727
1040.52026013 0.03294684 0.09596805
1041.52076038 0.03282877 0.09592659
1042.52126063 0.03254457 0.09524687
1043.52176088 0.03250130 0.09511608
1044.52226113 0.03247203 0.09531751
1045.52276138 0.03220443 0.09404540
1046.52326163 0.03225225 0.09640802
1047.52376188 0.03194965 0.09643396
1048.52426213 0.03016732 0.09112763
1049.52476238 0.03006076 0.09078240
1050.52526263 0.03156034 0.09667400
1051.52576288 0.03254959 0.09791749
1052.52626313 0.03244777 0.09724330
1053.52676338 0.03227829 0.09737354
1054.52726363 0.03200918 0.09706256
1055.52776388 0.03179884 0.09600462
1056.52826413 0.03161711 0.09529983
1057.52876438 0.03157987 0.09582714
1058.52926463 0.03185811 0.09869992
1059.52976488 0.03159688 0.09807461
1060.53026513 0.03161749 0.09902619
1061.53076538 0.03147319 0.09789487
1062.53126563 0.03130562 0.09732081
1063.53176588 0.03053360 0.09381062
1064.53226613 0.03016767 0.09286594
1065.53276638 0.02999261 0.09277472
1066.53326663 0.02984515 0.09269577
1067.53376688 0.02978358 0.09282563
1068.53426713 0.02969956 0.09249220
1069.53476738 0.02977887 0.09274692
1070.53526763 0.02954341 0.09194029
1071.53576788 0.02950331 0.09207951
1072.53626813 0.02926302 0.09110800
1073.53676838 0.02920428 0.09139191
1074.53726863 0.02786473 0.08671278
1075.53776888 0.02722377 0.08608395
1076.53826913 0.02736141 0.08581431
1077.53876938 0.02730944 0.08557869
1078.53926963 0.02701151 0.08545277
1079.53976988 0.02684712 0.08526945
1080.54027014 0.02679285 0.08477719
1081.54077039 0.02687073 0.08721734
1082.54127064 0.02666847 0.08711041
1083.54177089 0.02650362 0.08614911
1084.54227114 0.02629190 0.08499176
1085.54277139 0.02617579 0.08475856
1086.54327164 0.02609664 0.08541812
1087.54377189 0.02604576 0.08560842
1088.54427214 0.02599618 0.08475395
1089.54477239 0.02579353 0.08385109
1090.54527264 0.02577617 0.08407375
1091.54577289 0.02568063 0.08419175
1092.54627314 0.02555107 0.08410734
1093.54677339 0.02542723 0.08375348
1094.54727364 0.02690277 0.09464906
1095.54777389 0.02681394 0.09513673
1096.54827414 0.02665925 0.09474854
1097.54877439 0.02651946 0.09433825
1098.54927464 0.02643005 0.09442314
1099.54977489 0.02634969 0.09368939
1100.55027514 0.02635199 0.09415370
1101.55077539 0.02618291 0.09362478
1102.55127564 0.02618459 0.09406312
1103.55177589 0.02597656 0.09323725
1104.55227614 0.02596014 0.09350514
1105.55277639 0.02567995 0.09242934
1106.55327664 0.02564449 0.09269418
1107.55377689 0.02561786 0.09255110
1108.55427714 0.02555764 0.09244884
1109.55477739 0.02545255 0.09194571
1110.55527764 0.02543151 0.09201263
1111.55577789 0.02534822 0.09176227
1112.55627814 0.02515323 0.09172440
1113.55677839 0.02677931 0.09869523
1114.55727864 0.02744595 0.10222677
1115.55777889 0.02740713 0.10252542
1116.55827914 0.02831013 0.10507782
1117.55877939 0.02826062 0.10478869
1118.55927964 0.02815609 0.10479660
1119.55977989 0.02818930 0.10521099
1120.56028014 0.02801564 0.10475906
1121.56078039 0.02651845 0.09835182
1122.56128064 0.02644280 0.09814667
1123.56178089 0.02630562 0.09793407
1124.56228114 0.02663210 0.09844656
1125.56278139 0.02637936 0.09666416
1126.56328164 0.02622257 0.09619979
1127.56378189 0.02595555 0.09624716
1128.56428214 0.02600087 0.09698714
1129.56478239 0.02585264 0.09703982
1130.56528264 0.02574029 0.09584423
1131.56578289 0.02581630 0.09360753
1132.56628314 0.02578295 0.09335233
1133.56678339 0.02575279 0.09391426
1134.56728364 0.02547967 0.09344024
1135.56778389 0.02539684 0.09324131
1136.56828414 0.02523332 0.09262908
1137.56878439 0.02518380 0.09322303
1138.56928464 0.02506269 0.09273935
1139.56978489 0.02502602 0.09242443
1140.57028514 0.02497644 0.09238560
1141.57078539 0.02502512 0.09232285
1142.57128564 0.02496100 0.09245457
1143.57178589 0.02478947 0.09196943
1144.57228614 0.02652947 0.10029417
1145.57278639 0.02648629 0.10042956
1146.57328664 0.02641260 0.10107513
1147.57378689 0.02651575 0.10275730
1148.57428714 0.02642846 0.10261845
1149.57478739 0.02643916 0.10330580
1150.57528764 0.02626229 0.10299501
1151.57578789 0.02761617 0.10634328
1152.57628814 0.02757212 0.10621001
1153.57678839 0.02779005 0.10684356
1154.57728864 0.02762982 0.10682448
1155.57778889 0.02748059 0.10576259
1156.57828914 0.02726391 0.10503531
1157.57878939 0.02743994 0.10579335
1158.57928964 0.02738045 0.10581577
1159.57978989 0.02732181 0.10608783
1160.58029015 0.02607961 0.10199332
1161.58079040 0.02596757 0.10152707
1162.58129065 0.02590572 0.10190137
1163.58179090 0.02575373 0.10153570
1164.58229115 0.02555608 0.10007258
1165.58279140 0.02586152 0.10100777
1166.58329165 0.02581092 0.10104913
1167.58379190 0.02696578 0.10634171
1168.58429215 0.02684001 0.10632897
1169.58479240 0.02672911 0.10603402
1170.58529265 0.02673219 0.10595814
1171.58579290 0.02677141 0.10631126
1172.58629315 0.02703434 0.10892390
1173.58679340 0.02689002 0.10891578
1174.58729365 0.02696398 0.11015216
1175.58779390 0.02683866 0.10923570
1176.58829415 0.02675029 0.10910082
1177.58879440 0.02675031 0.10984985
1178.58929465 0.02668479 0.10974854
1179.58979490 0.02516797 0.10337635
1180.59029515 0.02473267 0.09895125
1181.59079540 0.02465013 0.09870009
1182.59129565 0.02509920 0.09905306
1183.59179590 0.02502165 0.09980370
1184.59229615 0.02485447 0.09928903
1185.59279640 0.02458200 0.09823985
1186.59329665 0.02502386 0.09862293
1187.59379690 0.02512363 0.09909183
1188.59429715 0.02497082 0.09864796
1189.59479740 0.02484701 0.09867222
1190.59529765 0.02489035 0.09867886
1191.59579790 0.02466757 0.09811624
1192.59629815 0.02449876 0.09784568
1193.59679840 0.02435568 0.09762923
1194.59729865 0.02428831 0.09741963
1195.59779890 0.02422863 0.09714364
1196.59829915 0.02597247 0.10144890
1197.59879940 0.02584681 0.10133154
1198.59929965 0.02576338 0.10121741
1199.59979990 0.02568327 0.10111667
1200.60030015 0.02556379 0.10092050
1201.60080040 0.02580678 0.10334281
1202.60130065 0.02569749 0.10289454
1203.60180090 0.02575141 0.10295091
1204.60230115 0.02558355 0.10305655
1205.60280140 0.02555145 0.10297850
1206.60330165 0.02534175 0.10210640
1207.60380190 0.02518375 0.10124111
1208.60430215 0.02505012 0.10103269
1209.60480240 0.02517898 0.10204683
1210.60530265 0.02485511 0.10149128
1211.60580290 0.02466386 0.10076841
1212.60630315 0.02453686 0.10045099
1213.60680340 0.02443098 0.10002940
1214.60730365 0.02442580 0.10023560
1215.60780390 0.02436099 0.10018732
1216.60830415 0.02512389 0.10147806
1217.60880440 0.02504707 0.10152418
1218.60930465 0.02507016 0.10164501
1219.60980490 0.02474632 0.09980881
1220.61030515 0.02460398 0.09948654
1221.61080540 0.02482974 0.10096062
1222.61130565 0.02480134 0.10089481
1223.61180590 0.02468196 0.10073899
1224.61230615 0.02443758 0.09938784
1225.61280640 0.02444778 0.10002445
1226.61330665 0.02504964 0.10084523
1227.61380690 0.02646694 0.10585523
1228.61430715 0.02620238 0.10506872
1229.61480740 0.02604736 0.10482930
1230.61530765 0.02593579 0.10471097
1231.61580790 0.02602971 0.10511932
1232.61630815 0.02559104 0.10441368
1233.61680840 0.02541848 0.10363412
1234.61730865 0.02537120 0.10397044
1235.61780890 0.02533503 0.10365817
1236.61830915 0.02529784 0.10353685
1237.61880940 0.02494787 0.10040178
1238.61930965 0.02529432 0.10122440
1239.61980990 0.02507518 0.10030017
1240.62031016 0.02500538 0.10049202
1241.62081041 0.02496875 0.09977492
1242.62131066 0.02491457 0.10029774
1243.62181091 0.02590376 0.10304970
1244.62231116 0.02514484 0.10018758
1245.62281141 0.02493448 0.09941692
1246.62331166 0.02462000 0.09916838
1247.62381191 0.02458717 0.09906027
1248.62431216 0.02453500 0.09908190
1249.62481241 0.02440525 0.09851106
1250.62531266 0.02422861 0.09814741
1251.62581291 0.02428369 0.09857064
1252.62631316 0.02410824 0.09810348
1253.62681341 0.02424485 0.09957765
1254.62731366 0.02545143 0.10330011
1255.62781391 0.02489339 0.09972595
1256.62831416 0.02477939 0.09957626
1257.62881441 0.02501831 0.09978645
1258.62931466 0.02503812 0.09987212
1259.62981491 0.02525549 0.10077614
1260.63031516 0.02507294 0.10017228
1261.63081541 0.02485146 0.09928423
1262.63131566 0.02485350 0.09899978
1263.63181591 0.02485698 0.09922577
1264.63231616 0.02483600 0.09936372
1265.63281641 0.02487677 0.09946260
1266.63331666 0.02496210 0.09879654
1267.63381691 0.02485397 0.09854542
1268.63431716 0.02390217 0.09577165
1269.63481741 0.02386675 0.09576838
1270.63531766 0.02368686 0.09524634
1271.63581791 0.02364291 0.09488922
1272.63631816 0.02361902 0.09506633
1273.63681841 0.02366371 0.09657220
1274.63731866 0.02345154 0.09547815
1275.63781891 0.02333601 0.09460933
1276.63831916 0.02309422 0.09327416
1277.63881941 0.02303293 0.09332567
1278.63931966 0.02301292 0.09316950
1279.63981991 0.02466708 0.09787697
1280.64032016 0.02459460 0.09734052
1281.64082041 0.02372200 0.09486973
1282.64132066 0.02359737 0.09434845
1283.64182091 0.02353493 0.09408244
1284.64232116 0.02379926 0.09436242
1285.64282141 0.02358360 0.09367515
1286.64332166 0.02369728 0.09455674
1287.64382191 0.02366237 0.09414110
1288.64432216 0.02294261 0.09248177
1289.64482241 0.02268324 0.09193501
1290.64532266 0.02280663 0.09235507
1291.64582291 0.02279882 0.09186036
1292.64632316 0.02275362 0.09182407
1293.64682341 0.02277044 0.09153703
1294.64732366 0.02255452 0.09135419
1295.64782391 0.02253895 0.09137748
1296.64832416 0.02245525 0.09085814
1297.64882441 0.02232016 0.08946393
1298.64932466 0.02235335 0.08986598
1299.64982491 0.02223815 0.08955335
1300.65032516 0.02133440 0.08409149
1301.65082541 0.02125427 0.08368608
1302.65132566 0.02067814 0.07963161
1303.65182591 0.02050822 0.07880709
1304.65232616 0.02059020 0.07922859
1305.65282641 0.02034762 0.07892676
1306.65332666 0.02034804 0.07893116
1307.65382691 0.02018591 0.07859661
1308.65432716 0.02013394 0.07863204
1309.65482741 0.02008677 0.07820156
1310.65532766 0.02003446 0.07815793
1311.65582791 0.01988513 0.07808001
1312.65632816 0.01973808 0.07762259
1313.65682841 0.01980375 0.07771107
1314.65732866 0.01972429 0.07751852
1315.65782891 0.01965609 0.07729885
1316.65832916 0.02088473 0.08223338
1317.65882941 0.02080241 0.08234835
1318.65932966 0.02082980 0.08286072
1319.65982991 0.02061976 0.08192299
1320.66033017 0.02054646 0.08145183
1321.66083042 0.02061380 0.08200841
1322.66133067 0.02060427 0.08191714
1323.66183092 0.02086261 0.08513227
1324.66233117 0.02085463 0.08587303
1325.66283142 0.02073939 0.08580415
1326.66333167 0.02095122 0.08557263
1327.66383192 0.02082195 0.08562745
1328.66433217 0.02070335 0.08452568
1329.66483242 0.02097504 0.08584106
1330.66533267 0.02095139 0.08590599
1331.66583292 0.01978610 0.08323917
1332.66633317 0.01979132 0.08367326
1333.66683342 0.01961279 0.08321534
1334.66733367 0.01951584 0.08225363
1335.66783392 0.01921879 0.08180625
1336.66833417 0.01923158 0.08245300
1337.66883442 0.01923074 0.08242038
1338.66933467 0.01959861 0.08493819
1339.66983492 0.02010805 0.08599736
1340.67033517 0.02053947 0.08680658
1341.67083542 0.02040817 0.08754359
1342.67133567 0.02015891 0.08685314
1343.67183592 0.02011308 0.08643587
1344.67233617 0.01993149 0.08544069
1345.67283642 0.01993628 0.08489173
1346.67333667 0.02038076 0.08736616
1347.67383692 0.02042171 0.08840565
1348.67433717 0.02015808 0.08690619
1349.67483742 0.01995256 0.08530568
1350.67533767 0.02007152 0.08557768
1351.67583792 0.01991953 0.08517268
1352.67633817 0.01987404 0.08608530
1353.67683842 0.01986661 0.08665534
1354.67733867 0.01956601 0.08446151
1355.67783892 0.01954720 0.08419352
1356.67833917 0.01951968 0.08443751
1357.67883942 0.01955438 0.08518798
1358.67933967 0.01944536 0.08467106
1359.67983992 0.01934149 0.08411647
1360.68034017 0.01923715 0.08388137
1361.68084042 0.01915734 0.08360611
1362.68134067 0.01909639 0.08362364
1363.68184092 0.01911057 0.08374231
1364.68234117 0.01904204 0.08319286
1365.68284142 0.01888745 0.08279022
1366.68334167 0.01879443 0.08270081
1367.68384192 0.01875102 0.08267985
1368.68434217 0.01874912 0.08271623
1369.68484242 0.01864346 0.08254335
1370.68534267 0.01862573 0.08234404
1371.68584292 0.01852863 0.08185258
1372.68634317 0.01850415 0.08180824
1373.68684342 0.01844073 0.08201937
1374.68734367 0.01834055 0.08113099
1375.68784392 0.01821555 0.08050230
1376.68834417 0.01831866 0.08116903
1377.68884442 0.01820949 0.08088837
1378.68934467 0.01796979 0.08037150
1379.68984492 0.01790868 0.07993503
1380.69034517 0.01794887 0.07985096
1381.69084542 0.01788566 0.07982098
1382.69134567 0.01789867 0.07950367
1383.69184592 0.01778219 0.07927022
1384.69234617 0.01759867 0.07873637
1385.69284642 0.01745745 0.07850355
1386.69334667 0.01756925 0.07889536
1387.69384692 0.01880026 0.08333986
1388.69434717 0.02024229 0.08993914
1389.69484742 0.02172470 0.09635495
1390.69534767 0.02157517 0.09548573
1391.69584792 0.02138532 0.09436533
1392.69634817 0.02287857 0.09973025
1393.69684842 0.02297267 0.10087469
1394.69734867 0.02315451 0.10077453
1395.69784892 0.02309488 0.10081685
1396.69834917 0.02306014 0.10046285
1397.69884942 0.02277805 0.10008711
1398.69934967 0.02274268 0.10024179
1399.69984992 0.02262917 0.09973396
1400.70035018 0.02261014 0.09957623
1401.70085043 0.02250081 0.09910465
1402.70135068 0.02247309 0.09922599
1403.70185093 0.02242952 0.09873456
1404.70235118 0.02385346 0.10360872
1405.70285143 0.02371701 0.10316213
1406.70335168 0.02204644 0.09748192
1407.70385193 0.02199018 0.09607367
1408.70435218 0.02187630 0.09537956
1409.70485243 0.02177846 0.09501464
1410.70535268 0.02171250 0.09531442
1411.70585293 0.02172085 0.09556758
1412.70635318 0.02159433 0.09499648
1413.70685343 0.02148331 0.09433363
1414.70735368 0.02143814 0.09428843
1415.70785393 0.02138318 0.09450618
1416.70835418 0.02136406 0.09462156
1417.70885443 0.02186002 0.09491125
1418.70935468 0.02173729 0.09431159
1419.70985493 0.02161331 0.09393576
1420.71035518 0.02150672 0.09369336
1421.71085543 0.02263793 0.09678135
1422.71135568 0.02262987 0.09713139
1423.71185593 0.02256851 0.09684370
1424.71235618 0.02149244 0.09145395
1425.71285643 0.02139473 0.09108378
1426.71335668 0.02121530 0.09068029
1427.71385693 0.02115008 0.09060474
1428.71435718 0.02122327 0.09049803
1429.71485743 0.02176317 0.09101823
1430.71535768 0.02175388 0.09061855
1431.71585793 0.02161318 0.09051317
1432.71635818 0.02148020 0.08995710
1433.71685843 0.02141611 0.08979512
1434.71735868 0.02139816 0.08954371
1435.71785893 0.02139167 0.08947882
1436.71835918 0.02139423 0.08977917
1437.71885943 0.02113675 0.08908904
1438.71935968 0.02092223 0.08832159
1439.71985993 0.02072989 0.08830248
1440.72036018 0.02067978 0.08811607
1441.72086043 0.02061071 0.08772390
1442.72136068 0.02049902 0.08777025
1443.72186093 0.02182418 0.09230650
1444.72236118 0.02107535 0.08858711
1445.72286143 0.02105104 0.08842374
1446.72336168 0.02226591 0.09333986
1447.72386193 0.02262000 0.09502399
1448.72436218 0.02248242 0.09414804
1449.72486243 0.02222721 0.09285881
1450.72536268 0.02210721 0.09244090
1451.72586293 0.02207542 0.09255702
1452.72636318 0.02194699 0.09228585
1453.72686343 0.02195486 0.09278633
1454.72736368 0.02188902 0.09219727
1455.72786393 0.02163349 0.09098141
1456.72836418 0.02164085 0.09121298
1457.72886443 0.02165464 0.09150291
1458.72936468 0.02169860 0.09133492
1459.72986493 0.02191504 0.09322515
1460.73036518 0.02182407 0.09340389
1461.73086543 0.02149635 0.09320018
1462.73136568 0.02139862 0.09253998
1463.73186593 0.02132273 0.09222619
1464.73236618 0.02119766 0.09243648
1465.73286643 0.02278063 0.09820345
1466.73336668 0.02254909 0.09758534
1467.73386693 0.02241401 0.09749900
1468.73436718 0.02240311 0.09728407
1469.73486743 0.02340734 0.09948279
1470.73536768 0.02255205 0.09593242
1471.73586793 0.02256114 0.09571136
1472.73636818 0.02256176 0.09554985
1473.73686843 0.02249480 0.09535532
1474.73736868 0.02245338 0.09527268
1475.73786893 0.02228653 0.09472198
1476.73836918 0.02201578 0.09405900
1477.73886943 0.02192123 0.09393143
1478.73936968 0.02191728 0.09382078
1479.73986993 0.02185187 0.09359838
1480.74037019 0.02178783 0.09344069
1481.74087044 0.02167268 0.09318855
1482.74137069 0.02154359 0.09253294
1483.74187094 0.02139795 0.09221703
1484.74237119 0.02144878 0.09233161
1485.74287144 0.02133157 0.09203015
1486.74337169 0.02183294 0.09244069
1487.74387194 0.02357046 0.10062555
1488.74437219 0.02207861 0.09504962
1489.74487244 0.02201007 0.09465792
1490.74537269 0.02206663 0.09469519
1491.74587294 0.02261629 0.09361328
1492.74637319 0.02293240 0.09408246
1493.74687344 0.02331364 0.09661620
1494.74737369 0.02342417 0.09572622
1495.74787394 0.02338842 0.09573305
1496.74837419 0.02345558 0.09514996
1497.74887444 0.02357965 0.09638102
1498.74937469 0.02172512 0.09037384
1499.74987494 0.02156358 0.08930106
1500.75037519 0.02354554 0.09886802
1501.75087544 0.02339019 0.09874045
1502.75137569 0.02470963 0.10300545
1503.75187594 0.02473440 0.10300192
1504.75237619 0.02472741 0.10298812
1505.75287644 0.02472756 0.10299245
1506.75337669 0.02462288 0.10226883
1507.75387694 0.02602314 0.10706109
1508.75437719 0.02592887 0.10691025
1509.75487744 0.02562484 0.10594775
1510.75537769 0.02587684 0.10588692
1511.75587794 0.02585652 0.10579234
1512.75637819 0.02585659 0.10588329
1513.75687844 0.02707075 0.11014147
1514.75737869 0.02679622 0.10963676
1515.75787894 0.02735073 0.11125334
1516.75837919 0.02627647 0.10888107
1517.75887944 0.02593922 0.10652920
1518.75937969 0.02587750 0.10653471
1519.75987994 0.02592984 0.10686656
1520.76038019 0.02577848 0.10651169
1521.76088044 0.02587036 0.10665676
1522.76138069 0.02572045 0.10622775
1523.76188094 0.02543716 0.10514614
1524.76238119 0.02539010 0.10496517
1525.76288144 0.02559255 0.10558822
1526.76338169 0.02544692 0.10538670
1527.76388194 0.02414219 0.10098344
1528.76438219 0.02400808 0.10092222
1529.76488244 0.02373704 0.10078038
1530.76538269 0.02281555 0.09817548
1531.76588294 0.02272449 0.09786115
1532.76638319 0.02277378 0.09757080
1533.76688344 0.02196169 0.09357247
1534.76738369 0.02201843 0.09391306
1535.76788394 0.02187970 0.09332589
1536.76838419 0.02161411 0.09273846
1537.76888444 0.02172339 0.09301195
1538.76938469 0.02324690 0.09946849
1539.76988494 0.02303086 0.09882308
1540.77038519 0.02290572 0.09786067
1541.77088544 0.02274230 0.09669910
1542.77138569 0.02260394 0.09667438
1543.77188594 0.02286485 0.09817090
1544.77238619 0.02267987 0.09730433
1545.77288644 0.02275170 0.09790347
1546.77338669 0.02270104 0.09700559
1547.77388694 0.02279243 0.09735647
1548.77438719 0.02248053 0.09601811
1549.77488744 0.02227341 0.09500130
1550.77538769 0.02315884 0.09680844
1551.77588794 0.02322027 0.09633471
1552.77638819 0.02306694 0.09527885
1553.77688844 0.02302980 0.09533983
1554.77738869 0.02291001 0.09475516
1555.77788894 0.02335947 0.09527098
1556.77838919 0.02366293 0.09651553
1557.77888944 0.02360519 0.09576599
1558.77938969 0.02334480 0.09456948
1559.77988994 0.02320162 0.09418314
1560.78039020 0.02318771 0.09476639
1561.78089045 0.02317887 0.09446652
1562.78139070 0.02301964 0.09391882
1563.78189095 0.02303746 0.09391506
1564.78239120 0.02285817 0.09332217
1565.78289145 0.02277470 0.09332966
1566.78339170 0.02266675 0.09329641
1567.78389195 0.02252539 0.09283345
1568.78439220 0.02248994 0.09233501
1569.78489245 0.02227301 0.09176838
1570.78539270 0.02385560 0.09740423
1571.78589295 0.02351093 0.09655805
1572.78639320 0.02351960 0.09693268
1573.78689345 0.02531485 0.10545790
1574.78739370 0.02527417 0.10571803
1575.78789395 0.02507903 0.10541504
1576.78839420 0.02664824 0.11093952
1577.78889445 0.02642064 0.11003205
1578.78939470 0.02644254 0.10983170
1579.78989495 0.02633161 0.10950820
1580.79039520 0.02626475 0.10951510
1581.79089545 0.02612490 0.10898635
1582.79139570 0.02552563 0.10777338
1583.79189595 0.02549211 0.10785601
1584.79239620 0.02535744 0.10744817
1585.79289645 0.02518187 0.10740176
1586.79339670 0.02503108 0.10685405
1587.79389695 0.02498888 0.10663029
1588.79439720 0.02484121 0.10634796
1589.79489745 0.02480909 0.10631571
1590.79539770 0.02609993 0.10975592
1591.79589795 0.02592263 0.10915918
1592.79639820 0.02570027 0.10865267
1593.79689845 0.02727656 0.11372280
1594.79739870 0.02726605 0.11293177
1595.79789895 0.02724200 0.11300065
1596.79839920 0.02701498 0.11246478
1597.79889945 0.02696716 0.11232357
1598.79939970 0.02679087 0.11142912
1599.79989995 0.02676962 0.11135819
1600.80040020 0.02671801 0.11172774
1601.80090045 0.02655777 0.11181710
1602.80140070 0.02634741 0.11082992
1603.80190095 0.02632483 0.11053873
1604.80240120 0.02633021 0.11066617
1605.80290145 0.02576035 0.11013641
1606.80340170 0.02563403 0.10994077
1607.80390195 0.02554141 0.10968418
1608.80440220 0.02542384 0.10923884
1609.80490245 0.02572820 0.11168793
1610.80540270 0.02574716 0.11193222
1611.80590295 0.02565146 0.11170940
1612.80640320 0.02558466 0.11179708
1613.80690345 0.02541428 0.11129739
1614.80740370 0.02532812 0.11062269
1615.80790395 0.02520251 0.11041208
1616.80840420 0.02524427 0.11081590
1617.80890445 0.02511541 0.11020694
1618.80940470 0.02507450 0.10979627
1619.80990495 0.02504382 0.11003538
1620.81040520 0.02489566 0.10981635
1621.81090545 0.02448092 0.10761548
1622.81140570 0.02439399 0.10767684
1623.81190595 0.02441440 0.10766371
1624.81240620 0.02454481 0.10783443
1625.81290645 0.02406916 0.10378538
1626.81340670 0.02396490 0.10387486
1627.81390695 0.02383754 0.10366014
1628.81440720 0.02347671 0.10260595
1629.81490745 0.02350722 0.10292213
1630.81540770 0.02345206 0.10256653
1631.81590795 0.02268766 0.09720468
1632.81640820 0.02260913 0.09679780
1633.81690845 0.02255638 0.09645403
1634.81740870 0.02243120 0.09595891
1635.81790895 0.02243171 0.09617882
1636.81840920 0.02231781 0.09558804
1637.81890945 0.02215585 0.09527248
1638.81940970 0.02216704 0.09534395
1639.81990995 0.02208886 0.09508496
1640.82041021 0.02327679 0.09878986
1641.82091046 0.02615242 0.10888865
1642.82141071 0.02599217 0.10838369
1643.82191096 0.02591153 0.10840606
1644.82241121 0.02578997 0.10763700
1645.82291146 0.02599743 0.10825274
1646.82341171 0.02592760 0.10814820
1647.82391196 0.02584982 0.10802474
1648.82441221 0.02576999 0.10762290
1649.82491246 0.02564696 0.10730074
1650.82541271 0.02559307 0.10736681
1651.82591296 0.02551196 0.10703398
1652.82641321 0.02538800 0.10672353
1653.82691346 0.02540515 0.10678468
1654.82741371 0.02521813 0.10623792
1655.82791396 0.02517883 0.10608450
1656.82841421 0.02542600 0.10704138
1657.82891446 0.02548977 0.10673686
1658.82941471 0.02535123 0.10583368
1659.82991496 0.02529962 0.10587405
1660.83041521 0.02524238 0.10572265
1661.83091546 0.02517682 0.10539867
1662.83141571 0.02520503 0.10621220
1663.83191596 0.02526752 0.10676210
1664.83241621 0.02487221 0.10420564
1665.83291646 0.02648067 0.10907256
1666.83341671 0.02639853 0.10858219
1667.83391696 0.02633344 0.10887125
1668.83441721 0.02615472 0.10827757
1669.83491746 0.02603499 0.10754157
1670.83541771 0.02597557 0.10794126
1671.83591796 0.02600323 0.10802077
1672.83641821 0.02585826 0.10735782
1673.83691846 0.02582818 0.10751679
1674.83741871 0.02573027 0.10742245
1675.83791896 0.02552423 0.10641064
1676.83841921 0.02557647 0.10647283
1677.83891946 0.02563283 0.10661591
1678.83941971 0.02544792 0.10600850
1679.83991996 0.02523138 0.10566599
1680.84042021 0.02519595 0.10571468
1681.84092046 0.02520507 0.10551254
1682.84142071 0.02514845 0.10514120
1683.84192096 0.02499365 0.10493730
1684.84242121 0.02491489 0.10469364
1685.84292146 0.02472855 0.10430587
1686.84342171 0.02504952 0.10554330
1687.84392196 0.02494459 0.10506122
1688.84442221 0.02483647 0.10471642
1689.84492246 0.02582854 0.10689661
1690.84542271 0.02510083 0.10499882
1691.84592296 0.02649048 0.10934695
1692.84642321 0.02622616 0.10853211
1693.84692346 0.02706682 0.10966583
1694.84742371 0.02726859 0.11077934
1695.84792396 0.02703151 0.10938851
1696.84842421 0.02642709 0.10669154
1697.84892446 0.02673598 0.10690243
1698.84942471 0.02667921 0.10659520
1699.84992496 0.02820474 0.11223832
1700.85042521 0.02823759 0.11253651
1701.85092546 0.02817332 0.11210248
1702.85142571 0.02779309 0.11053806
1703.85192596 0.02786504 0.11097922
1704.85242621 0.02786631 0.11121582
1705.85292646 0.02769212 0.11068740
1706.85342671 0.02622077 0.10766278
1707.85392696 0.02619161 0.10752544
1708.85442721 0.02600917 0.10721677
1709.85492746 0.02708744 0.10979334
1710.85542771 0.02716771 0.10982106
1711.85592796 0.02733923 0.10997649
1712.85642821 0.02641407 0.10569315
1713.85692846 0.02636226 0.10503891
1714.85742871 0.02627978 0.10535765
1715.85792896 0.02638577 0.10536681
1716.85842921 0.02614502 0.10443350
1717.85892946 0.02579376 0.10313774
1718.85942971 0.02581218 0.10297645
1719.85992996 0.02576375 0.10287502
1720.86043022 0.02565598 0.10265457
1721.86093047 0.02562946 0.10268389
1722.86143072 0.02553207 0.10202546
1723.86193097 0.02539588 0.10151201
1724.86243122 0.02532708 0.10147134
1725.86293147 0.02513703 0.10088564
1726.86343172 0.02497315 0.10056572
1727.86393197 0.02457998 0.09931939
1728.86443222 0.02580707 0.10345502
1729.86493247 0.02583828 0.10320308
1730.86543272 0.02570088 0.10295652
1731.86593297 0.02750261 0.10881596
1732.86643322 0.02732603 0.10823966
1733.86693347 0.02735899 0.10853677
1734.86743372 0.02719190 0.10859881
1735.86793397 0.02724664 0.10879472
1736.86843422 0.02715859 0.10836781
1737.86893447 0.02711400 0.10870019
1738.86943472 0.02699413 0.10831597
1739.86993497 0.02705489 0.10917881
1740.87043522 0.02689757 0.10846380
1741.87093547 0.02668843 0.10715315
1742.87143572 0.02656880 0.10651859
1743.87193597 0.02650466 0.10650595
1744.87243622 0.02648644 0.10704084
1745.87293647 0.02640117 0.10670410
1746.87343672 0.02805975 0.11259976
1747.87393697 0.02805028 0.11272270
1748.87443722 0.02754717 0.10936950
1749.87493747 0.02733872 0.10891481
1750.87543772 0.02728400 0.10910738
1751.87593797 0.02728268 0.10893484
1752.87643822 0.02709678 0.10801013
1753.87693847 0.02696942 0.10775410
1754.87743872 0.02592015 0.10533636
1755.87793897 0.02572772 0.10525287
1756.87843922 0.02612559 0.10531115
1757.87893947 0.02611893 0.10509767
1758.87943972 0.02744881 0.10885668
1759.87993997 0.02711440 0.10742068
1760.88044022 0.02586417 0.10327486
1761.88094047 0.02609475 0.10447211
1762.88144072 0.02612407 0.10421101
1763.88194097 0.02605487 0.10381278
1764.88244122 0.02590372 0.10351299
1765.88294147 0.02573953 0.10296285
1766.88344172 0.02540456 0.10147463
1767.88394197 0.02583518 0.10296466
1768.88444222 0.02589254 0.10323003
1769.88494247 0.02594892 0.10324121
1770.88544272 0.02581883 0.10266438
1771.88594297 0.02577144 0.10240718
1772.88644322 0.02553450 0.10174168
1773.88694347 0.02555226 0.10191916
1774.88744372 0.02555293 0.10194956
1775.88794397 0.02552941 0.10174975
1776.88844422 0.02535416 0.10133129
1777.88894447 0.02521645 0.10096529
1778.88944472 0.02511598 0.10070489
1779.88994497 0.02507993 0.10054027
1780.89044522 0.02658208 0.10594495
1781.89094547 0.02796825 0.11028247
1782.89144572 0.02788432 0.11015279
1783.89194597 0.02774300 0.10968248
1784.89244622 0.02761428 0.10925555
1785.89294647 0.02768990 0.10910109
1786.89344672 0.02794954 0.11028136
1787.89394697 0.02663110 0.10595372
1788.89444722 0.02649149 0.10525215
1789.89494747 0.02820271 0.11079538
1790.89544772 0.02836153 0.11109442
1791.89594797 0.02812904 0.11066595
1792.89644822 0.02806419 0.11076336
1793.89694847 0.02792836 0.11040488
1794.89744872 0.02784481 0.11001663
1795.89794897 0.02794849 0.10994610
1796.89844922 0.02784750 0.10955538
1797.89894947 0.02751442 0.10931467
1798.89944972 0.02746392 0.10918223
1799.89994997 0.02644767 0.10582695
1800.90045023 0.02629676 0.10526682
1801.90095048 0.02614785 0.10504714
1802.90145073 0.02612564 0.10425715
1803.90195098 0.02621346 0.10471443
1804.90245123 0.02616355 0.10392169
1805.90295148 0.02569159 0.10352094
1806.90345173 0.02561887 0.10299169
1807.90395198 0.02572455 0.10318591
1808.90445223 0.02556384 0.10265543
1809.90495248 0.02718953 0.10926680
1810.90545273 0.02718481 0.10974093
1811.90595298 0.02832319 0.11268697
1812.90645323 0.02701337 0.10828434
1813.90695348 0.02793479 0.11276713
1814.90745373 0.02797170 0.11335367
1815.90795398 0.02780839 0.11232087
1816.90845423 0.02776265 0.11201287
1817.90895448 0.02876253 0.11425816
1818.90945473 0.02826610 0.11398389
1819.90995498 0.02796876 0.11279578
1820.91045523 0.02795418 0.11324031
1821.91095548 0.02800799 0.11277556
1822.91145573 0.02920619 0.11556663
1823.91195598 0.02985773 0.11754005
1824.91245623 0.02959647 0.11743748
1825.91295648 0.02946028 0.11696380
1826.91345673 0.02943788 0.11693515
1827.91395698 0.02973084 0.11849713
1828.91445723 0.02957244 0.11738574
1829.91495748 0.02944886 0.11707550
1830.91545773 0.02912995 0.11629277
1831.91595798 0.02933513 0.11818845
1832.91645823 0.02943935 0.11869428
1833.91695848 0.02929900 0.11774132
1834.91745873 0.02912847 0.11733897
1835.91795898 0.02902064 0.11664320
1836.91845923 0.02903299 0.11673847
1837.91895948 0.02897472 0.11667616
1838.91945973 0.02896590 0.11685985
1839.91995998 0.02877697 0.11627540
1840.92046023 0.02856851 0.11516343
1841.92096048 0.02874564 0.11679641
1842.92146073 0.02885714 0.11769928
1843.92196098 0.02859658 0.11597293
1844.92246123 0.02845457 0.11525634
1845.92296148 0.02844860 0.11573882
1846.92346173 0.02831061 0.11455465
1847.92396198 0.02828719 0.11489808
1848.92446223 0.02990031 0.12086959
1849.92496248 0.02987231 0.12017316
1850.92546273 0.02979547 0.11933651
1851.92596298 0.02969889 0.11930592
1852.92646323 0.03002841 0.12125081
1853.92696348 0.03003977 0.12159368
1854.92746373 0.03124221 0.12486399
1855.92796398 0.03109132 0.12431722
1856.92846423 0.03232368 0.12713372
1857.92896448 0.03194201 0.12573988
1858.92946473 0.03209293 0.12651175
1859.92996498 0.03176100 0.12503833
1860.93046523 0.03194728 0.12635378
1861.93096548 0.03195544 0.12700375
1862.93146573 0.03190990 0.12646571
1863.93196598 0.03160825 0.12477926
1864.93246623 0.03162194 0.12517691
1865.93296648 0.03230531 0.12600121
1866.93346673 0.03230323 0.12587277
1867.93396698 0.03240100 0.12636230
1868.93446723 0.03240363 0.12597025
1869.93496748 0.03196940 0.12483078
1870.93546773 0.03217997 0.12553667
1871.93596798 0.03191648 0.12510851
1872.93646823 0.03062480 0.12021991
1873.93696848 0.03044377 0.11992059
1874.93746873 0.03044737 0.11989156
1875.93796898 0.03037014 0.11949723
1876.93846923 0.03024977 0.11921948
1877.93896948 0.03012797 0.11897446
1878.93946973 0.03004815 0.11866792
1879.93996998 0.02991791 0.11790692
1880.94047024 0.02982150 0.11798694
1881.94097049 0.02996108 0.11796335
1882.94147074 0.02983948 0.11761536
1883.94197099 0.03107411 0.12116902
1884.94247124 0.03094289 0.12077246
1885.94297149 0.03076203 0.12039301
1886.94347174 0.03067988 0.12017745
1887.94397199 0.03056560 0.11962005
1888.94447224 0.03197096 0.12392738
1889.94497249 0.03206968 0.12396795
1890.94547274 0.03202428 0.12418926
1891.94597299 0.03177832 0.12403480
1892.94647324 0.03154903 0.12294602
1893.94697349 0.03179279 0.12378809
1894.94747374 0.03152254 0.12329311
1895.94797399 0.03044580 0.11949162
1896.94847424 0.03048594 0.11967907
1897.94897449 0.03039310 0.11921863
1898.94947474 0.03045978 0.11979680
1899.94997499 0.03028115 0.11942878
1900.95047524 0.03005845 0.11835749
1901.95097549 0.03025209 0.11840115
1902.95147574 0.03006645 0.11771031
1903.95197599 0.03017769 0.11808379
1904.95247624 0.03018653 0.11788235
1905.95297649 0.03007071 0.11751862
1906.95347674 0.02993427 0.11705945
1907.95397699 0.02982108 0.11696151
1908.95447724 0.02980002 0.11663493
1909.95497749 0.02988183 0.11633831
1910.95547774 0.02882674 0.11359332
1911.95597799 0.02884599 0.11373369
1912.95647824 0.02877647 0.11356501
1913.95697849 0.02860307 0.11311952
1914.95747874 0.03019168 0.11881176
1915.95797899 0.02898008 0.11395429
1916.95847924 0.02886168 0.11363796
1917.95897949 0.02879453 0.11326652
1918.95947974 0.02864003 0.11266010
1919.95997999 0.03007875 0.11708752
1920.96048024 0.03005135 0.11730856
1921.96098049 0.03154862 0.12195030
1922.96148074 0.03170461 0.12212885
1923.96198099 0.03160124 0.12195488
1924.96248124 0.03136611 0.12128422
1925.96298149 0.03161213 0.12142520
1926.96348174 0.03167911 0.12094967
1927.96398199 0.03177095 0.12163403
1928.96448224 0.03158761 0.12129481
1929.96498249 0.03141478 0.12067300
1930.96548274 0.03133810 0.12046578
1931.96598299 0.03135671 0.12053325
1932.96648324 0.03117638 0.12020307
1933.96698349 0.03115137 0.12021399
1934.96748374 0.03086472 0.11930675
1935.96798399 0.03084452 0.11902669
1936.96848424 0.03244726 0.12471692
1937.96898449 0.03245159 0.12476968
1938.96948474 0.03234830 0.12415013
1939.96998499 0.03226469 0.12395235
1940.97048524 0.03213620 0.12368100
1941.97098549 0.03209582 0.12366122
1942.97148574 0.03200897 0.12335139
1943.97198599 0.03213246 0.12312334
1944.97248624 0.03199183 0.12263493
1945.97298649 0.03176134 0.12213709
1946.97348674 0.03143599 0.12168445
1947.97398699 0.03148714 0.12129767
1948.97448724 0.03307396 0.12622156
1949.97498749 0.03299096 0.12591598
1950.97548774 0.03254317 0.12376743
1951.97598799 0.03275010 0.12495917
1952.97648824 0.03283557 0.12520061
1953.97698849 0.03281033 0.12495420
1954.97748874 0.03174297 0.12229506
1955.97798899 0.03191740 0.12244201
1956.97848924 0.03166488 0.12167308
1957.97898949 0.03177877 0.12198869
1958.97948974 0.03181879 0.12218249
1959.97998999 0.03222253 0.12230884
1960.98049025 0.03210128 0.12171428
1961.98099050 0.03206743 0.12210827
1962.98149075 0.03201678 0.12209506
1963.98199100 0.03199039 0.12219417
1964.98249125 0.03195522 0.12169133
1965.98299150 0.03188590 0.12131400
1966.98349175 0.03162499 0.12042646
1967.98399200 0.03162090 0.12036789
1968.98449225 0.03335839 0.12523843
1969.98499250 0.03300469 0.12395526
1970.98549275 0.03154499 0.11966199
1971.98599300 0.03088157 0.11805129
1972.98649325 0.03080641 0.11807926
1973.98699350 0.03053726 0.11687005
1974.98749375 0.03053096 0.11719421
1975.98799400 0.03071620 0.11686615
1976.98849425 0.02931925 0.11201397
1977.98899450 0.02915746 0.11202478
1978.98949475 0.02919822 0.11243112
1979.98999500 0.03026273 0.11526225
1980.99049525 0.03015031 0.11474634
1981.99099550 0.03029980 0.11491925
1982.99149575 0.03004535 0.11405302
1983.99199600 0.02985056 0.11345588
1984.99249625 0.02973422 0.11322685
1985.99299650 0.02968972 0.11311362
1986.99349675 0.02950056 0.11260839
1987.99399700 0.02945323 0.11211250
1988.99449725 0.02909653 0.11098308
1989.99499750 0.02890269 0.10996830
1990.99549775 0.02832077 0.10973091
1991.99599800 0.02820057 0.10945198
1992.99649825 0.02810778 0.10887001
1993.99699850 0.02961141 0.11440057
1994.99749875 0.02961368 0.11462761
1995.99799900 0.02957675 0.11536709
1996.99849925 0.02952156 0.11512878
1997.99899950 0.02924127 0.11360581
1998.99949975 0.02916223 0.11346793
2000.00000000 0.02786527 0.10932576
