0.00000000 13.00000000 0.00000194
1.00050025 13.12697282 0.12920074
2.00100050 13.10781272 0.21135965
3.00150075 12.96781744 0.18927187
4.00200100 12.99719930 0.22704413
5.00250125 13.01071968 0.28948056
6.00300150 12.93043527 0.27806798
7.00350175 12.90854354 0.32106658
8.00400200 12.91239501 0.37071088
9.00450225 12.87659411 0.37048655
10.00500250 12.86016141 0.38449477
11.00550275 12.85088877 0.42578392
12.00600300 12.82692110 0.44336757
13.00650325 12.80950798 0.45433609
14.00700350 12.79245494 0.48726031
15.00750375 12.77128717 0.50413644
16.00800400 12.75580380 0.51795703
17.00850425 12.74188332 0.53585730
18.00900450 12.71885868 0.55651878
19.00950475 12.69677792 0.57918093
20.01000500 12.67706335 0.59005242
21.01050525 12.66432342 0.59453024
22.01100550 12.64657669 0.60069146
23.01150575 12.64297302 0.60913941
24.01200600 12.63360443 0.60627509
25.01250625 12.62308214 0.61821795
26.01300650 12.61260526 0.62863380
27.01350675 12.59753502 0.63869878
28.01400700 12.58006721 0.64846699
29.01450725 12.56834185 0.66558654
30.01500750 12.55610954 0.66927003
31.01550775 12.54721164 0.67508842
32.01600800 12.53066973 0.68143747
33.01650825 12.51908091 0.69262682
34.01700850 12.50612860 0.69837920
35.01750875 12.49618704 0.71017275
36.01800900 12.47725886 0.72009506
37.01850925 12.45454468 0.74261869
38.01900950 12.43722224 0.75288459
39.01950975 12.41908965 0.76709706
40.02001001 12.41200539 0.76953451
41.02051026 12.39447585 0.78532198
42.02101051 12.38263656 0.79190518
43.02151076 12.35571159 0.81429706
44.02201101 12.34048259 0.82625593
45.02251126 12.32973509 0.82426124
46.02301151 12.31447974 0.83884073
47.02351176 12.30223984 0.84004938
48.02401201 12.28449055 0.84606190
49.02451226 12.27316473 0.85484051
50.02501251 12.26421786 0.86417164
51.02551276 12.24686815 0.87303204
52.02601301 12.23007352 0.88461325
53.02651326 12.20560695 0.89387447
54.02701351 12.19328085 0.89803437
55.02751376 12.17623116 0.90386100
56.02801401 12.15585623 0.92014481
57.02851426 12.13473272 0.94223496
58.02901451 12.12017334 0.95037567
59.02951476 12.10942411 0.95913972
60.03001501 12.10119071 0.96449255
61.03051526 12.09067591 0.97244264
62.03101551 12.06760915 0.97556593
63.03151576 12.05981111 0.97667594
64.03201601 12.05127390 0.98249907
65.03251626 12.02996631 0.99594380
66.03301651 12.01313855 0.99502258
67.03351676 12.00633469 1.00347810
68.03401701 11.98745339 1.02951552
69.03451726 11.97755743 1.03352548
70.03501751 11.96200777 1.03980628
71.03551776 11.94977626 1.04588936
72.03601801 11.94002132 1.04467150
73.03651826 11.92111157 1.05291075
74.03701851 11.90870467 1.05816985
75.03751876 11.89354311 1.06931801
76.03801901 11.87650627 1.08546526
77.03851926 11.85554837 1.11063905
78.03901951 11.83794602 1.11832913
79.03951976 11.83392361 1.11715375
80.04002001 11.81866289 1.12238925
81.04052026 11.80605905 1.12988538
82.04102051 11.79441691 1.14134421
83.04152076 11.79077416 1.14416006
84.04202101 11.77656953 1.14505033
85.04252126 11.76596823 1.14340617
86.04302151 11.74982348 1.14949329
87.04352176 11.73803546 1.15622634
88.04402201 11.73342774 1.15694541
89.04452226 11.72274597 1.16333441
90.04502251 11.70101862 1.16930587
91.04552276 11.68899591 1.16620019
92.04602301 11.66509073 1.17639686
93.04652326 11.65087756 1.18289464
94.04702351 11.64245800 1.18327056
95.04752376 11.62909746 1.19126051
96.04802401 11.61639809 1.19973602
97.04852426 11.60373063 1.20098204
98.04902451 11.59546969 1.20109759
99.04952476 11.58202183 1.20878305
100.05002501 11.56213986 1.22131692
101.05052526 11.54486806 1.23020274
102.05102551 11.52884283 1.23405404
103.05152576 11.51633657 1.24244439
104.05202601 11.49951489 1.24249113
105.05252626 11.49249687 1.24202227
106.05302651 11.48327647 1.24630200
107.05352676 11.46366349 1.26280202
108.05402701 11.45112144 1.26500736
109.05452726 11.43768997 1.27405905
110.05502751 11.42297512 1.28513187
111.05552776 11.40816281 1.29621593
112.05602801 11.39855320 1.29943544
113.05652826 11.38267189 1.30260355
114.05702851 11.36815922 1.30671183
115.05752876 11.35213371 1.30455700
116.05802901 11.34216885 1.31056952
117.05852926 11.32795253 1.31600352
118.05902951 11.32186325 1.32078926
119.05952976 11.29995508 1.33766503
120.06003002 11.29196974 1.34157471
121.06053027 11.28349673 1.34055093
122.06103052 11.26448422 1.34335302
123.06153077 11.24588817 1.35132405
124.06203102 11.23460598 1.35507430
125.06253127 11.21523748 1.36837233
126.06303152 11.19886874 1.37806555
127.06353177 11.18316619 1.37728746
128.06403202 11.16889382 1.37976647
129.06453227 11.16302841 1.38224466
130.06503252 11.15515772 1.38478853
131.06553277 11.14893969 1.38485949
132.06603302 11.13896763 1.38728024
133.06653327 11.12719627 1.39330470
134.06703352 11.10573772 1.40077200
135.06753377 11.09513109 1.40775802
136.06803402 11.08137510 1.41479373
137.06853427 11.07128089 1.41616717
138.06903452 11.05508421 1.41240828
139.06953477 11.03952517 1.41987223
140.07003502 11.02964045 1.41351600
141.07053527 11.00969779 1.41567043
142.07103552 10.99463126 1.42434744
143.07153577 10.98372774 1.42291191
144.07203602 10.97620227 1.42866284
145.07253627 10.96019265 1.43626761
146.07303652 10.94097640 1.44349562
147.07353677 10.92403100 1.45579114
148.07403702 10.90429302 1.45129881
149.07453727 10.89327427 1.45517834
150.07503752 10.87359578 1.46461539
151.07553777 10.85959270 1.47926801
152.07603802 10.85095963 1.48038433
153.07653827 10.83520811 1.47353503
154.07703852 10.82464935 1.48109497
155.07753877 10.81495634 1.48158271
156.07803902 10.80256215 1.48451735
157.07853927 10.78194148 1.49561657
158.07903952 10.76897009 1.49295793
159.07953977 10.75284472 1.50485842
160.08004002 10.73109723 1.51017448
161.08054027 10.72450082 1.50675860
162.08104052 10.70994805 1.51293714
163.08154077 10.69383421 1.50860299
164.08204102 10.68404219 1.50655476
165.08254127 10.66544594 1.51663248
166.08304152 10.65859041 1.51513240
167.08354177 10.65357484 1.50711003
168.08404202 10.65072149 1.51213646
169.08454227 10.64130947 1.51957332
170.08504252 10.62759284 1.52489440
171.08554277 10.62006021 1.52495182
172.08604302 10.60593170 1.52662219
173.08654327 10.59347217 1.52665505
174.08704352 10.57342747 1.53716372
175.08754377 10.57099201 1.53778070
176.08804402 10.56026250 1.53617818
177.08854427 10.54446623 1.54420913
178.08904452 10.53407549 1.54821797
179.08954477 10.52332759 1.54449442
180.09004502 10.50218873 1.55112149
181.09054527 10.48313531 1.55292536
182.09104552 10.48045200 1.55487499
183.09154577 10.45852966 1.55961430
184.09204602 10.45370044 1.56389764
185.09254627 10.44112425 1.56115765
186.09304652 10.44124957 1.55568715
187.09354677 10.42104205 1.56461955
188.09404702 10.39995642 1.56910755
189.09454727 10.39371862 1.56774669
190.09504752 10.38095857 1.56616968
191.09554777 10.36860447 1.57046583
192.09604802 10.35529486 1.57739579
193.09654827 10.34284464 1.58637531
194.09704852 10.32917971 1.58278841
195.09754877 10.31838871 1.59345402
196.09804902 10.31503480 1.59848812
197.09854927 10.30486977 1.59420228
198.09904952 10.28988624 1.59469465
199.09954977 10.27864223 1.59426542
200.10005003 10.25721893 1.60877791
201.10055028 10.23672535 1.62196577
202.10105053 10.21822339 1.62565439
203.10155078 10.20940442 1.62351611
204.10205103 10.19769112 1.62493331
205.10255128 10.19441795 1.62795651
206.10305153 10.17720707 1.63373594
207.10355178 10.15746896 1.63849744
208.10405203 10.15191286 1.63466044
209.10455228 10.15133468 1.63698219
210.10505253 10.13167790 1.63573665
211.10555278 10.12373272 1.63108361
212.10605303 10.11606550 1.62816742
213.10655328 10.09785562 1.63199923
214.10705353 10.08330465 1.63687466
215.10755378 10.07613395 1.64013491
216.10805403 10.07300106 1.64601553
217.10855428 10.05697303 1.65776729
218.10905453 10.04689872 1.65712530
219.10955478 10.03757400 1.66595663
220.11005503 10.01863745 1.65912540
221.11055528 10.00855674 1.66022304
222.11105553 9.98671429 1.66813311
223.11155578 9.97210268 1.66868677
224.11205603 9.96123725 1.67523229
225.11255628 9.94542784 1.68011688
226.11305653 9.93012295 1.67745586
227.11355678 9.91643568 1.67678172
228.11405703 9.89929995 1.68811141
229.11455728 9.88332427 1.68701020
230.11505753 9.87190854 1.68995729
231.11555778 9.85594668 1.68871222
232.11605803 9.84944000 1.69083817
233.11655828 9.83154605 1.68797689
234.11705853 9.81965387 1.69130140
235.11755878 9.80570993 1.69656274
236.11805903 9.79530991 1.69949963
237.11855928 9.78122039 1.70742581
238.11905953 9.76015251 1.71274819
239.11955978 9.74577434 1.70877945
240.12006003 9.72689531 1.71277975
241.12056028 9.71917330 1.72260035
242.12106053 9.70893061 1.72126496
243.12156078 9.69203121 1.72413919
244.12206103 9.67925977 1.72895381
245.12256128 9.66035858 1.73587040
246.12306153 9.64907291 1.73361528
247.12356178 9.63687511 1.73556426
248.12406203 9.62464799 1.74199901
249.12456228 9.61524217 1.74572786
250.12506253 9.60208114 1.75194188
251.12556278 9.59608056 1.75315736
252.12606303 9.58801204 1.75521326
253.12656328 9.56810841 1.75988200
254.12706353 9.55538545 1.76452310
255.12756378 9.53140138 1.76903799
256.12806403 9.51392663 1.78676526
257.12856428 9.50866170 1.78458642
258.12906453 9.49207219 1.78425071
259.12956478 9.48224812 1.78409803
260.13006503 9.46535501 1.78241100
261.13056528 9.46185866 1.78188026
262.13106553 9.45168140 1.77784475
263.13156578 9.42971083 1.78350602
264.13206603 9.41217016 1.78178020
265.13256628 9.40087949 1.78878814
266.13306653 9.38401902 1.79271262
267.13356678 9.37111598 1.79784957
268.13406703 9.35720541 1.80452047
269.13456728 9.34237282 1.80390505
270.13506753 9.33043728 1.80911452
271.13556778 9.31973670 1.81446683
272.13606803 9.30369254 1.83077551
273.13656828 9.29328652 1.82650141
274.13706853 9.28103205 1.82259918
275.13756878 9.26229571 1.82723955
276.13806903 9.24951353 1.82693896
277.13856928 9.23449043 1.83773392
278.13906953 9.20998061 1.84142437
279.13956978 9.19801521 1.84116159
280.14007004 9.17538199 1.85266660
281.14057029 9.16808326 1.85408052
282.14107054 9.15151796 1.85026883
283.14157079 9.13852538 1.86242401
284.14207104 9.12311789 1.86504029
285.14257129 9.10836636 1.86840100
286.14307154 9.10331460 1.87259920
287.14357179 9.09123812 1.87358270
288.14407204 9.08164734 1.87427880
289.14457229 9.06945844 1.87809147
290.14507254 9.05600565 1.88003617
291.14557279 9.03753955 1.89043880
292.14607304 9.03232321 1.89043924
293.14657329 9.01924367 1.88435248
294.14707354 9.00754136 1.89517402
295.14757379 9.00079073 1.89915326
296.14807404 8.99479457 1.89983829
297.14857429 8.97886601 1.90257536
298.14907454 8.96838676 1.90491321
299.14957479 8.95186764 1.92280487
300.15007504 8.93683503 1.92326127
301.15057529 8.92483796 1.92943991
302.15107554 8.91310201 1.93742275
303.15157579 8.90065559 1.93997618
304.15207604 8.88794361 1.94610818
305.15257629 8.86956823 1.94810028
306.15307654 8.85610916 1.94892606
307.15357679 8.84064857 1.95055895
308.15407704 8.82555127 1.95359876
309.15457729 8.81240660 1.95008667
310.15507754 8.80234793 1.94803266
311.15557779 8.78393532 1.95884944
312.15607804 8.77205461 1.95958442
313.15657829 8.76338828 1.95042474
314.15707854 8.75852083 1.95408128
315.15757879 8.74243947 1.95925386
316.15807904 8.71674864 1.96980212
317.15857929 8.70677668 1.96868924
318.15907954 8.68687956 1.96909994
319.15957979 8.66820578 1.96742011
320.16008004 8.65555123 1.97134334
321.16058029 8.64774894 1.97373708
322.16108054 8.63602322 1.97677081
323.16158079 8.62523550 1.97892657
324.16208104 8.61301601 1.97930367
325.16258129 8.60092135 1.98148548
326.16308154 8.59149403 1.97713207
327.16358179 8.58776300 1.97659058
328.16408204 8.58004851 1.97437105
329.16458229 8.56750578 1.97162208
330.16508254 8.55883789 1.96763931
331.16558279 8.54717588 1.96900381
332.16608304 8.53450887 1.97179050
333.16658329 8.52404715 1.96933792
334.16708354 8.51220808 1.97276034
335.16758379 8.50292125 1.96808157
336.16808404 8.49190906 1.97374311
337.16858429 8.48185124 1.97142924
338.16908454 8.47318189 1.97213038
339.16958479 8.46015138 1.98042393
340.17008504 8.45194131 1.97877051
341.17058529 8.44463909 1.97946042
342.17108554 8.42922194 1.98064992
343.17158579 8.41778972 1.97659060
344.17208604 8.41541936 1.97976200
345.17258629 8.40309738 1.98305218
346.17308654 8.39333099 1.98222029
347.17358679 8.38324158 1.98437439
348.17408704 8.38115305 1.98311131
349.17458729 8.36971454 1.98273652
350.17508754 8.35641483 1.98003973
351.17558779 8.34456455 1.98180217
352.17608804 8.33054368 1.98187508
353.17658829 8.31628066 1.98180552
354.17708854 8.30452697 1.97941600
355.17758879 8.28914413 1.97801019
356.17808904 8.28000633 1.98647150
357.17858929 8.26165727 1.98703711
358.17908954 8.24588382 1.98367537
359.17958979 8.23761473 1.98454159
360.18009005 8.23010948 1.98810660
361.18059030 8.22287254 1.98492558
362.18109055 8.21882046 1.98407819
363.18159080 8.20218188 1.99636198
364.18209105 8.19274492 1.99560450
365.18259130 8.17185597 1.99906920
366.18309155 8.16453714 2.00235875
367.18359180 8.14868250 2.00517422
368.18409205 8.13894628 2.01483130
369.18459230 8.12676979 2.01612515
370.18509255 8.12213327 2.01527056
371.18559280 8.11391967 2.01082585
372.18609305 8.09392649 2.01820278
373.18659330 8.07911423 2.01843321
374.18709355 8.06568410 2.01774736
375.18759380 8.04956414 2.01197452
376.18809405 8.03772213 2.01686085
377.18859430 8.02170150 2.00734364
378.18909455 8.01030539 2.00232570
379.18959480 7.99411039 2.00440256
380.19009505 7.97635286 2.00217810
381.19059530 7.97107137 2.00742303
382.19109555 7.96017081 1.99953977
383.19159580 7.95385636 2.00127748
384.19209605 7.94223068 1.99761548
385.19259630 7.93447944 1.99781953
386.19309655 7.92311139 2.00761211
387.19359680 7.90725182 2.00694645
388.19409705 7.89835633 2.00315418
389.19459730 7.88683209 2.00582583
390.19509755 7.86634814 2.01580369
391.19559780 7.85241922 2.02122089
392.19609805 7.84395660 2.01997276
393.19659830 7.82854309 2.01902119
394.19709855 7.81785863 2.01529375
395.19759880 7.80199542 2.01923396
396.19809905 7.78933719 2.02183026
397.19859930 7.78174036 2.02103038
398.19909955 7.76669512 2.02542801
399.19959980 7.76090336 2.02612642
400.20010005 7.75488921 2.02382575
401.20060030 7.73803923 2.02439931
402.20110055 7.71559990 2.03321165
403.20160080 7.70685204 2.03401466
404.20210105 7.70205754 2.02542232
405.20260130 7.69318672 2.02344899
406.20310155 7.68530303 2.02085976
407.20360180 7.68071903 2.02376427
408.20410205 7.66537061 2.03203755
409.20460230 7.65717910 2.03513903
410.20510255 7.64548895 2.03584501
411.20560280 7.63601384 2.03936582
412.20610305 7.62871798 2.03464978
413.20660330 7.61763408 2.04028868
414.20710355 7.60987274 2.03816005
415.20760380 7.59719441 2.03635369
416.20810405 7.59048135 2.04026598
417.20860430 7.57352625 2.04001778
418.20910455 7.56869840 2.04707013
419.20960480 7.56490237 2.04366050
420.21010505 7.55613558 2.03967298
421.21060530 7.54842460 2.03958188
422.21110555 7.53898363 2.03697932
423.21160580 7.52924863 2.03704830
424.21210605 7.51318010 2.04159476
425.21260630 7.50346813 2.04165360
426.21310655 7.49159112 2.03833964
427.21360680 7.48146958 2.03922763
428.21410705 7.47430735 2.03912495
429.21460730 7.46293629 2.04514502
430.21510755 7.45310204 2.04840882
431.21560780 7.43062696 2.04429488
432.21610805 7.41699171 2.04368051
433.21660830 7.40832123 2.04321567
434.21710855 7.39693380 2.04866885
435.21760880 7.39041041 2.04551090
436.21810905 7.38590962 2.04689329
437.21860930 7.37631017 2.04534657
438.21910955 7.36349979 2.04390466
439.21960980 7.35019803 2.04649084
440.22011006 7.34129431 2.03965185
441.22061031 7.33330400 2.04084698
442.22111056 7.32117144 2.03813038
443.22161081 7.31171546 2.03638791
444.22211106 7.30104890 2.04649989
445.22261131 7.28823174 2.04813509
446.22311156 7.28035556 2.04478605
447.22361181 7.27483265 2.04430139
448.22411206 7.26044005 2.05340522
449.22461231 7.25109684 2.05578278
450.22511256 7.23147411 2.04792476
451.22561281 7.21836153 2.05150038
452.22611306 7.20618693 2.06227421
453.22661331 7.18815669 2.06279352
454.22711356 7.17858539 2.06054185
455.22761381 7.16717544 2.06196428
456.22811406 7.16184075 2.06456505
457.22861431 7.14645330 2.05855312
458.22911456 7.13699391 2.05875516
459.22961481 7.12836906 2.06491270
460.23011506 7.11488994 2.07094237
461.23061531 7.10198643 2.07610815
462.23111556 7.08942976 2.08104483
463.23161581 7.08046022 2.07930178
464.23211606 7.06779207 2.07461916
465.23261631 7.06484536 2.07661878
466.23311656 7.05732998 2.07769911
467.23361681 7.04649584 2.07036638
468.23411706 7.03601948 2.07106899
469.23461731 7.03131454 2.07095651
470.23511756 7.02056582 2.07079218
471.23561781 7.00470789 2.06787145
472.23611806 6.98742574 2.06114826
473.23661831 6.97779676 2.06350377
474.23711856 6.96552742 2.06896193
475.23761881 6.95684537 2.07004727
476.23811906 6.94828377 2.07300917
477.23861931 6.94108801 2.07644512
478.23911956 6.93091734 2.08014334
479.23961981 6.92490686 2.07769442
480.24012006 6.92149817 2.08125956
481.24062031 6.91424631 2.07964229
482.24112056 6.91438349 2.08165717
483.24162081 6.90970862 2.08244716
484.24212106 6.89620201 2.08035140
485.24262131 6.88564708 2.07911676
486.24312156 6.87083337 2.08207287
487.24362181 6.86239545 2.07913935
488.24412206 6.85496519 2.07773896
489.24462231 6.83844930 2.07760904
490.24512256 6.82200709 2.08547037
491.24562281 6.81382439 2.08396353
492.24612306 6.80304683 2.09285711
493.24662331 6.78841059 2.09010259
494.24712356 6.78300703 2.09003856
495.24762381 6.77320095 2.09033108
496.24812406 6.75842670 2.08903179
497.24862431 6.74787772 2.09115096
498.24912456 6.73722919 2.09348817
499.24962481 6.72222991 2.09917578
500.25012506 6.71724829 2.09899252
501.25062531 6.70913827 2.09601994
502.25112556 6.70276004 2.10018219
503.25162581 6.68924359 2.09904738
504.25212606 6.68125881 2.09856728
505.25262631 6.66740718 2.09822907
506.25312656 6.65742873 2.09925378
507.25362681 6.64814541 2.09980049
508.25412706 6.64375052 2.10303020
509.25462731 6.63702007 2.10932208
510.25512756 6.63004348 2.11064082
511.25562781 6.62311891 2.10572327
512.25612806 6.61361042 2.10709495
513.25662831 6.60718360 2.10994122
514.25712856 6.59936062 2.10728236
515.25762881 6.58465981 2.10977123
516.25812906 6.57313053 2.11164859
517.25862931 6.56416779 2.11541137
518.25912956 6.55731095 2.11363429
519.25962981 6.54662380 2.11560631
520.26013007 6.53350448 2.11166214
521.26063032 6.52260095 2.10502393
522.26113057 6.51238265 2.10550673
523.26163082 6.50454729 2.10967130
524.26213107 6.49677426 2.11180425
525.26263132 6.48937661 2.10343445
526.26313157 6.48679516 2.10183570
527.26363182 6.47586243 2.09094807
528.26413207 6.46613544 2.09344359
529.26463232 6.45905669 2.09556465
530.26513257 6.44725033 2.09915101
531.26563282 6.43720193 2.10043018
532.26613307 6.41995479 2.10245969
533.26663332 6.41000731 2.11067083
534.26713357 6.40052635 2.10619675
535.26763382 6.38839730 2.10519774
536.26813407 6.37455704 2.10582638
537.26863432 6.35511572 2.10623457
538.26913457 6.35300566 2.10835261
539.26963482 6.34714641 2.10719490
540.27013507 6.33944121 2.10766202
541.27063532 6.32714764 2.10874834
542.27113557 6.31390051 2.10585303
543.27163582 6.29781035 2.09971540
544.27213607 6.27864235 2.09981904
545.27263632 6.27173841 2.09897497
546.27313657 6.26552633 2.09876194
547.27363682 6.25898497 2.09871851
548.27413707 6.25095855 2.10180840
549.27463732 6.24404374 2.10708469
550.27513757 6.23337964 2.10245550
551.27563782 6.22394662 2.10340231
552.27613807 6.22239841 2.10458684
553.27663832 6.21785705 2.10369461
554.27713857 6.21284426 2.10426584
555.27763882 6.20724356 2.10378487
556.27813907 6.20110118 2.09790915
557.27863932 6.19016423 2.09322466
558.27913957 6.18473531 2.09566197
559.27963982 6.17065316 2.09279792
560.28014007 6.16030871 2.09122741
561.28064032 6.15398860 2.09040182
562.28114057 6.14621194 2.09047109
563.28164082 6.13867860 2.09179881
564.28214107 6.13213522 2.08705397
565.28264132 6.12363332 2.08824282
566.28314157 6.11462152 2.08923403
567.28364182 6.11081286 2.08899576
568.28414207 6.09989228 2.08187764
569.28464232 6.08918327 2.08842975
570.28514257 6.07689769 2.08470696
571.28564282 6.06688062 2.08394574
572.28614307 6.05611123 2.08397308
573.28664332 6.04728481 2.08699665
574.28714357 6.03803829 2.08245659
575.28764382 6.03184532 2.08166486
576.28814407 6.02386481 2.07673882
577.28864432 6.01525087 2.08313208
578.28914457 6.00284424 2.08360268
579.28964482 5.99149071 2.08460358
580.29014507 5.97983760 2.08177822
581.29064532 5.97549485 2.07962104
582.29114557 5.96837407 2.08255536
583.29164582 5.96075038 2.07867719
584.29214607 5.95873607 2.07606859
585.29264632 5.94862604 2.07643280
586.29314657 5.94369119 2.07360394
587.29364682 5.93275022 2.07424185
588.29414707 5.92623759 2.07597359
589.29464732 5.91471421 2.07310846
590.29514757 5.91290141 2.07199019
591.29564782 5.90339065 2.07700037
592.29614807 5.89874444 2.07900824
593.29664832 5.89115114 2.08202258
594.29714857 5.88341272 2.07952083
595.29764882 5.87363426 2.07645457
596.29814907 5.85969844 2.07739173
597.29864932 5.84963830 2.08484344
598.29914957 5.83597648 2.08388000
599.29964982 5.82885425 2.08109531
600.30015008 5.81837007 2.08234850
601.30065033 5.81505637 2.08236224
602.30115058 5.81075883 2.07969571
603.30165083 5.80300954 2.08033757
604.30215108 5.79324174 2.08086030
605.30265133 5.78758947 2.08229278
606.30315158 5.78488597 2.08225236
607.30365183 5.77384242 2.08127317
608.30415208 5.76159142 2.07190092
609.30465233 5.75972962 2.07522980
610.30515258 5.75121314 2.07679478
611.30565283 5.74886295 2.07739519
612.30615308 5.74002262 2.07881009
613.30665333 5.73093032 2.07863072
614.30715358 5.71892590 2.07481915
615.30765383 5.70783518 2.07351809
616.30815408 5.69452127 2.07114902
617.30865433 5.68119706 2.07244801
618.30915458 5.67092049 2.07266494
619.30965483 5.66436931 2.07552319
620.31015508 5.66120732 2.07686992
621.31065533 5.65403573 2.08039801
622.31115558 5.64489110 2.08010816
623.31165583 5.63703448 2.07926336
624.31215608 5.62720730 2.08186313
625.31265633 5.61638480 2.07892920
626.31315658 5.60553409 2.07615769
627.31365683 5.59585436 2.07537393
628.31415708 5.58791971 2.07504262
629.31465733 5.58162405 2.07524551
630.31515758 5.57361467 2.07579171
631.31565783 5.56490421 2.07609733
632.31615808 5.56147411 2.07443709
633.31665833 5.55311156 2.07633726
634.31715858 5.54588595 2.07739896
635.31765883 5.53079953 2.07302272
636.31815908 5.52398486 2.07086991
637.31865933 5.51729056 2.07360833
638.31915958 5.50501184 2.07211149
639.31965983 5.49848464 2.07012353
640.32016008 5.49172409 2.06786930
641.32066033 5.47776581 2.06140756
642.32116058 5.47322226 2.06479069
643.32166083 5.46934594 2.06543398
644.32216108 5.46498638 2.06681454
645.32266133 5.46021647 2.06803615
646.32316158 5.45729519 2.07414149
647.32366183 5.44795953 2.07717854
648.32416208 5.43975643 2.07439274
649.32466233 5.43252509 2.07266958
650.32516258 5.42106057 2.06687856
651.32566283 5.41161360 2.06967924
652.32616308 5.39838243 2.06986500
653.32666333 5.38420282 2.05999912
654.32716358 5.37885946 2.05986053
655.32766383 5.37259199 2.06312971
656.32816408 5.36696193 2.06180198
657.32866433 5.35049602 2.05675699
658.32916458 5.34256150 2.05171744
659.32966483 5.33046079 2.04811541
660.33016508 5.32607616 2.05055647
661.33066533 5.31622796 2.05245285
662.33116558 5.30764921 2.05464565
663.33166583 5.29662702 2.05528727
664.33216608 5.29388946 2.05759311
665.33266633 5.28349594 2.05016728
666.33316658 5.27667648 2.05072365
667.33366683 5.26906865 2.05422491
668.33416708 5.26254298 2.05982217
669.33466733 5.25397906 2.06249850
670.33516758 5.25180521 2.06267709
671.33566783 5.24319217 2.06227767
672.33616808 5.23776162 2.06418484
673.33666833 5.23133703 2.06328098
674.33716858 5.22400802 2.06487652
675.33766883 5.21943581 2.06353254
676.33816908 5.20761978 2.06582904
677.33866933 5.19965761 2.05960953
678.33916958 5.18798843 2.05614712
679.33966983 5.17708626 2.06485016
680.34017009 5.16953280 2.06147774
681.34067034 5.15499805 2.05894494
682.34117059 5.15139127 2.05968186
683.34167084 5.14691227 2.06345239
684.34217109 5.13998603 2.06174320
685.34267134 5.13015701 2.06029495
686.34317159 5.12219148 2.05624752
687.34367184 5.11094509 2.05308056
688.34417209 5.10129015 2.05437994
689.34467234 5.09235757 2.05194189
690.34517259 5.07153190 2.05821356
691.34567284 5.06542848 2.06109510
692.34617309 5.06166859 2.05962291
693.34667334 5.05731854 2.05829553
694.34717359 5.05247494 2.05989747
695.34767384 5.03705473 2.06052457
696.34817409 5.02782817 2.06095748
697.34867434 5.01895910 2.06225411
698.34917459 5.01171567 2.06189890
699.34967484 5.00840978 2.06137578
700.35017509 5.00312314 2.06404378
701.35067534 4.99927475 2.06336500
702.35117559 4.99166951 2.06650629
703.35167584 4.98182594 2.06856362
704.35217609 4.97103068 2.06895900
705.35267634 4.96759031 2.07300710
706.35317659 4.95730299 2.07637404
707.35367684 4.95046126 2.07223081
708.35417709 4.94334002 2.07071244
709.35467734 4.94026372 2.07294807
710.35517759 4.92886350 2.08174658
711.35567784 4.92171828 2.08029542
712.35617809 4.91185554 2.07677057
713.35667834 4.90567069 2.08180521
714.35717859 4.89451115 2.07761858
715.35767884 4.88975217 2.07458437
716.35817909 4.88223799 2.07482357
717.35867934 4.87575569 2.07350971
718.35917959 4.86806442 2.07601309
719.35967984 4.86111842 2.07637736
720.36018009 4.85596806 2.07796521
721.36068034 4.84497122 2.08156417
722.36118059 4.84214615 2.08233685
723.36168084 4.83149387 2.08009126
724.36218109 4.82629347 2.07991724
725.36268134 4.81765657 2.07743541
726.36318159 4.81588773 2.07641555
727.36368184 4.80681966 2.07967533
728.36418209 4.79884182 2.08012217
729.36468234 4.79534362 2.07900741
730.36518259 4.78650936 2.07900772
731.36568284 4.77716032 2.08272310
732.36618309 4.77161215 2.08491656
733.36668334 4.76274844 2.08708916
734.36718359 4.75390858 2.08904626
735.36768384 4.74705280 2.08482344
736.36818409 4.74205261 2.08656765
737.36868434 4.73445917 2.08736522
738.36918459 4.72898993 2.08867648
739.36968484 4.72476033 2.08965774
740.37018509 4.71862159 2.08910015
741.37068534 4.71235234 2.08890221
742.37118559 4.70053050 2.08807773
743.37168584 4.69447686 2.09157680
744.37218609 4.68345085 2.08622808
745.37268634 4.67921261 2.08489384
746.37318659 4.67621750 2.08732553
747.37368684 4.67139591 2.08841322
748.37418709 4.66325866 2.08233128
749.37468734 4.65382628 2.09172236
750.37518759 4.64646338 2.09503212
751.37568784 4.63611828 2.09427398
752.37618809 4.62984974 2.09091650
753.37668834 4.62475674 2.08806808
754.37718859 4.61086449 2.08680302
755.37768884 4.60178898 2.08643665
756.37818909 4.59883994 2.08884582
757.37868934 4.59421240 2.08720999
758.37918959 4.58219988 2.08644757
759.37968984 4.57329956 2.08836575
760.38019010 4.56592019 2.09207580
761.38069035 4.55806835 2.08813511
762.38119060 4.54883202 2.08167186
763.38169085 4.54249002 2.08550909
764.38219110 4.53779350 2.08316648
765.38269135 4.53163370 2.08288364
766.38319160 4.52194582 2.08886609
767.38369185 4.51126268 2.08945271
768.38419210 4.50378273 2.08561558
769.38469235 4.49707550 2.08346885
770.38519260 4.49507045 2.08438144
771.38569285 4.48038803 2.08506581
772.38619310 4.47304721 2.08559126
773.38669335 4.46397078 2.08658178
774.38719360 4.45414450 2.08737358
775.38769385 4.44890594 2.08897195
776.38819410 4.44355500 2.09282508
777.38869435 4.43421608 2.08879396
778.38919460 4.42570323 2.08995969
779.38969485 4.41288364 2.08654896
780.39019510 4.41374778 2.08706527
781.39069535 4.40341756 2.08421616
782.39119560 4.39702844 2.08766527
783.39169585 4.39268080 2.08721518
784.39219610 4.38256889 2.08642164
785.39269635 4.37474627 2.08733911
786.39319660 4.36538825 2.08831534
787.39369685 4.35783984 2.08358094
788.39419710 4.34933919 2.08138534
789.39469735 4.33757511 2.07688493
790.39519760 4.32843757 2.07866218
791.39569785 4.32347400 2.08106988
792.39619810 4.31782355 2.07887103
793.39669835 4.31418233 2.07642680
794.39719860 4.30635035 2.07427036
795.39769885 4.30289077 2.07238325
796.39819910 4.29522901 2.07309731
797.39869935 4.29224954 2.07350314
798.39919960 4.28619414 2.07326495
799.39969985 4.28365168 2.07342972
800.40020010 4.27593971 2.07035635
801.40070035 4.26626801 2.06955809
802.40120060 4.25944745 2.06618726
803.40170085 4.25765975 2.06586513
804.40220110 4.24803210 2.06494708
805.40270135 4.23726705 2.06291563
806.40320160 4.22672339 2.06231966
807.40370185 4.21859221 2.06336215
808.40420210 4.21155511 2.06128553
809.40470235 4.20237081 2.06863024
810.40520260 4.19849017 2.06854299
811.40570285 4.19345380 2.06219546
812.40620310 4.18909761 2.05966346
813.40670335 4.18307351 2.05629386
814.40720360 4.17081935 2.04876298
815.40770385 4.16918425 2.04884958
816.40820410 4.16462710 2.05158813
817.40870435 4.15806473 2.05210651
818.40920460 4.14587494 2.05217520
819.40970485 4.14091272 2.05419232
820.41020510 4.13558424 2.05601189
821.41070535 4.12417031 2.05725174
822.41120560 4.11989318 2.05860980
823.41170585 4.11664769 2.05835579
824.41220610 4.10985765 2.05480104
825.41270635 4.10357105 2.05158636
826.41320660 4.09701542 2.04861274
827.41370685 4.09098163 2.05107505
828.41420710 4.08737804 2.04880186
829.41470735 4.08010791 2.04759422
830.41520760 4.07580382 2.04585312
831.41570785 4.06924571 2.04979460
832.41620810 4.06275045 2.04840390
833.41670835 4.05640294 2.04319960
834.41720860 4.05301387 2.04170980
835.41770885 4.04334597 2.03649326
836.41820910 4.03692632 2.03192251
837.41870935 4.02808514 2.03117079
838.41920960 4.02055722 2.02978158
839.41970985 4.01445545 2.02785798
840.42021011 4.00705529 2.02755350
841.42071036 4.00376516 2.03127279
842.42121061 3.99827584 2.03107560
843.42171086 3.99382613 2.03352806
844.42221111 3.98830312 2.03164523
845.42271136 3.97957023 2.03014399
846.42321161 3.97254277 2.02609303
847.42371186 3.96151597 2.02371286
848.42421211 3.95324542 2.02004848
849.42471236 3.94490279 2.02168759
850.42521261 3.94154588 2.02192707
851.42571286 3.93534883 2.02110068
852.42621311 3.93291110 2.01898334
853.42671336 3.92957220 2.01814028
854.42721361 3.92540339 2.01825940
855.42771386 3.92142646 2.01449723
856.42821411 3.91395116 2.00750379
857.42871436 3.90626923 2.00644992
858.42921461 3.89746146 2.00477875
859.42971486 3.88569537 1.99907266
860.43021511 3.87235430 2.00073547
861.43071536 3.86416813 1.99905498
862.43121561 3.86034058 1.99702041
863.43171586 3.84758907 1.99830308
864.43221611 3.83395276 1.99076004
865.43271636 3.82977473 1.98584736
866.43321661 3.82280192 1.98400353
867.43371686 3.81743029 1.98314298
868.43421711 3.80495368 1.97121734
869.43471736 3.79871688 1.96963988
870.43521761 3.78632155 1.97212305
871.43571786 3.77649886 1.96772012
872.43621811 3.77046062 1.96538109
873.43671836 3.76374477 1.96600247
874.43721861 3.75978306 1.96833670
875.43771886 3.75577308 1.96698084
876.43821911 3.75191463 1.96758028
877.43871936 3.73775499 1.96364127
878.43921961 3.72867655 1.96543852
879.43971986 3.72226798 1.96277840
880.44022011 3.72086996 1.96027196
881.44072036 3.71644505 1.96361892
882.44122061 3.70500558 1.95791590
883.44172086 3.69682995 1.95297252
884.44222111 3.69003227 1.95158784
885.44272136 3.68698258 1.95016441
886.44322161 3.67718113 1.95063260
887.44372186 3.66471111 1.94825344
888.44422211 3.66274196 1.94846218
889.44472236 3.65244625 1.94014235
890.44522261 3.64150993 1.94125559
891.44572286 3.63699197 1.93826465
892.44622311 3.63467473 1.93592497
893.44672336 3.63038219 1.93672417
894.44722361 3.62272507 1.92691516
895.44772386 3.62083294 1.92740791
896.44822411 3.61419242 1.92432591
897.44872436 3.61163247 1.92241993
898.44922461 3.60474054 1.92248723
899.44972486 3.59696218 1.92158395
900.45022511 3.58799617 1.91167331
901.45072536 3.57948526 1.90521961
902.45122561 3.57454225 1.90331431
903.45172586 3.56617879 1.90381545
904.45222611 3.55569832 1.89549160
905.45272636 3.54951285 1.90096530
906.45322661 3.53917363 1.90021843
907.45372686 3.53114919 1.89685673
908.45422711 3.52393157 1.89347784
909.45472736 3.52184517 1.89284493
910.45522761 3.51639867 1.89302079
911.45572786 3.51213754 1.89086176
912.45622811 3.50469673 1.89069023
913.45672836 3.50224192 1.89019188
914.45722861 3.49910140 1.89147191
915.45772886 3.49770398 1.89353597
916.45822911 3.49200078 1.89295008
917.45872936 3.48868203 1.88887129
918.45922961 3.48524849 1.88931523
919.45972986 3.47814195 1.88691041
920.46023012 3.47392945 1.88524559
921.46073037 3.47024362 1.88054698
922.46123062 3.46623351 1.88151475
923.46173087 3.45794512 1.88362818
924.46223112 3.45232210 1.88270854
925.46273137 3.44897339 1.88126317
926.46323162 3.44647809 1.88290170
927.46373187 3.44269080 1.88138578
928.46423212 3.43945223 1.88146990
929.46473237 3.42894927 1.87893363
930.46523262 3.42286108 1.87497958
931.46573287 3.41306428 1.87467467
932.46623312 3.40853015 1.87431757
933.46673337 3.40207014 1.87421100
934.46723362 3.39611053 1.87213878
935.46773387 3.39100220 1.86863865
936.46823412 3.38843428 1.86888668
937.46873437 3.38425447 1.86686253
938.46923462 3.37777654 1.86538027
939.46973487 3.37594630 1.86515857
940.47023512 3.37387940 1.86454508
941.47073537 3.36995531 1.86207246
942.47123562 3.36132821 1.86114585
943.47173587 3.35577319 1.86038070
944.47223612 3.34905908 1.85858709
945.47273637 3.34707456 1.85864928
946.47323662 3.34455583 1.85822789
947.47373687 3.33865555 1.85527496
948.47423712 3.33653423 1.85576740
949.47473737 3.33444398 1.85720317
950.47523762 3.32939882 1.85666297
951.47573787 3.32658109 1.85773340
952.47623812 3.32312643 1.85779102
953.47673837 3.31948673 1.86037910
954.47723862 3.31121659 1.85435067
955.47773887 3.31008002 1.85240144
956.47823912 3.30216563 1.84495174
957.47873937 3.29331333 1.84300858
958.47923962 3.29042446 1.84254708
959.47973987 3.28502146 1.84065399
960.48024012 3.28046722 1.83642469
961.48074037 3.27443024 1.83586631
962.48124062 3.27343098 1.83860602
963.48174087 3.26659046 1.83314098
964.48224112 3.26176853 1.83300110
965.48274137 3.25805088 1.83211252
966.48324162 3.25246168 1.83234904
967.48374187 3.24520193 1.82886281
968.48424212 3.24316438 1.82839554
969.48474237 3.23754964 1.82684208
970.48524262 3.23513044 1.82826431
971.48574287 3.22733195 1.82391887
972.48624312 3.22118181 1.82611288
973.48674337 3.21664352 1.82619079
974.48724362 3.20579511 1.82590877
975.48774387 3.20109186 1.82054878
976.48824412 3.19789318 1.81891072
977.48874437 3.19194876 1.81843714
978.48924462 3.18904033 1.81778965
979.48974487 3.18244798 1.81427382
980.49024512 3.17395255 1.81602533
981.49074537 3.16446227 1.80956857
982.49124562 3.15858518 1.80863766
983.49174587 3.15114279 1.80710209
984.49224612 3.14639123 1.80856619
985.49274637 3.14393711 1.80827438
986.49324662 3.13585531 1.80272680
987.49374687 3.12918352 1.79866469
988.49424712 3.12279131 1.79529463
989.49474737 3.11318868 1.79202389
990.49524762 3.10401268 1.78812215
991.49574787 3.10166791 1.78740251
992.49624812 3.09933524 1.78877196
993.49674837 3.09140836 1.78493941
994.49724862 3.08783547 1.78540912
995.49774887 3.08217263 1.78231081
996.49824912 3.07847655 1.78191598
997.49874937 3.07386148 1.78158611
998.49924962 3.06968874 1.77710730
999.49974987 3.06700114 1.77729929
1000.50025013 3.06589366 1.77828721
1001.50075038 3.06042519 1.77988822
1002.50125063 3.05357906 1.78024864
1003.50175088 3.04782306 1.77945584
1004.50225113 3.04477931 1.78080147
1005.50275138 3.03829475 1.77809999
1006.50325163 3.03458677 1.77514920
1007.50375188 3.02425133 1.77278411
1008.50425213 3.01520695 1.77431782
1009.50475238 3.01125715 1.77255365
1010.50525263 3.01128582 1.77297416
1011.50575288 3.00752682 1.77282514
1012.50625313 3.00192329 1.76930394
1013.50675338 2.99719517 1.76787255
1014.50725363 2.99403849 1.76811704
1015.50775388 2.98788720 1.76797371
1016.50825413 2.98281544 1.76560697
1017.50875438 2.97827818 1.76450547
1018.50925463 2.97189284 1.76008796
1019.50975488 2.96878078 1.76015911
1020.51025513 2.95974317 1.76023870
1021.51075538 2.95577066 1.75977838
1022.51125563 2.94911195 1.75473974
1023.51175588 2.94327074 1.75401988
1024.51225613 2.94020982 1.75426515
1025.51275638 2.93558314 1.75039479
1026.51325663 2.93475914 1.75061318
1027.51375688 2.92369179 1.74697292
1028.51425713 2.91993087 1.74559312
1029.51475738 2.91555253 1.74368066
1030.51525763 2.91020320 1.73931932
1031.51575788 2.90689826 1.74017212
1032.51625813 2.90415231 1.74136010
1033.51675838 2.89931181 1.74129471
1034.51725863 2.89752734 1.74191381
1035.51775888 2.89226339 1.73950517
1036.51825913 2.88686755 1.73961864
1037.51875938 2.87823560 1.73792998
1038.51925963 2.87311536 1.73548540
1039.51975988 2.86862698 1.72908117
1040.52026013 2.86471752 1.73068218
1041.52076038 2.86094767 1.73171444
1042.52126063 2.85922502 1.73076620
1043.52176088 2.85348244 1.73289179
1044.52226113 2.84636295 1.73174110
1045.52276138 2.84006556 1.72784234
1046.52326163 2.83625689 1.72621844
1047.52376188 2.83345577 1.72748133
1048.52426213 2.82444362 1.72489065
1049.52476238 2.82043873 1.72447832
1050.52526263 2.81394079 1.72281331
1051.52576288 2.81205165 1.72210039
1052.52626313 2.80925190 1.72133768
1053.52676338 2.80277622 1.71940625
1054.52726363 2.79897747 1.71805765
1055.52776388 2.79408921 1.71686425
1056.52826413 2.79093103 1.71559142
1057.52876438 2.78690977 1.71438924
1058.52926463 2.78191474 1.71449906
1059.52976488 2.77735473 1.71586453
1060.53026513 2.77133878 1.71214373
1061.53076538 2.76359548 1.70598135
1062.53126563 2.75752311 1.70348413
1063.53176588 2.75568040 1.70424916
1064.53226613 2.75381916 1.70058065
1065.53276638 2.74480608 1.69970870
1066.53326663 2.74288995 1.70174669
1067.53376688 2.73939187 1.70216356
1068.53426713 2.73308221 1.69533689
1069.53476738 2.73024761 1.69518158
1070.53526763 2.72452663 1.69464570
1071.53576788 2.72265310 1.69423305
1072.53626813 2.72062251 1.69424190
1073.53676838 2.71706359 1.69353788
1074.53726863 2.71218862 1.69044717
1075.53776888 2.70636335 1.69113058
1076.53826913 2.70278761 1.69029278
1077.53876938 2.69620857 1.68573721
1078.53926963 2.69191126 1.68686796
1079.53976988 2.68510550 1.68670569
1080.54027014 2.68107965 1.68696179
1081.54077039 2.68008250 1.68829733
1082.54127064 2.67337999 1.68631410
1083.54177089 2.67135200 1.68605861
1084.54227114 2.66636719 1.68392306
1085.54277139 2.66154639 1.67641741
1086.54327164 2.65563984 1.67052771
1087.54377189 2.65099085 1.67027848
1088.54427214 2.64476215 1.66663030
1089.54477239 2.63978221 1.66477305
1090.54527264 2.63688301 1.66521084
1091.54577289 2.63492059 1.66392649
1092.54627314 2.63101721 1.66434807
1093.54677339 2.62872902 1.66366483
1094.54727364 2.62742283 1.66377744
1095.54777389 2.62373393 1.66257270
1096.54827414 2.62178219 1.66230708
1097.54877439 2.61471240 1.65676757
1098.54927464 2.61396325 1.65712856
1099.54977489 2.60942010 1.65536662
1100.55027514 2.60265554 1.65348257
1101.55077539 2.59750404 1.65356243
1102.55127564 2.59315325 1.65227975
1103.55177589 2.58611282 1.64445987
1104.55227614 2.58287360 1.64151258
1105.55277639 2.57785721 1.63686299
1106.55327664 2.57538265 1.63717138
1107.55377689 2.57123823 1.63403119
1108.55427714 2.56950446 1.63334990
1109.55477739 2.56804353 1.63264698
1110.55527764 2.56432935 1.63217279
1111.55577789 2.55856949 1.63080379
1112.55627814 2.55494645 1.62815199
1113.55677839 2.54810182 1.62650991
1114.55727864 2.54565704 1.62817870
1115.55777889 2.53967747 1.62448789
1116.55827914 2.53737523 1.62413332
1117.55877939 2.53298506 1.62231963
1118.55927964 2.52663225 1.62082317
1119.55977989 2.52495265 1.62067334
1120.56028014 2.51938860 1.61964130
1121.56078039 2.51859184 1.61961112
1122.56128064 2.51698324 1.61924734
1123.56178089 2.51099405 1.61843276
1124.56228114 2.50676711 1.61759935
1125.56278139 2.50439612 1.61811580
1126.56328164 2.49963951 1.61372018
1127.56378189 2.49605224 1.61220515
1128.56428214 2.49056053 1.61138167
1129.56478239 2.48527681 1.61031617
1130.56528264 2.47942492 1.60954101
1131.56578289 2.47664819 1.60805900
1132.56628314 2.47061665 1.60809513
1133.56678339 2.46691127 1.60863856
1134.56728364 2.46221672 1.60612907
1135.56778389 2.46003680 1.60527822
1136.56828414 2.45368684 1.60213414
1137.56878439 2.44792030 1.59759977
1138.56928464 2.44434359 1.59686231
1139.56978489 2.44372228 1.59697054
1140.57028514 2.44217482 1.59694843
1141.57078539 2.44022449 1.59685225
1142.57128564 2.43842391 1.59697857
1143.57178589 2.43736097 1.59634067
1144.57228614 2.43320426 1.59438059
1145.57278639 2.43000795 1.59363190
1146.57328664 2.42452584 1.59303597
1147.57378689 2.42212491 1.59241320
1148.57428714 2.41544140 1.59287646
1149.57478739 2.41220955 1.59265261
1150.57528764 2.40969144 1.59177815
1151.57578789 2.40610754 1.58915008
1152.57628814 2.40195972 1.58544607
1153.57678839 2.39870700 1.58730038
1154.57728864 2.39734939 1.58530037
1155.57778889 2.39349284 1.58444059
1156.57828914 2.38803430 1.58621305
1157.57878939 2.38193122 1.58289994
1158.57928964 2.37759321 1.57989313
1159.57978989 2.37440342 1.57958856
1160.58029015 2.37000621 1.57876301
1161.58079040 2.36877807 1.57930567
1162.58129065 2.36005928 1.57075543
1163.58179090 2.35160311 1.57155361
1164.58229115 2.34988169 1.57191314
1165.58279140 2.34699934 1.57180564
1166.58329165 2.34108726 1.56991327
1167.58379190 2.33500597 1.56548207
1168.58429215 2.33112341 1.56432279
1169.58479240 2.32746523 1.56292369
1170.58529265 2.32387279 1.56271616
1171.58579290 2.32142314 1.56269172
1172.58629315 2.31678561 1.56167009
1173.58679340 2.30889681 1.55998051
1174.58729365 2.30498662 1.56033543
1175.58779390 2.30271680 1.56221767
1176.58829415 2.29803609 1.56418317
1177.58879440 2.29412241 1.55751929
1178.58929465 2.29200138 1.55706130
1179.58979490 2.28707050 1.55740768
1180.59029515 2.28229191 1.55234151
1181.59079540 2.27943394 1.55502423
1182.59129565 2.27669694 1.55473045
1183.59179590 2.27366918 1.55521569
1184.59229615 2.26972571 1.55038714
1185.59279640 2.26542702 1.54872773
1186.59329665 2.26430947 1.54977717
1187.59379690 2.26099029 1.54764833
1188.59429715 2.25831571 1.54752381
1189.59479740 2.25593065 1.54822498
1190.59529765 2.25490008 1.54725489
1191.59579790 2.24877424 1.54543456
1192.59629815 2.24634340 1.54774378
1193.59679840 2.24313825 1.54722194
1194.59729865 2.23995861 1.54576919
1195.59779890 2.23846234 1.54606725
1196.59829915 2.23504358 1.54660006
1197.59879940 2.23319274 1.54608524
1198.59929965 2.22682627 1.54334027
1199.59979990 2.22376414 1.54262444
1200.60030015 2.21899389 1.54135562
1201.60080040 2.21781906 1.54106712
1202.60130065 2.21207456 1.53624647
1203.60180090 2.21040265 1.53518905
1204.60230115 2.20318890 1.52915195
1205.60280140 2.19750578 1.52590382
1206.60330165 2.19540016 1.52505785
1207.60380190 2.19069660 1.52513595
1208.60430215 2.18674525 1.52212159
1209.60480240 2.18424008 1.52036882
1210.60530265 2.17947947 1.51991646
1211.60580290 2.17669755 1.52194819
1212.60630315 2.16566020 1.51489414
1213.60680340 2.16313968 1.51522598
1214.60730365 2.16141026 1.51615393
1215.60780390 2.15521054 1.51561801
1216.60830415 2.15156680 1.51096295
1217.60880440 2.14627101 1.51172614
1218.60930465 2.14264467 1.50888965
1219.60980490 2.13865184 1.50993928
1220.61030515 2.13268056 1.50653753
1221.61080540 2.12576946 1.50076028
1222.61130565 2.11706302 1.49592663
1223.61180590 2.11246336 1.49448128
1224.61230615 2.10801252 1.49434506
1225.61280640 2.10379384 1.49396627
1226.61330665 2.10056201 1.49105545
1227.61380690 2.09782373 1.48989222
1228.61430715 2.09130787 1.48539288
1229.61480740 2.08710460 1.48492172
1230.61530765 2.08474077 1.48262526
1231.61580790 2.08299498 1.48220374
1232.61630815 2.08186987 1.48256083
1233.61680840 2.07847350 1.47739488
1234.61730865 2.07430290 1.47536256
1235.61780890 2.07158008 1.47796901
1236.61830915 2.06616848 1.47626743
1237.61880940 2.06229648 1.47621555
1238.61930965 2.05792491 1.47431319
1239.61980990 2.05475416 1.47177244
1240.62031016 2.05253129 1.47181282
1241.62081041 2.05079100 1.47167275
1242.62131066 2.04958904 1.47140611
1243.62181091 2.04755864 1.47239535
1244.62231116 2.04407125 1.46864239
1245.62281141 2.04111219 1.46614275
1246.62331166 2.03267255 1.45548509
1247.62381191 2.02808655 1.45381086
1248.62431216 2.02510881 1.45380817
1249.62481241 2.02397642 1.45482505
1250.62531266 2.02223606 1.45307131
1251.62581291 2.01866001 1.45199890
1252.62631316 2.01360033 1.45442640
1253.62681341 2.01100777 1.45500384
1254.62731366 2.00597863 1.45518311
1255.62781391 1.99689463 1.44641185
1256.62831416 1.99454922 1.44663161
1257.62881441 1.98976124 1.44613096
1258.62931466 1.98606725 1.44895778
1259.62981491 1.98319931 1.44857786
1260.63031516 1.98045197 1.44890174
1261.63081541 1.97315539 1.44816664
1262.63131566 1.96761687 1.44814894
1263.63181591 1.96658090 1.44844263
1264.63231616 1.96125683 1.44318749
1265.63281641 1.95976428 1.44442555
1266.63331666 1.95169579 1.43905088
1267.63381691 1.94764990 1.43581557
1268.63431716 1.94511291 1.43414619
1269.63481741 1.93896760 1.43251199
1270.63531766 1.93629335 1.43116573
1271.63581791 1.93367471 1.43229080
1272.63631816 1.92666800 1.43027846
1273.63681841 1.92251434 1.42710199
1274.63731866 1.92059898 1.42723167
1275.63781891 1.91911035 1.42784180
1276.63831916 1.91601885 1.42879191
1277.63881941 1.91320128 1.42552737
1278.63931966 1.90959831 1.42059209
1279.63981991 1.90731150 1.41953977
1280.64032016 1.90384662 1.41865645
1281.64082041 1.90155255 1.41710781
1282.64132066 1.89511134 1.41457515
1283.64182091 1.89139954 1.41204293
1284.64232116 1.88871059 1.41295797
1285.64282141 1.88348982 1.40527021
1286.64332166 1.87551773 1.40311100
1287.64382191 1.87157638 1.40090615
1288.64432216 1.86613618 1.39709857
1289.64482241 1.86308058 1.39826217
1290.64532266 1.86148411 1.39842562
1291.64582291 1.85395739 1.39613524
1292.64632316 1.84964185 1.39509031
1293.64682341 1.84305533 1.39158802
1294.64732366 1.83256730 1.38627069
1295.64782391 1.82918196 1.38210488
1296.64832416 1.82748928 1.38234391
1297.64882441 1.82385233 1.38188577
1298.64932466 1.82175781 1.38233879
1299.64982491 1.81824142 1.38013272
1300.65032516 1.81672359 1.38010915
1301.65082541 1.81209344 1.37801307
1302.65132566 1.80440460 1.37741707
1303.65182591 1.80064785 1.37694046
1304.65232616 1.79922638 1.37322556
1305.65282641 1.79543031 1.37186941
1306.65332666 1.79554667 1.36951402
1307.65382691 1.79366937 1.36867258
1308.65432716 1.79021770 1.36959895
1309.65482741 1.79094213 1.36907703
1310.65532766 1.78857348 1.36867404
1311.65582791 1.78081295 1.35873284
1312.65632816 1.77764230 1.35701777
1313.65682841 1.77329764 1.35449664
1314.65732866 1.76984619 1.35084106
1315.65782891 1.76647118 1.34723874
1316.65832916 1.76579963 1.34700394
1317.65882941 1.76375100 1.34675875
1318.65932966 1.76008997 1.34562712
1319.65982991 1.75626313 1.34559441
1320.66033017 1.75480752 1.34521009
1321.66083042 1.75058364 1.34275128
1322.66133067 1.74672278 1.33872472
1323.66183092 1.74474676 1.33888779
1324.66233117 1.73938893 1.33893705
1325.66283142 1.73648751 1.33963001
1326.66333167 1.73404815 1.34057761
1327.66383192 1.72797872 1.33729120
1328.66433217 1.72672219 1.33773240
1329.66483242 1.72181049 1.33566723
1330.66533267 1.72022119 1.33546142
1331.66583292 1.71692997 1.33478942
1332.66633317 1.71328953 1.33630890
1333.66683342 1.70918183 1.33374620
1334.66733367 1.70759318 1.33442206
1335.66783392 1.70475513 1.33259870
1336.66833417 1.70022862 1.33117764
1337.66883442 1.69903904 1.33075839
1338.66933467 1.69860284 1.33094351
1339.66983492 1.69678454 1.33040517
1340.67033517 1.69496731 1.32979856
1341.67083542 1.69101330 1.32973993
1342.67133567 1.68999299 1.32949931
1343.67183592 1.68749668 1.32812891
1344.67233617 1.68634500 1.32772966
1345.67283642 1.68518711 1.32751706
1346.67333667 1.68143346 1.32743721
1347.67383692 1.67803530 1.32450688
1348.67433717 1.67666106 1.32391131
1349.67483742 1.67448989 1.32191473
1350.67533767 1.67194931 1.32000805
1351.67583792 1.66541262 1.31110982
1352.67633817 1.65886321 1.30730060
1353.67683842 1.65480079 1.30563284
1354.67733867 1.65320941 1.30552308
1355.67783892 1.65144720 1.30499475
1356.67833917 1.64674255 1.30639106
1357.67883942 1.64401026 1.30602530
1358.67933967 1.64230772 1.30546328
1359.67983992 1.64144219 1.30654220
1360.68034017 1.63887066 1.30718910
1361.68084042 1.63553619 1.30620011
1362.68134067 1.63113957 1.30188264
1363.68184092 1.62873467 1.29971171
1364.68234117 1.62640503 1.29889794
1365.68284142 1.62556609 1.29945491
1366.68334167 1.62276881 1.29879404
1367.68384192 1.62123029 1.29815708
1368.68434217 1.61925912 1.29760318
1369.68484242 1.61753467 1.29782055
1370.68534267 1.61342771 1.29267591
1371.68584292 1.60963102 1.28953605
1372.68634317 1.60448746 1.28563184
1373.68684342 1.59955301 1.28480232
1374.68734367 1.59606655 1.28356541
1375.68784392 1.59302063 1.28244271
1376.68834417 1.59062175 1.28313054
1377.68884442 1.58901613 1.28249630
1378.68934467 1.58616012 1.28157659
1379.68984492 1.58473800 1.28117709
1380.69034517 1.58109561 1.27919226
1381.69084542 1.57880189 1.27882407
1382.69134567 1.57771855 1.27798606
1383.69184592 1.57714639 1.28011017
1384.69234617 1.57621123 1.28011654
1385.69284642 1.57207430 1.28074458
1386.69334667 1.56863957 1.28071779
1387.69384692 1.56432073 1.27999152
1388.69434717 1.56111208 1.27887800
1389.69484742 1.55579400 1.27460873
1390.69534767 1.55403376 1.27501858
1391.69584792 1.55368547 1.27575916
1392.69634817 1.55108322 1.27592618
1393.69684842 1.54917612 1.27610345
1394.69734867 1.54362594 1.27419385
1395.69784892 1.54193156 1.27448014
1396.69834917 1.54013881 1.27010881
1397.69884942 1.53885320 1.26748617
1398.69934967 1.53710318 1.26745953
1399.69984992 1.53458372 1.26687677
1400.70035018 1.53250816 1.26640268
1401.70085043 1.52856979 1.26571589
1402.70135068 1.52400873 1.26227263
1403.70185093 1.51873007 1.25287355
1404.70235118 1.51401346 1.25087776
1405.70285143 1.51128780 1.25080241
1406.70335168 1.50703797 1.24957330
1407.70385193 1.50128698 1.24695237
1408.70435218 1.49671418 1.24513239
1409.70485243 1.49478638 1.24441806
1410.70535268 1.49023721 1.24111708
1411.70585293 1.48794735 1.24004086
1412.70635318 1.48418114 1.23966419
1413.70685343 1.48325827 1.24031146
1414.70735368 1.48188027 1.24085411
1415.70785393 1.47438374 1.23822957
1416.70835418 1.47002586 1.23467134
1417.70885443 1.46908739 1.23755158
1418.70935468 1.46755962 1.23636687
1419.70985493 1.46344595 1.23136703
1420.71035518 1.46015574 1.22845283
1421.71085543 1.45605352 1.22234249
1422.71135568 1.45009625 1.21154165
1423.71185593 1.44559262 1.20990705
1424.71235618 1.44167659 1.20428327
1425.71285643 1.43800409 1.20231775
1426.71335668 1.43691347 1.20180989
1427.71385693 1.43583422 1.20145300
1428.71435718 1.43373251 1.20040262
1429.71485743 1.43219693 1.19961538
1430.71535768 1.42626133 1.19395254
1431.71585793 1.42375314 1.19257608
1432.71635818 1.41774982 1.18562154
1433.71685843 1.41542825 1.18594899
1434.71735868 1.41367143 1.18560386
1435.71785893 1.40965265 1.18152726
1436.71835918 1.40463440 1.17589069
1437.71885943 1.40265503 1.17314367
1438.71935968 1.40035972 1.17301373
1439.71985993 1.39660431 1.17113198
1440.72036018 1.39335829 1.16733192
1441.72086043 1.39003266 1.16618134
1442.72136068 1.38920033 1.16732842
1443.72186093 1.38851144 1.16803877
1444.72236118 1.38833158 1.16734453
1445.72286143 1.38580448 1.16460466
1446.72336168 1.38433401 1.16403104
1447.72386193 1.38123191 1.16107568
1448.72436218 1.37879013 1.16095933
1449.72486243 1.37705111 1.15958083
1450.72536268 1.37242704 1.15529067
1451.72586293 1.36429435 1.14978643
1452.72636318 1.36193839 1.14712775
1453.72686343 1.36048722 1.14692841
1454.72736368 1.35807040 1.14801994
1455.72786393 1.35688804 1.14733656
1456.72836418 1.35547453 1.14687422
1457.72886443 1.35266607 1.14231951
1458.72936468 1.35018478 1.14248260
1459.72986493 1.34752040 1.14167016
1460.73036518 1.34761081 1.14188705
1461.73086543 1.34620679 1.14132772
1462.73136568 1.34434905 1.13967995
1463.73186593 1.33765227 1.13139566
1464.73236618 1.33637713 1.13009466
1465.73286643 1.33437137 1.13101771
1466.73336668 1.33258513 1.13062275
1467.73386693 1.33143499 1.13021723
1468.73436718 1.32932713 1.12942122
1469.73486743 1.32769917 1.12861882
1470.73536768 1.32628541 1.12790974
1471.73586793 1.32391623 1.12710859
1472.73636818 1.32209445 1.12632819
1473.73686843 1.31963442 1.12534105
1474.73736868 1.31812416 1.12424240
1475.73786893 1.31509123 1.12290601
1476.73836918 1.31270330 1.12319031
1477.73886943 1.31010565 1.12068732
1478.73936968 1.30654897 1.11876235
1479.73986993 1.30567826 1.11860393
1480.74037019 1.30389445 1.11887038
1481.74087044 1.30223411 1.11826303
1482.74137069 1.29929256 1.11374210
1483.74187094 1.29543180 1.11199044
1484.74237119 1.29290066 1.11296141
1485.74287144 1.29075190 1.11212655
1486.74337169 1.29019615 1.11190822
1487.74387194 1.28790477 1.10994535
1488.74437219 1.28706311 1.10957924
1489.74487244 1.28436123 1.10929611
1490.74537269 1.28213946 1.10896208
1491.74587294 1.28073740 1.10808689
1492.74637319 1.27635736 1.10097696
1493.74687344 1.27359775 1.10039876
1494.74737369 1.27232431 1.10053382
1495.74787394 1.26939612 1.09904278
1496.74837419 1.26860379 1.09862345
1497.74887444 1.26536942 1.09720584
1498.74937469 1.26297971 1.09583115
1499.74987494 1.26193254 1.09565083
1500.75037519 1.25950302 1.09573320
1501.75087544 1.25680300 1.09497652
1502.75137569 1.25503314 1.09136389
1503.75187594 1.25352322 1.09060204
1504.75237619 1.25195121 1.09074319
1505.75287644 1.24860405 1.08929711
1506.75337669 1.24601977 1.08745492
1507.75387694 1.24548639 1.08682036
1508.75437719 1.24448725 1.08640962
1509.75487744 1.24325629 1.08581191
1510.75537769 1.24236993 1.08563910
1511.75587794 1.24103638 1.08583815
1512.75637819 1.23509270 1.08455928
1513.75687844 1.23275402 1.08300558
1514.75737869 1.23142512 1.08192134
1515.75787894 1.23012099 1.08250743
1516.75837919 1.22708697 1.08157802
1517.75887944 1.22305027 1.07580417
1518.75937969 1.21841479 1.07684436
1519.75987994 1.21735575 1.07715721
1520.76038019 1.21473080 1.07425912
1521.76088044 1.21269070 1.07317822
1522.76138069 1.21015353 1.07396523
1523.76188094 1.20625535 1.06884324
1524.76238119 1.20015533 1.06228903
1525.76288144 1.20012912 1.06200703
1526.76338169 1.19847099 1.06136098
1527.76388194 1.19497179 1.06059765
1528.76438219 1.19402987 1.05989140
1529.76488244 1.19035288 1.05848175
1530.76538269 1.18816355 1.05681385
1531.76588294 1.18584903 1.05474507
1532.76638319 1.18298175 1.05354903
1533.76688344 1.18060329 1.05259740
1534.76738369 1.17955640 1.05214956
1535.76788394 1.17815917 1.05183829
1536.76838419 1.17698410 1.05151548
1537.76888444 1.17524138 1.05159435
1538.76938469 1.17270060 1.05146209
1539.76988494 1.17170803 1.05141931
1540.77038519 1.17017925 1.05066308
1541.77088544 1.16913312 1.05023708
1542.77138569 1.16767335 1.04974919
1543.77188594 1.16665378 1.04946481
1544.77238619 1.16544666 1.04935970
1545.77288644 1.16320862 1.04953452
1546.77338669 1.16102678 1.04827106
1547.77388694 1.15974855 1.04821021
1548.77438719 1.15713619 1.04828189
1549.77488744 1.15460161 1.04668191
1550.77538769 1.15339254 1.04600131
1551.77588794 1.15072007 1.04395947
1552.77638819 1.14738166 1.04407496
1553.77688844 1.14476736 1.04285678
1554.77738869 1.14025137 1.04098182
1555.77788894 1.13626633 1.03854119
1556.77838919 1.13491861 1.03768848
1557.77888944 1.13231130 1.03407251
1558.77938969 1.13174651 1.03444131
1559.77988994 1.13077074 1.03344259
1560.78039020 1.12842355 1.03167047
1561.78089045 1.12561070 1.03200342
1562.78139070 1.12492668 1.03176155
1563.78189095 1.12238072 1.02887174
1564.78239120 1.12041182 1.02759676
1565.78289145 1.11709162 1.02555937
1566.78339170 1.11254783 1.02614758
1567.78389195 1.11034675 1.02523073
1568.78439220 1.10853141 1.02436608
1569.78489245 1.10756526 1.02504448
1570.78539270 1.10612994 1.02516060
1571.78589295 1.10260212 1.02117419
1572.78639320 1.10088972 1.02061190
1573.78689345 1.09945562 1.01958517
1574.78739370 1.09626407 1.01755360
1575.78789395 1.09566572 1.01727959
1576.78839420 1.09451538 1.01657514
1577.78889445 1.09211361 1.01647691
1578.78939470 1.09068042 1.01605716
1579.78989495 1.09012718 1.01655461
1580.79039520 1.08893428 1.01586129
1581.79089545 1.08738317 1.01510328
1582.79139570 1.08302043 1.01306370
1583.79189595 1.08194875 1.01256320
1584.79239620 1.08103601 1.01150940
1585.79289645 1.08018170 1.01131808
1586.79339670 1.07844026 1.01032921
1587.79389695 1.07563766 1.00862110
1588.79439720 1.07594388 1.00847163
1589.79489745 1.07498775 1.00810700
1590.79539770 1.07315798 1.00825483
1591.79589795 1.07206458 1.00764305
1592.79639820 1.07076732 1.00693345
1593.79689845 1.07042035 1.00602859
1594.79739870 1.06968109 1.00593929
1595.79789895 1.06825212 1.00488830
1596.79839920 1.06672932 1.00386268
1597.79889945 1.06435710 1.00220898
1598.79939970 1.06359086 1.00231256
1599.79989995 1.05957656 0.99970075
1600.80040020 1.05867166 0.99885746
1601.80090045 1.05757782 0.99830856
1602.80140070 1.05558118 0.99743312
1603.80190095 1.05039219 0.99047591
1604.80240120 1.04716570 0.98853951
1605.80290145 1.04521476 0.98806842
1606.80340170 1.04326879 0.98758779
1607.80390195 1.04239607 0.98750133
1608.80440220 1.04041784 0.98433928
1609.80490245 1.03764318 0.98140720
1610.80540270 1.03568514 0.98022937
1611.80590295 1.03450141 0.97976362
1612.80640320 1.03352454 0.97985997
1613.80690345 1.03266137 0.97960040
1614.80740370 1.03035492 0.97898770
1615.80790395 1.02792844 0.97914905
1616.80840420 1.02636468 0.97844956
1617.80890445 1.02417381 0.97242006
1618.80940470 1.02069071 0.96984978
1619.80990495 1.02027551 0.96954629
1620.81040520 1.01932104 0.96918796
1621.81090545 1.01859565 0.96937457
1622.81140570 1.01704452 0.96882125
1623.81190595 1.01619344 0.96857286
1624.81240620 1.01477765 0.97012439
1625.81290645 1.01250622 0.96918460
1626.81340670 1.01129178 0.96827108
1627.81390695 1.00983114 0.96614113
1628.81440720 1.00914498 0.96668384
1629.81490745 1.00688367 0.96465961
1630.81540770 1.00406861 0.96126973
1631.81590795 1.00207808 0.95975564
1632.81640820 0.99980628 0.95963649
1633.81690845 0.99829385 0.95916252
1634.81740870 0.99730449 0.95825995
1635.81790895 0.99490733 0.95628136
1636.81840920 0.99365779 0.95559638
1637.81890945 0.99105247 0.95442637
1638.81940970 0.98872226 0.95323186
1639.81990995 0.98643595 0.95291533
1640.82041021 0.98395689 0.95210415
1641.82091046 0.98251348 0.95143908
1642.82141071 0.98085792 0.95012375
1643.82191096 0.97860629 0.94878775
1644.82241121 0.97735960 0.94842536
1645.82291146 0.97630057 0.94802106
1646.82341171 0.97425073 0.94795743
1647.82391196 0.97250004 0.94736731
1648.82441221 0.97020004 0.94350067
1649.82491246 0.96806866 0.94356292
1650.82541271 0.96734456 0.94341911
1651.82591296 0.96557762 0.94277415
1652.82641321 0.96294480 0.94177726
1653.82691346 0.95975141 0.93989885
1654.82741371 0.95901143 0.93958111
1655.82791396 0.95580523 0.93599805
1656.82841421 0.95490270 0.93517857
1657.82891446 0.95409088 0.93516818
1658.82941471 0.95290310 0.93486707
1659.82991496 0.95132509 0.93356569
1660.83041521 0.94904555 0.93364007
1661.83091546 0.95028408 0.94000674
1662.83141571 0.94949497 0.93971850
1663.83191596 0.94845918 0.93932297
1664.83241621 0.94400129 0.93238260
1665.83291646 0.94286145 0.93248975
1666.83341671 0.94181062 0.93226946
1667.83391696 0.94070972 0.93190195
1668.83441721 0.93833954 0.93143919
1669.83491746 0.93638929 0.93089523
1670.83541771 0.93549520 0.93088943
1671.83591796 0.93228555 0.92907182
1672.83641821 0.92924475 0.92841807
1673.83691846 0.92720639 0.92797628
1674.83741871 0.92615712 0.92789717
1675.83791896 0.92522527 0.92742551
1676.83841921 0.92262735 0.92441787
1677.83891946 0.92137973 0.92372571
1678.83941971 0.92053267 0.92356086
1679.83991996 0.91882266 0.92302801
1680.84042021 0.91613759 0.92122640
1681.84092046 0.91451907 0.92062036
1682.84142071 0.91354963 0.92055517
1683.84192096 0.91172038 0.91976713
1684.84242121 0.91147546 0.91918548
1685.84292146 0.91062576 0.91861635
1686.84342171 0.90995009 0.91840611
1687.84392196 0.90878436 0.91744036
1688.84442221 0.90580967 0.91445981
1689.84492246 0.90343806 0.91439809
1690.84542271 0.90247038 0.91409755
1691.84592296 0.90070068 0.91373008
1692.84642321 0.89715659 0.91359098
1693.84692346 0.89624229 0.91306970
1694.84742371 0.89512494 0.91269247
1695.84792396 0.89440341 0.91251227
1696.84842421 0.89294590 0.91251923
1697.84892446 0.89077949 0.91144062
1698.84942471 0.88861848 0.91048219
1699.84992496 0.88588686 0.91065362
1700.85042521 0.88426450 0.90775537
1701.85092546 0.88232492 0.90461797
1702.85142571 0.88014586 0.90395657
1703.85192596 0.87904834 0.90320718
1704.85242621 0.87629915 0.90258316
1705.85292646 0.87570285 0.90368127
1706.85342671 0.87461002 0.90349219
1707.85392696 0.87122597 0.90082882
1708.85442721 0.86886376 0.89996768
1709.85492746 0.86723779 0.89920765
1710.85542771 0.86397509 0.89919910
1711.85592796 0.86209078 0.89878271
1712.85642821 0.86109351 0.89790421
1713.85692846 0.86043035 0.89870902
1714.85742871 0.85966826 0.89842173
1715.85792896 0.85859277 0.89760409
1716.85842921 0.85719517 0.89638628
1717.85892946 0.85535442 0.89532979
1718.85942971 0.85449098 0.89544147
1719.85992996 0.85349984 0.89535709
1720.86043022 0.85113727 0.89498152
1721.86093047 0.84792183 0.89393504
1722.86143072 0.84744283 0.89409526
1723.86193097 0.84716814 0.89373004
1724.86243122 0.84647610 0.89312623
1725.86293147 0.84430963 0.88846539
1726.86343172 0.84323647 0.88810500
1727.86393197 0.84263732 0.88782987
1728.86443222 0.83897109 0.88258597
1729.86493247 0.83105152 0.87520442
1730.86543272 0.83030714 0.87516139
1731.86593297 0.82815204 0.87385146
1732.86643322 0.82738681 0.87348540
1733.86693347 0.82631077 0.87251388
1734.86743372 0.82361690 0.87359478
1735.86793397 0.82307705 0.87315196
1736.86843422 0.82218186 0.87262314
1737.86893447 0.82099325 0.87230030
1738.86943472 0.82039294 0.87219813
1739.86993497 0.81949609 0.87206606
1740.87043522 0.81743721 0.87218455
1741.87093547 0.81657038 0.87168672
1742.87143572 0.81582756 0.87121446
1743.87193597 0.81162281 0.86859799
1744.87243622 0.81021066 0.86776237
1745.87293647 0.80956630 0.86693946
1746.87343672 0.80944602 0.86658355
1747.87393697 0.80824412 0.86669797
1748.87443722 0.80404089 0.86072051
1749.87493747 0.80328929 0.86055602
1750.87543772 0.79998688 0.85743800
1751.87593797 0.79750088 0.85696215
1752.87643822 0.79665822 0.85671517
1753.87693847 0.79633486 0.85597404
1754.87743872 0.79570429 0.85536041
1755.87793897 0.79406273 0.85409853
1756.87843922 0.79339851 0.85398262
1757.87893947 0.79057102 0.84646099
1758.87943972 0.78955283 0.84565196
1759.87993997 0.78664434 0.84472264
1760.88044022 0.78485893 0.84275823
1761.88094047 0.78260749 0.84097220
1762.88144072 0.78233776 0.84204921
1763.88194097 0.77865626 0.83996724
1764.88244122 0.77782928 0.83897553
1765.88294147 0.77721454 0.83857000
1766.88344172 0.77304374 0.83613647
1767.88394197 0.77128913 0.83513203
1768.88444222 0.77045388 0.83419910
1769.88494247 0.76951541 0.83341458
1770.88544272 0.76810915 0.82888291
1771.88594297 0.76654092 0.82840818
1772.88644322 0.76614274 0.82872266
1773.88694347 0.76394230 0.82466676
1774.88744372 0.76236582 0.82456790
1775.88794397 0.76207691 0.82421670
1776.88844422 0.76044373 0.82165233
1777.88894447 0.75844499 0.82125120
1778.88944472 0.75736006 0.82124302
1779.88994497 0.75634714 0.82058984
1780.89044522 0.75543956 0.81986051
1781.89094547 0.75484642 0.81969147
1782.89144572 0.75433894 0.82030993
1783.89194597 0.75351034 0.81967915
1784.89244622 0.75258637 0.81889507
1785.89294647 0.75133649 0.81905738
1786.89344672 0.75063635 0.81881584
1787.89394697 0.74986570 0.81833908
1788.89444722 0.74805060 0.81591618
1789.89494747 0.74744917 0.81576008
1790.89544772 0.74694621 0.81578034
1791.89594797 0.74620689 0.81545374
1792.89644822 0.74536302 0.81496633
1793.89694847 0.74455300 0.81449131
1794.89744872 0.74386914 0.81413469
1795.89794897 0.74263820 0.81413226
1796.89844922 0.74031110 0.81180088
1797.89894947 0.73976950 0.81149070
1798.89944972 0.73623603 0.80751251
1799.89994997 0.73549412 0.80757574
1800.90045023 0.73340482 0.80307469
1801.90095048 0.73268961 0.80281143
1802.90145073 0.73250385 0.80168859
1803.90195098 0.73151631 0.80085922
1804.90245123 0.72925128 0.79839328
1805.90295148 0.72852059 0.79848602
1806.90345173 0.72766526 0.79813084
1807.90395198 0.72693234 0.79766310
1808.90445223 0.72588864 0.79770778
1809.90495248 0.72518133 0.79706209
1810.90545273 0.72460804 0.79649780
1811.90595298 0.72377454 0.79583460
1812.90645323 0.72305210 0.79568629
1813.90695348 0.72280514 0.79567012
1814.90745373 0.72201768 0.79523799
1815.90795398 0.72025058 0.79419751
1816.90845423 0.71832222 0.79054358
1817.90895448 0.71702935 0.79044130
1818.90945473 0.71432609 0.78915416
1819.90995498 0.71360943 0.78853805
1820.91045523 0.71047879 0.78872161
1821.91095548 0.70990886 0.78798309
1822.91145573 0.70800722 0.78564239
1823.91195598 0.70722951 0.78593400
1824.91245623 0.70695469 0.78565104
1825.91295648 0.70735487 0.78559494
1826.91345673 0.70593478 0.78418436
1827.91395698 0.70543162 0.78285668
1828.91445723 0.70451803 0.78197028
1829.91495748 0.70360668 0.78220146
1830.91545773 0.70299255 0.78212555
1831.91595798 0.70162642 0.78149162
1832.91645823 0.69962585 0.78060599
1833.91695848 0.69864321 0.78048127
1834.91745873 0.69630400 0.77860879
1835.91795898 0.69540422 0.77800942
1836.91845923 0.69389587 0.77784388
1837.91895948 0.69306347 0.77777743
1838.91945973 0.69247973 0.77736644
1839.91995998 0.69160276 0.77700474
1840.92046023 0.68922563 0.77544839
1841.92096048 0.68718370 0.77461118
1842.92146073 0.68516071 0.77455442
1843.92196098 0.68455500 0.77407102
1844.92246123 0.68327341 0.77346709
1845.92296148 0.68329912 0.77324751
1846.92346173 0.68259902 0.77297363
1847.92396198 0.68132522 0.77220600
1848.92446223 0.68050530 0.77173680
1849.92496248 0.67956493 0.77137990
1850.92546273 0.67759285 0.77001004
1851.92596298 0.67528542 0.76693909
1852.92646323 0.67274915 0.76097257
1853.92696348 0.67179386 0.76012710
1854.92746373 0.67027199 0.75910356
1855.92796398 0.66971301 0.75898067
1856.92846423 0.66891925 0.75866576
1857.92896448 0.66811111 0.75844752
1858.92946473 0.66715933 0.75787346
1859.92996498 0.66648721 0.75769265
1860.93046523 0.66592329 0.75749532
1861.93096548 0.66383187 0.75615025
1862.93146573 0.66116490 0.74856253
1863.93196598 0.66017587 0.74816216
1864.93246623 0.65714616 0.74514761
1865.93296648 0.65497392 0.74339406
1866.93346673 0.65504286 0.74378062
1867.93396698 0.65413494 0.74320666
1868.93446723 0.65230572 0.74287888
1869.93496748 0.64989621 0.74078236
1870.93546773 0.64954423 0.74044391
1871.93596798 0.64858981 0.73990802
1872.93646823 0.64782557 0.73936205
1873.93696848 0.64639372 0.73854786
1874.93746873 0.64575668 0.73821829
1875.93796898 0.64642643 0.73849326
1876.93846923 0.64433210 0.73843160
1877.93896948 0.64268266 0.73710653
1878.93946973 0.64142710 0.73645702
1879.93996998 0.64074590 0.73609254
1880.94047024 0.63937656 0.73556932
1881.94097049 0.63867083 0.73519463
1882.94147074 0.63826727 0.73489137
1883.94197099 0.63809312 0.73494510
1884.94247124 0.63641231 0.73287959
1885.94297149 0.63583267 0.73265724
1886.94347174 0.63534396 0.73240678
1887.94397199 0.63427565 0.73195149
1888.94447224 0.63337823 0.73121576
1889.94497249 0.63324570 0.73087451
1890.94547274 0.63273298 0.73071335
1891.94597299 0.63224803 0.73016202
1892.94647324 0.63147861 0.72984483
1893.94697349 0.62933011 0.72618789
1894.94747374 0.62928714 0.72586763
1895.94797399 0.62878732 0.72578233
1896.94847424 0.62794366 0.72578158
1897.94897449 0.62652501 0.72486980
1898.94947474 0.62485801 0.72409718
1899.94997499 0.62416588 0.72382541
1900.95047524 0.62329965 0.72386896
1901.95097549 0.62210177 0.72369692
1902.95147574 0.62126762 0.72307392
1903.95197599 0.62031838 0.72237091
1904.95247624 0.61949093 0.72202788
1905.95297649 0.61894810 0.72198662
1906.95347674 0.61822263 0.72160629
1907.95397699 0.61834613 0.72061315
1908.95447724 0.61466690 0.71631958
1909.95497749 0.61256871 0.71534790
1910.95547774 0.61071254 0.71454019
1911.95597799 0.60940422 0.71451468
1912.95647824 0.60722065 0.70830255
1913.95697849 0.60702765 0.70787343
1914.95747874 0.60648403 0.70750509
1915.95797899 0.60563449 0.70768782
1916.95847924 0.60491647 0.70728520
1917.95897949 0.60419873 0.70653964
1918.95947974 0.60316660 0.70616785
1919.95997999 0.60263853 0.70634281
1920.96048024 0.60176902 0.70579623
1921.96098049 0.60067161 0.70480005
1922.96148074 0.59991455 0.70434328
1923.96198099 0.59907120 0.70411006
1924.96248124 0.59830039 0.70371641
1925.96298149 0.59698455 0.70323066
1926.96348174 0.59641125 0.70297830
1927.96398199 0.59502572 0.70207977
1928.96448224 0.59408058 0.70164426
1929.96498249 0.59360632 0.70116137
1930.96548274 0.59300921 0.70080311
1931.96598299 0.59276381 0.70034367
1932.96648324 0.59134877 0.69908330
1933.96698349 0.59062416 0.69870953
1934.96748374 0.58920713 0.69689244
1935.96798399 0.58864027 0.69678284
1936.96848424 0.58761673 0.69548635
1937.96898449 0.58746654 0.69505046
1938.96948474 0.58740046 0.69458675
1939.96998499 0.58672676 0.69417023
1940.97048524 0.58570763 0.69386254
1941.97098549 0.58507107 0.69367183
1942.97148574 0.58384578 0.69297421
1943.97198599 0.58317756 0.69263199
1944.97248624 0.58249417 0.69239031
1945.97298649 0.58167818 0.69199252
1946.97348674 0.58089535 0.69166690
1947.97398699 0.57877175 0.69136029
1948.97448724 0.57799763 0.69101086
1949.97498749 0.57733548 0.69074833
1950.97548774 0.57677637 0.69059411
1951.97598799 0.57641662 0.69045029
1952.97648824 0.57569644 0.69007235
1953.97698849 0.57479729 0.68946970
1954.97748874 0.57401377 0.68911969
1955.97798899 0.57353786 0.68893622
1956.97848924 0.57305420 0.68868947
1957.97898949 0.57229052 0.68825874
1958.97948974 0.57129708 0.68786317
1959.97998999 0.57083026 0.68764370
1960.98049025 0.57040054 0.68738907
1961.98099050 0.56962228 0.68701003
1962.98149075 0.56897984 0.68646279
1963.98199100 0.56832650 0.68599809
1964.98249125 0.56766454 0.68569697
1965.98299150 0.56714044 0.68554501
1966.98349175 0.56560762 0.68483061
1967.98399200 0.56494624 0.68460010
1968.98449225 0.56409839 0.68433206
1969.98499250 0.56331179 0.68401314
1970.98549275 0.56208079 0.68261936
1971.98599300 0.56222155 0.68256452
1972.98649325 0.56156587 0.68215670
1973.98699350 0.56081784 0.68173432
1974.98749375 0.56044208 0.68147826
1975.98799400 0.55989337 0.68129942
1976.98849425 0.55754843 0.67844683
1977.98899450 0.55544646 0.67841233
1978.98949475 0.55478265 0.67799525
1979.98999500 0.55352366 0.67698490
1980.99049525 0.55375106 0.67877974
1981.99099550 0.55336237 0.67898415
1982.99149575 0.55272362 0.67888386
1983.99199600 0.55233402 0.67875261
1984.99249625 0.55115242 0.67685542
1985.99299650 0.55115440 0.67691429
1986.99349675 0.54923537 0.67627459
1987.99399700 0.54852984 0.67592193
1988.99449725 0.54793139 0.67579357
1989.99499750 0.54613202 0.67562547
1990.99549775 0.54400592 0.67467097
1991.99599800 0.54272783 0.67376810
1992.99649825 0.54139658 0.67366932
1993.99699850 0.54082497 0.67342426
1994.99749875 0.54045741 0.67294750
1995.99799900 0.53985644 0.67253815
1996.99849925 0.53913191 0.67214679
1997.99899950 0.53681587 0.67182589
1998.99949975 0.53611155 0.67135853
2000.00000000 0.53550681 0.67099295
