0.00000000 4.00000000 0.00000026
1.00050025 4.08050925 0.05557223
2.00100050 4.08797440 0.09628002
3.00150075 4.00329183 0.11922227
4.00200100 3.97204076 0.16191640
5.00250125 3.97651865 0.23249385
6.00300150 3.94008295 0.28675278
7.00350175 3.87911787 0.28628601
8.00400200 3.86650189 0.32622904
9.00450225 3.85085840 0.37280413
10.00500250 3.80879644 0.38720259
11.00550275 3.76591141 0.41905161
12.00600300 3.75131936 0.46540106
13.00650325 3.72000611 0.48629105
14.00700350 3.67596574 0.51566109
15.00750375 3.65756545 0.53518194
16.00800400 3.63702920 0.55975198
17.00850425 3.60291090 0.58604046
18.00900450 3.57904974 0.61725978
19.00950475 3.55058163 0.63835089
20.01000500 3.51840375 0.65692144
21.01050525 3.48030317 0.68647255
22.01100550 3.44825447 0.71181111
23.01150575 3.42719547 0.71556610
24.01200600 3.40162963 0.73875603
25.01250625 3.36899960 0.75915346
26.01300650 3.33631011 0.78103823
27.01350675 3.31226658 0.79998783
28.01400700 3.28386050 0.82364160
29.01450725 3.25004410 0.83572378
30.01500750 3.22949704 0.85060875
31.01550775 3.19696142 0.87779855
32.01600800 3.16872868 0.87978885
33.01650825 3.14300968 0.89679474
34.01700850 3.12288227 0.91640405
35.01750875 3.10389697 0.92382113
36.01800900 3.08734008 0.92317693
37.01850925 3.06004645 0.94376974
38.01900950 3.03158535 0.96108877
39.01950975 2.99877679 0.96597434
40.02001001 2.96971517 0.98055592
41.02051026 2.92993870 0.99736088
42.02101051 2.90087434 1.00813502
43.02151076 2.88119233 1.02177097
44.02201101 2.85981922 1.02557886
45.02251126 2.83383436 1.03701395
46.02301151 2.81009847 1.04818068
47.02351176 2.77896644 1.05491657
48.02401201 2.75002937 1.05546291
49.02451226 2.72782058 1.06672775
50.02501251 2.70646595 1.07365642
51.02551276 2.69029815 1.08548642
52.02601301 2.66479501 1.08665858
53.02651326 2.63877072 1.09279950
54.02701351 2.61481977 1.10210408
55.02751376 2.58837899 1.10735302
56.02801401 2.56904354 1.11531213
57.02851426 2.54644709 1.11484247
58.02901451 2.52820948 1.12326166
59.02951476 2.49860149 1.12092338
60.03001501 2.47108540 1.12161038
61.03051526 2.45981087 1.13207973
62.03101551 2.44129634 1.13809857
63.03151576 2.41293048 1.14333644
64.03201601 2.39438619 1.14550004
65.03251626 2.38322384 1.14543596
66.03301651 2.36568871 1.15005071
67.03351676 2.34487736 1.15672115
68.03401701 2.32211362 1.15646919
69.03451726 2.30330658 1.16587627
70.03501751 2.28908553 1.17585374
71.03551776 2.25942540 1.18401923
72.03601801 2.23887860 1.18730058
73.03651826 2.22049944 1.19851495
74.03701851 2.19663895 1.20378927
75.03751876 2.17396505 1.20723253
76.03801901 2.15554857 1.20847039
77.03851926 2.13753148 1.20862788
78.03901951 2.12059977 1.20842698
79.03951976 2.10350023 1.21143430
80.04002001 2.07431735 1.21794353
81.04052026 2.05351566 1.21962581
82.04102051 2.03315789 1.22286016
83.04152076 2.01340557 1.22581096
84.04202101 1.99033670 1.23416865
85.04252126 1.97005297 1.23887637
86.04302151 1.94442070 1.24199724
87.04352176 1.92502846 1.24476238
88.04402201 1.91129281 1.24627387
89.04452226 1.89082759 1.24883385
90.04502251 1.86834835 1.25226339
91.04552276 1.85625906 1.25548753
92.04602301 1.84046185 1.25442278
93.04652326 1.82666437 1.25162011
94.04702351 1.81226017 1.25360545
95.04752376 1.79922825 1.25775199
96.04802401 1.78224537 1.26043122
97.04852426 1.76563605 1.26402105
98.04902451 1.74754684 1.27001542
99.04952476 1.73325124 1.27279755
100.05002501 1.71694946 1.27205377
101.05052526 1.69347014 1.26957301
102.05102551 1.67581250 1.26746423
103.05152576 1.66106275 1.25766323
104.05202601 1.64242724 1.25831669
105.05252626 1.62810632 1.25938427
106.05302651 1.62040498 1.26126561
107.05352676 1.60427946 1.25481575
108.05402701 1.59476537 1.24885642
109.05452726 1.57201222 1.23824724
110.05502751 1.55754518 1.24279087
111.05552776 1.54151135 1.23770797
112.05602801 1.52275369 1.23890359
113.05652826 1.50303216 1.23341678
114.05702851 1.49154555 1.23215837
115.05752876 1.47736425 1.23263979
116.05802901 1.46587555 1.23128954
117.05852926 1.44915810 1.22144276
118.05902951 1.43072923 1.21461717
119.05952976 1.41938381 1.21557633
120.06003002 1.40578077 1.21455310
121.06053027 1.39371067 1.21268874
122.06103052 1.38370326 1.20419034
123.06153077 1.36743424 1.20158081
124.06203102 1.34734376 1.19269238
125.06253127 1.33143552 1.18778484
126.06303152 1.32009068 1.18054653
127.06353177 1.30850298 1.18054654
128.06403202 1.29506212 1.17842158
129.06453227 1.28029266 1.17435587
130.06503252 1.26828481 1.17189164
131.06553277 1.26306566 1.17225448
132.06603302 1.24899289 1.16720748
133.06653327 1.23308992 1.16198769
134.06703352 1.22235358 1.16393901
135.06753377 1.21852342 1.16556551
136.06803402 1.21004438 1.16289181
137.06853427 1.19705071 1.15764663
138.06903452 1.18225282 1.15129869
139.06953477 1.17363213 1.14942873
140.07003502 1.16154429 1.14679823
141.07053527 1.14823315 1.13981771
142.07103552 1.14088082 1.13838750
143.07153577 1.13649398 1.14064079
144.07203602 1.12371983 1.12918829
145.07253627 1.11078312 1.12628612
146.07303652 1.09665703 1.12493022
147.07353677 1.08634133 1.12164953
148.07403702 1.07554758 1.11744841
149.07453727 1.06557087 1.11452271
150.07503752 1.05506796 1.11282217
151.07553777 1.04663796 1.11292773
152.07603802 1.03796739 1.11353057
153.07653827 1.02488022 1.10412768
154.07703852 1.01596993 1.09981258
155.07753877 1.00578454 1.09514484
156.07803902 0.99005559 1.08460072
157.07853927 0.97941889 1.08164748
158.07903952 0.96890807 1.08019109
159.07953977 0.96227281 1.07717146
160.08004002 0.95572946 1.07266532
161.08054027 0.94724231 1.07147076
162.08104052 0.93433764 1.06630549
163.08154077 0.92738053 1.06031858
164.08204102 0.91996239 1.05998477
165.08254127 0.90954234 1.05674701
166.08304152 0.89684520 1.05084029
167.08354177 0.88757606 1.04742096
168.08404202 0.87749494 1.03859106
169.08454227 0.86473410 1.02870584
170.08504252 0.86212369 1.03076615
171.08554277 0.85162926 1.02907647
172.08604302 0.84389750 1.02698692
173.08654327 0.83369520 1.02106335
174.08704352 0.82241385 1.02146365
175.08754377 0.81742669 1.01848798
176.08804402 0.80860627 1.01307283
177.08854427 0.80373337 1.01192425
178.08904452 0.79807439 1.01231017
179.08954477 0.79129602 1.00952939
180.09004502 0.78181827 1.00712230
181.09054527 0.77179741 1.00335735
182.09104552 0.75306730 0.98895271
183.09154577 0.74337698 0.97955718
184.09204602 0.73967287 0.97488668
185.09254627 0.72909090 0.96485760
186.09304652 0.71391654 0.94729797
187.09354677 0.71068897 0.94897311
188.09404702 0.70210399 0.94199415
189.09454727 0.69463644 0.93603474
190.09504752 0.68433399 0.92821122
191.09554777 0.67551195 0.92473544
192.09604802 0.67115347 0.92834851
193.09654827 0.66161526 0.92569593
194.09704852 0.65447863 0.92170679
195.09754877 0.64891449 0.91383582
196.09804902 0.64290848 0.91179205
197.09854927 0.63954041 0.91206362
198.09904952 0.63400915 0.90861589
199.09954977 0.62729534 0.90542875
200.10005003 0.62079838 0.90215177
201.10055028 0.61439669 0.90148985
202.10105053 0.60477288 0.89448385
203.10155078 0.60325130 0.89419111
204.10205103 0.59678116 0.89012097
205.10255128 0.58835472 0.88432144
206.10305153 0.58729493 0.88646412
207.10355178 0.58292694 0.88451174
208.10405203 0.58270559 0.88336745
209.10455228 0.58077806 0.88334377
210.10505253 0.57963678 0.88616135
211.10555278 0.57726631 0.88741630
212.10605303 0.57143640 0.88328900
213.10655328 0.56211468 0.87896427
214.10705353 0.55493653 0.87217096
215.10755378 0.55142025 0.87182749
216.10805403 0.54672489 0.86685884
217.10855428 0.54516649 0.86498867
218.10905453 0.53712720 0.85915205
219.10955478 0.53383074 0.85967542
220.11005503 0.53090119 0.85656662
221.11055528 0.52766214 0.85396199
222.11105553 0.52064145 0.84585921
223.11155578 0.51619667 0.84502693
224.11205603 0.51130770 0.84145523
225.11255628 0.50994693 0.84583009
226.11305653 0.50779765 0.84386081
227.11355678 0.49924411 0.83735197
228.11405703 0.49750346 0.83609693
229.11455728 0.49276220 0.83487655
230.11505753 0.49005276 0.83501946
231.11555778 0.48688249 0.83352376
232.11605803 0.48121990 0.82931699
233.11655828 0.47697513 0.82188676
234.11705853 0.47747997 0.82339036
235.11755878 0.47192881 0.81838792
236.11805903 0.46886268 0.81299274
237.11855928 0.45643648 0.80154240
238.11905953 0.45260855 0.79696981
239.11955978 0.45172237 0.79606353
240.12006003 0.44555532 0.78357576
241.12056028 0.44332464 0.78191838
242.12106053 0.44003898 0.77832402
243.12156078 0.43777023 0.77646522
244.12206103 0.43177397 0.76749959
245.12256128 0.42880201 0.76119770
246.12306153 0.42569501 0.75823734
247.12356178 0.42197874 0.75408656
248.12406203 0.41706813 0.75205362
249.12456228 0.40901172 0.74259041
250.12506253 0.40292931 0.73865101
251.12556278 0.39493908 0.73066375
252.12606303 0.39245606 0.72945328
253.12656328 0.38705592 0.72144879
254.12706353 0.38358739 0.71635079
255.12756378 0.37985849 0.71253508
256.12806403 0.37796800 0.71057403
257.12856428 0.37347212 0.70252064
258.12906453 0.36659924 0.69667696
259.12956478 0.36250626 0.69553087
260.13006503 0.35733323 0.68936167
261.13056528 0.35660575 0.68849544
262.13106553 0.35418401 0.68773062
263.13156578 0.34844863 0.68264564
264.13206603 0.34634221 0.68266393
265.13256628 0.34511351 0.68432468
266.13306653 0.34593796 0.68285624
267.13356678 0.33857089 0.66895338
268.13406703 0.33792382 0.66917846
269.13456728 0.33582621 0.66900561
270.13506753 0.33208345 0.66546119
271.13556778 0.32593407 0.65406282
272.13606803 0.32435216 0.65666054
273.13656828 0.32322257 0.65195480
274.13706853 0.31640091 0.64033643
275.13756878 0.31459810 0.63903472
276.13806903 0.31316659 0.63784875
277.13856928 0.30900219 0.63180794
278.13906953 0.30411533 0.62330439
279.13956978 0.29939301 0.61707454
280.14007004 0.29548194 0.61235619
281.14057029 0.29282980 0.60892943
282.14107054 0.28913251 0.60333352
283.14157079 0.28462049 0.59718937
284.14207104 0.28589764 0.59957209
285.14257129 0.28173287 0.59546570
286.14307154 0.28025680 0.59274100
287.14357179 0.27731247 0.58749968
288.14407204 0.27433608 0.58473942
289.14457229 0.26989445 0.57866305
290.14507254 0.26609473 0.57320950
291.14557279 0.26082963 0.56639253
292.14607304 0.25693798 0.56383685
293.14657329 0.25600589 0.56248347
294.14707354 0.25357415 0.56060737
295.14757379 0.25048199 0.55865448
296.14807404 0.25029996 0.56052155
297.14857429 0.24913689 0.55964887
298.14907454 0.24600612 0.55328446
299.14957479 0.24498125 0.55073119
300.15007504 0.24243915 0.54967700
301.15057529 0.24070192 0.54855013
302.15107554 0.23857519 0.54596519
303.15157579 0.23533384 0.54151727
304.15207604 0.23394374 0.54122610
305.15257629 0.23058735 0.53663466
306.15307654 0.22601514 0.53277419
307.15357679 0.22786810 0.54109564
308.15407704 0.22399257 0.53826072
309.15457729 0.22221693 0.53734535
310.15507754 0.22019321 0.53492365
311.15557779 0.21854383 0.53285393
312.15607804 0.21789436 0.53455710
313.15657829 0.21576714 0.53144763
314.15707854 0.21341547 0.52685326
315.15757879 0.21054349 0.52909553
316.15807904 0.20677713 0.51811307
317.15857929 0.20426074 0.51340236
318.15907954 0.19841470 0.50302011
319.15957979 0.19676077 0.49875835
320.16008004 0.19119974 0.48714632
321.16058029 0.18808524 0.47892333
322.16108054 0.18715875 0.48147865
323.16158079 0.18610184 0.48273085
324.16208104 0.18348729 0.47942738
325.16258129 0.17934258 0.46967322
326.16308154 0.17826915 0.46961648
327.16358179 0.17715315 0.46729550
328.16408204 0.17425077 0.46403454
329.16458229 0.17150550 0.45864372
330.16508254 0.17089349 0.45481552
331.16558279 0.16924981 0.45425375
332.16608304 0.16946267 0.45631785
333.16658329 0.16831015 0.45014131
334.16708354 0.16727171 0.44879516
335.16758379 0.16436062 0.44689824
336.16808404 0.16210110 0.44566389
337.16858429 0.15849529 0.43742871
338.16908454 0.15590586 0.43508342
339.16958479 0.15287983 0.43116276
340.17008504 0.14953084 0.42168070
341.17058529 0.14680256 0.41230034
342.17108554 0.14539241 0.40783063
343.17158579 0.14401751 0.40990907
344.17208604 0.14578994 0.41908942
345.17258629 0.14651052 0.42004701
346.17308654 0.14406536 0.41607951
347.17358679 0.14253391 0.41626975
348.17408704 0.14017805 0.41065099
349.17458729 0.13918535 0.40830071
350.17508754 0.13751918 0.40353808
351.17558779 0.13530267 0.40182499
352.17608804 0.13415645 0.40175946
353.17658829 0.13246108 0.39722927
354.17708854 0.13144681 0.39438352
355.17758879 0.13140065 0.39497181
356.17808904 0.12874914 0.38693725
357.17858929 0.12732878 0.38137165
358.17908954 0.12519061 0.37803633
359.17958979 0.12435064 0.37689098
360.18009005 0.12221748 0.37287116
361.18059030 0.12150986 0.37307583
362.18109055 0.11932887 0.36758836
363.18159080 0.11774189 0.36458367
364.18209105 0.11476306 0.35735054
365.18259130 0.11140085 0.34903777
366.18309155 0.10967270 0.34563798
367.18359180 0.10810735 0.34415702
368.18409205 0.10719702 0.34255064
369.18459230 0.10632324 0.34192842
370.18509255 0.10534488 0.34195816
371.18559280 0.10346583 0.33922241
372.18609305 0.10148256 0.33502982
373.18659330 0.09995609 0.33305881
374.18709355 0.09942150 0.33331290
375.18759380 0.09881159 0.33151549
376.18809405 0.09801105 0.33104600
377.18859430 0.09697836 0.32819295
378.18909455 0.09481263 0.32424522
379.18959480 0.09373999 0.32257952
380.19009505 0.09365854 0.32193294
381.19059530 0.09305791 0.32058002
382.19109555 0.09206129 0.32062362
383.19159580 0.09097488 0.31850166
384.19209605 0.08974105 0.31501789
385.19259630 0.08973825 0.31612647
386.19309655 0.08905842 0.31495952
387.19359680 0.08951559 0.32115488
388.19409705 0.08775301 0.31890552
389.19459730 0.08775038 0.32046039
390.19509755 0.08682818 0.32045698
391.19559780 0.08635829 0.32049309
392.19609805 0.08648164 0.32027654
393.19659830 0.08633531 0.32161222
394.19709855 0.08528702 0.31969412
395.19759880 0.08404402 0.31669638
396.19809905 0.08326730 0.31449438
397.19859930 0.08246371 0.31328894
398.19909955 0.08156561 0.31084678
399.19959980 0.08140246 0.31171791
400.20010005 0.08080897 0.31002099
401.20060030 0.08175876 0.31413796
402.20110055 0.07969075 0.31113761
403.20160080 0.07837501 0.30956978
404.20210105 0.07752678 0.30703240
405.20260130 0.07522908 0.30231446
406.20310155 0.07500925 0.30271800
407.20360180 0.07464468 0.30302779
408.20410205 0.07211382 0.29301704
409.20460230 0.07243195 0.29288869
410.20510255 0.07225055 0.29207095
411.20560280 0.07170716 0.29061570
412.20610305 0.07080886 0.28968234
413.20660330 0.07020863 0.28898374
414.20710355 0.07574213 0.30708765
415.20760380 0.07499740 0.30707416
416.20810405 0.07433411 0.30564771
417.20860430 0.07243324 0.30237718
418.20910455 0.07080405 0.29804148
419.20960480 0.07054049 0.30064146
420.21010505 0.07016248 0.29960808
421.21060530 0.06969226 0.29901764
422.21110555 0.06803106 0.29606683
423.21160580 0.06673517 0.29476548
424.21210605 0.06662769 0.29418026
425.21260630 0.06575658 0.28989253
426.21310655 0.06561450 0.29233197
427.21360680 0.06493433 0.29020574
428.21410705 0.06405703 0.28787304
429.21460730 0.06392904 0.29114428
430.21510755 0.06348457 0.29294236
431.21560780 0.06237023 0.28447022
432.21610805 0.06180943 0.27955290
433.21660830 0.06167775 0.28000697
434.21710855 0.06131078 0.28650948
435.21760880 0.06080973 0.28592381
436.21810905 0.05984109 0.28179805
437.21860930 0.05915141 0.28341528
438.21910955 0.05814405 0.28370812
439.21960980 0.05778319 0.28140285
440.22011006 0.05683203 0.27438539
441.22061031 0.05645802 0.27465222
442.22111056 0.05475645 0.25977773
443.22161081 0.05424594 0.25785197
444.22211106 0.05367319 0.25478456
445.22261131 0.05378570 0.25052490
446.22311156 0.05334639 0.24796088
447.22361181 0.05337954 0.24927869
448.22411206 0.05705997 0.25897330
449.22461231 0.05655024 0.25740176
450.22511256 0.05593815 0.25637626
451.22561281 0.05985426 0.26242408
452.22611306 0.05938269 0.26161333
453.22661331 0.05865192 0.25976976
454.22711356 0.05798041 0.25702730
455.22761381 0.05781842 0.25495999
456.22811406 0.05785159 0.25414331
457.22861431 0.05801176 0.25561450
458.22911456 0.05686557 0.24943744
459.22961481 0.05640757 0.24791961
460.23011506 0.05620107 0.24757710
461.23061531 0.05560398 0.24732297
462.23111556 0.05552566 0.24617793
463.23161581 0.05507512 0.24512214
464.23211606 0.05461508 0.24386416
465.23261631 0.05414476 0.24319475
466.23311656 0.05359615 0.24316623
467.23361681 0.05416930 0.24557470
468.23411706 0.05565860 0.25308104
469.23461731 0.05597239 0.25208816
470.23511756 0.05546689 0.24904910
471.23561781 0.05496655 0.24815437
472.23611806 0.05482148 0.24807738
473.23661831 0.05207549 0.23481102
474.23711856 0.05177783 0.23572549
475.23761881 0.05015334 0.22911380
476.23811906 0.05023848 0.22902383
477.23861931 0.05044257 0.22749540
478.23911956 0.04993041 0.22588995
479.23961981 0.04972669 0.22671018
480.24012006 0.04906011 0.22398910
481.24062031 0.04894162 0.22372199
482.24112056 0.04853010 0.22246479
483.24162081 0.04705118 0.22005850
484.24212106 0.04667178 0.22018420
485.24262131 0.04715501 0.22244382
486.24312156 0.04706532 0.22325042
487.24362181 0.04644831 0.22096528
488.24412206 0.04533263 0.21743255
489.24462231 0.04482512 0.21565260
490.24512256 0.04457641 0.21543630
491.24562281 0.04501937 0.21508092
492.24612306 0.04476009 0.21347730
493.24662331 0.04490540 0.21234783
494.24712356 0.04556937 0.21351854
495.24762381 0.04535503 0.21263207
496.24812406 0.04501916 0.21203405
497.24862431 0.04337354 0.20057652
498.24912456 0.04351611 0.20098866
499.24962481 0.04356890 0.20224470
500.25012506 0.04749276 0.21851474
501.25062531 0.04673253 0.21867742
502.25112556 0.04593801 0.21606181
503.25162581 0.04614604 0.21908331
504.25212606 0.04977992 0.23915340
505.25262631 0.04892632 0.23749867
506.25312656 0.04818501 0.23512863
507.25362681 0.04713853 0.23067281
508.25412706 0.04695754 0.22944409
509.25462731 0.04697041 0.22702540
510.25512756 0.04587339 0.21967762
511.25562781 0.04509975 0.21803079
512.25612806 0.04483077 0.21736604
513.25662831 0.04538298 0.21855826
514.25712856 0.04569904 0.21853189
515.25762881 0.04686484 0.22525205
516.25812906 0.04639887 0.22389878
517.25862931 0.04624046 0.22432489
518.25912956 0.04581678 0.22220436
519.25962981 0.04466358 0.21654732
520.26013007 0.04446468 0.21867940
521.26063032 0.04377695 0.21603892
522.26113057 0.04261888 0.21007278
523.26163082 0.04159497 0.20612793
524.26213107 0.04010296 0.20024839
525.26263132 0.03902108 0.19100588
526.26313157 0.03904801 0.19222201
527.26363182 0.03851913 0.19178940
528.26413207 0.03735628 0.18747401
529.26463232 0.03729276 0.18724472
530.26513257 0.03728752 0.18604826
531.26563282 0.03641438 0.18210248
532.26613307 0.03640705 0.18127415
533.26663332 0.03567410 0.17871035
534.26713357 0.03531127 0.17708683
535.26763382 0.03480643 0.17594606
536.26813407 0.03439710 0.17454937
537.26863432 0.03379424 0.17168219
538.26913457 0.03337960 0.17150805
539.26963482 0.03314685 0.17117386
540.27013507 0.03294164 0.17208860
541.27063532 0.03333424 0.17243457
542.27113557 0.03331621 0.17924426
543.27163582 0.03332053 0.18226165
544.27213607 0.03292920 0.17829117
545.27263632 0.03297987 0.17852962
546.27313657 0.03329368 0.18196647
547.27363682 0.03461108 0.18532992
548.27413707 0.03376904 0.17816924
549.27463732 0.03280980 0.16803483
550.27513757 0.03170635 0.15736622
551.27563782 0.03075960 0.15197583
552.27613807 0.03091297 0.15640633
553.27663832 0.03089317 0.15705974
554.27713857 0.03014860 0.15281823
555.27763882 0.02965025 0.15244614
556.27813907 0.02951585 0.15390837
557.27863932 0.02884374 0.15041050
558.27913957 0.02853991 0.14757972
559.27963982 0.02898968 0.14862094
560.28014007 0.02921033 0.15029979
561.28064032 0.02813086 0.14204654
562.28114057 0.02792741 0.14266213
563.28164082 0.02794335 0.14378955
564.28214107 0.02753863 0.14256158
565.28264132 0.02821320 0.14928365
566.28314157 0.02817533 0.14950768
567.28364182 0.02750602 0.14899491
568.28414207 0.02768599 0.14857085
569.28464232 0.02741279 0.14848475
570.28514257 0.02742760 0.14891301
571.28564282 0.02715633 0.14831785
572.28614307 0.02676291 0.14621987
573.28664332 0.02735136 0.14593796
574.28714357 0.02938380 0.15464994
575.28764382 0.03093814 0.15413941
576.28814407 0.03084147 0.15395844
577.28864432 0.03036688 0.15175408
578.28914457 0.03077311 0.15519117
579.28964482 0.03034697 0.15414329
580.29014507 0.02871677 0.14269230
581.29064532 0.02861003 0.14504552
582.29114557 0.02858294 0.14621336
583.29164582 0.02856313 0.15096505
584.29214607 0.02864536 0.15263739
585.29264632 0.02813977 0.15197379
586.29314657 0.02766239 0.14990540
587.29364682 0.02759624 0.15005294
588.29414707 0.02785949 0.15156518
589.29464732 0.02759909 0.15143873
590.29514757 0.02707979 0.14877850
591.29564782 0.02661776 0.14771422
592.29614807 0.02640954 0.14699617
593.29664832 0.02623534 0.14719471
594.29714857 0.02521603 0.14372241
595.29764882 0.02477493 0.14180157
596.29814907 0.02439019 0.14093547
597.29864932 0.02444130 0.14159757
598.29914957 0.02445494 0.14131861
599.29964982 0.02428537 0.14075061
600.30015008 0.02370642 0.13995850
601.30065033 0.02333999 0.13908702
602.30115058 0.02337707 0.13866550
603.30165083 0.02375134 0.13920826
604.30215108 0.02419529 0.14029845
605.30265133 0.02410801 0.14105358
606.30315158 0.02388041 0.14056338
607.30365183 0.02354837 0.13931765
608.30415208 0.02325922 0.13886054
609.30465233 0.02320764 0.13918147
610.30515258 0.02307544 0.13835510
611.30565283 0.02277236 0.13721196
612.30615308 0.02231076 0.13595377
613.30665333 0.02204409 0.13628301
614.30715358 0.02309730 0.13932830
615.30765383 0.02336667 0.13892540
616.30815408 0.02323404 0.13798429
617.30865433 0.02352456 0.13934671
618.30915458 0.02365101 0.13983145
619.30965483 0.02208494 0.13629210
620.31015508 0.02178508 0.13526952
621.31065533 0.02161082 0.13464829
622.31115558 0.02154977 0.13460715
623.31165583 0.02175781 0.13445070
624.31215608 0.02163605 0.13416725
625.31265633 0.02136845 0.13340204
626.31315658 0.02108816 0.13321407
627.31365683 0.02096449 0.13278484
628.31415708 0.02095802 0.13314463
629.31465733 0.02171920 0.13500386
630.31515758 0.02162845 0.13523331
631.31565783 0.02054525 0.13123655
632.31615808 0.02040182 0.13053538
633.31665833 0.02001741 0.12986586
634.31715858 0.02007215 0.12942327
635.31765883 0.01975580 0.12888620
636.31815908 0.01945205 0.12831232
637.31865933 0.01910715 0.12757219
638.31915958 0.01873486 0.12686552
639.31965983 0.01862127 0.12716393
640.32016008 0.01856736 0.12699562
641.32066033 0.01838650 0.12657919
642.32116058 0.01809526 0.12640598
643.32166083 0.01814763 0.12662263
644.32216108 0.01795798 0.12133008
645.32266133 0.01791646 0.12377675
646.32316158 0.01843811 0.12317091
647.32366183 0.01861355 0.12112595
648.32416208 0.01918513 0.12174478
649.32466233 0.01901573 0.12094913
650.32516258 0.02027438 0.12355902
651.32566283 0.01833989 0.10447312
652.32616308 0.01863695 0.10627020
653.32666333 0.01857775 0.10700707
654.32716358 0.02005502 0.11215375
655.32766383 0.01989072 0.11170385
656.32816408 0.01963643 0.11154186
657.32866433 0.01942775 0.11058236
658.32916458 0.01905771 0.10916736
659.32966483 0.01875775 0.10822828
660.33016508 0.01888524 0.10826241
661.33066533 0.01906183 0.10785284
662.33116558 0.01856984 0.10621283
663.33166583 0.01949424 0.10870599
664.33216608 0.01912054 0.10691393
665.33266633 0.01847019 0.10361417
666.33316658 0.01840058 0.10350225
667.33366683 0.01769769 0.09975625
668.33416708 0.01643525 0.09627819
669.33466733 0.01630260 0.09567790
670.33516758 0.01602183 0.09453823
671.33566783 0.01580655 0.09085463
672.33616808 0.01569124 0.08820320
673.33666833 0.01608342 0.09051511
674.33716858 0.01600670 0.09124601
675.33766883 0.01568963 0.09017575
676.33816908 0.01548607 0.08761150
677.33866933 0.01543515 0.08749669
678.33916958 0.01551993 0.08834170
679.33966983 0.01531014 0.09314289
680.34017009 0.01499894 0.09638831
681.34067034 0.01520916 0.09806079
682.34117059 0.01506454 0.09731953
683.34167084 0.01423058 0.09208705
684.34217109 0.01439003 0.09391260
685.34267134 0.01462621 0.09574436
686.34317159 0.01431183 0.09368620
687.34367184 0.01413019 0.09267611
688.34417209 0.01415702 0.09288883
689.34467234 0.01402637 0.09282159
690.34517259 0.01336734 0.09025213
691.34567284 0.01301328 0.08845873
692.34617309 0.01289433 0.08870000
693.34667334 0.01289026 0.08893951
694.34717359 0.01281086 0.08810070
695.34767384 0.01268297 0.08756573
696.34817409 0.01243169 0.08679399
697.34867434 0.01231873 0.08647441
698.34917459 0.01222538 0.08636277
699.34967484 0.01220828 0.08578582
700.35017509 0.01216032 0.08541809
701.35067534 0.01181602 0.08424878
702.35117559 0.01186791 0.08463977
703.35167584 0.01278397 0.08728709
704.35217609 0.01270630 0.08752482
705.35267634 0.01233765 0.08681332
706.35317659 0.01235464 0.08609569
707.35367684 0.01236787 0.08552256
708.35417709 0.01340892 0.08812221
709.35467734 0.01338523 0.08842792
710.35517759 0.01335538 0.08827870
711.35567784 0.01366806 0.08916021
712.35617809 0.01326326 0.08825449
713.35667834 0.01323012 0.08873366
714.35717859 0.01356882 0.09011471
715.35767884 0.01387338 0.09160539
716.35817909 0.01401814 0.09224584
717.35867934 0.01395056 0.09188120
718.35917959 0.01354471 0.09134221
719.35967984 0.01280120 0.08870492
720.36018009 0.01270462 0.08860408
721.36068034 0.01282000 0.08875309
722.36118059 0.01302843 0.08907465
723.36168084 0.01258561 0.08724535
724.36218109 0.01234181 0.08671118
725.36268134 0.01227446 0.08704160
726.36318159 0.01190074 0.08576734
727.36368184 0.01185561 0.08558617
728.36418209 0.01334275 0.09162665
729.36468234 0.01494485 0.09590971
730.36518259 0.01470111 0.09522737
731.36568284 0.01471742 0.09632632
732.36618309 0.01480075 0.09615555
733.36668334 0.01438775 0.09581443
734.36718359 0.01407603 0.09445876
735.36768384 0.01403253 0.09379580
736.36818409 0.01390066 0.09303775
737.36868434 0.01380413 0.09205227
738.36918459 0.01355093 0.09101238
739.36968484 0.01355489 0.09092861
740.37018509 0.01355947 0.09145870
741.37068534 0.01337584 0.09079016
742.37118559 0.01286369 0.08946696
743.37168584 0.01302481 0.09301627
744.37218609 0.01269823 0.09312377
745.37268634 0.01252693 0.09243451
746.37318659 0.01210104 0.08983173
747.37368684 0.01163874 0.08750827
748.37418709 0.01160174 0.08791639
749.37468734 0.01169527 0.08991873
750.37518759 0.01155444 0.08919267
751.37568784 0.01173945 0.08929363
752.37618809 0.01183986 0.08988938
753.37668834 0.01183657 0.08976213
754.37718859 0.01148355 0.08732546
755.37768884 0.01130497 0.08687849
756.37818909 0.01159639 0.09189588
757.37868934 0.01178030 0.09646633
758.37918959 0.01171709 0.09755514
759.37968984 0.01163331 0.09803392
760.38019010 0.01159173 0.09877943
761.38069035 0.01164333 0.09838118
762.38119060 0.01123964 0.09314269
763.38169085 0.01103078 0.09018551
764.38219110 0.01112976 0.08931356
765.38269135 0.01113096 0.08960374
766.38319160 0.01141900 0.09088398
767.38369185 0.01253129 0.09579771
768.38419210 0.01278079 0.09797772
769.38469235 0.01273324 0.09607626
770.38519260 0.01237210 0.09350471
771.38569285 0.01205840 0.09186638
772.38619310 0.01206664 0.09334803
773.38669335 0.01200159 0.09381253
774.38719360 0.01170899 0.09179306
775.38769385 0.01129653 0.08857091
776.38819410 0.01105001 0.08653009
777.38869435 0.01094153 0.08740043
778.38919460 0.01094591 0.08821760
779.38969485 0.01103075 0.08947300
780.39019510 0.01112213 0.09008082
781.39069535 0.01119062 0.08877362
782.39119560 0.01141763 0.08836270
783.39169585 0.01142379 0.08692638
784.39219610 0.01128179 0.08643298
785.39269635 0.01132692 0.08775600
786.39319660 0.01131433 0.08756865
787.39369685 0.01132257 0.08733168
788.39419710 0.01107100 0.08552643
789.39469735 0.01100813 0.08639252
790.39519760 0.01095738 0.08866269
791.39569785 0.01108548 0.09196891
792.39619810 0.01109080 0.09319846
793.39669835 0.01092483 0.09435831
794.39719860 0.01080718 0.09433760
795.39769885 0.01083883 0.09219639
796.39819910 0.01071341 0.08946009
797.39869935 0.01041366 0.08524667
798.39919960 0.01021614 0.08300861
799.39969985 0.00972387 0.07773531
800.40020010 0.01094866 0.08228044
801.40070035 0.01118180 0.08231489
802.40120060 0.01063358 0.08059652
803.40170085 0.01014066 0.08051652
804.40220110 0.01029633 0.08113153
805.40270135 0.01043221 0.08088711
806.40320160 0.01031059 0.07956864
807.40370185 0.01008932 0.07939930
808.40420210 0.01013668 0.08064294
809.40470235 0.01005167 0.08045003
810.40520260 0.01008281 0.07971330
811.40570285 0.01014192 0.07784137
812.40620310 0.01009375 0.07744536
813.40670335 0.01042968 0.08006691
814.40720360 0.01011503 0.07955496
815.40770385 0.00986762 0.07765092
816.40820410 0.00986703 0.07728829
817.40870435 0.00986579 0.07707547
818.40920460 0.01087491 0.08085390
819.40970485 0.01077457 0.08094713
820.41020510 0.01041703 0.07965655
821.41070535 0.01027178 0.07848363
822.41120560 0.01054992 0.07880496
823.41170585 0.01078259 0.07833023
824.41220610 0.01078559 0.07800169
825.41270635 0.01078944 0.07821511
826.41320660 0.01081023 0.07764141
827.41370685 0.01081331 0.07779392
828.41420710 0.01080231 0.07748277
829.41470735 0.01064005 0.07637066
830.41520760 0.01042876 0.07592115
831.41570785 0.01016168 0.07520492
832.41620810 0.01017295 0.07506888
833.41670835 0.01022747 0.07542861
834.41720860 0.01000772 0.07407484
835.41770885 0.01021298 0.07386467
836.41820910 0.01052119 0.07476182
837.41870935 0.01073812 0.07548189
838.41920960 0.01052270 0.07694477
839.41970985 0.01047321 0.07608301
840.42021011 0.01037273 0.07542682
841.42071036 0.01024471 0.07448958
842.42121061 0.01012490 0.07361119
843.42171086 0.00973094 0.07160322
844.42221111 0.00935906 0.07014106
845.42271136 0.00907083 0.07008388
846.42321161 0.00889706 0.07102765
847.42371186 0.00842357 0.07020571
848.42421211 0.00845048 0.07116812
849.42471236 0.00858494 0.07150196
850.42521261 0.00872219 0.07064197
851.42571286 0.00884136 0.06977804
852.42621311 0.00881287 0.06833404
853.42671336 0.00871897 0.06551229
854.42721361 0.00882395 0.06229872
855.42771386 0.00893555 0.06151057
856.42821411 0.01067106 0.06841189
857.42871436 0.01092537 0.06864694
858.42921461 0.01026052 0.06377383
859.42971486 0.01083364 0.06597329
860.43021511 0.00938990 0.05642795
861.43071536 0.00898054 0.05384053
862.43121561 0.00884511 0.05270407
863.43171586 0.00902034 0.05157943
864.43221611 0.00818797 0.04643496
865.43271636 0.00748194 0.04246288
866.43321661 0.00677681 0.03895642
867.43371686 0.00643773 0.03698649
868.43421711 0.00632808 0.03677149
869.43471736 0.00618651 0.03652644
870.43521761 0.00625285 0.03668430
871.43571786 0.00606096 0.03571045
872.43621811 0.00571035 0.03445972
873.43671836 0.00560917 0.03399087
874.43721861 0.00553938 0.03388729
875.43771886 0.00522968 0.03268611
876.43821911 0.00519791 0.03172219
877.43871936 0.00514390 0.03158563
878.43921961 0.00508376 0.03090138
879.43971986 0.00508742 0.03016663
880.44022011 0.00504148 0.02969233
881.44072036 0.00485933 0.02913476
882.44122061 0.00593666 0.04084304
883.44172086 0.00578389 0.04144847
884.44222111 0.00565519 0.04019518
885.44272136 0.00545957 0.03862959
886.44322161 0.00525447 0.03724642
887.44372186 0.00498279 0.03534341
888.44422211 0.00535210 0.03710722
889.44472236 0.00557932 0.03708721
890.44522261 0.00471806 0.03136393
891.44572286 0.00494036 0.03222218
892.44622311 0.00523561 0.03156969
893.44672336 0.00571744 0.03233081
894.44722361 0.00592381 0.03383262
895.44772386 0.00590795 0.03452133
896.44822411 0.00541256 0.03267434
897.44872436 0.00547252 0.03268724
898.44922461 0.00557573 0.03303729
899.44972486 0.00530618 0.03290029
900.45022511 0.00504993 0.03214444
901.45072536 0.00468130 0.02978680
902.45122561 0.00556497 0.03912970
903.45172586 0.00513365 0.03831762
904.45222611 0.00483743 0.03778435
905.45272636 0.00482805 0.03986629
906.45322661 0.00514991 0.04289287
907.45372686 0.00514740 0.04071239
908.45422711 0.00482806 0.03762126
909.45472736 0.00396770 0.03221508
910.45522761 0.00397919 0.03370224
911.45572786 0.00411124 0.03294284
912.45622811 0.00454747 0.03377612
913.45672836 0.00465667 0.03464433
914.45722861 0.00469093 0.03448804
915.45772886 0.00459158 0.03267825
916.45822911 0.00459743 0.03133100
917.45872936 0.00452320 0.03054777
918.45922961 0.00371018 0.02417727
919.45972986 0.00368802 0.02356286
920.46023012 0.00370761 0.02232780
921.46073037 0.00360192 0.02126248
922.46123062 0.00379047 0.02404734
923.46173087 0.00391699 0.02552169
924.46223112 0.00408713 0.02538304
925.46273137 0.00399001 0.02454376
926.46323162 0.00417842 0.02542171
927.46373187 0.00404406 0.02484351
928.46423212 0.00416954 0.02474289
929.46473237 0.00419923 0.02424126
930.46523262 0.00384465 0.02220564
931.46573287 0.00353851 0.02035489
932.46623312 0.00335460 0.01895561
933.46673337 0.00361292 0.01913538
934.46723362 0.00373363 0.01943128
935.46773387 0.00394758 0.02115757
936.46823412 0.00387655 0.02119814
937.46873437 0.00382602 0.02076529
938.46923462 0.00373672 0.01992486
939.46973487 0.00451824 0.03009780
940.47023512 0.00456968 0.03045603
941.47073537 0.00453418 0.03114510
942.47123562 0.00447583 0.03154767
943.47173587 0.00462060 0.03409586
944.47223612 0.00445422 0.03319791
945.47273637 0.00463603 0.03614890
946.47323662 0.00584328 0.04437749
947.47373687 0.00630242 0.04829963
948.47423712 0.00638964 0.05000966
949.47473737 0.00636917 0.04954082
950.47523762 0.00623266 0.04871787
951.47573787 0.00609736 0.04724001
952.47623812 0.00596864 0.04666883
953.47673837 0.00601343 0.04536224
954.47723862 0.00686150 0.04811695
955.47773887 0.00709865 0.05004375
956.47823912 0.00890305 0.06067443
957.47873937 0.00921435 0.06100255
958.47923962 0.00765329 0.04947769
959.47973987 0.00772199 0.04752413
960.48024012 0.00759093 0.04633423
961.48074037 0.00697642 0.04010751
962.48124062 0.00729667 0.04197444
963.48174087 0.00681137 0.03961819
964.48224112 0.00648850 0.03828328
965.48274137 0.00599754 0.03610149
966.48324162 0.00627552 0.03726197
967.48374187 0.00631195 0.03747346
968.48424212 0.00597292 0.03543521
969.48474237 0.00612867 0.03540305
970.48524262 0.00586517 0.03446400
971.48574287 0.00570435 0.03413952
972.48624312 0.00554643 0.03295619
973.48674337 0.00562062 0.03259056
974.48724362 0.00571209 0.03285509
975.48774387 0.00602092 0.03374955
976.48824412 0.00592558 0.03424744
977.48874437 0.00605883 0.03467925
978.48924462 0.00723562 0.04205546
979.48974487 0.00738593 0.04458455
980.49024512 0.00732852 0.04561383
981.49074537 0.00738172 0.04550229
982.49124562 0.00744383 0.04569462
983.49174587 0.00704779 0.04516937
984.49224612 0.00682732 0.04477454
985.49274637 0.00664801 0.04382235
986.49324662 0.00649086 0.04227109
987.49374687 0.00645393 0.04093624
988.49424712 0.00626808 0.03965880
989.49474737 0.00627356 0.03890319
990.49524762 0.00631277 0.03870317
991.49574787 0.00627626 0.03922450
992.49624812 0.00595064 0.03856230
993.49674837 0.00590827 0.03834971
994.49724862 0.00553689 0.03360615
995.49774887 0.00517197 0.03220584
996.49824912 0.00522852 0.03188281
997.49874937 0.00525436 0.03146699
998.49924962 0.00505114 0.03085399
999.49974987 0.00504584 0.03168063
1000.50025013 0.00494915 0.03095694
1001.50075038 0.00476448 0.02973211
1002.50125063 0.00455079 0.02895261
1003.50175088 0.00451095 0.02900493
1004.50225113 0.00491576 0.03057079
1005.50275138 0.00547738 0.03353889
1006.50325163 0.00548437 0.03311941
1007.50375188 0.00526475 0.03214737
1008.50425213 0.00520328 0.03193704
1009.50475238 0.00522200 0.03182904
1010.50525263 0.00513458 0.03146859
1011.50575288 0.00516175 0.03133810
1012.50625313 0.00509545 0.03068252
1013.50675338 0.00453290 0.02880281
1014.50725363 0.00473812 0.02871147
1015.50775388 0.00452471 0.02817273
1016.50825413 0.00475145 0.02943793
1017.50875438 0.00525886 0.03223942
1018.50925463 0.00654137 0.04223567
1019.50975488 0.00598178 0.04162237
1020.51025513 0.00648411 0.04496412
1021.51075538 0.00697991 0.04805185
1022.51125563 0.00700564 0.04824508
1023.51175588 0.00683677 0.04796844
1024.51225613 0.00660320 0.04798415
1025.51275638 0.00655602 0.04719277
1026.51325663 0.00625477 0.04442336
1027.51375688 0.00602712 0.04000187
1028.51425713 0.00575761 0.03665042
1029.51475738 0.00557736 0.03584609
1030.51525763 0.00550799 0.03653596
1031.51575788 0.00541543 0.03680721
1032.51625813 0.00480359 0.03022622
1033.51675838 0.00495327 0.03206380
1034.51725863 0.00502748 0.03266062
1035.51775888 0.00471134 0.02968616
1036.51825913 0.00578927 0.03582022
1037.51875938 0.00574474 0.03638455
1038.51925963 0.00586899 0.03800581
1039.51975988 0.00571660 0.03660441
1040.52026013 0.00521634 0.03292654
1041.52076038 0.00478332 0.02956315
1042.52126063 0.00473206 0.02883453
1043.52176088 0.00462509 0.02848262
1044.52226113 0.00474905 0.02884658
1045.52276138 0.00478090 0.02917183
1046.52326163 0.00467442 0.02843864
1047.52376188 0.00612306 0.04334680
1048.52426213 0.00604694 0.04466553
1049.52476238 0.00573181 0.04478625
1050.52526263 0.00580246 0.04601245
1051.52576288 0.00567899 0.04526746
1052.52626313 0.00564244 0.04506992
1053.52676338 0.00566380 0.04539842
1054.52726363 0.00575414 0.04569511
1055.52776388 0.00583658 0.04508983
1056.52826413 0.00568377 0.04339358
1057.52876438 0.00560630 0.04240689
1058.52926463 0.00646907 0.04750820
1059.52976488 0.00656487 0.04905653
1060.53026513 0.00660089 0.04971832
1061.53076538 0.00613825 0.04669754
1062.53126563 0.00575781 0.04447393
1063.53176588 0.00532496 0.04243077
1064.53226613 0.00502187 0.04117273
1065.53276638 0.00638136 0.05119388
1066.53326663 0.00641509 0.05062151
1067.53376688 0.00576669 0.04195548
1068.53426713 0.00579841 0.04231507
1069.53476738 0.00564169 0.04150501
1070.53526763 0.00539968 0.03993124
1071.53576788 0.00515627 0.03819987
1072.53626813 0.00486380 0.03569850
1073.53676838 0.00465176 0.03430035
1074.53726863 0.00448741 0.03375683
1075.53776888 0.00431847 0.03289821
1076.53826913 0.00429107 0.03242094
1077.53876938 0.00458225 0.03538058
1078.53926963 0.00473660 0.03746892
1079.53976988 0.00447985 0.03704420
1080.54027014 0.00446873 0.03696989
1081.54077039 0.00449358 0.03711477
1082.54127064 0.00478716 0.03775995
1083.54177089 0.00480968 0.03736034
1084.54227114 0.00474862 0.03540055
1085.54277139 0.00436926 0.03204314
1086.54327164 0.00383588 0.02825751
1087.54377189 0.00355577 0.02682004
1088.54427214 0.00362863 0.02684681
1089.54477239 0.00415571 0.02895845
1090.54527264 0.00439985 0.03086935
1091.54577289 0.00453737 0.03191885
1092.54627314 0.00463337 0.03204690
1093.54677339 0.00476701 0.03344654
1094.54727364 0.00484246 0.03453037
1095.54777389 0.00482909 0.03469801
1096.54827414 0.00442655 0.03214909
1097.54877439 0.00458090 0.03427159
1098.54927464 0.00571080 0.04466399
1099.54977489 0.00546788 0.04452957
1100.55027514 0.00534764 0.04488412
1101.55077539 0.00554465 0.04892649
1102.55127564 0.00579634 0.05269722
1103.55177589 0.00579064 0.05365850
1104.55227614 0.00712823 0.06198461
1105.55277639 0.00688099 0.05909140
1106.55327664 0.00657909 0.05747957
1107.55377689 0.00647334 0.05607522
1108.55427714 0.00599587 0.05091530
1109.55477739 0.00609270 0.05015481
1110.55527764 0.00611600 0.05000989
1111.55577789 0.00515639 0.03954680
1112.55627814 0.00569683 0.03975017
1113.55677839 0.00591113 0.04078685
1114.55727864 0.00546917 0.03659201
1115.55777889 0.00534248 0.03591912
1116.55827914 0.00532945 0.03598755
1117.55877939 0.00525753 0.03467461
1118.55927964 0.00530488 0.03382238
1119.55977989 0.00625004 0.04087533
1120.56028014 0.00616852 0.04105277
1121.56078039 0.00741260 0.05155142
1122.56128064 0.00718794 0.05055533
1123.56178089 0.00706825 0.05026162
1124.56228114 0.00700572 0.04917238
1125.56278139 0.00683850 0.04750685
1126.56328164 0.00646353 0.04551113
1127.56378189 0.00605951 0.04240619
1128.56428214 0.00576959 0.04126393
1129.56478239 0.00515528 0.03928200
1130.56528264 0.00477088 0.03811312
1131.56578289 0.00480500 0.03878648
1132.56628314 0.00482342 0.03849552
1133.56678339 0.00491969 0.03843053
1134.56728364 0.00485949 0.03856538
1135.56778389 0.00468731 0.03810627
1136.56828414 0.00454931 0.03761832
1137.56878439 0.00455752 0.03748277
1138.56928464 0.00455627 0.03730577
1139.56978489 0.00461684 0.03726168
1140.57028514 0.00486704 0.03971757
1141.57078539 0.00498012 0.03936787
1142.57128564 0.00507563 0.03985902
1143.57178589 0.00498045 0.03969295
1144.57228614 0.00480777 0.03830909
1145.57278639 0.00489952 0.03761343
1146.57328664 0.00519444 0.03824603
1147.57378689 0.00514716 0.03882708
1148.57428714 0.00519166 0.03986397
1149.57478739 0.00537825 0.03998828
1150.57528764 0.00573637 0.04053121
1151.57578789 0.00548568 0.04136800
1152.57628814 0.00555470 0.04181298
1153.57678839 0.00543569 0.04072498
1154.57728864 0.00525675 0.03961483
1155.57778889 0.00502812 0.03872316
1156.57828914 0.00480794 0.03857478
1157.57878939 0.00459875 0.03811404
1158.57928964 0.00452284 0.03616994
1159.57978989 0.00594063 0.04730630
1160.58029015 0.00607207 0.04787134
1161.58079040 0.00720850 0.05396310
1162.58129065 0.00706954 0.05263015
1163.58179090 0.00684374 0.05045852
1164.58229115 0.00650043 0.04656736
1165.58279140 0.00691302 0.04924661
1166.58329165 0.00707832 0.05011798
1167.58379190 0.00715796 0.04916016
1168.58429215 0.00721126 0.04933480
1169.58479240 0.00731338 0.04946840
1170.58529265 0.00771774 0.05455222
1171.58579290 0.00769044 0.05368333
1172.58629315 0.00669796 0.04511374
1173.58679340 0.00667548 0.04615194
1174.58729365 0.00674977 0.04675503
1175.58779390 0.00640085 0.04408581
1176.58829415 0.00717579 0.04752436
1177.58879440 0.00697054 0.04714341
1178.58929465 0.00685572 0.04687293
1179.58979490 0.00667589 0.04611936
1180.59029515 0.00572006 0.04141469
1181.59079540 0.00502834 0.02982087
1182.59129565 0.00506379 0.02881170
1183.59179590 0.00519613 0.02980201
1184.59229615 0.00523858 0.03181337
1185.59279640 0.00529153 0.03178142
1186.59329665 0.00515771 0.02993579
1187.59379690 0.00493516 0.02835574
1188.59429715 0.00502570 0.03079932
1189.59479740 0.00501696 0.03148823
1190.59529765 0.00617362 0.04144174
1191.59579790 0.00597434 0.04113514
1192.59629815 0.00594068 0.04135154
1193.59679840 0.00574491 0.04030796
1194.59729865 0.00727833 0.05282915
1195.59779890 0.00743176 0.05311712
1196.59829915 0.00755560 0.05390156
1197.59879940 0.00894226 0.06275511
1198.59929965 0.00833237 0.06048746
1199.59979990 0.00835790 0.05979453
1200.60030015 0.00929739 0.06617461
1201.60080040 0.00984425 0.07037883
1202.60130065 0.01134081 0.07851846
1203.60180090 0.01169211 0.07987524
1204.60230115 0.01157425 0.07978800
1205.60280140 0.01152892 0.07885690
1206.60330165 0.01090819 0.07536857
1207.60380190 0.01111622 0.07220843
1208.60430215 0.01069577 0.06800244
1209.60480240 0.01056497 0.06670128
1210.60530265 0.01047917 0.06615260
1211.60580290 0.01190886 0.07277941
1212.60630315 0.01173895 0.07226502
1213.60680340 0.01166357 0.07122279
1214.60730365 0.01196283 0.07315107
1215.60780390 0.01220818 0.07365865
1216.60830415 0.01232454 0.07428112
1217.60880440 0.01200729 0.07320141
1218.60930465 0.01182859 0.07084946
1219.60980490 0.01089385 0.06613664
1220.61030515 0.01089792 0.06563916
1221.61080540 0.01073106 0.06448759
1222.61130565 0.01032570 0.06230713
1223.61180590 0.01162680 0.07012740
1224.61230615 0.01169300 0.07266581
1225.61280640 0.01194244 0.07451192
1226.61330665 0.01152964 0.07237303
1227.61380690 0.01107293 0.07129646
1228.61430715 0.01063556 0.07077761
1229.61480740 0.01027458 0.06943634
1230.61530765 0.00980988 0.06583925
1231.61580790 0.00958843 0.05946677
1232.61630815 0.00862592 0.05608807
1233.61680840 0.00856319 0.05597933
1234.61730865 0.00886316 0.05702548
1235.61780890 0.00923418 0.05967631
1236.61830915 0.00942446 0.06032602
1237.61880940 0.00946009 0.06145058
1238.61930965 0.00972207 0.06246514
1239.61980990 0.01024516 0.06506583
1240.62031016 0.01032949 0.06560088
1241.62081041 0.00977523 0.06299654
1242.62131066 0.00985708 0.06311272
1243.62181091 0.00981925 0.06313235
1244.62231116 0.00987447 0.06363394
1245.62281141 0.00969039 0.06260213
1246.62331166 0.00935616 0.06066350
1247.62381191 0.00903361 0.05879604
1248.62431216 0.00886245 0.05863420
1249.62481241 0.00871930 0.05819336
1250.62531266 0.00846285 0.05692237
1251.62581291 0.00829480 0.05627797
1252.62631316 0.00864617 0.06010014
1253.62681341 0.00872321 0.06143811
1254.62731366 0.00886906 0.06324254
1255.62781391 0.00879782 0.06255000
1256.62831416 0.00854262 0.06025359
1257.62881441 0.00836698 0.05974356
1258.62931466 0.00861208 0.06124125
1259.62981491 0.00831877 0.06036282
1260.63031516 0.00804802 0.05930336
1261.63081541 0.00786855 0.05776201
1262.63131566 0.00775686 0.05764477
1263.63181591 0.00799238 0.05887798
1264.63231616 0.00790462 0.05673098
1265.63281641 0.00785497 0.05609503
1266.63331666 0.00781502 0.05596305
1267.63381691 0.00787575 0.05700256
1268.63431716 0.00777296 0.05610922
1269.63481741 0.00752424 0.05496954
1270.63531766 0.00761584 0.05643386
1271.63581791 0.00780870 0.05959416
1272.63631816 0.00759302 0.05965946
1273.63681841 0.00830940 0.06255496
1274.63731866 0.00809682 0.05860484
1275.63781891 0.00798082 0.05904212
1276.63831916 0.00804231 0.05926211
1277.63881941 0.00813993 0.05885323
1278.63931966 0.00812161 0.05872072
1279.63981991 0.00821257 0.06024630
1280.64032016 0.00796560 0.05671351
1281.64082041 0.00815256 0.05715614
1282.64132066 0.00827927 0.05837707
1283.64182091 0.00815891 0.05821448
1284.64232116 0.00772480 0.05528699
1285.64282141 0.00789169 0.05790107
1286.64332166 0.00819760 0.06172695
1287.64382191 0.00823412 0.06287057
1288.64432216 0.00788756 0.06110772
1289.64482241 0.00759098 0.05934159
1290.64532266 0.00765008 0.05978577
1291.64582291 0.00681685 0.05739743
1292.64632316 0.00655190 0.05530085
1293.64682341 0.00617904 0.05113819
1294.64732366 0.00687609 0.05272060
1295.64782391 0.00668764 0.05128887
1296.64832416 0.00704548 0.05210766
1297.64882441 0.00666740 0.04816680
1298.64932466 0.00658573 0.04828118
1299.64982491 0.00675940 0.04820697
1300.65032516 0.00711845 0.05006941
1301.65082541 0.00720096 0.05033510
1302.65132566 0.00690904 0.04830254
1303.65182591 0.00724050 0.05157566
1304.65232616 0.00760220 0.05384778
1305.65282641 0.00752895 0.05299744
1306.65332666 0.00743872 0.05145806
1307.65382691 0.00700654 0.04795988
1308.65432716 0.00695404 0.04958546
1309.65482741 0.00672317 0.04884139
1310.65532766 0.00633390 0.04644939
1311.65582791 0.00604818 0.04447264
1312.65632816 0.00585402 0.04413988
1313.65682841 0.00568893 0.04467143
1314.65732866 0.00539445 0.04330755
1315.65782891 0.00510025 0.04170385
1316.65832916 0.00493051 0.04048855
1317.65882941 0.00653169 0.05390013
1318.65932966 0.00647673 0.05348142
1319.65982991 0.00620219 0.05156846
1320.66033017 0.00611708 0.05255536
1321.66083042 0.00603974 0.05261997
1322.66133067 0.00589005 0.05183285
1323.66183092 0.00578533 0.05176922
1324.66233117 0.00560199 0.05077568
1325.66283142 0.00548256 0.05096825
1326.66333167 0.00538742 0.05112241
1327.66383192 0.00555833 0.05068081
1328.66433217 0.00553765 0.05052206
1329.66483242 0.00700418 0.06061129
1330.66533267 0.00699621 0.06050911
1331.66583292 0.00694377 0.06061697
1332.66633317 0.00691544 0.06276755
1333.66683342 0.00676814 0.06116242
1334.66733367 0.00666492 0.06038492
1335.66783392 0.00626877 0.05654919
1336.66833417 0.00653898 0.06024753
1337.66883442 0.00663896 0.06095435
1338.66933467 0.00657353 0.05965087
1339.66983492 0.00797509 0.06630108
1340.67033517 0.00815429 0.06764599
1341.67083542 0.00749142 0.06283020
1342.67133567 0.00744160 0.06206225
1343.67183592 0.00901506 0.07042263
1344.67233617 0.00905270 0.06961654
1345.67283642 0.00868936 0.06557868
1346.67333667 0.00852534 0.06418232
1347.67383692 0.00842580 0.06302557
1348.67433717 0.00838085 0.06220213
1349.67483742 0.01002971 0.07106071
1350.67533767 0.01017864 0.07417588
1351.67583792 0.01056080 0.08083778
1352.67633817 0.01006650 0.07778077
1353.67683842 0.01008872 0.07710064
1354.67733867 0.01004308 0.07603162
1355.67783892 0.00992032 0.07510837
1356.67833917 0.00882367 0.06657256
1357.67883942 0.00855884 0.06290760
1358.67933967 0.00826250 0.05958982
1359.67983992 0.00786163 0.05662020
1360.68034017 0.00764761 0.05580161
1361.68084042 0.00769392 0.05698274
1362.68134067 0.00790234 0.05997000
1363.68184092 0.00752297 0.05934473
1364.68234117 0.00713445 0.05588908
1365.68284142 0.00670319 0.05159314
1366.68334167 0.00621907 0.04756642
1367.68384192 0.00604430 0.04685725
1368.68434217 0.00622282 0.04806436
1369.68484242 0.00621356 0.04757672
1370.68534267 0.00606484 0.04662300
1371.68584292 0.00584592 0.04424292
1372.68634317 0.00558957 0.04236030
1373.68684342 0.00536436 0.04092888
1374.68734367 0.00702237 0.05814997
1375.68784392 0.00710748 0.06216457
1376.68834417 0.00716850 0.06542152
1377.68884442 0.00704612 0.06529229
1378.68934467 0.00708826 0.06393744
1379.68984492 0.00708011 0.06507023
1380.69034517 0.00736485 0.06735013
1381.69084542 0.00738573 0.06736768
1382.69134567 0.00718228 0.06276907
1383.69184592 0.00660691 0.05503531
1384.69234617 0.00610131 0.04925003
1385.69284642 0.00582403 0.04660091
1386.69334667 0.00592860 0.04961654
1387.69384692 0.00631322 0.05716224
1388.69434717 0.00647841 0.05994064
1389.69484742 0.00610789 0.05715766
1390.69534767 0.00576627 0.05306081
1391.69584792 0.00571779 0.05269349
1392.69634817 0.00583169 0.05448870
1393.69684842 0.00567916 0.05321150
1394.69734867 0.00558669 0.05255350
1395.69784892 0.00557739 0.05048508
1396.69834917 0.00559399 0.04891908
1397.69884942 0.00529343 0.04641344
1398.69934967 0.00502816 0.04494481
1399.69984992 0.00632507 0.05392529
1400.70035018 0.00654924 0.05544040
1401.70085043 0.00699449 0.05885235
1402.70135068 0.00664360 0.05609373
1403.70185093 0.00675908 0.05647863
1404.70235118 0.00680733 0.05935985
1405.70285143 0.00672627 0.05608081
1406.70335168 0.00658548 0.05302797
1407.70385193 0.00649905 0.05318267
1408.70435218 0.00667632 0.05504738
1409.70485243 0.00676819 0.05615685
1410.70535268 0.00649408 0.05356168
1411.70585293 0.00584525 0.05115254
1412.70635318 0.00583482 0.05001570
1413.70685343 0.00624497 0.05065492
1414.70735368 0.00633566 0.05141372
1415.70785393 0.00637649 0.05044545
1416.70835418 0.00608273 0.04907727
1417.70885443 0.00595640 0.04812407
1418.70935468 0.00581701 0.04723681
1419.70985493 0.00580812 0.04731429
1420.71035518 0.00576776 0.04621153
1421.71085543 0.00610507 0.05045371
1422.71135568 0.00608657 0.04915485
1423.71185593 0.00576382 0.04673367
1424.71235618 0.00559664 0.04487513
1425.71285643 0.00544887 0.04506270
1426.71335668 0.00550204 0.04626764
1427.71385693 0.00526803 0.04449324
1428.71435718 0.00555303 0.05136633
1429.71485743 0.00518071 0.04754615
1430.71535768 0.00509959 0.04798600
1431.71585793 0.00503992 0.04818448
1432.71635818 0.00439931 0.03834259
1433.71685843 0.00435440 0.03779355
1434.71735868 0.00428167 0.03711226
1435.71785893 0.00437242 0.03674164
1436.71835918 0.00432682 0.03626669
1437.71885943 0.00446857 0.03925114
1438.71935968 0.00443824 0.03995204
1439.71985993 0.00427912 0.03782683
1440.72036018 0.00430113 0.03611928
1441.72086043 0.00408011 0.03593224
1442.72136068 0.00418480 0.03710421
1443.72186093 0.00404255 0.03663952
1444.72236118 0.00337475 0.02800951
1445.72286143 0.00289963 0.02340111
1446.72336168 0.00305018 0.02371646
1447.72386193 0.00325322 0.02452917
1448.72436218 0.00315184 0.02423440
1449.72486243 0.00294316 0.02325257
1450.72536268 0.00282719 0.02231907
1451.72586293 0.00279662 0.02208488
1452.72636318 0.00425568 0.03999754
1453.72686343 0.00416910 0.04065899
1454.72736368 0.00400760 0.04032885
1455.72786393 0.00389711 0.03949938
1456.72836418 0.00369727 0.03655818
1457.72886443 0.00348195 0.03354320
1458.72936468 0.00326977 0.03077641
1459.72986493 0.00329109 0.02935089
1460.73036518 0.00338382 0.03051325
1461.73086543 0.00486530 0.04529426
1462.73136568 0.00488592 0.04755704
1463.73186593 0.00494661 0.04983585
1464.73236618 0.00519537 0.05039066
1465.73286643 0.00511522 0.04986386
1466.73336668 0.00501794 0.04858566
1467.73386693 0.00492609 0.04779280
1468.73436718 0.00608375 0.05392179
1469.73486743 0.00621360 0.05330115
1470.73536768 0.00546793 0.04843330
1471.73586793 0.00534514 0.04637127
1472.73636818 0.00518774 0.04414681
1473.73686843 0.00481109 0.04206783
1474.73736868 0.00480112 0.04203504
1475.73786893 0.00503587 0.04354109
1476.73836918 0.00491507 0.04346079
1477.73886943 0.00471735 0.04314787
1478.73936968 0.00469714 0.04305895
1479.73986993 0.00438936 0.04192820
1480.74037019 0.00434840 0.04122478
1481.74087044 0.00423231 0.03986949
1482.74137069 0.00426446 0.03929551
1483.74187094 0.00416948 0.03873426
1484.74237119 0.00448756 0.03965962
1485.74287144 0.00438848 0.03959597
1486.74337169 0.00439215 0.03919348
1487.74387194 0.00441998 0.03897126
1488.74437219 0.00407302 0.03763448
1489.74487244 0.00402857 0.03751804
1490.74537269 0.00405252 0.03777631
1491.74587294 0.00403182 0.03760680
1492.74637319 0.00509553 0.04527682
1493.74687344 0.00504775 0.04580227
1494.74737369 0.00502723 0.04628847
1495.74787394 0.00497251 0.04598892
1496.74837419 0.00485668 0.04476011
1497.74887444 0.00490623 0.04481691
1498.74937469 0.00491306 0.04496782
1499.74987494 0.00487158 0.04519903
1500.75037519 0.00589654 0.05070668
1501.75087544 0.00772758 0.06599722
1502.75137569 0.00934556 0.07495334
1503.75187594 0.00960180 0.07593276
1504.75237619 0.00950853 0.07605293
1505.75287644 0.01041455 0.07864955
1506.75337669 0.01017191 0.07660130
1507.75387694 0.00998825 0.07469468
1508.75437719 0.00964111 0.07166571
1509.75487744 0.00957088 0.07048790
1510.75537769 0.00841696 0.06133547
1511.75587794 0.00862753 0.06331255
1512.75637819 0.00895372 0.06579862
1513.75687844 0.00884542 0.06466095
1514.75737869 0.00864314 0.06372568
1515.75787894 0.00877085 0.06406354
1516.75837919 0.00948276 0.07112864
1517.75887944 0.00947857 0.07115625
1518.75937969 0.00933662 0.07029932
1519.75987994 0.00906950 0.06865508
1520.76038019 0.00874088 0.06603802
1521.76088044 0.00845481 0.06313541
1522.76138069 0.00733426 0.05345224
1523.76188094 0.00736660 0.05390661
1524.76238119 0.00733867 0.05376773
1525.76288144 0.00719279 0.05306727
1526.76338169 0.00736754 0.05364235
1527.76388194 0.00754880 0.05423757
1528.76438219 0.00750311 0.05345938
1529.76488244 0.00724142 0.05210623
1530.76538269 0.00691618 0.05076966
1531.76588294 0.00666340 0.04965678
1532.76638319 0.00653760 0.04915574
1533.76688344 0.00636059 0.04871184
1534.76738369 0.00613066 0.04821425
1535.76788394 0.00595802 0.04792679
1536.76838419 0.00748067 0.06027256
1537.76888444 0.00735901 0.05966101
1538.76938469 0.00723771 0.05871123
1539.76988494 0.00722479 0.05905926
1540.77038519 0.00732812 0.05851351
1541.77088544 0.00736714 0.05861191
1542.77138569 0.00737800 0.05925673
1543.77188594 0.00734682 0.05871858
1544.77238619 0.00727506 0.05638068
1545.77288644 0.00699995 0.05343269
1546.77338669 0.00678607 0.05107211
1547.77388694 0.00532216 0.03985371
1548.77438719 0.00491825 0.03792251
1549.77488744 0.00494624 0.03824556
1550.77538769 0.00641219 0.05045150
1551.77588794 0.00629200 0.05087729
1552.77638819 0.00621472 0.05092400
1553.77688844 0.00629742 0.05127702
1554.77738869 0.00644482 0.05166107
1555.77788894 0.00675707 0.05385476
1556.77838919 0.00688253 0.05504796
1557.77888944 0.00678169 0.05411674
1558.77938969 0.00654514 0.05312203
1559.77988994 0.00643648 0.05381529
1560.78039020 0.00592538 0.05278452
1561.78089045 0.00715565 0.05809527
1562.78139070 0.00713214 0.05691783
1563.78189095 0.00698993 0.05619217
1564.78239120 0.00692114 0.05794128
1565.78289145 0.00672433 0.05753996
1566.78339170 0.00650425 0.05649449
1567.78389195 0.00658511 0.05723734
1568.78439220 0.00711441 0.06283650
1569.78489245 0.00706451 0.06122620
1570.78539270 0.00713883 0.06315825
1571.78589295 0.00696295 0.06346230
1572.78639320 0.00654286 0.05975069
1573.78689345 0.00629054 0.05736433
1574.78739370 0.00636809 0.05850405
1575.78789395 0.00666274 0.06140203
1576.78839420 0.00679509 0.06032699
1577.78889445 0.00642732 0.05736081
1578.78939470 0.00613428 0.05654165
1579.78989495 0.00632081 0.05819650
1580.79039520 0.00764141 0.06410080
1581.79089545 0.00879512 0.06793382
1582.79139570 0.00892395 0.06637034
1583.79189595 0.00875842 0.06454296
1584.79239620 0.00874282 0.06387100
1585.79289645 0.00896012 0.06607577
1586.79339670 0.00876040 0.06534572
1587.79389695 0.00841997 0.06232232
1588.79439720 0.00816042 0.06005355
1589.79489745 0.00835502 0.06112707
1590.79539770 0.00875460 0.06541926
1591.79589795 0.00834604 0.06682213
1592.79639820 0.00823810 0.06592964
1593.79689845 0.00776428 0.06050623
1594.79739870 0.00780416 0.05975424
1595.79789895 0.00789061 0.05974450
1596.79839920 0.00771743 0.05925409
1597.79889945 0.00731666 0.05676851
1598.79939970 0.00680606 0.05274360
1599.79989995 0.00643514 0.04880588
1600.80040020 0.00604791 0.04541294
1601.80090045 0.00572413 0.04249160
1602.80140070 0.00551634 0.04174855
1603.80190095 0.00545895 0.04235921
1604.80240120 0.00554909 0.04229665
1605.80290145 0.00542866 0.04181713
1606.80340170 0.00564746 0.04420259
1607.80390195 0.00710245 0.05182148
1608.80440220 0.00838926 0.05929484
1609.80490245 0.00831735 0.05809909
1610.80540270 0.00714158 0.05035824
1611.80590295 0.00772241 0.05378864
1612.80640320 0.00829989 0.05659181
1613.80690345 0.00852470 0.05722405
1614.80740370 0.00816762 0.05419691
1615.80790395 0.00762574 0.05134865
1616.80840420 0.00723393 0.05004034
1617.80890445 0.00715927 0.04932709
1618.80940470 0.00688959 0.04760087
1619.80990495 0.00643976 0.04415614
1620.81040520 0.00579948 0.03992625
1621.81090545 0.00510874 0.03624674
1622.81140570 0.00515785 0.03701980
1623.81190595 0.00549552 0.03932470
1624.81240620 0.00585327 0.04097161
1625.81290645 0.00606374 0.04229639
1626.81340670 0.00705317 0.04836392
1627.81390695 0.00684292 0.04763199
1628.81440720 0.00664189 0.04705140
1629.81490745 0.00661132 0.04544793
1630.81540770 0.00645308 0.04381610
1631.81590795 0.00628541 0.04286115
1632.81640820 0.00587018 0.03951900
1633.81690845 0.00573678 0.03796800
1634.81740870 0.00580400 0.03759604
1635.81790895 0.00858425 0.05955417
1636.81840920 0.00967885 0.06582356
1637.81890945 0.01109998 0.07267895
1638.81940970 0.01113844 0.07262761
1639.81990995 0.01087397 0.07092279
1640.82041021 0.01170241 0.08194425
1641.82091046 0.01084649 0.08109408
1642.82141071 0.00917375 0.06643255
1643.82191096 0.00922610 0.06498920
1644.82241121 0.00945528 0.06505960
1645.82291146 0.00895726 0.06208064
1646.82341171 0.01048174 0.07118061
1647.82391196 0.01006225 0.06953650
1648.82441221 0.00997912 0.06907758
1649.82491246 0.00934440 0.06579344
1650.82541271 0.00787209 0.05792477
1651.82591296 0.00761303 0.05706565
1652.82641321 0.00753406 0.05632181
1653.82691346 0.00736067 0.05617624
1654.82741371 0.00736622 0.05636024
1655.82791396 0.00721178 0.05539558
1656.82841421 0.00723891 0.05493279
1657.82891446 0.00730534 0.05540415
1658.82941471 0.00714261 0.05509020
1659.82991496 0.00693382 0.05442484
1660.83041521 0.00793623 0.05982769
1661.83091546 0.00789958 0.05988436
1662.83141571 0.00798158 0.06082653
1663.83191596 0.00791122 0.06025991
1664.83241621 0.00773010 0.05830071
1665.83291646 0.00760551 0.05707728
1666.83341671 0.00739058 0.05677282
1667.83391696 0.00731084 0.05660671
1668.83441721 0.00724584 0.05624055
1669.83491746 0.00858704 0.06300768
1670.83541771 0.00867230 0.06325185
1671.83591796 0.00864909 0.06399714
1672.83641821 0.00837301 0.06326008
1673.83691846 0.00808688 0.06184913
1674.83741871 0.00805657 0.06192421
1675.83791896 0.00806072 0.06188603
1676.83841921 0.00793489 0.06141316
1677.83891946 0.00773044 0.06035731
1678.83941971 0.00653796 0.05317947
1679.83991996 0.00635886 0.05241704
1680.84042021 0.00623969 0.05123536
1681.84092046 0.00615163 0.05084283
1682.84142071 0.00619415 0.05123234
1683.84192096 0.00618174 0.05140917
1684.84242121 0.00614238 0.05139750
1685.84292146 0.00605662 0.05103355
1686.84342171 0.00598520 0.05040027
1687.84392196 0.00597810 0.05034335
1688.84442221 0.00593734 0.05048783
1689.84492246 0.00578451 0.04952930
1690.84542271 0.00690601 0.05577643
1691.84592296 0.00697701 0.05650509
1692.84642321 0.00694453 0.05551185
1693.84692346 0.00826892 0.06297976
1694.84742371 0.00941625 0.06780314
1695.84792396 0.00953594 0.06824025
1696.84842421 0.00879633 0.06582785
1697.84892446 0.00875268 0.06436922
1698.84942471 0.00873320 0.06453817
1699.84992496 0.00852819 0.06418762
1700.85042521 0.00857640 0.06475403
1701.85092546 0.00868927 0.06547116
1702.85142571 0.00856963 0.06317138
1703.85192596 0.00731629 0.05696151
1704.85242621 0.00726991 0.05724878
1705.85292646 0.00729093 0.05846497
1706.85342671 0.00709181 0.05728440
1707.85392696 0.00688912 0.05556241
1708.85442721 0.00690562 0.05550132
1709.85492746 0.00690407 0.05580308
1710.85542771 0.00692531 0.05611776
1711.85592796 0.00693578 0.05740052
1712.85642821 0.00669541 0.05531012
1713.85692846 0.00677345 0.05639644
1714.85742871 0.00685918 0.05775900
1715.85792896 0.00815010 0.06554912
1716.85842921 0.00812453 0.06408965
1717.85892946 0.00801275 0.06285946
1718.85942971 0.00771440 0.06160978
1719.85992996 0.00748476 0.06071630
1720.86043022 0.00733231 0.05930684
1721.86093047 0.00867681 0.06495930
1722.86143072 0.00786328 0.06141985
1723.86193097 0.00905534 0.06634811
1724.86243122 0.01032617 0.07139673
1725.86293147 0.01038973 0.07248961
1726.86343172 0.01025713 0.07230799
1727.86393197 0.01143573 0.08168694
1728.86443222 0.01100107 0.07807729
1729.86493247 0.01079294 0.07684187
1730.86543272 0.01084630 0.07769857
1731.86593297 0.01083070 0.07768457
1732.86643322 0.01025865 0.07344340
1733.86693347 0.01081100 0.07380627
1734.86743372 0.01041720 0.07217475
1735.86793397 0.01026697 0.07200988
1736.86843422 0.01037591 0.07278760
1737.86893447 0.01041754 0.07246245
1738.86943472 0.01006224 0.07086824
1739.86993497 0.00965890 0.06932004
1740.87043522 0.00942533 0.06818398
1741.87093547 0.00919986 0.06700918
1742.87143572 0.00880370 0.06573935
1743.87193597 0.00871021 0.06566554
1744.87243622 0.00865426 0.06489997
1745.87293647 0.00872312 0.06486404
1746.87343672 0.00953770 0.06825567
1747.87393697 0.00946582 0.06771199
1748.87443722 0.00925807 0.06689351
1749.87493747 0.00911291 0.06590832
1750.87543772 0.00937402 0.06697736
1751.87593797 0.00945274 0.06697166
1752.87643822 0.00942525 0.06680743
1753.87693847 0.00919347 0.06596574
1754.87743872 0.00888123 0.06515768
1755.87793897 0.00858819 0.06497713
1756.87843922 0.00883317 0.06629348
1757.87893947 0.00854245 0.06281676
1758.87943972 0.01021226 0.07164884
1759.87993997 0.01045072 0.07201237
1760.88044022 0.01053700 0.07331063
1761.88094047 0.01040343 0.07365383
1762.88144072 0.01039337 0.07417872
1763.88194097 0.01025042 0.07247190
1764.88244122 0.00997269 0.06863403
1765.88294147 0.00988755 0.06628037
1766.88344172 0.01068221 0.06909665
1767.88394197 0.01004184 0.06625741
1768.88444222 0.00973498 0.06534025
1769.88494247 0.00939972 0.06351239
1770.88544272 0.01092080 0.07038227
1771.88594297 0.01114621 0.07100011
1772.88644322 0.01115140 0.07104041
1773.88694347 0.01238660 0.07694464
1774.88744372 0.01222017 0.07757531
1775.88794397 0.01212829 0.07768419
1776.88844422 0.01192806 0.07712450
1777.88894447 0.01157729 0.07567714
1778.88944472 0.01139794 0.07454013
1779.88994497 0.01117849 0.07392388
1780.89044522 0.01111246 0.07433842
1781.89094547 0.01080508 0.07223341
1782.89144572 0.01071841 0.07239281
1783.89194597 0.01069430 0.07277116
1784.89244622 0.01061138 0.07162127
1785.89294647 0.01074037 0.07113285
1786.89344672 0.01063730 0.07001600
1787.89394697 0.01051941 0.06942771
1788.89444722 0.01033800 0.06849970
1789.89494747 0.00997479 0.06647107
1790.89544772 0.00948110 0.06353534
1791.89594797 0.00899347 0.06080945
1792.89644822 0.00844548 0.05829320
1793.89694847 0.00826049 0.05722807
1794.89744872 0.00953207 0.06300606
1795.89794897 0.00946607 0.06317897
1796.89844922 0.00956531 0.06382442
1797.89894947 0.00942953 0.06332502
1798.89944972 0.00891172 0.05985717
1799.89994997 0.00882147 0.05982579
1800.90045023 0.00899607 0.06135129
1801.90095048 0.00892165 0.06109567
1802.90145073 0.00862966 0.05974587
1803.90195098 0.00829115 0.05795602
1804.90245123 0.00809482 0.05737575
1805.90295148 0.00798758 0.05761300
1806.90345173 0.00790055 0.05711836
1807.90395198 0.00787622 0.05584563
1808.90445223 0.00788971 0.05574341
1809.90495248 0.00802933 0.05600277
1810.90545273 0.00805751 0.05573244
1811.90595298 0.00940898 0.06415549
1812.90645323 0.00926544 0.06431545
1813.90695348 0.01094005 0.07478208
1814.90745373 0.01108847 0.07612778
1815.90795398 0.01134630 0.07544010
1816.90845423 0.01127470 0.07386638
1817.90895448 0.01116060 0.07263373
1818.90945473 0.01127955 0.07212689
1819.90995498 0.01098534 0.07103654
1820.91045523 0.00975221 0.06408613
1821.91095548 0.00943512 0.06156442
1822.91145573 0.01013281 0.06387925
1823.91195598 0.01000625 0.06371377
1824.91245623 0.01005777 0.06364561
1825.91295648 0.01014554 0.06365050
1826.91345673 0.00995816 0.06224473
1827.91395698 0.00941462 0.05978404
1828.91445723 0.00913468 0.05779611
1829.91495748 0.00915016 0.05710652
1830.91545773 0.00921398 0.05744359
1831.91595798 0.00883527 0.05684234
1832.91645823 0.00875654 0.05668300
1833.91695848 0.00865442 0.05631748
1834.91745873 0.00909119 0.05760607
1835.91795898 0.00913090 0.05760556
1836.91845923 0.00904267 0.05631683
1837.91895948 0.00886449 0.05498233
1838.91945973 0.00859646 0.05373094
1839.91995998 0.00840528 0.05333858
1840.92046023 0.00837309 0.05296772
1841.92096048 0.00814598 0.05145977
1842.92146073 0.00805633 0.05116005
1843.92196098 0.00809827 0.05084632
1844.92246123 0.00813248 0.05046075
1845.92296148 0.00801830 0.04986588
1846.92346173 0.00795781 0.04962593
1847.92396198 0.00788513 0.04956669
1848.92446223 0.00803535 0.04964873
1849.92496248 0.00816530 0.04900405
1850.92546273 0.00787927 0.04778574
1851.92596298 0.00791361 0.04770721
1852.92646323 0.00794745 0.04774757
1853.92696348 0.00803690 0.04789833
1854.92746373 0.00815876 0.04849324
1855.92796398 0.00829743 0.04935070
1856.92846423 0.00842590 0.05015184
1857.92896448 0.00962926 0.05653731
1858.92946473 0.00933252 0.05495668
1859.92996498 0.00906033 0.05410793
1860.93046523 0.00886751 0.05357938
1861.93096548 0.00862073 0.05247506
1862.93146573 0.00835611 0.05104025
1863.93196598 0.00799103 0.04915627
1864.93246623 0.00765529 0.04738691
1865.93296648 0.00732576 0.04672745
1866.93346673 0.00674650 0.04594318
1867.93396698 0.00672972 0.04571570
1868.93446723 0.00676329 0.04588706
1869.93496748 0.00869740 0.05810965
1870.93546773 0.00917788 0.05835144
1871.93596798 0.01040890 0.06674823
1872.93646823 0.01070152 0.06908727
1873.93696848 0.01063248 0.06916939
1874.93746873 0.01048050 0.06875028
1875.93796898 0.01057337 0.06949837
1876.93846923 0.01026920 0.06649990
1877.93896948 0.01043944 0.06809091
1878.93946973 0.01018212 0.06757277
1879.93996998 0.00977607 0.06597301
1880.94047024 0.00925051 0.06161465
1881.94097049 0.00902785 0.06133161
1882.94147074 0.00933089 0.06422422
1883.94197099 0.01003747 0.06791707
1884.94247124 0.01200481 0.07638085
1885.94297149 0.01153428 0.07217926
1886.94347174 0.01088893 0.06845755
1887.94397199 0.00901684 0.05657400
1888.94447224 0.00896484 0.05658703
1889.94497249 0.01217727 0.07466320
1890.94547274 0.01193678 0.07389200
1891.94597299 0.01168791 0.07274977
1892.94647324 0.01158619 0.07057045
1893.94697349 0.01350603 0.07825102
1894.94747374 0.01325987 0.07779133
1895.94797399 0.01273817 0.07678796
1896.94847424 0.01284553 0.07591167
1897.94897449 0.01261582 0.07340530
1898.94947474 0.01169254 0.06897741
1899.94997499 0.01123904 0.06716265
1900.95047524 0.01106608 0.06783476
1901.95097549 0.01073023 0.06957316
1902.95147574 0.01074190 0.07232290
1903.95197599 0.01112747 0.07518581
1904.95247624 0.01088867 0.07531996
1905.95297649 0.01059117 0.07723685
1906.95347674 0.01055791 0.07904803
1907.95397699 0.01020589 0.07623794
1908.95447724 0.00978896 0.06970756
1909.95497749 0.00930746 0.06250831
1910.95547774 0.00873464 0.05733807
1911.95597799 0.00894903 0.05988583
1912.95647824 0.00921328 0.06414883
1913.95697849 0.00899784 0.06501924
1914.95747874 0.00865572 0.06274222
1915.95797899 0.00832371 0.06066613
1916.95847924 0.00839243 0.05956865
1917.95897949 0.00866354 0.06051736
1918.95947974 0.01031024 0.07147552
1919.95997999 0.01027494 0.07379306
1920.96048024 0.00989213 0.07353146
1921.96098049 0.00942607 0.07034406
1922.96148074 0.01101312 0.07834880
1923.96198099 0.01112805 0.07967331
1924.96248124 0.01144126 0.08230793
1925.96298149 0.01127521 0.08111168
1926.96348174 0.01056049 0.07654485
1927.96398199 0.00990055 0.07009881
1928.96448224 0.01035640 0.07015901
1929.96498249 0.00976421 0.06696560
1930.96548274 0.00861072 0.06117454
1931.96598299 0.00837007 0.05901444
1932.96648324 0.00873073 0.05980927
1933.96698349 0.00847940 0.05756145
1934.96748374 0.00825771 0.05604491
1935.96798399 0.00812232 0.05482128
1936.96848424 0.00807115 0.05438861
1937.96898449 0.00803636 0.05390940
1938.96948474 0.00787798 0.05316634
1939.96998499 0.00765649 0.05300256
1940.97048524 0.00718523 0.05189605
1941.97098549 0.00706176 0.05031343
1942.97148574 0.00688693 0.04881582
1943.97198599 0.00692337 0.04789313
1944.97248624 0.00673432 0.04682625
1945.97298649 0.00683997 0.04677321
1946.97348674 0.00704207 0.04720457
1947.97398699 0.00699346 0.04666744
1948.97448724 0.00844776 0.05869372
1949.97498749 0.00823031 0.05794351
1950.97548774 0.00794027 0.05588396
1951.97598799 0.00764323 0.05392099
1952.97648824 0.00733734 0.05340607
1953.97698849 0.00708112 0.05190367
1954.97748874 0.00680363 0.05034903
1955.97798899 0.00557446 0.04277782
1956.97848924 0.00549803 0.04207099
1957.97898949 0.00568854 0.04446091
1958.97948974 0.00573574 0.04452579
1959.97998999 0.00478852 0.03428226
1960.98049025 0.00488389 0.03431763
1961.98099050 0.00502783 0.03477642
1962.98149075 0.00511382 0.03497128
1963.98199100 0.00518982 0.03502329
1964.98249125 0.00629298 0.04410607
1965.98299150 0.00601665 0.04402031
1966.98349175 0.00734894 0.05464515
1967.98399200 0.00721340 0.05383074
1968.98449225 0.00695568 0.05157531
1969.98499250 0.00654553 0.04807734
1970.98549275 0.00608449 0.04498661
1971.98599300 0.00502149 0.03840932
1972.98649325 0.00489931 0.03749449
1973.98699350 0.00499651 0.03760122
1974.98749375 0.00502686 0.03741904
1975.98799400 0.00494881 0.03696760
1976.98849425 0.00546703 0.03841488
1977.98899450 0.00554719 0.03922498
1978.98949475 0.00702742 0.05304774
1979.98999500 0.00696571 0.05249037
1980.99049525 0.00706879 0.05535758
1981.99099550 0.00724505 0.05838779
1982.99149575 0.00487212 0.03640852
1983.99199600 0.00645303 0.05333424
1984.99249625 0.00636525 0.05308129
1985.99299650 0.00632469 0.05178342
1986.99349675 0.00768424 0.05827560
1987.99399700 0.00708867 0.05635686
1988.99449725 0.00709271 0.05542003
1989.99499750 0.00709485 0.05470498
1990.99549775 0.00589412 0.04517331
1991.99599800 0.00612364 0.04688365
1992.99649825 0.00612642 0.04727989
1993.99699850 0.00627901 0.04719689
1994.99749875 0.00624699 0.04717616
1995.99799900 0.00619064 0.04673411
1996.99849925 0.00627119 0.04697183
1997.99899950 0.00628414 0.04694572
1998.99949975 0.00628868 0.04611135
2000.00000000 0.00611358 0.04516180
