0.00000000 6.00000000
2.00200200 5.94773542
4.00400400 5.84155108
6.00600601 5.70692380
8.00800801 5.57160100
10.01001001 5.44123523
12.01201201 5.32914000
14.01401401 5.21488749
16.01601602 5.08303834
18.01801802 4.97578161
20.02002002 4.87922921
22.02202202 4.74557385
24.02402402 4.62617840
26.02602603 4.50934802
28.02802803 4.37690004
30.03003003 4.25874378
32.03203203 4.14662091
34.03403403 4.04266483
36.03603604 3.93787913
38.03803804 3.82783368
40.04004004 3.72266903
42.04204204 3.63064351
44.04404404 3.54585851
46.04604605 3.44759227
48.04804805 3.36050124
50.05005005 3.26986406
52.05205205 3.20129946
54.05405405 3.10335326
56.05605606 3.02245720
58.05805806 2.93144207
60.06006006 2.85026253
62.06206206 2.77821066
64.06406406 2.70158105
66.06606607 2.64316372
68.06806807 2.56544181
70.07007007 2.49428974
72.07207207 2.43055491
74.07407407 2.36081127
76.07607608 2.29379990
78.07807808 2.22093082
80.08008008 2.15277902
82.08208208 2.09843923
84.08408408 2.02721011
86.08608609 1.96341102
88.08808809 1.91381348
90.09009009 1.83083789
92.09209209 1.77373244
94.09409409 1.71935262
96.09609610 1.65980502
98.09809810 1.61405673
100.10010010 1.57188080
102.10210210 1.51558237
104.10410410 1.46012098
106.10610611 1.41135292
108.10810811 1.36782186
110.11011011 1.31762107
112.11211211 1.27508670
114.11411411 1.23516445
116.11611612 1.19965813
118.11811812 1.15653860
120.12012012 1.11873934
122.12212212 1.08252758
124.12412412 1.04966399
126.12612613 1.02073675
128.12812813 0.98452521
130.13013013 0.95500166
132.13213213 0.92485003
134.13413413 0.89332840
136.13613614 0.85958240
138.13813814 0.83022551
140.14014014 0.80262515
142.14214214 0.77449468
144.14414414 0.74728380
146.14614615 0.72444403
148.14814815 0.69926083
150.15015015 0.67709877
152.15215215 0.65234409
154.15415415 0.63096098
156.15615616 0.61139261
158.15815816 0.59006807
160.16016016 0.57108510
162.16216216 0.54822874
164.16416416 0.53246613
166.16616617 0.51325510
168.16816817 0.50090051
170.17017017 0.48312943
172.17217217 0.46510935
174.17417417 0.44818618
176.17617618 0.43367200
178.17817818 0.41824861
180.18018018 0.40164125
182.18218218 0.38907338
184.18418418 0.37665552
186.18618619 0.36242117
188.18818819 0.35324378
190.19019019 0.34332280
192.19219219 0.33161138
194.19419419 0.31806634
196.19619620 0.30834928
198.19819820 0.29893257
200.20020020 0.28835049
202.20220220 0.27514734
204.20420420 0.26467504
206.20620621 0.25571922
208.20820821 0.24877401
210.21021021 0.24127245
212.21221221 0.23339453
214.21421421 0.22621114
216.21621622 0.21672943
218.21821822 0.21132470
220.22022022 0.20512721
222.22222222 0.19559445
224.22422422 0.19001191
226.22622623 0.18331050
228.22822823 0.17624054
230.23023023 0.17284607
232.23223223 0.16720279
234.23423423 0.16153771
236.23623624 0.15634387
238.23823824 0.15008375
240.24024024 0.14654697
242.24224224 0.14126823
244.24424424 0.13722139
246.24624625 0.13306796
248.24824825 0.12847742
250.25025025 0.12389161
252.25225225 0.12023835
254.25425425 0.11565434
256.25625626 0.11227420
258.25825826 0.10872519
260.26026026 0.10535207
262.26226226 0.10272147
264.26426426 0.09993101
266.26626627 0.09799818
268.26826827 0.09606954
270.27027027 0.09103269
272.27227227 0.08795806
274.27427427 0.08541788
276.27627628 0.08420111
278.27827828 0.08132341
280.28028028 0.07713617
282.28228228 0.07429736
284.28428428 0.07222422
286.28628629 0.06996330
288.28828829 0.06756359
290.29029029 0.06509597
292.29229229 0.06308942
294.29429429 0.06093002
296.29629630 0.05898503
298.29829830 0.05694297
300.30030030 0.05528357
302.30230230 0.05404422
304.30430430 0.05169676
306.30630631 0.05031358
308.30830831 0.04859249
310.31031031 0.04742510
312.31231231 0.04664370
314.31431431 0.04496516
316.31631632 0.04336492
318.31831832 0.04246119
320.32032032 0.04163703
322.32232232 0.03971885
324.32432432 0.03950132
326.32632633 0.03952859
328.32832833 0.03855565
330.33033033 0.03753012
332.33233233 0.03775776
334.33433433 0.03647737
336.33633634 0.03613228
338.33833834 0.03449221
340.34034034 0.03378047
342.34234234 0.03245303
344.34434434 0.03178989
346.34634635 0.02998368
348.34834835 0.02910221
350.35035035 0.02809849
352.35235235 0.02726715
354.35435435 0.02697222
356.35635636 0.02639261
358.35835836 0.02622922
360.36036036 0.02752702
362.36236236 0.02749814
364.36436436 0.02711676
366.36636637 0.02773436
368.36836837 0.02757383
370.37037037 0.02703069
372.37237237 0.02630873
374.37437437 0.02563695
376.37637638 0.02491887
378.37837838 0.02411718
380.38038038 0.02411554
382.38238238 0.02497091
384.38438438 0.02418315
386.38638639 0.02360315
388.38838839 0.02604176
390.39039039 0.02529372
392.39239239 0.02496846
394.39439439 0.02535918
396.39639640 0.02538586
398.39839840 0.02577590
400.40040040 0.02559065
402.40240240 0.02538622
404.40440440 0.02462553
406.40640641 0.02357490
408.40840841 0.02289146
410.41041041 0.02208261
412.41241241 0.02140111
414.41441441 0.02162674
416.41641642 0.02128751
418.41841842 0.02055805
420.42042042 0.01940369
422.42242242 0.01882208
424.42442442 0.01820731
426.42642643 0.01820920
428.42842843 0.01765557
430.43043043 0.01742095
432.43243243 0.01686646
434.43443443 0.01632286
436.43643644 0.01571120
438.43843844 0.01555454
440.44044044 0.01621431
442.44244244 0.01630461
444.44444444 0.01627871
446.44644645 0.01581594
448.44844845 0.01551356
450.45045045 0.01502803
452.45245245 0.01469219
454.45445445 0.01423875
456.45645646 0.01382369
458.45845846 0.01340453
460.46046046 0.01300158
462.46246246 0.01265209
464.46446446 0.01257655
466.46646647 0.01220308
468.46846847 0.01208078
470.47047047 0.01135929
472.47247247 0.01095687
474.47447447 0.01133459
476.47647648 0.01133195
478.47847848 0.01095798
480.48048048 0.01073275
482.48248248 0.01051062
484.48448448 0.01196700
486.48648649 0.01412589
488.48848849 0.01411069
490.49049049 0.01452909
492.49249249 0.01334270
494.49449449 0.01556734
496.49649650 0.01483182
498.49849850 0.01453663
500.50050050 0.01425863
502.50250250 0.01409451
504.50450450 0.01583648
506.50650651 0.01557645
508.50850851 0.01509542
510.51051051 0.01617558
512.51251251 0.01597523
514.51451451 0.01555336
516.51651652 0.01517047
518.51851852 0.01462396
520.52052052 0.01447022
522.52252252 0.01501563
524.52452452 0.01478186
526.52652653 0.01410162
528.52852853 0.01391561
530.53053053 0.01546569
532.53253253 0.01532392
534.53453453 0.01508299
536.53653654 0.01476682
538.53853854 0.01442452
540.54054054 0.01431371
542.54254254 0.01407708
544.54454454 0.01393270
546.54654655 0.01303545
548.54854855 0.01277501
550.55055055 0.01240077
552.55255255 0.01327400
554.55455455 0.01335997
556.55655656 0.01334274
558.55855856 0.01334648
560.56056056 0.01376802
562.56256256 0.01335645
564.56456456 0.01350241
566.56656657 0.01317205
568.56856857 0.01284727
570.57057057 0.01283406
572.57257257 0.01253807
574.57457457 0.01248769
576.57657658 0.01374415
578.57857858 0.01372614
580.58058058 0.01455016
582.58258258 0.01426441
584.58458458 0.01377848
586.58658659 0.01338732
588.58858859 0.01307765
590.59059059 0.01155732
592.59259259 0.01119821
594.59459459 0.01096287
596.59659660 0.01067302
598.59859860 0.01076037
600.60060060 0.01072679
602.60260260 0.01214360
604.60460460 0.01172235
606.60660661 0.01138249
608.60860861 0.01052421
610.61061061 0.01370873
612.61261261 0.01533893
614.61461461 0.01499813
616.61661662 0.01469041
618.61861862 0.01597033
620.62062062 0.01386615
622.62262262 0.01399183
624.62462462 0.01365326
626.62662663 0.01191979
628.62862863 0.01073189
630.63063063 0.01066450
632.63263263 0.01039610
634.63463463 0.01046776
636.63663664 0.01022856
638.63863864 0.01142523
640.64064064 0.01100764
642.64264264 0.01188997
644.64464464 0.01162461
646.64664665 0.01132905
648.64864865 0.01109902
650.65065065 0.01049988
652.65265265 0.01033935
654.65465465 0.01024041
656.65665666 0.01214773
658.65865866 0.01183902
660.66066066 0.01136240
662.66266266 0.01005728
664.66466466 0.00994945
666.66666667 0.00961006
668.66866867 0.00944500
670.67067067 0.00917493
672.67267267 0.00905112
674.67467467 0.01028458
676.67667668 0.00974978
678.67867868 0.00989128
680.68068068 0.00968329
682.68268268 0.01107541
684.68468468 0.01098429
686.68668669 0.01066424
688.68868869 0.01018357
690.69069069 0.00993337
692.69269269 0.00900970
694.69469469 0.00870652
696.69669670 0.00842119
698.69869870 0.00819397
700.70070070 0.00790466
702.70270270 0.00847759
704.70470470 0.00884916
706.70670671 0.00876428
708.70870871 0.00847319
710.71071071 0.00943228
712.71271271 0.00916987
714.71471471 0.00917971
716.71671672 0.00877479
718.71871872 0.01043277
720.72072072 0.01145109
722.72272272 0.01139063
724.72472472 0.01078131
726.72672673 0.01059928
728.72872873 0.01048784
730.73073073 0.00984954
732.73273273 0.01027854
734.73473473 0.01012038
736.73673674 0.00983538
738.73873874 0.01020948
740.74074074 0.01004522
742.74274274 0.00971671
744.74474474 0.00955306
746.74674675 0.01067619
748.74874875 0.01421091
750.75075075 0.01275661
752.75275275 0.01195095
754.75475475 0.01390203
756.75675676 0.01432850
758.75875876 0.01435919
760.76076076 0.01442682
762.76276276 0.01450468
764.76476476 0.01444188
766.76676677 0.01421462
768.76876877 0.01543057
770.77077077 0.01351408
772.77277277 0.01354810
774.77477477 0.01760443
776.77677678 0.01638975
778.77877878 0.01538953
780.78078078 0.01560099
782.78278278 0.01428094
784.78478478 0.01402370
786.78678679 0.01536118
788.78878879 0.01471683
790.79079079 0.01431539
792.79279279 0.01352864
794.79479479 0.01499579
796.79679680 0.01472825
798.79879880 0.01450878
800.80080080 0.01607382
802.80280280 0.01591191
804.80480480 0.01568508
806.80680681 0.01668654
808.80880881 0.01697650
810.81081081 0.01589249
812.81281281 0.01532347
814.81481481 0.01504860
816.81681682 0.01393680
818.81881882 0.01280136
820.82082082 0.01131750
822.82282282 0.01121715
824.82482482 0.01090844
826.82682683 0.01055131
828.82882883 0.01020677
830.83083083 0.01022969
832.83283283 0.01023866
834.83483483 0.00988779
836.83683684 0.01136599
838.83883884 0.01290043
840.84084084 0.01474717
842.84284284 0.01644092
844.84484484 0.01461102
846.84684685 0.01541097
848.84884885 0.01532297
850.85085085 0.01503903
852.85285285 0.01484027
854.85485485 0.01507301
856.85685686 0.01429468
858.85885886 0.01375569
860.86086086 0.01540696
862.86286286 0.01674046
864.86486486 0.01713161
866.86686687 0.01679684
868.86886887 0.01663884
870.87087087 0.01565999
872.87287287 0.01551149
874.87487487 0.01471003
876.87687688 0.01477607
878.87887888 0.01470618
880.88088088 0.01679860
882.88288288 0.01738096
884.88488488 0.01691719
886.88688689 0.01827937
888.88888889 0.01804605
890.89089089 0.01784868
892.89289289 0.01757096
894.89489489 0.01740328
896.89689690 0.02062807
898.89889890 0.01867423
900.90090090 0.01862847
902.90290290 0.01894203
904.90490490 0.01879364
906.90690691 0.01677305
908.90890891 0.01806732
910.91091091 0.01784850
912.91291291 0.01808184
914.91491491 0.01693138
916.91691692 0.01674989
918.91891892 0.01643674
920.92092092 0.01634400
922.92292292 0.01602501
924.92492492 0.01939248
926.92692693 0.01899660
928.92892893 0.01880644
930.93093093 0.01869774
932.93293293 0.01829949
934.93493493 0.01852029
936.93693694 0.01958385
938.93893894 0.01929363
940.94094094 0.01883523
942.94294294 0.01828569
944.94494494 0.01937336
946.94694695 0.02048608
948.94894895 0.02055422
950.95095095 0.02015966
952.95295295 0.02002728
954.95495495 0.02168690
956.95695696 0.02140386
958.95895896 0.02076820
960.96096096 0.02175099
962.96296296 0.02152909
964.96496496 0.02071954
966.96696697 0.01996546
968.96896897 0.01929918
970.97097097 0.01894329
972.97297297 0.01865753
974.97497497 0.01885231
976.97697698 0.02061480
978.97897898 0.02183204
980.98098098 0.02158704
982.98298298 0.02112372
984.98498498 0.02045264
986.98698699 0.01970026
988.98898899 0.01911373
990.99099099 0.02043850
992.99299299 0.02042233
994.99499499 0.02188617
996.99699700 0.02117085
998.99899900 0.02270226
1001.00100100 0.02515693
1003.00300300 0.02472870
1005.00500501 0.02438104
1007.00700701 0.02275331
1009.00900901 0.02418078
1011.01101101 0.02385326
1013.01301301 0.02397275
1015.01501502 0.02382410
1017.01701702 0.02334071
1019.01901902 0.02284101
1021.02102102 0.02353999
1023.02302302 0.02501547
1025.02502503 0.02588818
1027.02702703 0.02667292
1029.02902903 0.02710980
1031.03103103 0.02685622
1033.03303303 0.02328631
1035.03503504 0.02151489
1037.03703704 0.02099952
1039.03903904 0.01997528
1041.04104104 0.02136319
1043.04304304 0.02133548
1045.04504505 0.02058293
1047.04704705 0.02025931
1049.04904905 0.01999449
1051.05105105 0.01965771
1053.05305305 0.01930905
1055.05505506 0.01729380
1057.05705706 0.01705778
1059.05905906 0.01650303
1061.06106106 0.01796515
1063.06306306 0.01766937
1065.06506507 0.01729461
1067.06706707 0.01642565
1069.06906907 0.01562507
1071.07107107 0.01515726
1073.07307307 0.01477260
1075.07507508 0.01442410
1077.07707708 0.01429708
1079.07907908 0.01562785
1081.08108108 0.01694144
1083.08308308 0.01828609
1085.08508509 0.01624564
1087.08708709 0.01437953
1089.08908909 0.01404978
1091.09109109 0.01369857
1093.09309309 0.01328186
1095.09509510 0.01303929
1097.09709710 0.01269261
1099.09909910 0.01254226
1101.10110110 0.01243035
1103.10310310 0.01212062
1105.10510511 0.01373230
1107.10710711 0.01544569
1109.10910911 0.01506975
1111.11111111 0.01461281
1113.11311311 0.01368025
1115.11511512 0.01392910
1117.11711712 0.01360871
1119.11911912 0.01359012
1121.12112112 0.01328760
1123.12312312 0.01187907
1125.12512513 0.00999572
1127.12712713 0.01118335
1129.12912913 0.01084752
1131.13113113 0.01080605
1133.13313313 0.01008620
1135.13513514 0.00981250
1137.13713714 0.00957370
1139.13913914 0.00818758
1141.14114114 0.00852694
1143.14314314 0.00833939
1145.14514515 0.00599106
1147.14714715 0.00564827
1149.14914915 0.00743579
1151.15115115 0.00699241
1153.15315315 0.00684917
1155.15515516 0.00667840
1157.15715716 0.00651465
1159.15915916 0.00630507
1161.16116116 0.00622129
1163.16316316 0.00782653
1165.16516517 0.00770867
1167.16716717 0.00757292
1169.16916917 0.00730520
1171.17117117 0.00745793
1173.17317317 0.00899318
1175.17517518 0.00888853
1177.17717718 0.00876329
1179.17917918 0.00876404
1181.18118118 0.00867831
1183.18318318 0.00942771
1185.18518519 0.01179706
1187.18718719 0.01108791
1189.18918919 0.01066014
1191.19119119 0.01237703
1193.19319319 0.01253558
1195.19519520 0.01237492
1197.19719720 0.01381317
1199.19919920 0.01365940
1201.20120120 0.01379941
1203.20320320 0.01548066
1205.20520521 0.01539593
1207.20720721 0.01512232
1209.20920921 0.01510508
1211.21121121 0.01488537
1213.21321321 0.01418278
1215.21521522 0.01410421
1217.21721722 0.01413195
1219.21921922 0.01398052
1221.22122122 0.01377082
1223.22322322 0.01358630
1225.22522523 0.01243083
1227.22722723 0.01173114
1229.22922923 0.01313837
1231.23123123 0.01282286
1233.23323323 0.01345849
1235.23523524 0.01324244
1237.23723724 0.01293796
1239.23923924 0.01392381
1241.24124124 0.01156624
1243.24324324 0.01125848
1245.24524525 0.01104588
1247.24724725 0.01454367
1249.24924925 0.01502136
1251.25125125 0.01480029
1253.25325325 0.01451426
1255.25525526 0.01534832
1257.25725726 0.01534411
1259.25925926 0.01645332
1261.26126126 0.01601295
1263.26326326 0.01571827
1265.26526527 0.01725773
1267.26726727 0.01694973
1269.26926927 0.01530512
1271.27127127 0.01513027
1273.27327327 0.01702359
1275.27527528 0.01697824
1277.27727728 0.01666741
1279.27927928 0.01624565
1281.28128128 0.01594396
1283.28328328 0.01452003
1285.28528529 0.01293517
1287.28728729 0.01121572
1289.28928929 0.01088786
1291.29129129 0.01065457
1293.29329329 0.01047342
1295.29529530 0.01022082
1297.29729730 0.01359405
1299.29929930 0.01497035
1301.30130130 0.01467048
1303.30330330 0.01448190
1305.30530531 0.01427576
1307.30730731 0.01416490
1309.30930931 0.01393890
1311.31131131 0.01104342
1313.31331331 0.01197642
1315.31531532 0.01035538
1317.31731732 0.01008792
1319.31931932 0.01233456
1321.32132132 0.01399440
1323.32332332 0.01369689
1325.32532533 0.01341469
1327.32732733 0.01308713
1329.32932933 0.01279924
1331.33133133 0.01458180
1333.33333333 0.01431572
1335.33533534 0.01597547
1337.33733734 0.01577823
1339.33933934 0.01368576
1341.34134134 0.01336141
1343.34334334 0.01504007
1345.34534535 0.01479036
1347.34734735 0.01654248
1349.34934935 0.01621615
1351.35135135 0.01602843
1353.35335335 0.01571185
1355.35535536 0.01543343
1357.35735736 0.01485752
1359.35935936 0.01639926
1361.36136136 0.01607630
1363.36336336 0.01553973
1365.36536537 0.01538064
1367.36736737 0.01891636
1369.36936937 0.01856767
1371.37137137 0.01836666
1373.37337337 0.01813018
1375.37537538 0.01781043
1377.37737738 0.01602378
1379.37937938 0.01632832
1381.38138138 0.01605549
1383.38338338 0.01772245
1385.38538539 0.01945699
1387.38738739 0.01931398
1389.38938939 0.01868252
1391.39139139 0.02007408
1393.39339339 0.01980409
1395.39539540 0.02295126
1397.39739740 0.02199508
1399.39939940 0.02179885
1401.40140140 0.02467607
1403.40340340 0.02432726
1405.40540541 0.02610494
1407.40740741 0.02606531
1409.40940941 0.02566996
1411.41141141 0.02496732
1413.41341341 0.02420800
1415.41541542 0.02408275
1417.41741742 0.02538870
1419.41941942 0.02497437
1421.42142142 0.02709752
1423.42342342 0.02679786
1425.42542543 0.02647781
1427.42742743 0.02450967
1429.42942943 0.02306714
1431.43143143 0.02343163
1433.43343343 0.02307406
1435.43543544 0.02230561
1437.43743744 0.01963883
1439.43943944 0.01913147
1441.44144144 0.01827154
1443.44344344 0.01788992
1445.44544545 0.01569615
1447.44744745 0.01433420
1449.44944945 0.01456776
1451.45145145 0.01423849
1453.45345345 0.01381952
1455.45545546 0.01244202
1457.45745746 0.01243677
1459.45945946 0.01399018
1461.46146146 0.01583623
1463.46346346 0.01674270
1465.46546547 0.01622749
1467.46746747 0.01752361
1469.46946947 0.01686825
1471.47147147 0.01844508
1473.47347347 0.01811745
1475.47547548 0.01776432
1477.47747748 0.01750165
1479.47947948 0.01711335
1481.48148148 0.01819310
1483.48348348 0.01951732
1485.48548549 0.01997807
1487.48748749 0.02202309
1489.48948949 0.02187822
1491.49149149 0.02228077
1493.49349349 0.02329201
1495.49549550 0.02300475
1497.49749750 0.02719553
1499.49949950 0.02690233
1501.50150150 0.02650167
1503.50350350 0.02619310
1505.50550551 0.02502804
1507.50750751 0.02463909
1509.50950951 0.02437522
1511.51151151 0.02470089
1513.51351351 0.02584025
1515.51551552 0.02459386
1517.51751752 0.02372120
1519.51951952 0.02306557
1521.52152152 0.02196240
1523.52352352 0.02143345
1525.52552553 0.02295529
1527.52752753 0.02626614
1529.52952953 0.02700238
1531.53153153 0.02655068
1533.53353353 0.02848236
1535.53553554 0.03148803
1537.53753754 0.03106550
1539.53953954 0.03052314
1541.54154154 0.03026651
1543.54354354 0.03000207
1545.54554555 0.02878549
1547.54754755 0.02878714
1549.54954955 0.02949721
1551.55155155 0.03068528
1553.55355355 0.03004910
1555.55555556 0.03154748
1557.55755756 0.02954142
1559.55955956 0.02619419
1561.56156156 0.02745980
1563.56356356 0.02883677
1565.56556557 0.02676865
1567.56756757 0.02637439
1569.56956957 0.02702402
1571.57157157 0.02531491
1573.57357357 0.02502317
1575.57557558 0.02436758
1577.57757758 0.02512770
1579.57957958 0.02449437
1581.58158158 0.02349157
1583.58358358 0.02376606
1585.58558559 0.02353219
1587.58758759 0.02348538
1589.58958959 0.02144471
1591.59159159 0.02287350
1593.59359359 0.02418636
1595.59559560 0.02538201
1597.59759760 0.02597747
1599.59959960 0.02698484
1601.60160160 0.02659782
1603.60360360 0.02517318
1605.60560561 0.02303842
1607.60760761 0.02124486
1609.60960961 0.02074877
1611.61161161 0.02030088
1613.61361361 0.01934103
1615.61561562 0.01887933
1617.61761762 0.01865340
1619.61961962 0.01656367
1621.62162162 0.02017012
1623.62362362 0.01974105
1625.62562563 0.01898032
1627.62762763 0.01615467
1629.62962963 0.01599303
1631.63163163 0.01747740
1633.63363363 0.01867267
1635.63563564 0.01873594
1637.63763764 0.01841859
1639.63963964 0.02008932
1641.64164164 0.01944358
1643.64364364 0.01793257
1645.64564565 0.01764528
1647.64764765 0.01671233
1649.64964965 0.01627260
1651.65165165 0.01617224
1653.65365365 0.01617567
1655.65565566 0.01589127
1657.65765766 0.01541125
1659.65965966 0.01535896
1661.66166166 0.01376253
1663.66366366 0.01361783
1665.66566567 0.01610471
1667.66766767 0.01727206
1669.66966967 0.01547564
1671.67167167 0.01761032
1673.67367367 0.01742725
1675.67567568 0.01709294
1677.67767768 0.01680417
1679.67967968 0.02022154
1681.68168168 0.02169162
1683.68368368 0.02308217
1685.68568569 0.02271582
1687.68768769 0.02239893
1689.68968969 0.02179316
1691.69169169 0.02137768
1693.69369369 0.02110461
1695.69569570 0.02074935
1697.69769770 0.02172286
1699.69969970 0.02154073
1701.70170170 0.01936478
1703.70370370 0.01899733
1705.70570571 0.01879856
1707.70770771 0.02019690
1709.70970971 0.01988877
1711.71171171 0.01968556
1713.71371371 0.01940225
1715.71571572 0.01824765
1717.71771772 0.01796301
1719.71971972 0.01762367
1721.72172172 0.01579413
1723.72372372 0.01403300
1725.72572573 0.01899038
1727.72772773 0.01866768
1729.72972973 0.02050504
1731.73173173 0.02046995
1733.73373373 0.02032518
1735.73573574 0.01847817
1737.73773774 0.01835777
1739.73973974 0.01980559
1741.74174174 0.01948686
1743.74374374 0.01916373
1745.74574575 0.01762427
1747.74774775 0.01925575
1749.74974975 0.02036109
1751.75175175 0.02151852
1753.75375375 0.02127776
1755.75575576 0.02113962
1757.75775776 0.02078969
1759.75975976 0.02042542
1761.76176176 0.02061549
1763.76376376 0.01911412
1765.76576577 0.01883539
1767.76776777 0.01674720
1769.76976977 0.01626122
1771.77177177 0.01670416
1773.77377377 0.01611358
1775.77577578 0.01742639
1777.77777778 0.01636347
1779.77977978 0.01601531
1781.78178178 0.01579630
1783.78378378 0.01546549
1785.78578579 0.01516401
1787.78778779 0.01711027
1789.78978979 0.01747579
1791.79179179 0.01704386
1793.79379379 0.01695641
1795.79579580 0.01662467
1797.79779780 0.01793087
1799.79979980 0.01720760
1801.80180180 0.01755382
1803.80380380 0.01936233
1805.80580581 0.01895052
1807.80780781 0.02129335
1809.80980981 0.02106241
1811.81181181 0.02057028
1813.81381381 0.02218416
1815.81581582 0.01920075
1817.81781782 0.01898224
1819.81981982 0.01693796
1821.82182182 0.01568628
1823.82382382 0.01962400
1825.82582583 0.02230871
1827.82782783 0.02024620
1829.82982983 0.02182644
1831.83183183 0.02348608
1833.83383383 0.02292284
1835.83583584 0.02472175
1837.83783784 0.02400173
1839.83983984 0.02272121
1841.84184184 0.02250378
1843.84384384 0.02198351
1845.84584585 0.02173256
1847.84784785 0.02028218
1849.84984985 0.02197091
1851.85185185 0.02082320
1853.85385385 0.02065977
1855.85585586 0.02200678
1857.85785786 0.02174303
1859.85985986 0.02664179
1861.86186186 0.02568020
1863.86386386 0.02525597
1865.86586587 0.02146054
1867.86786787 0.02114378
1869.86986987 0.02078166
1871.87187187 0.02219618
1873.87387387 0.02183484
1875.87587588 0.02341568
1877.87787788 0.02312696
1879.87987988 0.02192734
1881.88188188 0.02042803
1883.88388388 0.02013595
1885.88588589 0.01991587
1887.88788789 0.01810051
1889.88988989 0.01793266
1891.89189189 0.01653305
1893.89389389 0.01594739
1895.89589590 0.01962422
1897.89789790 0.02080656
1899.89989990 0.02030632
1901.90190190 0.01978549
1903.90390390 0.02130209
1905.90590591 0.02087744
1907.90790791 0.02010130
1909.90990991 0.02004980
1911.91191191 0.01926566
1913.91391391 0.02089725
1915.91591592 0.02429066
1917.91791792 0.02436868
1919.91991992 0.02426963
1921.92192192 0.02121483
1923.92392392 0.02094031
1925.92592593 0.02064995
1927.92792793 0.02247371
1929.92992993 0.02205685
1931.93193193 0.02183084
1933.93393393 0.02107545
1935.93593594 0.02095841
1937.93793794 0.02235755
1939.93993994 0.02190079
1941.94194194 0.02142067
1943.94394394 0.02117305
1945.94594595 0.02284011
1947.94794795 0.02259295
1949.94994995 0.02163569
1951.95195195 0.02050215
1953.95395395 0.01910963
1955.95595596 0.01976507
1957.95795796 0.01948177
1959.95995996 0.02133876
1961.96196196 0.02085585
1963.96396396 0.02076987
1965.96596597 0.02062677
1967.96796797 0.02031516
1969.96996997 0.02014474
1971.97197197 0.01846387
1973.97397397 0.01820758
1975.97597598 0.01788467
1977.97797798 0.01758436
1979.97997998 0.01908196
1981.98198198 0.01723995
1983.98398398 0.01694946
1985.98598599 0.01678125
1987.98798799 0.01664715
1989.98998999 0.01816793
1991.99199199 0.01963947
1993.99399399 0.02143762
1995.99599600 0.02122890
1997.99799800 0.02290931
2000.00000000 0.02253381
