0.00000000 0.00000000 0.00000000
1.00100100 0.03395482 0.02066092
2.00200200 0.04207771 0.02966718
3.00300300 0.04355655 0.04139530
4.00400400 0.04320487 0.04360153
5.00500501 0.04331061 0.04063973
6.00600601 0.04310412 0.03999062
7.00700701 0.04195374 0.03972534
8.00800801 0.04047911 0.03867527
9.00900901 0.04047516 0.04134631
10.01001001 0.04162446 0.04512541
11.01101101 0.04036865 0.04882513
12.01201201 0.03780157 0.05087041
13.01301301 0.03463107 0.04715784
14.01401401 0.03172526 0.04447960
15.01501502 0.03015306 0.04435954
16.01601602 0.02877332 0.04421327
17.01701702 0.02751790 0.04367364
18.01801802 0.02615240 0.04250890
19.01901902 0.02412673 0.04131842
20.02002002 0.02491801 0.05668115
21.02102102 0.02336570 0.05594731
22.02202202 0.02160611 0.04224342
23.02302302 0.02128920 0.04581096
24.02402402 0.02130886 0.05494931
25.02502503 0.02096363 0.05510820
26.02602603 0.01998303 0.05256838
27.02702703 0.02153949 0.06751220
28.02802803 0.02064720 0.06375865
29.02902903 0.02055102 0.06490814
30.03003003 0.01781329 0.05038476
31.03103103 0.01758114 0.05272251
32.03203203 0.01696682 0.04925296
33.03303303 0.01642294 0.04696495
34.03403403 0.01561886 0.04735698
35.03503504 0.01372964 0.04064340
36.03603604 0.01284865 0.03916737
37.03703704 0.01204798 0.03604846
38.03803804 0.01378797 0.05474481
39.03903904 0.01178667 0.04785532
40.04004004 0.01137042 0.04748995
41.04104104 0.01058656 0.04687876
42.04204204 0.01056861 0.04824823
43.04304304 0.00973666 0.04587481
44.04404404 0.00923196 0.04454091
45.04504505 0.00857992 0.04227040
46.04604605 0.00937930 0.04204028
47.04704705 0.00869859 0.03854889
48.04804805 0.00897037 0.04010408
49.04904905 0.01012686 0.05126485
50.05005005 0.00897135 0.04141197
51.05105105 0.01032262 0.04858638
52.05205205 0.00938259 0.04554345
53.05305305 0.00964555 0.04545048
54.05405405 0.00991184 0.04801641
55.05505506 0.00881670 0.04383069
56.05605606 0.00876795 0.04342435
57.05705706 0.00989841 0.04587343
58.05805806 0.00964189 0.04527161
59.05905906 0.00850832 0.03937857
60.06006006 0.00933397 0.05254074
61.06106106 0.00924566 0.05049538
62.06206206 0.00937013 0.04946469
63.06306306 0.01042513 0.06098427
64.06406406 0.01209979 0.07317222
65.06506507 0.01254214 0.07555132
66.06606607 0.01090856 0.06545143
67.06706707 0.01072667 0.06413380
68.06806807 0.01207229 0.07278342
69.06906907 0.01154117 0.06938901
70.07007007 0.01150005 0.06823821
71.07107107 0.01138852 0.06683488
72.07207207 0.01077114 0.06348217
73.07307307 0.01033033 0.05992784
74.07407407 0.01298351 0.07698978
75.07507508 0.01191619 0.07051318
76.07607608 0.01130918 0.06854567
77.07707708 0.01370434 0.08341597
78.07807808 0.01288602 0.08219009
79.07907908 0.01424177 0.09000444
80.08008008 0.01305570 0.08560805
81.08108108 0.01192683 0.07747523
82.08208208 0.01009865 0.06871623
83.08308308 0.01008398 0.06593719
84.08408408 0.01002557 0.06294317
85.08508509 0.01133667 0.07281133
86.08608609 0.01346639 0.08260735
87.08708709 0.01292442 0.08018384
88.08808809 0.01225714 0.07545028
89.08908909 0.01333509 0.08207733
90.09009009 0.01257872 0.07869558
91.09109109 0.01225088 0.07989893
92.09209209 0.01169067 0.07859990
93.09309309 0.01079965 0.07020784
94.09409409 0.01020850 0.06523884
95.09509510 0.01146629 0.07274560
96.09609610 0.01098414 0.06844679
97.09709710 0.01070039 0.06713464
98.09809810 0.00987146 0.06029125
99.09909910 0.01098533 0.06535134
100.10010010 0.01043461 0.06230526
101.10110110 0.00914894 0.05505936
102.10210210 0.00899314 0.05221044
103.10310310 0.00942602 0.05653977
104.10410410 0.01054702 0.06507630
105.10510511 0.00961960 0.05539412
106.10610611 0.00923278 0.05463994
107.10710711 0.00898362 0.05348754
108.10810811 0.00860249 0.05133865
109.10910911 0.00759390 0.04655829
110.11011011 0.00684638 0.04327197
111.11111111 0.00821838 0.05498504
112.11211211 0.00967455 0.06639647
113.11311311 0.00979791 0.06209399
114.11411411 0.00912282 0.05974893
115.11511512 0.01066699 0.07006297
116.11611612 0.00987545 0.06646987
117.11711712 0.00909870 0.05880867
118.11811812 0.00953750 0.06296773
119.11911912 0.01075455 0.06931005
120.12012012 0.01131827 0.07358709
121.12112112 0.01112963 0.07241241
122.12212212 0.01270236 0.08177508
123.12312312 0.01145586 0.07510351
124.12412412 0.01089331 0.07135034
125.12512513 0.01140872 0.07658350
126.12612613 0.01300623 0.08217475
127.12712713 0.01256791 0.07883046
128.12812813 0.01119202 0.06842155
129.12912913 0.01117046 0.07022128
130.13013013 0.01097913 0.06862415
131.13113113 0.01094196 0.06651338
132.13213213 0.01182668 0.07302212
133.13313313 0.01296482 0.07892051
134.13413413 0.01561385 0.09248901
135.13513514 0.01446214 0.08928044
136.13613614 0.01764946 0.10109824
137.13713714 0.01668250 0.09249528
138.13813814 0.01586816 0.08689031
139.13913914 0.01526589 0.08449212
140.14014014 0.01454375 0.07877437
141.14114114 0.01480220 0.08053164
142.14214214 0.01451521 0.07860898
143.14314314 0.01352040 0.07497601
144.14414414 0.01247798 0.06956708
145.14514515 0.01173851 0.06569476
146.14614615 0.01130543 0.06413386
147.14714715 0.01045140 0.06035814
148.14814815 0.01131964 0.06689070
149.14914915 0.01122160 0.06540656
150.15015015 0.01147114 0.06424252
151.15115115 0.01130066 0.06390640
152.15215215 0.01125843 0.06167971
153.15315315 0.01079378 0.05779407
154.15415415 0.00978694 0.05088351
155.15515516 0.00886539 0.04699214
156.15615616 0.00813903 0.04261896
157.15715716 0.00766969 0.04063822
158.15815816 0.00739233 0.03985452
159.15915916 0.00711871 0.03638900
160.16016016 0.00688290 0.03345034
161.16116116 0.00694096 0.03385514
162.16216216 0.00654286 0.03158925
163.16316316 0.00624152 0.02902799
164.16416416 0.00741214 0.04654419
165.16516517 0.00882550 0.06053287
166.16616617 0.01197463 0.08037303
167.16716717 0.01056705 0.07057079
168.16816817 0.01179773 0.07535683
169.16916917 0.01069842 0.07320695
170.17017017 0.00849857 0.05854458
171.17117117 0.00866091 0.05178951
172.17217217 0.00794631 0.04715346
173.17317317 0.00815143 0.04541602
174.17417417 0.00811210 0.04575471
175.17517518 0.00774220 0.04604885
176.17617618 0.00763971 0.04579512
177.17717718 0.00866885 0.05530066
178.17817818 0.00732141 0.04377446
179.17917918 0.00734888 0.04403611
180.18018018 0.00706121 0.04227822
181.18118118 0.00717100 0.04319460
182.18218218 0.00668289 0.04028809
183.18318318 0.00814652 0.05400926
184.18418418 0.00982005 0.07067157
185.18518519 0.00932632 0.07018122
186.18618619 0.00919757 0.06716082
187.18718719 0.01014878 0.07485817
188.18818819 0.01160213 0.08467305
189.18918919 0.01120336 0.08202769
190.19019019 0.00958474 0.07215347
191.19119119 0.00961199 0.07470913
192.19219219 0.00887135 0.07099063
193.19319319 0.00914835 0.07161971
194.19419419 0.00885970 0.06239330
195.19519520 0.01122361 0.07518246
196.19619620 0.01027727 0.07071706
197.19719720 0.01083001 0.07559979
198.19819820 0.01095177 0.07224924
199.19919920 0.01085445 0.07133210
200.20020020 0.01044822 0.06835014
201.20120120 0.00934312 0.05752470
202.20220220 0.01050899 0.06800397
203.20320320 0.01116680 0.07169893
204.20420420 0.01021170 0.06690714
205.20520521 0.00983478 0.06460633
206.20620621 0.00719775 0.04665653
207.20720721 0.00684546 0.04318114
208.20820821 0.00775135 0.05378757
209.20920921 0.00858339 0.05805531
210.21021021 0.00783413 0.05484192
211.21121121 0.00715629 0.05184469
212.21221221 0.00893336 0.06637192
213.21321321 0.00964393 0.06998340
214.21421421 0.00973901 0.07489434
215.21521522 0.01076532 0.07609364
216.21621622 0.00983327 0.06400389
217.21721722 0.00935231 0.06301282
218.21821822 0.00906360 0.06522494
219.21921922 0.00898243 0.06261074
220.22022022 0.00922415 0.06638612
221.22122122 0.01259686 0.08704725
222.22222222 0.01486659 0.09741581
223.22322322 0.01636761 0.10210031
224.22422422 0.01645745 0.09883003
225.22522523 0.01387945 0.08805502
226.22622623 0.01359220 0.08454115
227.22722723 0.00960508 0.05622717
228.22822823 0.01152501 0.06216707
229.22922923 0.01454975 0.08242058
230.23023023 0.01373464 0.07933941
231.23123123 0.01310882 0.07708889
232.23223223 0.01148653 0.07194529
233.23323323 0.01086309 0.06961154
234.23423423 0.01263712 0.07967605
235.23523524 0.01168251 0.07036815
236.23623624 0.00906495 0.05256398
237.23723724 0.00821596 0.04728213
238.23823824 0.00715672 0.03970833
239.23923924 0.00817966 0.04782998
240.24024024 0.00729663 0.03820162
241.24124124 0.01002421 0.06814319
242.24224224 0.00878372 0.06467507
243.24324324 0.00927601 0.06513957
244.24424424 0.00948144 0.06561887
245.24524525 0.00938786 0.06472261
246.24624625 0.01435823 0.09258968
247.24724725 0.01368786 0.08603371
248.24824825 0.01120665 0.07201560
249.24924925 0.01182535 0.07868615
250.25025025 0.00964967 0.06406210
251.25125125 0.01100559 0.07460967
252.25225225 0.00979440 0.06449479
253.25325325 0.01148531 0.07436435
254.25425425 0.00989217 0.06789827
255.25525526 0.00974396 0.06850121
256.25625626 0.01113404 0.07701072
257.25725726 0.01126745 0.07778945
258.25825826 0.01111431 0.07666332
259.25925926 0.01072971 0.07476957
260.26026026 0.01202126 0.08207250
261.26126126 0.01279398 0.08444121
262.26226226 0.01250213 0.07578518
263.26326326 0.01157501 0.06973789
264.26426426 0.01375047 0.08883685
265.26526527 0.01269933 0.08253127
266.26626627 0.01201327 0.08008543
267.26726727 0.01131392 0.07420515
268.26826827 0.01049867 0.07009189
269.26926927 0.01433588 0.08548729
270.27027027 0.01314891 0.07840772
271.27127127 0.01428428 0.08477127
272.27227227 0.01183464 0.06983053
273.27327327 0.01180080 0.07368927
274.27427427 0.01355833 0.08696222
275.27527528 0.01428051 0.09011442
276.27627628 0.01538119 0.09465217
277.27727728 0.01283000 0.08488055
278.27827828 0.01114377 0.07889916
279.27927928 0.01076041 0.07583621
280.28028028 0.01025976 0.07281179
281.28128128 0.00909601 0.06403942
282.28228228 0.00880985 0.06065152
283.28328328 0.00762464 0.04851030
284.28428428 0.00751960 0.04906632
285.28528529 0.01017104 0.06395114
286.28628629 0.00950997 0.06015449
287.28728729 0.00926875 0.05794667
288.28828829 0.00887014 0.05419732
289.28928929 0.01205658 0.07722400
290.29029029 0.01133839 0.07328047
291.29129129 0.01143289 0.07476728
292.29229229 0.01164812 0.07954771
293.29329329 0.01017324 0.07148357
294.29429429 0.00916109 0.06765115
295.29529530 0.00843503 0.06386897
296.29629630 0.00759813 0.05941130
297.29729730 0.00897675 0.05923179
298.29829830 0.00872821 0.05753350
299.29929930 0.00768945 0.05308154
300.30030030 0.00722431 0.05058206
301.30130130 0.01144451 0.07791367
302.30230230 0.01114391 0.07544722
303.30330330 0.01225103 0.08536812
304.30430430 0.01062145 0.07751882
305.30530531 0.01436216 0.09424724
306.30630631 0.01559263 0.09731211
307.30730731 0.01487986 0.09423465
308.30830831 0.01600698 0.09986286
309.30930931 0.01881169 0.11145032
310.31031031 0.01640265 0.10013818
311.31131131 0.01530604 0.09720923
312.31231231 0.01508879 0.09797777
313.31331331 0.01511841 0.09623821
314.31431431 0.01389550 0.08857868
315.31531532 0.01232913 0.07956121
316.31631632 0.01213653 0.08005714
317.31731732 0.01362278 0.08814542
318.31831832 0.01433714 0.09218389
319.31931932 0.01867350 0.10717135
320.32032032 0.01797638 0.10357503
321.32132132 0.01978247 0.10936005
322.32232232 0.02240142 0.11651016
323.32332332 0.01980499 0.10294711
324.32432432 0.02017865 0.10569150
325.32532533 0.01825589 0.09697575
326.32632633 0.01706862 0.09349399
327.32732733 0.01500870 0.08604846
328.32832833 0.01425045 0.08362931
329.32932933 0.01479441 0.08870912
330.33033033 0.01436859 0.08818518
331.33133133 0.01380142 0.08372639
332.33233233 0.01560922 0.09098281
333.33333333 0.01697788 0.09747050
334.33433433 0.01710593 0.10087929
335.33533534 0.02038865 0.11569209
336.33633634 0.01745028 0.10015894
337.33733734 0.01713179 0.09876541
338.33833834 0.01733334 0.09944947
339.33933934 0.01586131 0.09055035
340.34034034 0.01535879 0.08810641
341.34134134 0.01463995 0.08453172
342.34234234 0.01544623 0.09007916
343.34334334 0.01417711 0.08539943
344.34434434 0.01362612 0.08128130
345.34534535 0.01247702 0.07706329
346.34634635 0.01195087 0.07239642
347.34734735 0.00972143 0.05659269
348.34834835 0.01178272 0.07146997
349.34934935 0.01036109 0.06459283
350.35035035 0.01214244 0.07538367
351.35135135 0.01314769 0.08221010
352.35235235 0.01350569 0.08476678
353.35335335 0.01429659 0.08772213
354.35435435 0.01367412 0.08481346
355.35535536 0.01510366 0.09352091
356.35635636 0.01986818 0.11409572
357.35735736 0.01748965 0.10213380
358.35835836 0.01919721 0.11281568
359.35935936 0.01880855 0.11416084
360.36036036 0.01964739 0.11450623
361.36136136 0.01965769 0.11360901
362.36236236 0.01930855 0.11268176
363.36336336 0.02013566 0.11514248
364.36436436 0.01891888 0.10830977
365.36536537 0.01948893 0.10848184
366.36636637 0.01815827 0.10275022
367.36736737 0.01682364 0.09574376
368.36836837 0.01593855 0.09074669
369.36936937 0.01707207 0.09526846
370.37037037 0.01604339 0.09101291
371.37137137 0.01431828 0.08233271
372.37237237 0.01175070 0.07022035
373.37337337 0.01278411 0.08050991
374.37437437 0.01365049 0.08783502
375.37537538 0.01218856 0.07807071
376.37637638 0.01175705 0.07592981
377.37737738 0.01475627 0.09424809
378.37837838 0.01134801 0.07387766
379.37937938 0.01222949 0.07433063
380.38038038 0.01331818 0.07973016
381.38138138 0.01176446 0.07177293
382.38238238 0.01009140 0.06318264
383.38338338 0.00887021 0.05668387
384.38438438 0.01022897 0.06637147
385.38538539 0.01014057 0.06708464
386.38638639 0.01505852 0.09403535
387.38738739 0.01454457 0.09239657
388.38838839 0.01359725 0.08973762
389.38938939 0.01481249 0.09977796
390.39039039 0.01525134 0.10119770
391.39139139 0.01680262 0.10262163
392.39239239 0.01539427 0.09343344
393.39339339 0.01330248 0.08081084
394.39439439 0.01292753 0.07920029
395.39539540 0.01223091 0.07389369
396.39639640 0.01178712 0.07192472
397.39739740 0.01265761 0.07855072
398.39839840 0.01209637 0.07503340
399.39939940 0.01010720 0.06040164
400.40040040 0.01426047 0.08406886
401.40140140 0.01342865 0.08210109
402.40240240 0.01386924 0.08768826
403.40340340 0.01312374 0.08154303
404.40440440 0.01210422 0.07720707
405.40540541 0.01293387 0.08277252
406.40640641 0.01269188 0.07898775
407.40740741 0.01253454 0.07813016
408.40840841 0.01378172 0.08616966
409.40940941 0.01471547 0.09148408
410.41041041 0.01221387 0.07277000
411.41141141 0.01423709 0.08108813
412.41241241 0.01307771 0.07351550
413.41341341 0.01060022 0.06078609
414.41441441 0.01278295 0.07571807
415.41541542 0.01207441 0.07424373
416.41641642 0.01133232 0.07057607
417.41741742 0.01080580 0.06837277
418.41841842 0.01027012 0.06483302
419.41941942 0.00991110 0.06297579
420.42042042 0.01036649 0.06675891
421.42142142 0.01015334 0.06740568
422.42242242 0.01071206 0.06946534
423.42342342 0.01384685 0.09176592
424.42442442 0.01495432 0.09618822
425.42542543 0.01667041 0.10190254
426.42642643 0.01635042 0.09827835
427.42742743 0.01419192 0.08679098
428.42842843 0.01385213 0.08863607
429.42942943 0.01276242 0.08601267
430.43043043 0.01404359 0.09379489
431.43143143 0.01509393 0.09992421
432.43243243 0.01255195 0.08621769
433.43343343 0.00983948 0.07059880
434.43443443 0.00966936 0.07054163
435.43543544 0.00699749 0.04740335
436.43643644 0.01041255 0.07662040
437.43743744 0.00881479 0.06996571
438.43843844 0.00915390 0.07125094
439.43943944 0.01323013 0.09105622
440.44044044 0.01518473 0.09991571
441.44144144 0.01369697 0.09006379
442.44244244 0.01274490 0.08281499
443.44344344 0.01158756 0.07762316
444.44444444 0.01018679 0.06940931
445.44544545 0.00896334 0.06505443
446.44644645 0.01194893 0.08406655
447.44744745 0.01132722 0.08216206
448.44844845 0.01055785 0.07878142
449.44944945 0.00937325 0.07522074
450.45045045 0.00836640 0.06737461
451.45145145 0.00881933 0.07028109
452.45245245 0.01031490 0.08004261
453.45345345 0.01019571 0.07747595
454.45445445 0.00961482 0.07179975
455.45545546 0.01303598 0.09050167
456.45645646 0.01326385 0.08987201
457.45745746 0.01081661 0.07720680
458.45845846 0.00939150 0.06618391
459.45945946 0.00673910 0.04515674
460.46046046 0.00811337 0.05655721
461.46146146 0.00744564 0.05265051
462.46246246 0.00683610 0.04921311
463.46346346 0.00633820 0.04774122
464.46446446 0.00598259 0.05095758
465.46546547 0.00740337 0.05974209
466.46646647 0.00715730 0.05718771
467.46746747 0.00675478 0.05044754
468.46846847 0.01013897 0.07338384
469.46946947 0.00669770 0.03935957
470.47047047 0.00640130 0.03845005
471.47147147 0.00663354 0.03940071
472.47247247 0.00585362 0.03451712
473.47347347 0.00529630 0.03169489
474.47447447 0.00507697 0.02968245
475.47547548 0.00595932 0.04390256
476.47647648 0.00437932 0.02236765
477.47747748 0.00386310 0.01942705
478.47847848 0.00552349 0.04739480
479.47947948 0.00688848 0.06144028
480.48048048 0.00690710 0.05791281
481.48148148 0.00694998 0.05684908
482.48248248 0.00635362 0.05144233
483.48348348 0.00773859 0.06409637
484.48448448 0.00533378 0.04687349
485.48548549 0.00516106 0.04505887
486.48648649 0.00696949 0.06057591
487.48748749 0.00496042 0.03742068
488.48848849 0.00691162 0.05837610
489.48948949 0.00696741 0.05709263
490.49049049 0.00693326 0.05657321
491.49149149 0.00911739 0.06903522
492.49249249 0.00656373 0.05116374
493.49349349 0.00625569 0.05050830
494.49449449 0.00743221 0.06310800
495.49549550 0.00991286 0.07519209
496.49649650 0.00995686 0.07513638
497.49749750 0.01322027 0.09451980
498.49849850 0.01434711 0.09601480
499.49949950 0.01158701 0.07905854
500.50050050 0.01134003 0.07688440
501.50150150 0.01517254 0.09675824
502.50250250 0.01437092 0.09187539
503.50350350 0.01364246 0.08949688
504.50450450 0.01458341 0.08971673
505.50550551 0.01441695 0.08770673
506.50650651 0.01362563 0.08565572
507.50750751 0.01337078 0.08645588
508.50850851 0.01560710 0.09774249
509.50950951 0.01470154 0.09624260
510.51051051 0.01324675 0.08956993
511.51151151 0.01288098 0.08743486
512.51251251 0.01101806 0.07913856
513.51351351 0.01241397 0.08540627
514.51451451 0.01534712 0.09922124
515.51551552 0.01755257 0.10712723
516.51651652 0.01545821 0.09664210
517.51751752 0.01431733 0.08580190
518.51851852 0.01156106 0.07252597
519.51951952 0.01286376 0.08192614
520.52052052 0.01422497 0.09099180
521.52152152 0.01376288 0.08850673
522.52252252 0.01298159 0.08204633
523.52352352 0.01231583 0.08052071
524.52452452 0.01432216 0.09127756
525.52552553 0.01400950 0.09134283
526.52652653 0.01312275 0.08829985
527.52752753 0.01248288 0.08442754
528.52852853 0.01584464 0.09894875
529.52952953 0.01744305 0.10668242
530.53053053 0.01706552 0.10383340
531.53153153 0.01855951 0.10859294
532.53253253 0.01614104 0.09749811
533.53353353 0.01453674 0.09083215
534.53453453 0.01617482 0.10145272
535.53553554 0.01773033 0.11017739
536.53653654 0.01510033 0.09453318
537.53753754 0.01788429 0.10518891
538.53853854 0.01689412 0.10074680
539.53953954 0.01395012 0.08519467
540.54054054 0.01330677 0.08172644
541.54154154 0.01128804 0.07032802
542.54254254 0.01088250 0.06884633
543.54354354 0.01069239 0.08090053
544.54454454 0.01523324 0.09990322
545.54554555 0.01585414 0.09615864
546.54654655 0.01467417 0.08697642
547.54754755 0.01482678 0.08447903
548.54854855 0.01396472 0.08082937
549.54954955 0.01288281 0.07605055
550.55055055 0.01029753 0.05897065
551.55155155 0.00949657 0.05419052
552.55255255 0.00797830 0.04481777
553.55355355 0.01149671 0.07488664
554.55455455 0.01270429 0.08249390
555.55555556 0.01401568 0.08939406
556.55655656 0.01333911 0.08628189
557.55755756 0.01227400 0.08040097
558.55855856 0.01294629 0.08260722
559.55955956 0.01209166 0.07838352
560.56056056 0.01307268 0.08437113
561.56156156 0.01140605 0.07089842
562.56256256 0.01033355 0.06614863
563.56356356 0.01084342 0.06807963
564.56456456 0.00999105 0.06386327
565.56556557 0.01291413 0.08306793
566.56656657 0.01214008 0.08025050
567.56756757 0.01161272 0.07777984
568.56856857 0.01081969 0.07393991
569.56956957 0.00956345 0.06992660
570.57057057 0.00918447 0.06648580
571.57157157 0.00688741 0.04706386
572.57257257 0.00725113 0.04492535
573.57357357 0.00738653 0.04792649
574.57457457 0.00745421 0.04795806
575.57557558 0.01232956 0.08554923
576.57657658 0.01114476 0.06638267
577.57757758 0.01186832 0.07166429
578.57857858 0.01268420 0.07910560
579.57957958 0.01213182 0.07716156
580.58058058 0.01049101 0.06508400
581.58158158 0.00934746 0.05947539
582.58258258 0.00895662 0.06024721
583.58358358 0.00810320 0.05242460
584.58458458 0.00770506 0.05157794
585.58558559 0.00886956 0.06290518
586.58658659 0.00881207 0.06374525
587.58758759 0.00837713 0.06291105
588.58858859 0.00966459 0.07087130
589.58958959 0.00908904 0.06740609
590.59059059 0.00841726 0.06474906
591.59159159 0.00706262 0.04950852
592.59259259 0.00651014 0.04637131
593.59359359 0.00547469 0.03515879
594.59459459 0.00660857 0.04496851
595.59559560 0.00690067 0.04881783
596.59659660 0.00685214 0.04782621
597.59759760 0.00816786 0.05619505
598.59859860 0.00952470 0.06844444
599.59959960 0.00878556 0.06552949
600.60060060 0.00852867 0.06458309
601.60160160 0.00740135 0.05708888
602.60260260 0.00736367 0.05613349
603.60360360 0.00599777 0.04282422
604.60460460 0.00555031 0.04065751
605.60560561 0.00475484 0.03499464
606.60660661 0.00666971 0.05710618
607.60760761 0.00638778 0.05685774
608.60860861 0.00938720 0.07590115
609.60960961 0.01133788 0.08726928
610.61061061 0.01054223 0.08062067
611.61161161 0.01088395 0.08404749
612.61261261 0.01191672 0.08490415
613.61361361 0.01414410 0.09763991
614.61461461 0.01291674 0.08814564
615.61561562 0.01243405 0.08530945
616.61661662 0.01201110 0.08278592
617.61761762 0.01009562 0.07339240
618.61861862 0.00832419 0.05932433
619.61961962 0.00905443 0.06291429
620.62062062 0.00803646 0.05512921
621.62162162 0.00730341 0.05122495
622.62262262 0.00878620 0.06378084
623.62362362 0.00864587 0.06239303
624.62462462 0.00806031 0.05916842
625.62562563 0.00790550 0.05801510
626.62662663 0.00737746 0.05539572
627.62762763 0.00719195 0.05363135
628.62862863 0.00700823 0.05093735
629.62962963 0.00680094 0.04844362
630.63063063 0.00863029 0.06407300
631.63163163 0.00837474 0.06240614
632.63263263 0.00848803 0.06203703
633.63363363 0.00795871 0.06095720
634.63463463 0.00624001 0.04665501
635.63563564 0.00596231 0.04511952
636.63663664 0.00570651 0.04423835
637.63763764 0.00712901 0.05973769
638.63863864 0.01080918 0.07913779
639.63963964 0.01299592 0.09065750
640.64064064 0.01430844 0.09812782
641.64164164 0.01404075 0.09669851
642.64264264 0.01158676 0.07804327
643.64364364 0.01119810 0.07427284
644.64464464 0.01306905 0.08713306
645.64564565 0.01427153 0.09297535
646.64664665 0.01479371 0.09604279
647.64764765 0.01475447 0.09540587
648.64864865 0.01350706 0.09047733
649.64964965 0.01304498 0.08806484
650.65065065 0.01088605 0.07531938
651.65165165 0.01319258 0.08908249
652.65265265 0.01486007 0.09835837
653.65365365 0.01385634 0.09250336
654.65465465 0.01384263 0.09171535
655.65565566 0.01291782 0.08722212
656.65665666 0.01461112 0.09420136
657.65765766 0.01745475 0.10783083
658.65865866 0.01671652 0.10466083
659.65965966 0.01479241 0.09550640
660.66066066 0.01315495 0.08575768
661.66166166 0.01293752 0.08427469
662.66266266 0.01232822 0.07931961
663.66366366 0.01146456 0.07270435
664.66466466 0.01508066 0.09327058
665.66566567 0.01429606 0.08945677
666.66666667 0.01364973 0.08674787
667.66766767 0.01297049 0.08297687
668.66866867 0.01225191 0.07941995
669.66966967 0.00984055 0.06829552
670.67067067 0.00749761 0.05632199
671.67167167 0.00749871 0.05669010
672.67267267 0.00589480 0.04770390
673.67367367 0.00563388 0.04667706
674.67467467 0.00532501 0.04707074
675.67567568 0.00722825 0.06480486
676.67667668 0.00911193 0.07736617
677.67767768 0.00916883 0.07540033
678.67867868 0.00710192 0.06076963
679.67967968 0.00663085 0.05842047
680.68068068 0.00525022 0.04117748
681.68168168 0.00523688 0.03942551
682.68268268 0.00507103 0.03797069
683.68368368 0.00547268 0.04705069
684.68468468 0.00522853 0.04633723
685.68568569 0.00508517 0.04496738
686.68668669 0.00493071 0.04350047
687.68768769 0.00682869 0.06165501
688.68868869 0.00775705 0.06547108
689.68968969 0.00572706 0.05154557
690.69069069 0.00764881 0.06974708
691.69169169 0.00787406 0.07246090
692.69269269 0.00808011 0.07237624
693.69369369 0.00799931 0.07171259
694.69469469 0.00853207 0.07245324
695.69569570 0.01112756 0.08320238
696.69669670 0.01065590 0.08204669
697.69769770 0.01316693 0.09375194
698.69869870 0.01264217 0.09097519
699.69969970 0.01422999 0.09620720
700.70070070 0.01475760 0.09724830
701.70170170 0.01453538 0.09839294
702.70270270 0.01569741 0.10140459
703.70370370 0.01508195 0.09835553
704.70470470 0.01478552 0.09457053
705.70570571 0.01340074 0.08977110
706.70670671 0.01231944 0.08350408
707.70770771 0.01343460 0.08741659
708.70870871 0.01311375 0.08588971
709.70970971 0.01275608 0.08138537
710.71071071 0.01207400 0.07908475
711.71171171 0.01098825 0.07193157
712.71271271 0.01066991 0.06842386
713.71371371 0.01011940 0.06318259
714.71471471 0.00927658 0.05929668
715.71571572 0.00990374 0.06166373
716.71671672 0.00899187 0.05467452
717.71771772 0.01242073 0.08013090
718.71871872 0.01305783 0.08247594
719.71971972 0.01235190 0.07689451
720.72072072 0.01090108 0.06309339
721.72172172 0.01033400 0.05573379
722.72272272 0.01335365 0.07821195
723.72372372 0.01204781 0.07557457
724.72472472 0.01355617 0.08650509
725.72572573 0.01316465 0.08475462
726.72672673 0.01412824 0.08957212
727.72772773 0.01309686 0.08386986
728.72872873 0.01251477 0.07937617
729.72972973 0.01139272 0.07484707
730.73073073 0.01064589 0.07039519
731.73173173 0.00969634 0.06574836
732.73273273 0.01062027 0.07292256
733.73373373 0.00912119 0.06297877
734.73473473 0.01211236 0.08289480
735.73573574 0.01159251 0.07932305
736.73673674 0.01145492 0.07674584
737.73773774 0.01092657 0.07412400
738.73873874 0.01038039 0.07116449
739.73973974 0.00951633 0.06665634
740.74074074 0.00940586 0.06896038
741.74174174 0.00851394 0.06458003
742.74274274 0.01074062 0.07670992
743.74374374 0.01243013 0.08907554
744.74474474 0.01143774 0.08205169
745.74574575 0.01083921 0.07971658
746.74674675 0.01349830 0.09445761
747.74774775 0.01093392 0.08261283
748.74874875 0.01132456 0.08574627
749.74974975 0.01372280 0.09335677
750.75075075 0.01297695 0.08925991
751.75175175 0.01148934 0.07653420
752.75275275 0.00901364 0.05786892
753.75375375 0.00923931 0.06130017
754.75475475 0.00903823 0.05949368
755.75575576 0.00948120 0.06268589
756.75675676 0.01116483 0.07671698
757.75775776 0.01652346 0.10449999
758.75875876 0.01738941 0.10706520
759.75975976 0.01699724 0.10513711
760.76076076 0.01610904 0.10136171
761.76176176 0.01409360 0.08898823
762.76276276 0.01381678 0.08765187
763.76376376 0.01183207 0.07704542
764.76476476 0.01316937 0.08309733
765.76576577 0.01395188 0.08739967
766.76676677 0.01530004 0.09498937
767.76776777 0.01359210 0.08880411
768.76876877 0.01384633 0.09089625
769.76976977 0.01525994 0.09886030
770.77077077 0.01488024 0.09775912
771.77177177 0.01561952 0.10409098
772.77277277 0.01511558 0.10074042
773.77377377 0.01330679 0.09080340
774.77477477 0.01320305 0.08792627
775.77577578 0.01293587 0.08493173
776.77677678 0.01198263 0.08047733
777.77777778 0.01125712 0.07434361
778.77877878 0.01079727 0.07230436
779.77977978 0.01080340 0.07195058
780.78078078 0.01041433 0.06959971
781.78178178 0.01204586 0.08399932
782.78278278 0.01300480 0.08907819
783.78378378 0.01410783 0.09341615
784.78478478 0.01418630 0.09303700
785.78578579 0.01358488 0.09116563
786.78678679 0.01345668 0.08905974
787.78778779 0.01392749 0.09719140
788.78878879 0.01170201 0.08684916
789.78978979 0.01011616 0.07834765
790.79079079 0.00902638 0.07260052
791.79179179 0.01073718 0.08476144
792.79279279 0.01080678 0.08411232
793.79379379 0.01082882 0.08320565
794.79479479 0.01365242 0.09968743
795.79579580 0.01232465 0.09616474
796.79679680 0.01448182 0.10346361
797.79779780 0.01387908 0.10009756
798.79879880 0.01548122 0.10766119
799.79979980 0.01584165 0.10716819
800.80080080 0.01578481 0.10661909
801.80180180 0.01309003 0.09154639
802.80280280 0.01296693 0.09130249
803.80380380 0.01239499 0.08902045
804.80480480 0.01424125 0.09853013
805.80580581 0.01596243 0.10607029
806.80680681 0.01580104 0.10833699
807.80780781 0.01670879 0.11149372
808.80880881 0.01482337 0.10303312
809.80980981 0.01290364 0.08770588
810.81081081 0.01124952 0.07972492
811.81181181 0.00912232 0.06074941
812.81281281 0.00941885 0.06344260
813.81381381 0.00922608 0.06238724
814.81481481 0.00971868 0.06453270
815.81581582 0.00906594 0.06141454
816.81681682 0.01522396 0.09333951
817.81781782 0.01436453 0.08979369
818.81881882 0.01146022 0.07594741
819.81981982 0.00974596 0.06343204
820.82082082 0.01258165 0.08584916
821.82182182 0.01383783 0.09237637
822.82282282 0.01274783 0.08800883
823.82382382 0.01339745 0.09061666
824.82482482 0.01062992 0.07455347
825.82582583 0.01055132 0.07364492
826.82682683 0.01172684 0.08072127
827.82782783 0.01540622 0.10057194
828.82882883 0.01519469 0.10267979
829.82982983 0.01510547 0.10404077
830.83083083 0.01468846 0.10179541
831.83183183 0.01522163 0.10466379
832.83283283 0.01593644 0.10637252
833.83383383 0.01365760 0.09596034
834.83483483 0.01250103 0.08444071
835.83583584 0.01098962 0.07072519
836.83683684 0.01050642 0.06757485
837.83783784 0.00959079 0.06126241
838.83883884 0.00919401 0.05242706
839.83983984 0.01010039 0.05884411
840.84084084 0.00872316 0.04894438
841.84184184 0.00842323 0.05121526
842.84284284 0.00711918 0.04220919
843.84384384 0.00947021 0.06509189
844.84484484 0.00938435 0.06384813
845.84584585 0.01097157 0.07447168
846.84684685 0.01049836 0.07303844
847.84784785 0.01154381 0.07710033
848.84884885 0.01128706 0.07645813
849.84984985 0.01223558 0.08372292
850.85085085 0.01127426 0.08074967
851.85185185 0.01412388 0.09452108
852.85285285 0.01745431 0.10903238
853.85385385 0.02048109 0.12065438
854.85485485 0.01980765 0.11687116
855.85585586 0.01877351 0.11186673
856.85685686 0.01620081 0.09857978
857.85785786 0.01829815 0.10607256
858.85885886 0.01767073 0.09960914
859.85985986 0.01789995 0.09823120
860.86086086 0.01871142 0.10453148
861.86186186 0.01634083 0.09681277
862.86286286 0.01426578 0.08888609
863.86386386 0.01489907 0.09038886
864.86486486 0.01327260 0.08048289
865.86586587 0.01185983 0.07476868
866.86686687 0.00970329 0.05560122
867.86786787 0.00825958 0.04954952
868.86886887 0.00795311 0.04879897
869.86986987 0.00578003 0.02719193
870.87087087 0.00863337 0.05669415
871.87187187 0.00806247 0.05438558
872.87287287 0.01207187 0.07872824
873.87387387 0.01227965 0.08139468
874.87487487 0.01075332 0.07176769
875.87587588 0.00974968 0.06744714
876.87687688 0.01294973 0.08256103
877.87787788 0.01598537 0.10047461
878.87887888 0.01740861 0.10533945
879.87987988 0.01700474 0.10352227
880.88088088 0.01595040 0.09669691
881.88188188 0.01457933 0.09563127
882.88288288 0.01536698 0.09922974
883.88388388 0.01664743 0.10498331
884.88488488 0.01747981 0.10968545
885.88588589 0.01601271 0.10244936
886.88688689 0.01509848 0.09824879
887.88788789 0.01629917 0.10493325
888.88888889 0.01587677 0.10221986
889.88988989 0.01699303 0.10659549
890.89089089 0.01427732 0.09246293
891.89189189 0.01365219 0.08669340
892.89289289 0.01191885 0.07810520
893.89389389 0.01470153 0.09108955
894.89489489 0.01439491 0.08965938
895.89589590 0.01432820 0.08650540
896.89689690 0.01329321 0.08106062
897.89789790 0.01195074 0.07634627
898.89889890 0.01110187 0.07178492
899.89989990 0.01035064 0.06692223
900.90090090 0.01237291 0.07636959
901.90190190 0.01151575 0.07136645
902.90290290 0.01246859 0.07811594
903.90390390 0.01164866 0.07135979
904.90490490 0.01243291 0.07731474
905.90590591 0.01245595 0.07491867
906.90690691 0.01038775 0.06512911
907.90790791 0.00829178 0.05326293
908.90890891 0.00761694 0.05053228
909.90990991 0.00679568 0.04529775
910.91091091 0.00832357 0.06398463
911.91191191 0.00821426 0.06233877
912.91291291 0.00977785 0.07455684
913.91391391 0.00969989 0.06930985
914.91491491 0.00983540 0.06805363
915.91591592 0.01168251 0.08079646
916.91691692 0.01103650 0.07876433
917.91791792 0.01012924 0.07328119
918.91891892 0.01345507 0.09181164
919.91991992 0.01109027 0.07650018
920.92092092 0.01267326 0.08492946
921.92192192 0.01110807 0.07478812
922.92292292 0.01066381 0.07255838
923.92392392 0.00971260 0.06740964
924.92492492 0.01034495 0.07552711
925.92592593 0.01218939 0.08534310
926.92692693 0.01172772 0.08400194
927.92792793 0.01099988 0.08001952
928.92892893 0.00980271 0.07182067
929.92992993 0.00939876 0.07033442
930.93093093 0.00733404 0.05491932
931.93193193 0.00660634 0.04902495
932.93293293 0.00988047 0.07586656
933.93393393 0.01342562 0.09760784
934.93493493 0.01430221 0.10060592
935.93593594 0.01253974 0.09089107
936.93693694 0.01386024 0.09806873
937.93793794 0.01413943 0.09757835
938.93893894 0.01339855 0.09159371
939.93993994 0.01116536 0.07838984
940.94094094 0.01119376 0.07759228
941.94194194 0.00977818 0.06964572
942.94294294 0.00890738 0.06690326
943.94394394 0.00862454 0.06475995
944.94494494 0.00812199 0.06401984
945.94594595 0.00747320 0.06290616
946.94694695 0.00697362 0.06101684
947.94794795 0.00695650 0.05963400
948.94894895 0.00665455 0.05660716
949.94994995 0.00622974 0.05369624
950.95095095 0.00638932 0.05274648
951.95195195 0.00621467 0.05044284
952.95295295 0.00589465 0.04863138
953.95395395 0.00588750 0.04801986
954.95495495 0.00746652 0.06267747
955.95595596 0.00939150 0.07239379
956.95695696 0.00944397 0.07290058
957.95795796 0.00877174 0.06959465
958.95895896 0.00766167 0.05879283
959.95995996 0.00611491 0.04179295
960.96096096 0.00646059 0.05184529
961.96196196 0.00604931 0.05057693
962.96296296 0.00585063 0.04870359
963.96396396 0.00641042 0.05489000
964.96496496 0.00765605 0.06780576
965.96596597 0.00797688 0.06841975
966.96696697 0.01156163 0.08859201
967.96796797 0.01127921 0.08930024
968.96896897 0.01180237 0.09076593
969.96996997 0.01137579 0.08463110
970.97097097 0.01705124 0.10820281
971.97197197 0.01672757 0.10516286
972.97297297 0.01755794 0.10959128
973.97397397 0.01715156 0.10669690
974.97497497 0.02002603 0.11792689
975.97597598 0.02149002 0.12347103
976.97697698 0.01903670 0.11387316
977.97797798 0.01777262 0.10755680
978.97897898 0.01676139 0.10398767
979.97997998 0.01361034 0.08950563
980.98098098 0.01303007 0.08703310
981.98198198 0.01154238 0.08285708
982.98298298 0.01317908 0.09261510
983.98398398 0.00940544 0.06590973
984.98498498 0.01083474 0.07815524
985.98598599 0.01054541 0.07748734
986.98698699 0.01037495 0.07630140
987.98798799 0.01016116 0.07653659
988.98898899 0.01199684 0.08601771
989.98998999 0.01183854 0.08555330
990.99099099 0.01299510 0.09209036
991.99199199 0.01261853 0.08929393
992.99299299 0.01454347 0.09743838
993.99399399 0.01481802 0.09803500
994.99499499 0.01469650 0.09807375
995.99599600 0.01602070 0.10522869
996.99699700 0.01560745 0.10495625
997.99799800 0.01319590 0.09325336
998.99899900 0.01612231 0.10595609
1000.00000000 0.01375689 0.09613948
