0.00000000 14.00000000
2.00200200 13.73426686
4.00400400 13.52263705
6.00600601 13.30523925
8.00800801 13.10810060
10.01001001 12.94857680
12.01201201 12.75261880
14.01401401 12.55690526
16.01601602 12.38895459
18.01801802 12.20752788
20.02002002 12.02115707
22.02202202 11.82295878
24.02402402 11.66039743
26.02602603 11.50655056
28.02802803 11.36100947
30.03003003 11.19272444
32.03203203 11.02123734
34.03403403 10.84421192
36.03603604 10.67690272
38.03803804 10.49566186
40.04004004 10.33528984
42.04204204 10.22572075
44.04404404 10.07662453
46.04604605 9.92260292
48.04804805 9.78304551
50.05005005 9.62651469
52.05205205 9.45256066
54.05405405 9.29140542
56.05605606 9.13854964
58.05805806 8.98258951
60.06006006 8.84641014
62.06206206 8.71433312
64.06406406 8.57035996
66.06606607 8.44710897
68.06806807 8.30230545
70.07007007 8.15920064
72.07207207 7.98965025
74.07407407 7.83832137
76.07607608 7.67816705
78.07807808 7.52827511
80.08008008 7.40575059
82.08208208 7.25994781
84.08408408 7.12744003
86.08608609 7.00722205
88.08808809 6.86815093
90.09009009 6.73114456
92.09209209 6.60398601
94.09409409 6.46898346
96.09609610 6.34774033
98.09809810 6.21884450
100.10010010 6.07428268
102.10210210 5.96402980
104.10410410 5.83820156
106.10610611 5.70968816
108.10810811 5.59546325
110.11011011 5.48925881
112.11211211 5.37248923
114.11411411 5.26432061
116.11611612 5.11991127
118.11811812 5.01675668
120.12012012 4.92515304
122.12212212 4.81916900
124.12412412 4.71200231
126.12612613 4.60086680
128.12812813 4.49248845
130.13013013 4.37838654
132.13213213 4.26340511
134.13413413 4.15203717
136.13613614 4.06980960
138.13813814 3.97101912
140.14014014 3.86431842
142.14214214 3.77578055
144.14414414 3.67615364
146.14614615 3.58705384
148.14814815 3.49217092
150.15015015 3.41145124
152.15215215 3.32800725
154.15415415 3.24849458
156.15615616 3.16877079
158.15815816 3.09799352
160.16016016 3.02260704
162.16216216 2.94524293
164.16416416 2.87752961
166.16616617 2.80142199
168.16816817 2.72605730
170.17017017 2.65223674
172.17217217 2.57975468
174.17417417 2.50256607
176.17617618 2.44225900
178.17817818 2.37156872
180.18018018 2.30063664
182.18218218 2.23438023
184.18418418 2.17229724
186.18618619 2.10466631
188.18818819 2.04875482
190.19019019 1.98887652
192.19219219 1.93726607
194.19419419 1.89395708
196.19619620 1.84015833
198.19819820 1.79183774
200.20020020 1.73759764
202.20220220 1.67382870
204.20420420 1.61640693
206.20620621 1.56823270
208.20820821 1.52049811
210.21021021 1.47375917
212.21221221 1.42417557
214.21421421 1.38508829
216.21621622 1.34055941
218.21821822 1.29909420
220.22022022 1.26878300
222.22222222 1.22627740
224.22422422 1.19204537
226.22622623 1.15569612
228.22822823 1.12296352
230.23023023 1.08904976
232.23223223 1.05209314
234.23423423 1.02375397
236.23623624 0.99671988
238.23823824 0.96331924
240.24024024 0.93307389
242.24224224 0.90305271
244.24424424 0.87221791
246.24624625 0.84512830
248.24824825 0.81257086
250.25025025 0.77975743
252.25225225 0.75727621
254.25425425 0.73744386
256.25625626 0.71479637
258.25825826 0.69046823
260.26026026 0.66948434
262.26226226 0.64448201
264.26426426 0.62457779
266.26626627 0.60908034
268.26826827 0.58751928
270.27027027 0.57013215
272.27227227 0.55141911
274.27427427 0.53250092
276.27627628 0.51350508
278.27827828 0.49771165
280.28028028 0.47860063
282.28228228 0.46104720
284.28428428 0.44619936
286.28628629 0.43163588
288.28828829 0.41546375
290.29029029 0.40242826
292.29229229 0.38883298
294.29429429 0.37609550
296.29629630 0.36050146
298.29829830 0.34793390
300.30030030 0.33652020
302.30230230 0.32683411
304.30430430 0.31437981
306.30630631 0.30410512
308.30830831 0.29452961
310.31031031 0.28313272
312.31231231 0.27213140
314.31431431 0.26324309
316.31631632 0.25375756
318.31831832 0.24510014
320.32032032 0.23592214
322.32232232 0.22748023
324.32432432 0.22202253
326.32632633 0.21413325
328.32832833 0.20739676
330.33033033 0.19970353
332.33233233 0.19117280
334.33433433 0.18466392
336.33633634 0.17741516
338.33833834 0.17080661
340.34034034 0.16556628
342.34234234 0.15919676
344.34434434 0.15389856
346.34634635 0.14681980
348.34834835 0.14149881
350.35035035 0.13705909
352.35235235 0.13205384
354.35435435 0.12712166
356.35635636 0.12364593
358.35835836 0.11984965
360.36036036 0.11522523
362.36236236 0.11116093
364.36436436 0.10754405
366.36636637 0.10381021
368.36836837 0.10052817
370.37037037 0.09726816
372.37237237 0.09394511
374.37437437 0.09079476
376.37637638 0.08827056
378.37837838 0.08508525
380.38038038 0.08178652
382.38238238 0.07855908
384.38438438 0.07640934
386.38638639 0.07373328
388.38838839 0.07114991
390.39039039 0.06836315
392.39239239 0.06600760
394.39439439 0.06400840
396.39639640 0.06152813
398.39839840 0.05986937
400.40040040 0.05815416
402.40240240 0.05597687
404.40440440 0.05413298
406.40640641 0.05201595
408.40840841 0.05045016
410.41041041 0.04991264
412.41241241 0.04822953
414.41441441 0.04646745
416.41641642 0.04503248
418.41841842 0.04278146
420.42042042 0.04135688
422.42242242 0.03997348
424.42442442 0.03836692
426.42642643 0.03664364
428.42842843 0.03579495
430.43043043 0.03434156
432.43243243 0.03339337
434.43443443 0.03188209
436.43643644 0.03128248
438.43843844 0.03011421
440.44044044 0.02994981
442.44244244 0.02908888
444.44444444 0.02795982
446.44644645 0.02676371
448.44844845 0.02609809
450.45045045 0.02542879
452.45245245 0.02448237
454.45445445 0.02367906
456.45645646 0.02303965
458.45845846 0.02233631
460.46046046 0.02170935
462.46246246 0.02178636
464.46446446 0.02085393
466.46646647 0.02029252
468.46846847 0.01965612
470.47047047 0.02052698
472.47247247 0.02147850
474.47447447 0.02124830
476.47647648 0.02070389
478.47847848 0.02206895
480.48048048 0.02237134
482.48248248 0.02175375
484.48448448 0.02428248
486.48648649 0.02461474
488.48848849 0.02416297
490.49049049 0.02368750
492.49249249 0.02306528
494.49449449 0.02242396
496.49649650 0.02204344
498.49849850 0.02323881
500.50050050 0.02275298
502.50250250 0.02220649
504.50450450 0.02134160
506.50650651 0.02213120
508.50850851 0.02250126
510.51051051 0.02199388
512.51251251 0.02149143
514.51451451 0.02001429
516.51651652 0.01977569
518.51851852 0.01894059
520.52052052 0.01855161
522.52252252 0.01782454
524.52452452 0.01756720
526.52652653 0.01715500
528.52852853 0.01668160
530.53053053 0.01639533
532.53253253 0.01444180
534.53453453 0.01391718
536.53653654 0.01372999
538.53853854 0.01355805
540.54054054 0.01406937
542.54254254 0.01356247
544.54454454 0.01315414
546.54654655 0.01249026
548.54854855 0.01414498
550.55055055 0.01366194
552.55255255 0.01342254
554.55455455 0.01306961
556.55655656 0.01277008
558.55855856 0.01249948
560.56056056 0.01231778
562.56256256 0.01216006
564.56456456 0.01179527
566.56656657 0.01156279
568.56856857 0.01163104
570.57057057 0.01182517
572.57257257 0.01435863
574.57457457 0.01406722
576.57657658 0.01387797
578.57857858 0.01583174
580.58058058 0.01591470
582.58258258 0.01404559
584.58458458 0.01613409
586.58658659 0.01560645
588.58858859 0.01520065
590.59059059 0.01488539
592.59259259 0.01451850
594.59459459 0.01570329
596.59659660 0.01386457
598.59859860 0.01534027
600.60060060 0.01569927
602.60260260 0.01694652
604.60460460 0.01731951
606.60660661 0.01711630
608.60860861 0.01557271
610.61061061 0.01564746
612.61261261 0.01537589
614.61461461 0.01479444
616.61661662 0.01429344
618.61861862 0.01394543
620.62062062 0.01404854
622.62262262 0.01524168
624.62462462 0.01470335
626.62662663 0.01435182
628.62862863 0.01398631
630.63063063 0.01399044
632.63263263 0.01362558
634.63463463 0.01320235
636.63663664 0.01278607
638.63863864 0.01402161
640.64064064 0.01389269
642.64264264 0.01350744
644.64464464 0.01311600
646.64664665 0.01170787
648.64864865 0.01139690
650.65065065 0.01159691
652.65265265 0.01120747
654.65465465 0.00972561
656.65665666 0.01109464
658.65865866 0.01123411
660.66066066 0.01065431
662.66266266 0.01095504
664.66466466 0.01234829
666.66666667 0.01204912
668.66866867 0.01131832
670.67067067 0.01109675
672.67267267 0.01096070
674.67467467 0.01085035
676.67667668 0.01033969
678.67867868 0.01020935
680.68068068 0.01343945
682.68268268 0.01305721
684.68468468 0.01273856
686.68668669 0.01517091
688.68868869 0.01486696
690.69069069 0.01443922
692.69269269 0.01439475
694.69469469 0.01386843
696.69669670 0.01360067
698.69869870 0.01540324
700.70070070 0.01394945
702.70270270 0.01363399
704.70470470 0.01296255
706.70670671 0.01210202
708.70870871 0.01213508
710.71071071 0.01184270
712.71271271 0.01177312
714.71471471 0.01291640
716.71671672 0.01203863
718.71871872 0.01106212
720.72072072 0.01081522
722.72272272 0.01056676
724.72472472 0.01027324
726.72672673 0.01013658
728.72872873 0.01045770
730.73073073 0.01013759
732.73273273 0.00971944
734.73473473 0.00949710
736.73673674 0.00943153
738.73873874 0.00940278
740.74074074 0.00925621
742.74274274 0.00938243
744.74474474 0.01112870
746.74674675 0.01085549
748.74874875 0.01102713
750.75075075 0.01081020
752.75275275 0.01355118
754.75475475 0.01369293
756.75675676 0.01331897
758.75875876 0.01310451
760.76076076 0.01382260
762.76276276 0.01313044
764.76476476 0.01191832
766.76676677 0.01176582
768.76876877 0.01150516
770.77077077 0.01151237
772.77277277 0.01142559
774.77477477 0.01258553
776.77677678 0.01219010
778.77877878 0.01231103
780.78078078 0.01200214
782.78278278 0.01184954
784.78478478 0.01084212
786.78678679 0.01000693
788.78878879 0.00855661
790.79079079 0.00833656
792.79279279 0.00816003
794.79479479 0.00751234
796.79679680 0.00752235
798.79879880 0.00880506
800.80080080 0.01283379
802.80280280 0.01244873
804.80480480 0.01198592
806.80680681 0.01109657
808.80880881 0.01362864
810.81081081 0.01324295
812.81281281 0.01309948
814.81481481 0.01212465
816.81681682 0.01199840
818.81881882 0.01204462
820.82082082 0.01173704
822.82282282 0.01012401
824.82482482 0.00998941
826.82682683 0.01130134
828.82882883 0.01233129
830.83083083 0.01352136
832.83283283 0.01498634
834.83483483 0.01366945
836.83683684 0.01336349
838.83883884 0.01316623
840.84084084 0.01592287
842.84284284 0.01565596
844.84484484 0.01522111
846.84684685 0.01486880
848.84884885 0.01642178
850.85085085 0.01679547
852.85285285 0.01433234
854.85485485 0.01410890
856.85685686 0.01408879
858.85885886 0.01299432
860.86086086 0.01297284
862.86286286 0.01524654
864.86486486 0.01676623
866.86686687 0.01640627
868.86886887 0.01601014
870.87087087 0.01792524
872.87287287 0.01884859
874.87487487 0.02024503
876.87687688 0.02013927
878.87887888 0.01991536
880.88088088 0.01961742
882.88288288 0.01929044
884.88488488 0.01760123
886.88688689 0.01751883
888.88888889 0.01941553
890.89089089 0.01889820
892.89289289 0.01857690
894.89489489 0.01841867
896.89689690 0.01811588
898.89889890 0.01792007
900.90090090 0.01965562
902.90290290 0.01936585
904.90490490 0.01917221
906.90690691 0.02029533
908.90890891 0.02014795
910.91091091 0.02040562
912.91291291 0.02464905
914.91491491 0.02418902
916.91691692 0.02376860
918.91891892 0.02342592
920.92092092 0.02269700
922.92292292 0.02323736
924.92492492 0.02163251
926.92692693 0.02074983
928.92892893 0.01991818
930.93093093 0.01948979
932.93293293 0.01918841
934.93493493 0.01892694
936.93693694 0.01845870
938.93893894 0.01820057
940.94094094 0.01856559
942.94294294 0.01731053
944.94494494 0.01987567
946.94694695 0.01933050
948.94894895 0.01858719
950.95095095 0.01835525
952.95295295 0.01932774
954.95495495 0.01886926
956.95695696 0.01708930
958.95895896 0.01627054
960.96096096 0.01572425
962.96296296 0.01546551
964.96496496 0.01526359
966.96696697 0.01640203
968.96896897 0.01605488
970.97097097 0.01733607
972.97297297 0.01712466
974.97497497 0.01710046
976.97697698 0.01669160
978.97897898 0.01712376
980.98098098 0.01605678
982.98298298 0.01779687
984.98498498 0.01737629
986.98698699 0.01690163
988.98898899 0.01519644
990.99099099 0.01474687
992.99299299 0.01451205
994.99499499 0.01303858
996.99699700 0.01455859
998.99899900 0.01485182
1001.00100100 0.01390973
1003.00300300 0.01356021
1005.00500501 0.01323400
1007.00700701 0.01698626
1009.00900901 0.01696713
1011.01101101 0.01587974
1013.01301301 0.01655406
1015.01501502 0.01628714
1017.01701702 0.01637956
1019.01901902 0.01563306
1021.02102102 0.01545129
1023.02302302 0.01715836
1025.02502503 0.01718741
1027.02702703 0.01668458
1029.02902903 0.01631989
1031.03103103 0.01687882
1033.03303303 0.01629736
1035.03503504 0.01433984
1037.03703704 0.01351623
1039.03903904 0.01479404
1041.04104104 0.01358783
1043.04304304 0.01438452
1045.04504505 0.01462460
1047.04704705 0.01379782
1049.04904905 0.01349717
1051.05105105 0.01672968
1053.05305305 0.01672750
1055.05505506 0.01704012
1057.05705706 0.01679613
1059.05905906 0.01572866
1061.06106106 0.01491460
1063.06306306 0.01595915
1065.06506507 0.01484793
1067.06706707 0.01639612
1069.06906907 0.01597290
1071.07107107 0.01400630
1073.07307307 0.01309580
1075.07507508 0.01565478
1077.07707708 0.01495060
1079.07907908 0.01640728
1081.08108108 0.01631558
1083.08308308 0.01766519
1085.08508509 0.02034387
1087.08708709 0.02065809
1089.08908909 0.01926308
1091.09109109 0.01845930
1093.09309309 0.01962476
1095.09509510 0.01933727
1097.09709710 0.02126021
1099.09909910 0.02173746
1101.10110110 0.02179798
1103.10310310 0.02071301
1105.10510511 0.02109767
1107.10710711 0.02101170
1109.10910911 0.02020136
1111.11111111 0.01932727
1113.11311311 0.02090294
1115.11511512 0.01939516
1117.11711712 0.02045507
1119.11911912 0.01850778
1121.12112112 0.01831996
1123.12312312 0.01793011
1125.12512513 0.01926196
1127.12712713 0.02108826
1129.12912913 0.01833033
1131.13113113 0.01926033
1133.13313313 0.02075196
1135.13513514 0.02008398
1137.13713714 0.01999707
1139.13913914 0.02153819
1141.14114114 0.02438002
1143.14314314 0.02431424
1145.14514515 0.02408726
1147.14714715 0.02373236
1149.14914915 0.02090852
1151.15115115 0.02017855
1153.15315315 0.02147336
1155.15515516 0.02292800
1157.15715716 0.02304113
1159.15915916 0.02202292
1161.16116116 0.02342493
1163.16316316 0.02318869
1165.16516517 0.02271950
1167.16716717 0.02248632
1169.16916917 0.02038050
1171.17117117 0.02013076
1173.17317317 0.01995021
1175.17517518 0.01966212
1177.17717718 0.01934706
1179.17917918 0.01853934
1181.18118118 0.01853110
1183.18318318 0.01827327
1185.18518519 0.01771625
1187.18718719 0.01927374
1189.18918919 0.01856045
1191.19119119 0.01960619
1193.19319319 0.01829835
1195.19519520 0.01777139
1197.19719720 0.01911405
1199.19919920 0.01841699
1201.20120120 0.01839797
1203.20320320 0.01821031
1205.20520521 0.01817617
1207.20720721 0.01780052
1209.20920921 0.01758584
1211.21121121 0.01705001
1213.21321321 0.01712701
1215.21521522 0.01697197
1217.21721722 0.01819523
1219.21921922 0.01893525
1221.22122122 0.01847393
1223.22322322 0.01815255
1225.22522523 0.01777463
1227.22722723 0.01742033
1229.22922923 0.01692088
1231.23123123 0.01772549
1233.23323323 0.01656932
1235.23523524 0.01620342
1237.23723724 0.01546503
1239.23923924 0.01516767
1241.24124124 0.01682224
1243.24324324 0.01766150
1245.24524525 0.01714555
1247.24724725 0.01683124
1249.24924925 0.01616862
1251.25125125 0.01442017
1253.25325325 0.01408752
1255.25525526 0.01311852
1257.25725726 0.01454637
1259.25925926 0.01367008
1261.26126126 0.01501412
1263.26326326 0.01468689
1265.26526527 0.01456404
1267.26726727 0.01420044
1269.26926927 0.01391700
1271.27127127 0.01528561
1273.27327327 0.01499019
1275.27527528 0.01463761
1277.27727728 0.01416900
1279.27927928 0.01391798
1281.28128128 0.01359178
1283.28328328 0.01339027
1285.28528529 0.01672537
1287.28728729 0.01737707
1289.28928929 0.01698647
1291.29129129 0.01716662
1293.29329329 0.01680082
1295.29529530 0.01622083
1297.29729730 0.01733345
1299.29929930 0.01924397
1301.30130130 0.01911334
1303.30330330 0.01860784
1305.30530531 0.01817108
1307.30730731 0.01960391
1309.30930931 0.01976413
1311.31131131 0.02142833
1313.31331331 0.02104751
1315.31531532 0.01919547
1317.31731732 0.01906940
1319.31931932 0.02004328
1321.32132132 0.01994828
1323.32332332 0.01933261
1325.32532533 0.01868647
1327.32732733 0.01775445
1329.32932933 0.01762664
1331.33133133 0.01496276
1333.33333333 0.01536281
1335.33533534 0.01637488
1337.33733734 0.01715701
1339.33933934 0.01669796
1341.34134134 0.01640705
1343.34334334 0.01509518
1345.34534535 0.01633345
1347.34734735 0.01572136
1349.34934935 0.01539774
1351.35135135 0.01517772
1353.35335335 0.01367092
1355.35535536 0.01355880
1357.35735736 0.01338068
1359.35935936 0.01311995
1361.36136136 0.01256611
1363.36336336 0.01393103
1365.36536537 0.01362778
1367.36736737 0.01607823
1369.36936937 0.01520348
1371.37137137 0.01489247
1373.37337337 0.01475709
1375.37537538 0.01630483
1377.37737738 0.01434566
1379.37937938 0.01379315
1381.38138138 0.01206439
1383.38338338 0.01596098
1385.38538539 0.01792640
1387.38738739 0.01729768
1389.38938939 0.01721326
1391.39139139 0.01558014
1393.39339339 0.01485298
1395.39539540 0.01343954
1397.39739740 0.01318856
1399.39939940 0.01315899
1401.40140140 0.01310818
1403.40340340 0.01282313
1405.40540541 0.01361298
1407.40740741 0.01354162
1409.40940941 0.01337609
1411.41141141 0.01316330
1413.41341341 0.01285166
1415.41541542 0.01265897
1417.41741742 0.01294190
1419.41941942 0.01397998
1421.42142142 0.01565875
1423.42342342 0.01529224
1425.42542543 0.01486059
1427.42742743 0.01469276
1429.42942943 0.01635264
1431.43143143 0.01600315
1433.43343343 0.01453130
1435.43543544 0.01431953
1437.43743744 0.01354185
1439.43943944 0.01311216
1441.44144144 0.01464606
1443.44344344 0.01627070
1445.44544545 0.01600776
1447.44744745 0.01571173
1449.44944945 0.01552997
1451.45145145 0.01524079
1453.45345345 0.01695464
1455.45545546 0.01763668
1457.45745746 0.01752472
1459.45945946 0.01722175
1461.46146146 0.01652739
1463.46346346 0.01910763
1465.46546547 0.01883089
1467.46746747 0.01906571
1469.46946947 0.02063362
1471.47147147 0.01873104
1473.47347347 0.01958697
1475.47547548 0.01936371
1477.47747748 0.01838380
1479.47947948 0.01845524
1481.48148148 0.01827715
1483.48348348 0.01807032
1485.48548549 0.01775166
1487.48748749 0.01895697
1489.48948949 0.01868858
1491.49149149 0.01832679
1493.49349349 0.01919222
1495.49549550 0.02255533
1497.49749750 0.02217334
1499.49949950 0.02216347
1501.50150150 0.01998204
1503.50350350 0.02148610
1505.50550551 0.02095857
1507.50750751 0.02232208
1509.50950951 0.02057887
1511.51151151 0.02053073
1513.51351351 0.01933956
1515.51551552 0.02018881
1517.51751752 0.01939763
1519.51951952 0.01839350
1521.52152152 0.01695122
1523.52352352 0.01673091
1525.52552553 0.01688877
1527.52752753 0.01657425
1529.52952953 0.01538819
1531.53153153 0.01543238
1533.53353353 0.01513951
1535.53553554 0.01484514
1537.53753754 0.01633743
1539.53953954 0.01612311
1541.54154154 0.01567075
1543.54354354 0.01508202
1545.54554555 0.01627004
1547.54754755 0.01557668
1549.54954955 0.01531197
1551.55155155 0.01502999
1553.55355355 0.01497171
1555.55555556 0.01467301
1557.55755756 0.01597406
1559.55955956 0.01544152
1561.56156156 0.01384265
1563.56356356 0.01293891
1565.56556557 0.01273085
1567.56756757 0.01257606
1569.56956957 0.01231932
1571.57157157 0.01174758
1573.57357357 0.01053718
1575.57557558 0.01266306
1577.57757758 0.01241041
1579.57957958 0.01236264
1581.58158158 0.01629759
1583.58358358 0.01618668
1585.58558559 0.01399746
1587.58758759 0.01392507
1589.58958959 0.01348134
1591.59159159 0.01337610
1593.59359359 0.01319281
1595.59559560 0.01450246
1597.59759760 0.01416757
1599.59959960 0.01359635
1601.60160160 0.01383593
1603.60360360 0.01562091
1605.60560561 0.01653922
1607.60760761 0.01610318
1609.60960961 0.01587263
1611.61161161 0.01608331
1613.61361361 0.01750643
1615.61561562 0.02007927
1617.61761762 0.01969050
1619.61961962 0.02087415
1621.62162162 0.02057098
1623.62362362 0.02200931
1625.62562563 0.02357983
1627.62762763 0.02308625
1629.62962963 0.02262379
1631.63163163 0.02225836
1633.63363363 0.02185984
1635.63563564 0.02094860
1637.63763764 0.02207975
1639.63963964 0.02099969
1641.64164164 0.01829631
1643.64364364 0.01795932
1645.64564565 0.01773679
1647.64764765 0.01716659
1649.64964965 0.01816755
1651.65165165 0.01728129
1653.65365365 0.01702468
1655.65565566 0.01677340
1657.65765766 0.01615907
1659.65965966 0.01592972
1661.66166166 0.01640240
1663.66366366 0.01606279
1665.66566567 0.01416804
1667.66766767 0.01548807
1669.66966967 0.01478766
1671.67167167 0.01434818
1673.67367367 0.01408451
1675.67567568 0.01368212
1677.67767768 0.01341386
1679.67967968 0.01321453
1681.68168168 0.01658096
1683.68368368 0.01975522
1685.68568569 0.02120984
1687.68768769 0.01858606
1689.68968969 0.01797594
1691.69169169 0.01549200
1693.69369369 0.01656751
1695.69569570 0.01488070
1697.69769770 0.01444124
1699.69969970 0.01361661
1701.70170170 0.01317720
1703.70370370 0.01271813
1705.70570571 0.01232582
1707.70770771 0.01209165
1709.70970971 0.01161289
1711.71171171 0.01124293
1713.71371371 0.01080943
1715.71571572 0.01199494
1717.71771772 0.01215550
1719.71971972 0.01214858
1721.72172172 0.01191632
1723.72372372 0.01175325
1725.72572573 0.01152922
1727.72772773 0.01121109
1729.72972973 0.01132100
1731.73173173 0.01103852
1733.73373373 0.01098658
1735.73573574 0.01076155
1737.73773774 0.01233047
1739.73973974 0.01191440
1741.74174174 0.01186029
1743.74374374 0.01144953
1745.74574575 0.01143045
1747.74774775 0.01301410
1749.74974975 0.01618548
1751.75175175 0.01401922
1753.75375375 0.01380215
1755.75575576 0.01353081
1757.75775776 0.01316356
1759.75975976 0.01335987
1761.76176176 0.01301086
1763.76376376 0.01278692
1765.76576577 0.01082355
1767.76776777 0.01055205
1769.76976977 0.01094744
1771.77177177 0.01029297
1773.77377377 0.00979433
1775.77577578 0.00967856
1777.77777778 0.00950057
1779.77977978 0.00906947
1781.78178178 0.00886474
1783.78378378 0.00878706
1785.78578579 0.00858637
1787.78778779 0.00824369
1789.78978979 0.00982518
1791.79179179 0.01149350
1793.79379379 0.01126667
1795.79579580 0.01043966
1797.79779780 0.00981141
1799.79979980 0.01367161
1801.80180180 0.01355073
1803.80380380 0.01539213
1805.80580581 0.01708027
1807.80780781 0.01661921
1809.80980981 0.01642919
1811.81181181 0.01629789
1813.81381381 0.01620137
1815.81581582 0.01594213
1817.81781782 0.01587953
1819.81981982 0.01728931
1821.82182182 0.01728357
1823.82382382 0.01890102
1825.82582583 0.02070756
1827.82782783 0.02046257
1829.82982983 0.01987993
1831.83183183 0.01845459
1833.83383383 0.01842023
1835.83583584 0.01802109
1837.83783784 0.01785200
1839.83983984 0.01756984
1841.84184184 0.01910022
1843.84384384 0.01855965
1845.84584585 0.01861777
1847.84784785 0.01846317
1849.84984985 0.01661912
1851.85185185 0.01687674
1853.85385385 0.01527896
1855.85585586 0.01507170
1857.85785786 0.01540273
1859.85985986 0.01553832
1861.86186186 0.01515141
1863.86386386 0.01455499
1865.86586587 0.01613275
1867.86786787 0.01550839
1869.86986987 0.01606739
1871.87187187 0.01560627
1873.87387387 0.01530234
1875.87587588 0.01530772
1877.87787788 0.01701317
1879.87987988 0.01674840
1881.88188188 0.01642345
1883.88388388 0.01744405
1885.88588589 0.01715579
1887.88788789 0.01892833
1889.88988989 0.01860764
1891.89189189 0.02208899
1893.89389389 0.02271046
1895.89589590 0.02450599
1897.89789790 0.02454006
1899.89989990 0.02463458
1901.90190190 0.02649769
1903.90390390 0.02720416
1905.90590591 0.02696701
1907.90790791 0.02663778
1909.90990991 0.02830955
1911.91191191 0.03012036
1913.91391391 0.02943814
1915.91591592 0.02816339
1917.91791792 0.02773111
1919.91991992 0.02722074
1921.92192192 0.02682891
1923.92392392 0.02356178
1925.92592593 0.02319716
1927.92792793 0.02133328
1929.92992993 0.02473740
1931.93193193 0.02440118
1933.93393393 0.02399720
1935.93593594 0.02360382
1937.93793794 0.02252018
1939.93993994 0.02219351
1941.94194194 0.02081435
1943.94394394 0.02045603
1945.94594595 0.02206465
1947.94794795 0.02180996
1949.94994995 0.01962396
1951.95195195 0.01901611
1953.95395395 0.01889074
1955.95595596 0.01921822
1957.95795796 0.01896895
1959.95995996 0.01880090
1961.96196196 0.02098096
1963.96396396 0.02062819
1965.96596597 0.02020771
1967.96796797 0.01991587
1969.96996997 0.02150163
1971.97197197 0.02030629
1973.97397397 0.02015540
1975.97597598 0.02139358
1977.97797798 0.02204904
1979.97997998 0.02138548
1981.98198198 0.02094343
1983.98398398 0.02084502
1985.98598599 0.02063323
1987.98798799 0.02025427
1989.98998999 0.02156430
1991.99199199 0.01947601
1993.99399399 0.02108199
1995.99599600 0.02077041
1997.99799800 0.02078609
2000.00000000 0.02043827
