0.00000000 13.00000000 0.00000182
1.00050025 13.13816899 0.17953538
2.00100050 12.95010217 0.20654557
3.00150075 12.89580744 0.26631288
4.00200100 12.88733863 0.31503155
5.00250125 12.84505115 0.34766315
6.00300150 12.81745571 0.42772528
7.00350175 12.69256123 0.41245011
8.00400200 12.66163603 0.46594850
9.00450225 12.63478251 0.51791505
10.00500250 12.55313728 0.53309893
11.00550275 12.51174822 0.60031539
12.00600300 12.46843290 0.63221798
13.00650325 12.43860634 0.66972125
14.00700350 12.39726611 0.67609339
15.00750375 12.33306031 0.68121368
16.00800400 12.32826275 0.74062145
17.00850425 12.27668087 0.75419322
18.00900450 12.22839931 0.79080752
19.00950475 12.20477492 0.81283475
20.01000500 12.16723648 0.83586072
21.01050525 12.13100598 0.85214072
22.01100550 12.07706542 0.87939882
23.01150575 12.05022507 0.89935541
24.01200600 12.01321219 0.91726832
25.01250625 11.96933301 0.93904311
26.01300650 11.91856211 0.98129677
27.01350675 11.89161067 0.98524163
28.01400700 11.85812330 0.99168082
29.01450725 11.81026522 1.02509772
30.01500750 11.78343839 1.03277635
31.01550775 11.74634262 1.05654803
32.01600800 11.72410653 1.07275717
33.01650825 11.69780403 1.08619683
34.01700850 11.65750847 1.09568121
35.01750875 11.63352193 1.10722347
36.01800900 11.59545197 1.12153478
37.01850925 11.56388688 1.12492852
38.01900950 11.52152212 1.14365342
39.01950975 11.50048937 1.14617238
40.02001001 11.47390122 1.16705309
41.02051026 11.45103805 1.18625324
42.02101051 11.40723233 1.22900012
43.02151076 11.37985344 1.24801170
44.02201101 11.35943107 1.27572737
45.02251126 11.34985217 1.28388879
46.02301151 11.32331438 1.28376725
47.02351176 11.28734229 1.30498397
48.02401201 11.25614353 1.31751980
49.02451226 11.23627730 1.33197213
50.02501251 11.21117728 1.33402294
51.02551276 11.19182357 1.35501221
52.02601301 11.17498494 1.36712936
53.02651326 11.14003134 1.37496163
54.02701351 11.11600109 1.38727790
55.02751376 11.08286078 1.40781140
56.02801401 11.04665626 1.43610792
57.02851426 11.03597257 1.44397616
58.02901451 11.00542881 1.47780571
59.02951476 10.97021873 1.50510074
60.03001501 10.95229064 1.51411659
61.03051526 10.92917208 1.51952640
62.03101551 10.90220932 1.53722649
63.03151576 10.88475682 1.52499385
64.03201601 10.85827371 1.53587586
65.03251626 10.83327491 1.53814320
66.03301651 10.80044914 1.56362514
67.03351676 10.78185927 1.57415880
68.03401701 10.75986500 1.59157234
69.03451726 10.73930758 1.60396537
70.03501751 10.72135096 1.61264486
71.03551776 10.70906428 1.61093706
72.03601801 10.67431986 1.64405912
73.03651826 10.64533520 1.66555054
74.03701851 10.61809917 1.68071089
75.03751876 10.58979953 1.69460117
76.03801901 10.56201927 1.72121790
77.03851926 10.54309858 1.74799632
78.03901951 10.52629269 1.76844272
79.03951976 10.49251494 1.78007116
80.04002001 10.46291222 1.80092639
81.04052026 10.44489088 1.82561109
82.04102051 10.41898383 1.84877697
83.04152076 10.38831077 1.85879222
84.04202101 10.37502676 1.87386453
85.04252126 10.35598746 1.86066768
86.04302151 10.32779248 1.85891445
87.04352176 10.30880214 1.87674335
88.04402201 10.28553449 1.87569885
89.04452226 10.25380840 1.89003332
90.04502251 10.22769218 1.90056887
91.04552276 10.22181970 1.90114030
92.04602301 10.19204168 1.93244548
93.04652326 10.15325187 1.96165197
94.04702351 10.12799948 1.97170697
95.04752376 10.10739115 1.97713553
96.04802401 10.08900339 1.98447927
97.04852426 10.06062176 1.99729314
98.04902451 10.03906154 2.00375101
99.04952476 10.01779174 2.01672806
100.05002501 10.01073561 2.01535214
101.05052526 9.98066399 2.04133453
102.05102551 9.96287006 2.05346063
103.05152576 9.94314361 2.05885064
104.05202601 9.91744412 2.08407810
105.05252626 9.90293287 2.08825645
106.05302651 9.86856202 2.11245338
107.05352676 9.84555407 2.11733317
108.05402701 9.82689088 2.12811935
109.05452726 9.82426698 2.12949687
110.05502751 9.80722925 2.14770429
111.05552776 9.77257726 2.17528625
112.05602801 9.74859818 2.19424087
113.05652826 9.74932926 2.19692808
114.05702851 9.73182881 2.21696333
115.05752876 9.71555816 2.22237051
116.05802901 9.68854201 2.23234502
117.05852926 9.65893263 2.24978718
118.05902951 9.64861392 2.25221093
119.05952976 9.62688031 2.26512283
120.06003002 9.60129247 2.26448089
121.06053027 9.58940046 2.27776462
122.06103052 9.56347977 2.29936657
123.06153077 9.53346231 2.29781493
124.06203102 9.52901147 2.29667859
125.06253127 9.49197306 2.30898483
126.06303152 9.46753353 2.33591269
127.06353177 9.44477836 2.34075515
128.06403202 9.42135164 2.34456054
129.06453227 9.39786013 2.35370782
130.06503252 9.36932131 2.35547005
131.06553277 9.35751114 2.35870972
132.06603302 9.33556361 2.35963102
133.06653327 9.30095621 2.36916850
134.06703352 9.27492132 2.37391171
135.06753377 9.23956979 2.39195017
136.06803402 9.22340962 2.40589307
137.06853427 9.20075639 2.41644515
138.06903452 9.16512999 2.43624403
139.06953477 9.14952966 2.43602367
140.07003502 9.12452336 2.44602129
141.07053527 9.09716549 2.46248077
142.07103552 9.07705282 2.47803507
143.07153577 9.04735919 2.48251053
144.07203602 9.02204093 2.50124525
145.07253627 9.00475567 2.49976254
146.07303652 8.98540751 2.52274421
147.07353677 8.95033300 2.52086329
148.07403702 8.92335651 2.53891525
149.07453727 8.89245121 2.54261392
150.07503752 8.88339530 2.54453895
151.07553777 8.85299556 2.54727297
152.07603802 8.83553095 2.55619640
153.07653827 8.80450931 2.56545006
154.07703852 8.77978629 2.58622950
155.07753877 8.75323099 2.59848255
156.07803902 8.73993822 2.60892670
157.07853927 8.70419936 2.62451678
158.07903952 8.67725277 2.63609387
159.07953977 8.66024948 2.65259702
160.08004002 8.64809929 2.65613537
161.08054027 8.62881878 2.66853547
162.08104052 8.61366245 2.66922035
163.08154077 8.59897225 2.66766242
164.08204102 8.57502002 2.68699405
165.08254127 8.54773735 2.70168033
166.08304152 8.51896542 2.70407833
167.08354177 8.50158519 2.70599686
168.08404202 8.48484901 2.71065491
169.08454227 8.47272592 2.71729365
170.08504252 8.45050989 2.71038416
171.08554277 8.42784949 2.73361300
172.08604302 8.40942792 2.73815899
173.08654327 8.37724455 2.73748323
174.08704352 8.36283791 2.74723640
175.08754377 8.34525135 2.74882817
176.08804402 8.32058480 2.75103196
177.08854427 8.29339813 2.75966859
178.08904452 8.26072694 2.77167222
179.08954477 8.24441002 2.78326674
180.09004502 8.22708727 2.79200274
181.09054527 8.20224746 2.79416589
182.09104552 8.18610837 2.80237996
183.09154577 8.17495621 2.80636018
184.09204602 8.14974648 2.81142022
185.09254627 8.11984364 2.82654613
186.09304652 8.10273130 2.82234001
187.09354677 8.08160935 2.84419777
188.09404702 8.05362869 2.84835756
189.09454727 8.02910526 2.86092510
190.09504752 8.01796324 2.86090611
191.09554777 8.00236661 2.86569439
192.09604802 7.97170421 2.87381174
193.09654827 7.94331225 2.87998864
194.09704852 7.91204938 2.87681100
195.09754877 7.90428893 2.88751233
196.09804902 7.87093903 2.91520906
197.09854927 7.84802125 2.91462502
198.09904952 7.81810759 2.93349787
199.09954977 7.79513124 2.93408781
200.10005003 7.77543762 2.93355657
201.10055028 7.75781131 2.93925648
202.10105053 7.73980743 2.95040741
203.10155078 7.70076051 2.96164916
204.10205103 7.67807574 2.96340399
205.10255128 7.65380935 2.98110984
206.10305153 7.63298923 2.98916236
207.10355178 7.61087364 2.98965215
208.10405203 7.58560157 3.01034473
209.10455228 7.55479217 3.02868861
210.10505253 7.53846468 3.02250272
211.10555278 7.50364236 3.04015643
212.10605303 7.48659629 3.04607228
213.10655328 7.45123477 3.06611131
214.10705353 7.43230905 3.09399657
215.10755378 7.41213023 3.09607798
216.10805403 7.39252761 3.10248924
217.10855428 7.37585752 3.11272502
218.10905453 7.36164915 3.11897324
219.10955478 7.34430706 3.13337933
220.11005503 7.32902535 3.13332162
221.11055528 7.31406786 3.13737828
222.11105553 7.29365583 3.14126570
223.11155578 7.27645364 3.14949815
224.11205603 7.26382216 3.15670331
225.11255628 7.25340538 3.16229098
226.11305653 7.23336216 3.17571305
227.11355678 7.20427866 3.18655498
228.11405703 7.19254345 3.20575789
229.11455728 7.16631598 3.20751786
230.11505753 7.15069402 3.20661485
231.11555778 7.13336312 3.21558271
232.11605803 7.11599621 3.22303337
233.11655828 7.09394528 3.21850265
234.11705853 7.07838178 3.22538917
235.11755878 7.06596206 3.23918462
236.11805903 7.04391271 3.24363810
237.11855928 7.02231304 3.24798080
238.11905953 6.99501640 3.25912600
239.11955978 6.97453308 3.26117814
240.12006003 6.96394103 3.26471258
241.12056028 6.94839922 3.26622985
242.12106053 6.91595712 3.27245374
243.12156078 6.88421473 3.28166118
244.12206103 6.87555060 3.28954437
245.12256128 6.86007461 3.29493386
246.12306153 6.83634856 3.29946563
247.12356178 6.81626797 3.30936257
248.12406203 6.79658775 3.30482615
249.12456228 6.77604773 3.30658200
250.12506253 6.76806751 3.30449451
251.12556278 6.73885723 3.30463455
252.12606303 6.72411867 3.31472317
253.12656328 6.70795013 3.32348162
254.12706353 6.69603472 3.32664906
255.12756378 6.68342135 3.32419280
256.12806403 6.66989631 3.33152600
257.12856428 6.65132307 3.32619633
258.12906453 6.63766726 3.33263623
259.12956478 6.61512022 3.34505514
260.13006503 6.59137482 3.33979025
261.13056528 6.55793193 3.36257157
262.13106553 6.55138683 3.36240897
263.13156578 6.53043444 3.36193182
264.13206603 6.52053308 3.36983591
265.13256628 6.50388362 3.37448984
266.13306653 6.48793516 3.37867424
267.13356678 6.47555804 3.38189265
268.13406703 6.44593895 3.37488895
269.13456728 6.41891152 3.38314101
270.13506753 6.39385935 3.38396063
271.13556778 6.37310917 3.39068691
272.13606803 6.35278192 3.39316908
273.13656828 6.33635806 3.39127697
274.13706853 6.31402221 3.39188217
275.13756878 6.28239062 3.38996948
276.13806903 6.26921372 3.39809987
277.13856928 6.24705239 3.40029200
278.13906953 6.21533121 3.40192814
279.13956978 6.18610207 3.40097775
280.14007004 6.17587047 3.40663568
281.14057029 6.14927924 3.40675404
282.14107054 6.12350796 3.39951552
283.14157079 6.10952828 3.39726229
284.14207104 6.10276048 3.40566665
285.14257129 6.06877221 3.40364385
286.14307154 6.04272257 3.41621699
287.14357179 6.02102925 3.40935927
288.14407204 6.00170298 3.40515498
289.14457229 5.97529394 3.41103468
290.14507254 5.95396271 3.41140289
291.14557279 5.94464922 3.41793433
292.14607304 5.91255874 3.42501665
293.14657329 5.89203031 3.42370038
294.14707354 5.87831033 3.42880839
295.14757379 5.86765274 3.43677982
296.14807404 5.85262320 3.44057644
297.14857429 5.83451718 3.44454257
298.14907454 5.81795095 3.44485203
299.14957479 5.78954127 3.45135940
300.15007504 5.76061441 3.45324108
301.15057529 5.74093788 3.45690369
302.15107554 5.72607162 3.46075833
303.15157579 5.70439653 3.46579154
304.15207604 5.68711368 3.45568522
305.15257629 5.66235812 3.45881103
306.15307654 5.65116937 3.46417771
307.15357679 5.62318675 3.46503027
308.15407704 5.60379450 3.46453689
309.15457729 5.58562101 3.46512694
310.15507754 5.57020361 3.46878008
311.15557779 5.56079160 3.47764795
312.15607804 5.54911584 3.47478539
313.15657829 5.52981301 3.48536853
314.15707854 5.51078995 3.48583315
315.15757879 5.48951299 3.48536798
316.15807904 5.47880972 3.49177151
317.15857929 5.45866794 3.49571753
318.15907954 5.45901938 3.49679407
319.15957979 5.44348475 3.49404762
320.16008004 5.42398355 3.49329303
321.16058029 5.39953475 3.49255974
322.16108054 5.38569890 3.49308537
323.16158079 5.36261658 3.48953737
324.16208104 5.34695771 3.49373968
325.16258129 5.31503215 3.49580851
326.16308154 5.30036546 3.50433004
327.16358179 5.28562211 3.50454678
328.16408204 5.26621096 3.51207922
329.16458229 5.25053720 3.50447083
330.16508254 5.22843643 3.50076829
331.16558279 5.21614676 3.50467088
332.16608304 5.18817258 3.50355472
333.16658329 5.16889051 3.50147675
334.16708354 5.15549529 3.50760472
335.16758379 5.14272248 3.51306978
336.16808404 5.12641101 3.51261966
337.16858429 5.11034417 3.51134762
338.16908454 5.09403170 3.50659718
339.16958479 5.08423406 3.50660363
340.17008504 5.06032145 3.50633326
341.17058529 5.04791701 3.51756874
342.17108554 5.02634953 3.51130138
343.17158579 5.02866687 3.51867511
344.17208604 5.00598845 3.51647314
345.17258629 4.98619209 3.52559045
346.17308654 4.96897992 3.52491676
347.17358679 4.95487850 3.52703306
348.17408704 4.93931517 3.53049183
349.17458729 4.91653905 3.53468406
350.17508754 4.89493545 3.54257282
351.17558779 4.89038614 3.54500251
352.17608804 4.87836466 3.55506366
353.17658829 4.86098736 3.56126463
354.17708854 4.84099027 3.55806763
355.17758879 4.82100332 3.55686168
356.17808904 4.81230558 3.55942401
357.17858929 4.79663161 3.56142441
358.17908954 4.78608818 3.56228230
359.17958979 4.76363507 3.56131264
360.18009005 4.74083805 3.55902677
361.18059030 4.72704677 3.56186518
362.18109055 4.71750946 3.55513577
363.18159080 4.69752608 3.55511556
364.18209105 4.68588128 3.55841778
365.18259130 4.67746618 3.55201575
366.18309155 4.64839192 3.55018698
367.18359180 4.63024695 3.53962086
368.18409205 4.61431536 3.53372101
369.18459230 4.59302185 3.52894603
370.18509255 4.57772945 3.53098347
371.18559280 4.55313465 3.52586759
372.18609305 4.53635681 3.52658049
373.18659330 4.52525678 3.52897393
374.18709355 4.51521644 3.53271603
375.18759380 4.49375458 3.52700553
376.18809405 4.46687837 3.52097707
377.18859430 4.45328579 3.52909511
378.18909455 4.43852959 3.52276300
379.18959480 4.41752891 3.52057273
380.19009505 4.38852553 3.51332004
381.19059530 4.37677857 3.50717662
382.19109555 4.35851194 3.50119631
383.19159580 4.34258423 3.50545232
384.19209605 4.33216382 3.50476641
385.19259630 4.31127640 3.50635457
386.19309655 4.29117340 3.50580134
387.19359680 4.28301272 3.50768620
388.19409705 4.25673193 3.50628459
389.19459730 4.23988322 3.50694612
390.19509755 4.21640218 3.50674087
391.19559780 4.20273292 3.50758453
392.19609805 4.18310048 3.50016238
393.19659830 4.17030108 3.50416293
394.19709855 4.14187042 3.49559619
395.19759880 4.12626040 3.49592365
396.19809905 4.09745796 3.49550556
397.19859930 4.08043020 3.49625009
398.19909955 4.05697929 3.47858084
399.19959980 4.03955834 3.47435635
400.20010005 4.02841289 3.47864378
401.20060030 4.00854652 3.47660303
402.20110055 3.98958707 3.47636948
403.20160080 3.97938924 3.47516930
404.20210105 3.96120214 3.47650746
405.20260130 3.93822702 3.46190263
406.20310155 3.92277938 3.45752814
407.20360180 3.90008769 3.45274131
408.20410205 3.89183991 3.45616761
409.20460230 3.87672539 3.45067503
410.20510255 3.86938084 3.45255076
411.20560280 3.84848754 3.44569734
412.20610305 3.83733583 3.44980461
413.20660330 3.80691621 3.43410045
414.20710355 3.79604584 3.43074860
415.20760380 3.79672173 3.43185069
416.20810405 3.78451656 3.43261176
417.20860430 3.76867507 3.42916204
418.20910455 3.75334276 3.43060396
419.20960480 3.74384438 3.42878881
420.21010505 3.73025570 3.42932296
421.21060530 3.71890469 3.42566868
422.21110555 3.70955607 3.42560193
423.21160580 3.69147209 3.41600436
424.21210605 3.67431485 3.41147435
425.21260630 3.66629379 3.41215473
426.21310655 3.65859955 3.41626658
427.21360680 3.63731313 3.41759872
428.21410705 3.61542578 3.40912022
429.21460730 3.60944525 3.41164266
430.21510755 3.60106159 3.41555490
431.21560780 3.57863328 3.41082945
432.21610805 3.55228789 3.39397757
433.21660830 3.54189385 3.38391377
434.21710855 3.53003162 3.38403966
435.21760880 3.51471842 3.37345834
436.21810905 3.49486992 3.37076147
437.21860930 3.48287026 3.36410084
438.21910955 3.47182204 3.35692276
439.21960980 3.45948145 3.35501050
440.22011006 3.44488374 3.35084350
441.22061031 3.42135481 3.34198338
442.22111056 3.39483570 3.32871201
443.22161081 3.38769185 3.32385437
444.22211106 3.36974040 3.32154918
445.22261131 3.36479571 3.31645483
446.22311156 3.35133951 3.31791817
447.22361181 3.33357162 3.31178810
448.22411206 3.32059639 3.30650054
449.22461231 3.31268170 3.31263500
450.22511256 3.28652455 3.29778826
451.22561281 3.27789269 3.29866915
452.22611306 3.25349604 3.28530725
453.22661331 3.23829641 3.28955777
454.22711356 3.22108948 3.28246380
455.22761381 3.21405928 3.28164611
456.22811406 3.20305327 3.27448413
457.22861431 3.19113795 3.27534973
458.22911456 3.17277491 3.27006866
459.22961481 3.16620768 3.26509212
460.23011506 3.15255501 3.26458588
461.23061531 3.14136451 3.26502281
462.23111556 3.12879379 3.26200693
463.23161581 3.11698599 3.26001657
464.23211606 3.10642487 3.25432385
465.23261631 3.09961548 3.25763462
466.23311656 3.08709955 3.25416264
467.23361681 3.08216589 3.25674257
468.23411706 3.07019388 3.24525477
469.23461731 3.04614093 3.23938434
470.23511756 3.03007119 3.23539049
471.23561781 3.01292818 3.23086589
472.23611806 3.00586772 3.23182381
473.23661831 2.98379739 3.21786736
474.23711856 2.97328604 3.21890740
475.23761881 2.96909719 3.21620605
476.23811906 2.95368131 3.20773609
477.23861931 2.93747941 3.20771806
478.23911956 2.92112131 3.20469816
479.23961981 2.90958798 3.20062300
480.24012006 2.89023731 3.19287548
481.24062031 2.88037385 3.19515546
482.24112056 2.86889347 3.19589172
483.24162081 2.85106999 3.17907987
484.24212106 2.85269658 3.18363387
485.24262131 2.84825452 3.17583743
486.24312156 2.83650001 3.16306311
487.24362181 2.82714624 3.16088556
488.24412206 2.82015998 3.16208637
489.24462231 2.80101522 3.15104206
490.24512256 2.79018255 3.14043159
491.24562281 2.78182449 3.13933474
492.24612306 2.76985857 3.13242689
493.24662331 2.75946859 3.13184464
494.24712356 2.74432636 3.13033777
495.24762381 2.73234905 3.12499162
496.24812406 2.72684224 3.12503688
497.24862431 2.70643757 3.11220988
498.24912456 2.69256334 3.10478900
499.24962481 2.67485616 3.10197587
500.25012506 2.65316708 3.09262084
501.25062531 2.64697840 3.08929466
502.25112556 2.63425200 3.08449014
503.25162581 2.61531631 3.07494585
504.25212606 2.60972178 3.07109317
505.25262631 2.59265259 3.05914686
506.25312656 2.57593489 3.05780902
507.25362681 2.56170566 3.05003376
508.25412706 2.54872058 3.04624421
509.25462731 2.53964013 3.04527931
510.25512756 2.53892131 3.04872838
511.25562781 2.51998304 3.03923067
512.25612806 2.49635518 3.02340357
513.25662831 2.47246508 3.00880040
514.25712856 2.46462144 3.01195785
515.25762881 2.46676747 3.01051244
516.25812906 2.46317740 3.00738704
517.25862931 2.45511448 3.00419401
518.25912956 2.44703962 2.99813545
519.25962981 2.44265530 3.00082570
520.26013007 2.43282543 2.99711059
521.26063032 2.41934984 2.98750305
522.26113057 2.40858360 2.98830518
523.26163082 2.40164058 2.98461752
524.26213107 2.38492633 2.96963420
525.26263132 2.37370992 2.97075717
526.26313157 2.36187590 2.96717292
527.26363182 2.36176248 2.97503649
528.26413207 2.33895008 2.96053163
529.26463232 2.33021069 2.96624165
530.26513257 2.32123341 2.95895225
531.26563282 2.31628499 2.95695044
532.26613307 2.31129001 2.95496858
533.26663332 2.30006081 2.94936598
534.26713357 2.29167614 2.94941197
535.26763382 2.28169176 2.93781355
536.26813407 2.26981733 2.93281452
537.26863432 2.25543130 2.91889374
538.26913457 2.25086975 2.92182888
539.26963482 2.23997136 2.91308009
540.27013507 2.22933748 2.91057270
541.27063532 2.21457176 2.90115048
542.27113557 2.20277508 2.89609155
543.27163582 2.18552526 2.88467319
544.27213607 2.16638143 2.87654966
545.27263632 2.15807016 2.87664503
546.27313657 2.14355772 2.87059364
547.27363682 2.13357667 2.86423177
548.27413707 2.12733305 2.86479737
549.27463732 2.12114717 2.86496020
550.27513757 2.12141523 2.86963844
551.27563782 2.11176159 2.86782346
552.27613807 2.10536011 2.86602302
553.27663832 2.09036950 2.85418128
554.27713857 2.08374524 2.85427098
555.27763882 2.06932897 2.84359051
556.27813907 2.05575823 2.83203931
557.27863932 2.03846726 2.81895308
558.27913957 2.02467433 2.81097506
559.27963982 2.01670922 2.80530187
560.28014007 2.00865835 2.79198148
561.28064032 2.00064220 2.78656891
562.28114057 1.97823291 2.76902781
563.28164082 1.96983423 2.76949053
564.28214107 1.96212128 2.77056586
565.28264132 1.95637221 2.77303963
566.28314157 1.94927061 2.76961809
567.28364182 1.92868221 2.74894006
568.28414207 1.92107239 2.74421074
569.28464232 1.90507627 2.73336806
570.28514257 1.89661822 2.73292778
571.28564282 1.88630759 2.72747089
572.28614307 1.87751028 2.72077426
573.28664332 1.86228099 2.71344174
574.28714357 1.85885055 2.71245301
575.28764382 1.85193132 2.70696962
576.28814407 1.84961794 2.70774867
577.28864432 1.84458895 2.70634189
578.28914457 1.83934345 2.70731685
579.28964482 1.83351643 2.69899055
580.29014507 1.82153295 2.69463852
581.29064532 1.81423006 2.68447056
582.29114557 1.80854592 2.68551453
583.29164582 1.80377016 2.68108975
584.29214607 1.79866797 2.68330357
585.29264632 1.78386922 2.67571928
586.29314657 1.77449100 2.66922633
587.29364682 1.76768041 2.66528434
588.29414707 1.75880297 2.65855145
589.29464732 1.75328669 2.65503246
590.29514757 1.74786632 2.65967049
591.29564782 1.74377550 2.66028717
592.29614807 1.73321083 2.65089959
593.29664832 1.72565375 2.65229638
594.29714857 1.70954399 2.64470020
595.29764882 1.70235595 2.63728643
596.29814907 1.70421006 2.64053440
597.29864932 1.69013146 2.63382750
598.29914957 1.68265295 2.62794291
599.29964982 1.67063941 2.61555119
600.30015008 1.65805615 2.60887025
601.30065033 1.65145357 2.59463838
602.30115058 1.64241300 2.58936038
603.30165083 1.63678258 2.58867971
604.30215108 1.63099412 2.58597905
605.30265133 1.62689562 2.58343590
606.30315158 1.61496258 2.57058586
607.30365183 1.60573547 2.56617078
608.30415208 1.59859899 2.56123988
609.30465233 1.59408806 2.55839174
610.30515258 1.59074300 2.55868025
611.30565283 1.58546605 2.55744776
612.30615308 1.58115441 2.55293321
613.30665333 1.57359422 2.55550786
614.30715358 1.56977712 2.54420226
615.30765383 1.56539416 2.53626362
616.30815408 1.56020084 2.53422176
617.30865433 1.55369254 2.52736142
618.30915458 1.54129836 2.50925215
619.30965483 1.54410573 2.51078008
620.31015508 1.53582758 2.51093238
621.31065533 1.53185656 2.50596432
622.31115558 1.52351615 2.50499382
623.31165583 1.51786395 2.50491308
624.31215608 1.50920962 2.49715132
625.31265633 1.49987862 2.49102469
626.31315658 1.49552253 2.48819039
627.31365683 1.49046268 2.48080885
628.31415708 1.47934543 2.47321866
629.31465733 1.46987088 2.46925479
630.31515758 1.45710447 2.44902084
631.31565783 1.45291244 2.45115391
632.31615808 1.44839385 2.44865833
633.31665833 1.43725960 2.43833327
634.31715858 1.43185291 2.43087148
635.31765883 1.42372532 2.42581410
636.31815908 1.41862631 2.42173980
637.31865933 1.41623316 2.41331851
638.31915958 1.41264242 2.41043977
639.31965983 1.41281383 2.41800408
640.32016008 1.40189096 2.40927497
641.32066033 1.39047441 2.40372169
642.32116058 1.38343452 2.40732327
643.32166083 1.36752513 2.38906227
644.32216108 1.36593554 2.38938439
645.32266133 1.35369329 2.37525625
646.32316158 1.35561936 2.37791428
647.32366183 1.35015874 2.37599876
648.32416208 1.34664982 2.37522623
649.32466233 1.34330420 2.37554868
650.32516258 1.33424570 2.36693823
651.32566283 1.32819862 2.36464575
652.32616308 1.31734960 2.35647125
653.32666333 1.30850180 2.35234213
654.32716358 1.30048074 2.34684493
655.32766383 1.28956825 2.33534177
656.32816408 1.28968997 2.33897248
657.32866433 1.27844602 2.32995629
658.32916458 1.26956710 2.32370021
659.32966483 1.25914430 2.31145663
660.33016508 1.25253233 2.30414152
661.33066533 1.23655440 2.29116829
662.33116558 1.23272115 2.28981815
663.33166583 1.22668283 2.28826755
664.33216608 1.21917429 2.28458139
665.33266633 1.21222970 2.27764580
666.33316658 1.20589107 2.27486908
667.33366683 1.20407696 2.27389142
668.33416708 1.19813932 2.26858181
669.33466733 1.18933197 2.25297035
670.33516758 1.18148239 2.24508343
671.33566783 1.17887708 2.23817438
672.33616808 1.17593905 2.23680164
673.33666833 1.16921111 2.23353605
674.33716858 1.16180741 2.22339237
675.33766883 1.15145758 2.21258054
676.33816908 1.14791403 2.20852814
677.33866933 1.14309156 2.20621040
678.33916958 1.13977662 2.20286571
679.33966983 1.12970547 2.19639854
680.34017009 1.11935147 2.19167003
681.34067034 1.11564955 2.18803734
682.34117059 1.09803922 2.16192855
683.34167084 1.09374928 2.15383093
684.34217109 1.09545127 2.15402704
685.34267134 1.08845297 2.15005291
686.34317159 1.07595115 2.14079097
687.34367184 1.06623909 2.12584251
688.34417209 1.06308998 2.11943031
689.34467234 1.05781065 2.10865227
690.34517259 1.05204308 2.10685166
691.34567284 1.04708843 2.09750636
692.34617309 1.04261852 2.09034414
693.34667334 1.03732953 2.09123087
694.34717359 1.03064275 2.08988443
695.34767384 1.02516650 2.08474834
696.34817409 1.02082471 2.08454262
697.34867434 1.01651768 2.07989489
698.34917459 1.01423760 2.07623456
699.34967484 1.01186186 2.07671737
700.35017509 1.01332105 2.07505117
701.35067534 1.00826005 2.07378973
702.35117559 1.00792434 2.08014781
703.35167584 1.00254861 2.07834601
704.35217609 0.98875728 2.06413452
705.35267634 0.98286995 2.05797832
706.35317659 0.97866791 2.05834194
707.35367684 0.97605660 2.05108213
708.35417709 0.96901519 2.04681052
709.35467734 0.96979055 2.04681725
710.35517759 0.96546113 2.04390058
711.35567784 0.96116208 2.04112544
712.35617809 0.95716837 2.04067161
713.35667834 0.95544638 2.03903727
714.35717859 0.95136018 2.03746565
715.35767884 0.95067771 2.03654751
716.35817909 0.94623421 2.02668264
717.35867934 0.93799350 2.01376638
718.35917959 0.93311475 2.00734213
719.35967984 0.92884231 2.00541269
720.36018009 0.92347370 1.99997977
721.36068034 0.91126909 1.99023646
722.36118059 0.90428051 1.98073384
723.36168084 0.90185013 1.98065240
724.36218109 0.89159815 1.97249548
725.36268134 0.88487922 1.96875588
726.36318159 0.88142960 1.97084839
727.36368184 0.87890352 1.96682851
728.36418209 0.87096555 1.96278753
729.36468234 0.86494462 1.95494332
730.36518259 0.85749944 1.94176790
731.36568284 0.85437684 1.94074046
732.36618309 0.85140086 1.93943176
733.36668334 0.84349390 1.92823334
734.36718359 0.83758480 1.92269909
735.36768384 0.83257242 1.92227172
736.36818409 0.83418436 1.92504496
737.36868434 0.83258268 1.92735717
738.36918459 0.82764635 1.92200941
739.36968484 0.82559814 1.91757028
740.37018509 0.82127611 1.91447547
741.37068534 0.81531092 1.90793153
742.37118559 0.81501366 1.90950579
743.37168584 0.81248406 1.90011404
744.37218609 0.80876453 1.89021809
745.37268634 0.80037154 1.88947618
746.37318659 0.80171775 1.88260775
747.37368684 0.79012089 1.86485279
748.37418709 0.78253156 1.85838533
749.37468734 0.78480490 1.85956749
750.37518759 0.77420371 1.84532650
751.37568784 0.77039304 1.83877195
752.37618809 0.76719180 1.82923909
753.37668834 0.76516834 1.82618723
754.37718859 0.75962688 1.81794877
755.37768884 0.75547625 1.81416190
756.37818909 0.75082838 1.80578981
757.37868934 0.74708221 1.79688936
758.37918959 0.74143837 1.79546134
759.37968984 0.73820692 1.79073037
760.38019010 0.73540335 1.78750819
761.38069035 0.73277322 1.78133651
762.38119060 0.72756928 1.76942757
763.38169085 0.71958856 1.76205864
764.38219110 0.71193135 1.74356077
765.38269135 0.71315767 1.75269137
766.38319160 0.71381242 1.75334740
767.38369185 0.71245882 1.75622025
768.38419210 0.70720700 1.74080113
769.38469235 0.69867537 1.71776310
770.38519260 0.70157481 1.72096781
771.38569285 0.69542038 1.71683749
772.38619310 0.69400693 1.71478011
773.38669335 0.68642681 1.71004592
774.38719360 0.68069632 1.70215882
775.38769385 0.67746905 1.70015662
776.38819410 0.67151507 1.69066279
777.38869435 0.67338416 1.69850999
778.38919460 0.67202301 1.69049555
779.38969485 0.66344465 1.67657581
780.39019510 0.65746204 1.67348475
781.39069535 0.65826401 1.67692606
782.39119560 0.65392425 1.67287159
783.39169585 0.64419678 1.66077621
784.39219610 0.64505679 1.66430235
785.39269635 0.64085524 1.66176156
786.39319660 0.63967801 1.65447355
787.39369685 0.63613265 1.65098358
788.39419710 0.62810258 1.64325141
789.39469735 0.62075752 1.63152456
790.39519760 0.61859999 1.63359110
791.39569785 0.60782627 1.59997353
792.39619810 0.60320283 1.59775776
793.39669835 0.60071892 1.59766150
794.39719860 0.59711652 1.59678954
795.39769885 0.59584721 1.59424229
796.39819910 0.59487044 1.59027899
797.39869935 0.58712644 1.58114871
798.39919960 0.58329957 1.57833115
799.39969985 0.57623357 1.56586456
800.40020010 0.57034122 1.55965581
801.40070035 0.56449576 1.55584107
802.40120060 0.55662591 1.53664329
803.40170085 0.55032018 1.52880765
804.40220110 0.54620351 1.51015812
805.40270135 0.54387077 1.51381115
806.40320160 0.53694148 1.49491912
807.40370185 0.53765087 1.49946400
808.40420210 0.53370725 1.49788759
809.40470235 0.53025254 1.49408559
810.40520260 0.53437332 1.50271913
811.40570285 0.54042484 1.50835353
812.40620310 0.53689673 1.50217934
813.40670335 0.52937809 1.48829302
814.40720360 0.52775155 1.48833762
815.40770385 0.52656554 1.49029830
816.40820410 0.52812711 1.49240781
817.40870435 0.52424496 1.48266014
818.40920460 0.52563363 1.49516766
819.40970485 0.52388196 1.49485677
820.41020510 0.51825149 1.48346289
821.41070535 0.51170591 1.46295246
822.41120560 0.50974805 1.45767390
823.41170585 0.50613973 1.45586609
824.41220610 0.50415778 1.45179158
825.41270635 0.50376356 1.45255397
826.41320660 0.49775261 1.44301111
827.41370685 0.49796321 1.44458538
828.41420710 0.49788159 1.44486902
829.41470735 0.49264922 1.44135815
830.41520760 0.49116098 1.44263866
831.41570785 0.49038959 1.44034492
832.41620810 0.48911096 1.43656990
833.41670835 0.48781606 1.43671163
834.41720860 0.48288189 1.42645320
835.41770885 0.47809996 1.42398327
836.41820910 0.47594830 1.41743824
837.41870935 0.47377486 1.41371966
838.41920960 0.47077066 1.41462820
839.41970985 0.46319222 1.39296649
840.42021011 0.46143623 1.38668789
841.42071036 0.46147292 1.39030022
842.42121061 0.45882592 1.39081910
843.42171086 0.45476161 1.38548534
844.42221111 0.45243625 1.38409951
845.42271136 0.44718085 1.37956374
846.42321161 0.44333260 1.37060687
847.42371186 0.44353720 1.36696103
848.42421211 0.44111374 1.36628468
849.42471236 0.43962459 1.36551652
850.42521261 0.43850412 1.36536717
851.42571286 0.43819100 1.36591723
852.42621311 0.43751347 1.36700562
853.42671336 0.43475402 1.36533729
854.42721361 0.43497538 1.36897120
855.42771386 0.43478378 1.37073921
856.42821411 0.43970859 1.37758999
857.42871436 0.43198292 1.34932649
858.42921461 0.42788693 1.33909653
859.42971486 0.42330754 1.32626420
860.43021511 0.41546822 1.30275768
861.43071536 0.41842644 1.30930768
862.43121561 0.41418873 1.29802289
863.43171586 0.41131577 1.29866761
864.43221611 0.40871638 1.28879922
865.43271636 0.40501327 1.27609113
866.43321661 0.40360330 1.27707486
867.43371686 0.39535913 1.25360898
868.43421711 0.38862555 1.24076982
869.43471736 0.38673622 1.24182872
870.43521761 0.38300064 1.23562745
871.43571786 0.38213778 1.23693215
872.43621811 0.37961184 1.22971926
873.43671836 0.37794334 1.22947950
874.43721861 0.37501819 1.22777015
875.43771886 0.37346431 1.22602319
876.43821911 0.37207623 1.22561644
877.43871936 0.37279939 1.22818509
878.43921961 0.36888610 1.21153209
879.43971986 0.36775011 1.20913033
880.44022011 0.36758779 1.21032330
881.44072036 0.36531217 1.20550249
882.44122061 0.36298890 1.20041300
883.44172086 0.35796118 1.19071344
884.44222111 0.35790753 1.19037212
885.44272136 0.35926112 1.18778793
886.44322161 0.35866105 1.19304711
887.44372186 0.35657917 1.19223798
888.44422211 0.35685410 1.19025212
889.44472236 0.35413001 1.18555496
890.44522261 0.34809440 1.17217983
891.44572286 0.34676072 1.17228943
892.44622311 0.34504455 1.15684593
893.44672336 0.34410731 1.15586932
894.44722361 0.34147891 1.15415172
895.44772386 0.33883582 1.14816278
896.44822411 0.33602489 1.14674440
897.44872436 0.33554375 1.14585407
898.44922461 0.33370102 1.14547389
899.44972486 0.33314737 1.13606833
900.45022511 0.33028810 1.13011750
901.45072536 0.33027101 1.13189315
902.45122561 0.32690125 1.12695670
903.45172586 0.32411571 1.11962291
904.45222611 0.32127000 1.10910909
905.45272636 0.31671747 1.10273972
906.45322661 0.31501838 1.10091649
907.45372686 0.31444392 1.10049104
908.45422711 0.31268889 1.09852481
909.45472736 0.31049533 1.08509123
910.45522761 0.30315020 1.06513298
911.45572786 0.30484468 1.06873010
912.45622811 0.30154691 1.04183257
913.45672836 0.29776876 1.03216403
914.45722861 0.29388702 1.02581703
915.45772886 0.29269018 1.02451277
916.45822911 0.29304132 1.02696963
917.45872936 0.29174159 1.02805737
918.45922961 0.29283316 1.02502347
919.45972986 0.28566238 1.00692219
920.46023012 0.28208719 0.99837960
921.46073037 0.27783811 0.99652677
922.46123062 0.27214534 0.97089660
923.46173087 0.27041841 0.97067923
924.46223112 0.27072459 0.97444732
925.46273137 0.26785546 0.96957969
926.46323162 0.26282744 0.94943539
927.46373187 0.26356655 0.95416906
928.46423212 0.26182757 0.94843206
929.46473237 0.25820623 0.94324799
930.46523262 0.25685529 0.94192377
931.46573287 0.25596497 0.94088323
932.46623312 0.25433425 0.93919823
933.46673337 0.25128249 0.92702923
934.46723362 0.25194504 0.92786645
935.46773387 0.25085709 0.92624987
936.46823412 0.24780573 0.91945298
937.46873437 0.24830054 0.91143193
938.46923462 0.25112610 0.91816447
939.46973487 0.24735448 0.90820660
940.47023512 0.24599391 0.90610321
941.47073537 0.24360212 0.88689623
942.47123562 0.23871071 0.87590882
943.47173587 0.23536668 0.86937400
944.47223612 0.23416368 0.86535506
945.47273637 0.23361642 0.86104350
946.47323662 0.23344516 0.86632056
947.47373687 0.23182330 0.86419568
948.47423712 0.23004476 0.86333938
949.47473737 0.22926096 0.85789720
950.47523762 0.22940785 0.86101742
951.47573787 0.22752133 0.85832815
952.47623812 0.22225985 0.85058330
953.47673837 0.22288041 0.84969707
954.47723862 0.22225882 0.84566297
955.47773887 0.22754203 0.85924122
956.47823912 0.22857716 0.85869297
957.47873937 0.22960129 0.85995965
958.47923962 0.23022648 0.86077395
959.47973987 0.22480968 0.85171421
960.48024012 0.22010041 0.84677003
961.48074037 0.22025903 0.84874752
962.48124062 0.21830590 0.84689380
963.48174087 0.21523569 0.83613354
964.48224112 0.21588532 0.84009596
965.48274137 0.21433175 0.82735687
966.48324162 0.21352345 0.82832457
967.48374187 0.21020330 0.81730522
968.48424212 0.20802969 0.81202096
969.48474237 0.20487995 0.80126557
970.48524262 0.20407460 0.80084382
971.48574287 0.20461501 0.80229461
972.48624312 0.20674959 0.80690392
973.48674337 0.20586074 0.80563266
974.48724362 0.20532170 0.80227304
975.48774387 0.20381176 0.79829939
976.48824412 0.20085860 0.79531718
977.48874437 0.19984041 0.79463385
978.48924462 0.19624583 0.78885610
979.48974487 0.19837422 0.79128677
980.49024512 0.19764227 0.78955047
981.49074537 0.19835697 0.79000178
982.49124562 0.19909393 0.79229794
983.49174587 0.19562325 0.78405442
984.49224612 0.19401126 0.78127349
985.49274637 0.19408071 0.78168184
986.49324662 0.19459716 0.78219279
987.49374687 0.19276186 0.77927103
988.49424712 0.19364505 0.77977877
989.49474737 0.19234920 0.77508669
990.49524762 0.19148462 0.76887184
991.49574787 0.18937302 0.75908296
992.49624812 0.18800501 0.75452031
993.49674837 0.18702688 0.75491545
994.49724862 0.18925558 0.75277770
995.49774887 0.18709757 0.74754536
996.49824912 0.18411357 0.74075734
997.49874937 0.18633974 0.74838320
998.49924962 0.17994182 0.72882372
999.49974987 0.17795932 0.72592049
1000.50025013 0.17862632 0.72668328
1001.50075038 0.17806181 0.72793263
1002.50125063 0.17672199 0.73113729
1003.50175088 0.17640684 0.73059333
1004.50225113 0.17661532 0.73251190
1005.50275138 0.17616754 0.72940281
1006.50325163 0.17470162 0.72721600
1007.50375188 0.17514021 0.72685017
1008.50425213 0.17487370 0.72417381
1009.50475238 0.17351256 0.72296651
1010.50525263 0.17191268 0.71940442
1011.50575288 0.17027535 0.71707490
1012.50625313 0.16865911 0.71604527
1013.50675338 0.16462637 0.70950986
1014.50725363 0.16398720 0.70931443
1015.50775388 0.16546727 0.71292905
1016.50825413 0.16338201 0.71126642
1017.50875438 0.16220169 0.70902808
1018.50925463 0.15978102 0.70686038
1019.50975488 0.16026649 0.70557809
1020.51025513 0.16031608 0.70713714
1021.51075538 0.15782624 0.70408866
1022.51125563 0.15450366 0.67679056
1023.51175588 0.15380937 0.67326583
1024.51225613 0.15312946 0.68112798
1025.51275638 0.15019434 0.66531597
1026.51325663 0.15112356 0.67941110
1027.51375688 0.14680484 0.66396867
1028.51425713 0.14548857 0.65904639
1029.51475738 0.14567486 0.66414328
1030.51525763 0.14483930 0.66335337
1031.51575788 0.14488969 0.66304120
1032.51625813 0.14161180 0.65609309
1033.51675838 0.14204232 0.65721590
1034.51725863 0.14014742 0.65870451
1035.51775888 0.13887478 0.65481710
1036.51825913 0.13728890 0.63629738
1037.51875938 0.13465589 0.62595081
1038.51925963 0.13509872 0.63154237
1039.51975988 0.13380896 0.62839922
1040.52026013 0.13370530 0.62912016
1041.52076038 0.13395219 0.61985601
1042.52126063 0.12833388 0.60626436
1043.52176088 0.12744557 0.60674547
1044.52226113 0.12646300 0.60045426
1045.52276138 0.12454304 0.59747509
1046.52326163 0.12332113 0.59059658
1047.52376188 0.12230394 0.58902052
1048.52426213 0.12174527 0.58754956
1049.52476238 0.11995502 0.58847518
1050.52526263 0.11942690 0.58961051
1051.52576288 0.11864311 0.58431832
1052.52626313 0.11556923 0.56988572
1053.52676338 0.11559732 0.57177706
1054.52726363 0.11530693 0.57037008
1055.52776388 0.11325777 0.56728946
1056.52826413 0.11379093 0.56887747
1057.52876438 0.11296667 0.56971925
1058.52926463 0.11164478 0.56643267
1059.52976488 0.11141380 0.56749025
1060.53026513 0.11068300 0.55965244
1061.53076538 0.10937024 0.55766600
1062.53126563 0.10854556 0.55868835
1063.53176588 0.10840400 0.55853940
1064.53226613 0.10886646 0.55741210
1065.53276638 0.10969047 0.55716378
1066.53326663 0.10889588 0.55746279
1067.53376688 0.10660582 0.55321353
1068.53426713 0.10894689 0.55880519
1069.53476738 0.10816419 0.55569444
1070.53526763 0.10754069 0.55614703
1071.53576788 0.10407470 0.55062182
1072.53626813 0.10356196 0.55023975
1073.53676838 0.10200183 0.54819625
1074.53726863 0.09995081 0.54515388
1075.53776888 0.10035789 0.54606104
1076.53826913 0.09937482 0.54486456
1077.53876938 0.09743024 0.53971744
1078.53926963 0.09778250 0.53934718
1079.53976988 0.09644643 0.53630158
1080.54027014 0.09491533 0.53590358
1081.54077039 0.08994197 0.51347485
1082.54127064 0.08853270 0.51238861
1083.54177089 0.08815197 0.51246886
1084.54227114 0.08731949 0.51273182
1085.54277139 0.08904260 0.52464019
1086.54327164 0.08494098 0.49722678
1087.54377189 0.08491602 0.49696645
1088.54427214 0.08491483 0.49710903
1089.54477239 0.08501596 0.49755039
1090.54527264 0.08503387 0.50616143
1091.54577289 0.08479232 0.50712600
1092.54627314 0.08397615 0.50389049
1093.54677339 0.08407833 0.50443550
1094.54727364 0.08392837 0.50417213
1095.54777389 0.08105477 0.48029859
1096.54827414 0.08057048 0.48314883
1097.54877439 0.08184458 0.48277071
1098.54927464 0.07944098 0.47639684
1099.54977489 0.07846803 0.47338614
1100.55027514 0.07733344 0.47073468
1101.55077539 0.07635620 0.46748401
1102.55127564 0.07538321 0.46386884
1103.55177589 0.07456259 0.46120573
1104.55227614 0.07359219 0.45822174
1105.55277639 0.07098357 0.44850446
1106.55327664 0.07044797 0.44565151
1107.55377689 0.07008258 0.43811618
1108.55427714 0.06689956 0.42971278
1109.55477739 0.06634847 0.42789936
1110.55527764 0.06747609 0.42759256
1111.55577789 0.06650083 0.43053562
1112.55627814 0.06553702 0.42283502
1113.55677839 0.06370128 0.41053261
1114.55727864 0.06658096 0.42259496
1115.55777889 0.06640879 0.42385105
1116.55827914 0.06599690 0.42211811
1117.55877939 0.06596159 0.42156818
1118.55927964 0.06766800 0.42374836
1119.55977989 0.06428795 0.40091052
1120.56028014 0.06162202 0.39356339
1121.56078039 0.06289928 0.40628248
1122.56128064 0.06582894 0.40980916
1123.56178089 0.06577179 0.40823509
1124.56228114 0.06550208 0.40798749
1125.56278139 0.06526825 0.41058952
1126.56328164 0.06528822 0.41153563
1127.56378189 0.06426748 0.40267904
1128.56428214 0.06372589 0.40415303
1129.56478239 0.06304052 0.40046662
1130.56528264 0.06340871 0.40166072
1131.56578289 0.06342736 0.39752412
1132.56628314 0.06177219 0.39183086
1133.56678339 0.06190064 0.39447094
1134.56728364 0.06058665 0.38831988
1135.56778389 0.05950272 0.38476826
1136.56828414 0.06213872 0.39369901
1137.56878439 0.06229557 0.39585579
1138.56928464 0.06257030 0.39650911
1139.56978489 0.06250213 0.39424805
1140.57028514 0.06234225 0.39257655
1141.57078539 0.06204116 0.39260969
1142.57128564 0.06217658 0.39452622
1143.57178589 0.06141686 0.39479463
1144.57228614 0.06053244 0.39414637
1145.57278639 0.05959486 0.39076279
1146.57328664 0.06020434 0.39237410
1147.57378689 0.06201375 0.39359629
1148.57428714 0.06149417 0.39136411
1149.57478739 0.06074499 0.39036651
1150.57528764 0.06014567 0.38938615
1151.57578789 0.06040705 0.38915139
1152.57628814 0.06028201 0.38880285
1153.57678839 0.05934546 0.38807120
1154.57728864 0.05572827 0.35689548
1155.57778889 0.05584027 0.36200893
1156.57828914 0.06533134 0.43209174
1157.57878939 0.06429377 0.43332570
1158.57928964 0.06447243 0.43892923
1159.57978989 0.06430961 0.44695089
1160.58029015 0.06079156 0.42119129
1161.58079040 0.06487574 0.43595762
1162.58129065 0.06424436 0.43154640
1163.58179090 0.06205038 0.41443155
1164.58229115 0.06099027 0.41599595
1165.58279140 0.06073600 0.41556801
1166.58329165 0.06000659 0.41678384
1167.58379190 0.05924893 0.41039167
1168.58429215 0.06114145 0.41685068
1169.58479240 0.06171541 0.42019697
1170.58529265 0.06091488 0.41739729
1171.58579290 0.05987338 0.41183911
1172.58629315 0.06116678 0.41436732
1173.58679340 0.06086419 0.41596198
1174.58729365 0.05923539 0.41470651
1175.58779390 0.05907163 0.41360067
1176.58829415 0.05597837 0.40501368
1177.58879440 0.05752682 0.40768879
1178.58929465 0.05462720 0.39014608
1179.58979490 0.05381999 0.38949742
1180.59029515 0.05297685 0.38441520
1181.59079540 0.05326731 0.38726915
1182.59129565 0.05377968 0.38879075
1183.59179590 0.05209941 0.35219174
1184.59229615 0.05067643 0.35079389
1185.59279640 0.04799043 0.34242316
1186.59329665 0.04978412 0.34773549
1187.59379690 0.04918866 0.34676514
1188.59429715 0.04877416 0.35073318
1189.59479740 0.04752009 0.34796672
1190.59529765 0.04786588 0.35356242
1191.59579790 0.04717947 0.35568981
1192.59629815 0.04944069 0.40692166
1193.59679840 0.04971461 0.41612170
1194.59729865 0.04856115 0.40090507
1195.59779890 0.04880633 0.40715768
1196.59829915 0.04805762 0.39881035
1197.59879940 0.04783936 0.39982717
1198.59929965 0.04764039 0.39959555
1199.59979990 0.04709344 0.39321513
1200.60030015 0.04684053 0.39425567
1201.60080040 0.04636379 0.38539689
1202.60130065 0.04593239 0.38744773
1203.60180090 0.04552308 0.38367694
1204.60230115 0.04884137 0.43845316
1205.60280140 0.04846067 0.41991246
1206.60330165 0.04912092 0.42550901
1207.60380190 0.04931901 0.42517173
1208.60430215 0.04941872 0.42828056
1209.60480240 0.04848027 0.41850505
1210.60530265 0.04968873 0.43969411
1211.60580290 0.05272741 0.44635829
1212.60630315 0.05111768 0.44507240
1213.60680340 0.05073339 0.44551346
1214.60730365 0.05079368 0.44243076
1215.60780390 0.05013100 0.44425175
1216.60830415 0.05003227 0.44711216
1217.60880440 0.04970415 0.44723412
1218.60930465 0.04863838 0.44147301
1219.60980490 0.05074963 0.44876716
1220.61030515 0.05090473 0.45152495
1221.61080540 0.04954740 0.44588565
1222.61130565 0.04947587 0.44499920
1223.61180590 0.04737446 0.43335187
1224.61230615 0.04748539 0.43234101
1225.61280640 0.04834333 0.43464986
1226.61330665 0.04864420 0.43540426
1227.61380690 0.04805041 0.43578057
1228.61430715 0.04727745 0.43341571
1229.61480740 0.04851917 0.43488696
1230.61530765 0.04759119 0.43313863
1231.61580790 0.04891945 0.43412085
1232.61630815 0.04857198 0.43391351
1233.61680840 0.04768335 0.43185965
1234.61730865 0.04725590 0.43119208
1235.61780890 0.04904664 0.43508198
1236.61830915 0.04719945 0.40598043
1237.61880940 0.04774138 0.39002621
1238.61930965 0.04770613 0.40466994
1239.61980990 0.04821488 0.40525919
1240.62031016 0.04778039 0.39737471
1241.62081041 0.04852336 0.37836226
1242.62131066 0.04754887 0.35008479
1243.62181091 0.04730692 0.34511593
1244.62231116 0.04883860 0.34721112
1245.62281141 0.04880895 0.35214541
1246.62331166 0.04835998 0.35056345
1247.62381191 0.04848853 0.34327889
1248.62431216 0.04879239 0.34600818
1249.62481241 0.04875556 0.35074983
1250.62531266 0.04949716 0.35036417
1251.62581291 0.04832778 0.34330082
1252.62631316 0.04715293 0.34412528
1253.62681341 0.04636570 0.34484200
1254.62731366 0.04634057 0.34342439
1255.62781391 0.04608577 0.34408769
1256.62831416 0.04703399 0.34443141
1257.62881441 0.04557860 0.34161746
1258.62931466 0.04752699 0.34494628
1259.62981491 0.04969436 0.34882732
1260.63031516 0.04838643 0.34590614
1261.63081541 0.04748351 0.34520189
1262.63131566 0.04633924 0.34495906
1263.63181591 0.04569362 0.34295528
1264.63231616 0.04444036 0.34213125
1265.63281641 0.04437504 0.34282483
1266.63331666 0.04395192 0.34073908
1267.63381691 0.04337314 0.34040618
1268.63431716 0.04317660 0.34135407
1269.63481741 0.04517456 0.35230853
1270.63531766 0.04457895 0.35217153
1271.63581791 0.04368039 0.35134648
1272.63631816 0.04330832 0.35299334
1273.63681841 0.04515102 0.36258008
1274.63731866 0.04484515 0.36309548
1275.63781891 0.04345977 0.36071302
1276.63831916 0.04338025 0.36059894
1277.63881941 0.04305722 0.36061412
1278.63931966 0.04303047 0.35934422
1279.63981991 0.04343638 0.36000147
1280.64032016 0.04329073 0.36161817
1281.64082041 0.04319571 0.36054156
1282.64132066 0.04306022 0.35992002
1283.64182091 0.04447679 0.36303611
1284.64232116 0.04373090 0.36154899
1285.64282141 0.04384998 0.36079685
1286.64332166 0.04400104 0.36203443
1287.64382191 0.04364443 0.36158570
1288.64432216 0.04328067 0.35982845
1289.64482241 0.04365133 0.36136024
1290.64532266 0.04295691 0.36094479
1291.64582291 0.04230215 0.35901472
1292.64632316 0.04223826 0.35974936
1293.64682341 0.04144950 0.35902299
1294.64732366 0.04186407 0.35836857
1295.64782391 0.04072533 0.35856331
1296.64832416 0.04023622 0.35781330
1297.64882441 0.04022541 0.35742997
1298.64932466 0.03984341 0.35751269
1299.64982491 0.04056788 0.36904307
1300.65032516 0.04021035 0.36493817
1301.65082541 0.04231527 0.36851213
1302.65132566 0.04248726 0.37178724
1303.65182591 0.04177085 0.36801702
1304.65232616 0.04385809 0.37199299
1305.65282641 0.04486873 0.37763390
1306.65332666 0.04561594 0.37862206
1307.65382691 0.04516293 0.37581981
1308.65432716 0.04637597 0.38276486
1309.65482741 0.04648332 0.38049703
1310.65532766 0.04855602 0.38937068
1311.65582791 0.04805764 0.38688589
1312.65632816 0.04764810 0.39176118
1313.65682841 0.04677308 0.38977019
1314.65732866 0.04792125 0.39084277
1315.65782891 0.04807002 0.39196733
1316.65832916 0.04759080 0.38963392
1317.65882941 0.04618772 0.38495726
1318.65932966 0.04553695 0.38357763
1319.65982991 0.04740044 0.38604856
1320.66033017 0.04801966 0.38884012
1321.66083042 0.04812531 0.38912677
1322.66133067 0.04792241 0.38903353
1323.66183092 0.04762991 0.38988706
1324.66233117 0.04550985 0.35508438
1325.66283142 0.04680268 0.35394344
1326.66333167 0.04612246 0.35929439
1327.66383192 0.04344903 0.35290533
1328.66433217 0.04390052 0.35175899
1329.66483242 0.04427389 0.35752446
1330.66533267 0.04324799 0.34843580
1331.66583292 0.04317865 0.35287598
1332.66633317 0.04313417 0.34943489
1333.66683342 0.04333305 0.35177807
1334.66733367 0.04196544 0.34714034
1335.66783392 0.04262190 0.34903708
1336.66833417 0.04202246 0.34745764
1337.66883442 0.04170929 0.34665155
1338.66933467 0.04067495 0.34254157
1339.66983492 0.04029774 0.34356979
1340.67033517 0.04067105 0.34547496
1341.67083542 0.04114503 0.34536663
1342.67133567 0.04145197 0.34305391
1343.67183592 0.04137641 0.34360433
1344.67233617 0.04117491 0.34454855
1345.67283642 0.04272713 0.34458148
1346.67333667 0.04299506 0.34374719
1347.67383692 0.04228652 0.34333351
1348.67433717 0.04096174 0.34171694
1349.67483742 0.04009436 0.34062021
1350.67533767 0.04002180 0.34069910
1351.67583792 0.04033923 0.33949136
1352.67633817 0.04103492 0.34063926
1353.67683842 0.04110704 0.34158581
1354.67733867 0.03929821 0.33844013
1355.67783892 0.03902124 0.33736018
1356.67833917 0.03811651 0.33755759
1357.67883942 0.03846602 0.33603060
1358.67933967 0.03848038 0.33770099
1359.67983992 0.03722491 0.32412704
1360.68034017 0.03673850 0.32525774
1361.68084042 0.03726474 0.32721666
1362.68134067 0.03716248 0.33000349
1363.68184092 0.03672372 0.32877364
1364.68234117 0.03687776 0.32700691
1365.68284142 0.03667497 0.32907549
1366.68334167 0.03621274 0.33156673
1367.68384192 0.03602544 0.33101225
1368.68434217 0.03557728 0.32881183
1369.68484242 0.03561101 0.33064934
1370.68534267 0.03575687 0.33178024
1371.68584292 0.03564340 0.33152566
1372.68634317 0.03541498 0.33235404
1373.68684342 0.03530400 0.33236267
1374.68734367 0.03448471 0.33238791
1375.68784392 0.03459107 0.33377908
1376.68834417 0.03456233 0.33448511
1377.68884442 0.03377810 0.33091120
1378.68934467 0.03363085 0.33244465
1379.68984492 0.03391605 0.33423508
1380.69034517 0.03339870 0.33234100
1381.69084542 0.03394619 0.33378055
1382.69134567 0.03456805 0.33457353
1383.69184592 0.03566493 0.33475737
1384.69234617 0.03639128 0.33661095
1385.69284642 0.03646489 0.33772830
1386.69334667 0.03587583 0.33551363
1387.69384692 0.03495734 0.32093143
1388.69434717 0.03156224 0.26155568
1389.69484742 0.03072041 0.26100894
1390.69534767 0.02953861 0.25224882
1391.69584792 0.02988832 0.25938575
1392.69634817 0.02922736 0.26097540
1393.69684842 0.02940008 0.25603619
1394.69734867 0.02842980 0.25463278
1395.69784892 0.02785538 0.25631672
1396.69834917 0.02785195 0.25514071
1397.69884942 0.02767247 0.25594438
1398.69934967 0.02732731 0.25730248
1399.69984992 0.02724936 0.25350245
1400.70035018 0.02776609 0.25517402
1401.70085043 0.02787250 0.25874945
1402.70135068 0.02772621 0.25722100
1403.70185093 0.02746980 0.25478880
1404.70235118 0.02752412 0.25487089
1405.70285143 0.02754280 0.25634025
1406.70335168 0.02734767 0.25650257
1407.70385193 0.02706875 0.25808785
1408.70435218 0.02681091 0.25707255
1409.70485243 0.02482285 0.22801129
1410.70535268 0.02413985 0.21945450
1411.70585293 0.02430428 0.22269319
1412.70635318 0.02392812 0.22331096
1413.70685343 0.02334001 0.21555876
1414.70735368 0.02393255 0.22159307
1415.70785393 0.02432137 0.22377077
1416.70835418 0.02435349 0.22743937
1417.70885443 0.02402800 0.22587046
1418.70935468 0.02384987 0.22174755
1419.70985493 0.02410383 0.22429107
1420.71035518 0.02528427 0.22690637
1421.71085543 0.02487654 0.22732996
1422.71135568 0.02473361 0.22765305
1423.71185593 0.02414130 0.22419175
1424.71235618 0.02414890 0.22645153
1425.71285643 0.02396002 0.22689906
1426.71335668 0.02412923 0.22736089
1427.71385693 0.02438274 0.22921745
1428.71435718 0.02395535 0.22720630
1429.71485743 0.02358225 0.22546118
1430.71535768 0.02424261 0.22938521
1431.71585793 0.02421226 0.22989873
1432.71635818 0.02371839 0.22676650
1433.71685843 0.02378004 0.22784485
1434.71735868 0.02414601 0.22964248
1435.71785893 0.02369511 0.22812448
1436.71835918 0.02351341 0.22805871
1437.71885943 0.02355129 0.22914619
1438.71935968 0.02374542 0.22903782
1439.71985993 0.02364720 0.22897661
1440.72036018 0.02335188 0.22987096
1441.72086043 0.02339190 0.22998954
1442.72136068 0.02374263 0.23004894
1443.72186093 0.02387770 0.23017023
1444.72236118 0.02355063 0.22974766
1445.72286143 0.02345601 0.23026360
1446.72336168 0.02355948 0.23016137
1447.72386193 0.02281366 0.22853248
1448.72436218 0.02300362 0.22895998
1449.72486243 0.02334001 0.23082289
1450.72536268 0.02305046 0.23059113
1451.72586293 0.02284746 0.23015367
1452.72636318 0.02314438 0.23132730
1453.72686343 0.02332501 0.22961715
1454.72736368 0.02346514 0.22889142
1455.72786393 0.02337727 0.23077931
1456.72836418 0.02319038 0.23042979
1457.72886443 0.02312323 0.22967573
1458.72936468 0.02334443 0.23571123
1459.72986493 0.02570546 0.24847561
1460.73036518 0.02518954 0.24195079
1461.73086543 0.02520050 0.24228786
1462.73136568 0.02573804 0.24621359
1463.73186593 0.02511856 0.23971326
1464.73236618 0.02510473 0.24278146
1465.73286643 0.02606556 0.23977749
1466.73336668 0.02558497 0.23251157
1467.73386693 0.02586409 0.23432620
1468.73436718 0.02759676 0.23695277
1469.73486743 0.02761808 0.23884791
1470.73536768 0.02801325 0.24189463
1471.73586793 0.02796169 0.24130555
1472.73636818 0.02734578 0.24084656
1473.73686843 0.02664185 0.23985888
1474.73736868 0.02661581 0.23895645
1475.73786893 0.02578761 0.23791917
1476.73836918 0.02554694 0.24009013
1477.73886943 0.02536925 0.23750125
1478.73936968 0.02677896 0.23846901
1479.73986993 0.02657288 0.23976019
1480.74037019 0.02611959 0.23855529
1481.74087044 0.02583533 0.23794054
1482.74137069 0.02606266 0.23877705
1483.74187094 0.02534754 0.23697659
1484.74237119 0.02488592 0.23549870
1485.74287144 0.02451134 0.23553543
1486.74337169 0.02399754 0.23506638
1487.74387194 0.02365368 0.23337791
1488.74437219 0.02395642 0.23354377
1489.74487244 0.02453280 0.23568171
1490.74537269 0.02436573 0.23458546
1491.74587294 0.02425147 0.23343909
1492.74637319 0.02470626 0.23653688
1493.74687344 0.02435407 0.23489170
1494.74737369 0.02405653 0.23306328
1495.74787394 0.02385803 0.23445040
1496.74837419 0.02377654 0.23514693
1497.74887444 0.02378061 0.23215159
1498.74937469 0.02414615 0.23292040
1499.74987494 0.02420511 0.23557456
1500.75037519 0.02385977 0.23303570
1501.75087544 0.02341415 0.23123741
1502.75137569 0.02375559 0.24229128
1503.75187594 0.02355890 0.24675548
1504.75237619 0.02204899 0.22683611
1505.75287644 0.02246977 0.22836427
1506.75337669 0.02229584 0.22661770
1507.75387694 0.02251998 0.22812578
1508.75437719 0.02302035 0.23280425
1509.75487744 0.02462309 0.23578289
1510.75537769 0.02502592 0.23941089
1511.75587794 0.02459985 0.23913500
1512.75637819 0.02339952 0.23496467
1513.75687844 0.02348112 0.24332203
1514.75737869 0.02301733 0.23387468
1515.75787894 0.02263820 0.22821476
1516.75837919 0.02283819 0.23046948
1517.75887944 0.02082196 0.20109454
1518.75937969 0.02049148 0.20542824
1519.75987994 0.02037684 0.20531397
1520.76038019 0.02063619 0.20931530
1521.76088044 0.02145041 0.20827045
1522.76138069 0.02091707 0.20374603
1523.76188094 0.02116014 0.20183998
1524.76238119 0.02138074 0.20568263
1525.76288144 0.02126895 0.20668080
1526.76338169 0.02118551 0.20588942
1527.76388194 0.02036585 0.19819096
1528.76438219 0.01910993 0.19128127
1529.76488244 0.01838535 0.18974083
1530.76538269 0.01883434 0.19498475
1531.76588294 0.01846938 0.19280422
1532.76638319 0.01815337 0.19005663
1533.76688344 0.01765613 0.18773171
1534.76738369 0.01819332 0.19404130
1535.76788394 0.01845047 0.19802562
1536.76838419 0.01804800 0.19621018
1537.76888444 0.01809084 0.19730253
1538.76938469 0.01786500 0.19592176
1539.76988494 0.01724693 0.19203268
1540.77038519 0.01725696 0.19239643
1541.77088544 0.01718363 0.19468594
1542.77138569 0.01694422 0.19513416
1543.77188594 0.01861079 0.19994864
1544.77238619 0.01889292 0.20064173
1545.77288644 0.01920712 0.20168970
1546.77338669 0.01907306 0.20006836
1547.77388694 0.01869599 0.20060762
1548.77438719 0.01911012 0.20175831
1549.77488744 0.01942629 0.20306682
1550.77538769 0.01932781 0.20337660
1551.77588794 0.02058618 0.20690272
1552.77638819 0.02055461 0.20580938
1553.77688844 0.02038473 0.20620575
1554.77738869 0.02145648 0.20972342
1555.77788894 0.02040265 0.20823609
1556.77838919 0.01986372 0.20816811
1557.77888944 0.02153702 0.21372424
1558.77938969 0.02035638 0.21045276
1559.77988994 0.02056535 0.21023268
1560.78039020 0.02196537 0.21473025
1561.78089045 0.02168488 0.21305012
1562.78139070 0.02286408 0.21544486
1563.78189095 0.02274188 0.21530953
1564.78239120 0.02263183 0.21464260
1565.78289145 0.02148826 0.21233264
1566.78339170 0.02367229 0.21729171
1567.78389195 0.02327428 0.21626590
1568.78439220 0.02213893 0.21556910
1569.78489245 0.02230766 0.21592517
1570.78539270 0.02148808 0.19693036
1571.78589295 0.02188139 0.19184635
1572.78639320 0.02334561 0.19833763
1573.78689345 0.02326873 0.19899433
1574.78739370 0.02238911 0.19128579
1575.78789395 0.02196613 0.18957243
1576.78839420 0.02171882 0.19133631
1577.78889445 0.02136485 0.19123582
1578.78939470 0.02129905 0.19166023
1579.78989495 0.02114110 0.18920795
1580.79039520 0.02120901 0.18719221
1581.79089545 0.02093222 0.18686174
1582.79139570 0.02042711 0.18670251
1583.79189595 0.01912756 0.18389048
1584.79239620 0.01903001 0.18348992
1585.79289645 0.01903257 0.18226388
1586.79339670 0.01821269 0.17826403
1587.79389695 0.01746283 0.17840692
1588.79439720 0.01753711 0.17941393
1589.79489745 0.01729619 0.17704569
1590.79539770 0.01717423 0.17685613
1591.79589795 0.01713481 0.17782429
1592.79639820 0.01662453 0.17522114
1593.79689845 0.01627886 0.17377750
1594.79739870 0.01656765 0.17362352
1595.79789895 0.01671515 0.17172181
1596.79839920 0.01657140 0.17027224
1597.79889945 0.01637442 0.17108541
1598.79939970 0.01624947 0.16996424
1599.79989995 0.01614855 0.16905445
1600.80040020 0.01592865 0.16831740
1601.80090045 0.01661147 0.16720212
1602.80140070 0.01693362 0.16639205
1603.80190095 0.01670704 0.16611930
1604.80240120 0.01626622 0.16427538
1605.80290145 0.01629392 0.16345166
1606.80340170 0.01636205 0.16344133
1607.80390195 0.01590007 0.16101768
1608.80440220 0.01552821 0.15852585
1609.80490245 0.01518001 0.15846983
1610.80540270 0.01502572 0.15743311
1611.80590295 0.01532583 0.15972449
1612.80640320 0.01530635 0.15969812
1613.80690345 0.01485162 0.15691837
1614.80740370 0.01373613 0.14547532
1615.80790395 0.01344772 0.14381345
1616.80840420 0.01350381 0.14146201
1617.80890445 0.01311232 0.13850337
1618.80940470 0.01384184 0.14023249
1619.80990495 0.01215116 0.12916261
1620.81040520 0.01312700 0.13118047
1621.81090545 0.01379330 0.13347235
1622.81140570 0.01359412 0.13220409
1623.81190595 0.01498879 0.13413255
1624.81240620 0.01571061 0.13838936
1625.81290645 0.01576693 0.13911971
1626.81340670 0.01490190 0.13284927
1627.81390695 0.01434565 0.13111350
1628.81440720 0.01421185 0.13294443
1629.81490745 0.01362757 0.12668174
1630.81540770 0.01223254 0.11960199
1631.81590795 0.01203788 0.12010291
1632.81640820 0.01135945 0.11668592
1633.81690845 0.01066161 0.11336959
1634.81740870 0.01047998 0.11256629
1635.81790895 0.01057059 0.11152329
1636.81840920 0.01037055 0.10993409
1637.81890945 0.00998451 0.10888488
1638.81940970 0.00985898 0.10766393
1639.81990995 0.00973453 0.10604437
1640.82041021 0.00988991 0.10555751
1641.82091046 0.00971091 0.10456997
1642.82141071 0.00922380 0.10179752
1643.82191096 0.00923641 0.10103179
1644.82241121 0.00941678 0.10040476
1645.82291146 0.00916240 0.09876266
1646.82341171 0.00890172 0.09780283
1647.82391196 0.00910395 0.09747490
1648.82441221 0.00881372 0.09546957
1649.82491246 0.00937718 0.09625938
1650.82541271 0.00998069 0.09873727
1651.82591296 0.00954243 0.09616323
1652.82641321 0.00941198 0.09374907
1653.82691346 0.01168146 0.10208768
1654.82741371 0.01256626 0.10101138
1655.82791396 0.01242907 0.10023046
1656.82841421 0.01226065 0.09889570
1657.82891446 0.01140513 0.09523449
1658.82941471 0.01124906 0.09435957
1659.82991496 0.01106597 0.09443024
1660.83041521 0.01077269 0.09276367
1661.83091546 0.01028681 0.09056132
1662.83141571 0.01015634 0.09025203
1663.83191596 0.01028797 0.08934898
1664.83241621 0.01205261 0.09675821
1665.83291646 0.01167863 0.09459805
1666.83341671 0.01146812 0.09446615
1667.83391696 0.01145587 0.09390529
1668.83441721 0.01279686 0.09807243
1669.83491746 0.01270624 0.09858753
1670.83541771 0.01274880 0.09981105
1671.83591796 0.01162072 0.09184607
1672.83641821 0.01131102 0.08876900
1673.83691846 0.01114770 0.08739866
1674.83741871 0.01066803 0.08352118
1675.83791896 0.01042685 0.08189488
1676.83841921 0.01047374 0.08272779
1677.83891946 0.01029523 0.08226297
1678.83941971 0.01050400 0.08476768
1679.83991996 0.01057304 0.08582168
1680.84042021 0.01038153 0.08375757
1681.84092046 0.01032737 0.07992448
1682.84142071 0.01020115 0.07689853
1683.84192096 0.01049483 0.07671302
1684.84242121 0.00998708 0.07332195
1685.84292146 0.00961823 0.07121974
1686.84342171 0.00902673 0.06864749
1687.84392196 0.00936577 0.06924909
1688.84442221 0.00973607 0.06862317
1689.84492246 0.00947945 0.06835720
1690.84542271 0.00920797 0.06677201
1691.84592296 0.00902073 0.06542868
1692.84642321 0.00894802 0.06470598
1693.84692346 0.01068574 0.07467490
1694.84742371 0.01057395 0.07331849
1695.84792396 0.01020634 0.07215471
1696.84842421 0.00971741 0.07054358
1697.84892446 0.00967510 0.07210619
1698.84942471 0.00966192 0.06921477
1699.84992496 0.00975455 0.06955483
1700.85042521 0.00955365 0.06852406
1701.85092546 0.00935185 0.06733831
1702.85142571 0.00939618 0.06342584
1703.85192596 0.01008286 0.06737924
1704.85242621 0.01175340 0.07766339
1705.85292646 0.01080443 0.06810833
1706.85342671 0.01072912 0.06959035
1707.85392696 0.00997778 0.06644403
1708.85442721 0.01032524 0.06833983
1709.85492746 0.01032460 0.06678220
1710.85542771 0.01005552 0.06589615
1711.85592796 0.01134823 0.07306934
1712.85642821 0.01200538 0.07835381
1713.85692846 0.01370286 0.08907087
1714.85742871 0.01348891 0.08591311
1715.85792896 0.01218301 0.07379588
1716.85842921 0.01152723 0.07025794
1717.85892946 0.01162226 0.07027566
1718.85942971 0.01363241 0.08187120
1719.85992996 0.01347675 0.08286444
1720.86043022 0.01293005 0.08283212
1721.86093047 0.01246693 0.07754310
1722.86143072 0.01262018 0.08011870
1723.86193097 0.01385183 0.08737715
1724.86243122 0.01385521 0.08532545
1725.86293147 0.01410478 0.08588326
1726.86343172 0.01392351 0.08604570
1727.86393197 0.01249488 0.08128330
1728.86443222 0.01262217 0.07971405
1729.86493247 0.01362093 0.08754766
1730.86543272 0.01374879 0.08866533
1731.86593297 0.01292255 0.08163146
1732.86643322 0.01408148 0.08614384
1733.86693347 0.01417737 0.08458799
1734.86743372 0.01392135 0.08374815
1735.86793397 0.01371143 0.08517963
1736.86843422 0.01363171 0.08773017
1737.86893447 0.01360202 0.08714999
1738.86943472 0.01309374 0.08203264
1739.86993497 0.01284426 0.07846602
1740.87043522 0.01273326 0.07701625
1741.87093547 0.01200059 0.07473650
1742.87143572 0.01184924 0.07251009
1743.87193597 0.01250559 0.07493608
1744.87243622 0.01401363 0.08409320
1745.87293647 0.01364027 0.08331889
1746.87343672 0.01427125 0.08602826
1747.87393697 0.01472660 0.08472300
1748.87443722 0.01452794 0.08292076
1749.87493747 0.01430874 0.08166007
1750.87543772 0.01417665 0.08063638
1751.87593797 0.01407404 0.07886322
1752.87643822 0.01292139 0.07233439
1753.87693847 0.01342870 0.07517173
1754.87743872 0.01361062 0.07388557
1755.87793897 0.01436891 0.07679334
1756.87843922 0.01495946 0.07889781
1757.87893947 0.01664393 0.08664202
1758.87943972 0.01672670 0.08618551
1759.87993997 0.01705714 0.08743172
1760.88044022 0.01656654 0.08727271
1761.88094047 0.01512816 0.08396048
1762.88144072 0.01491935 0.08491474
1763.88194097 0.01483206 0.08088863
1764.88244122 0.01527432 0.08332881
1765.88294147 0.01438969 0.08161725
1766.88344172 0.01364751 0.07730837
1767.88394197 0.01391037 0.07949725
1768.88444222 0.01408277 0.07927813
1769.88494247 0.01416324 0.07741890
1770.88544272 0.01400565 0.07801853
1771.88594297 0.01351798 0.07691245
1772.88644322 0.01312253 0.07576922
1773.88694347 0.01339903 0.07644905
1774.88744372 0.01306543 0.07465713
1775.88794397 0.01247065 0.07392407
1776.88844422 0.01266545 0.07506069
1777.88894447 0.01249132 0.07419968
1778.88944472 0.01242452 0.07417468
1779.88994497 0.01232902 0.07290165
1780.89044522 0.01238215 0.07295750
1781.89094547 0.01239610 0.07396381
1782.89144572 0.01268085 0.07488598
1783.89194597 0.01312065 0.07507763
1784.89244622 0.01456239 0.08424859
1785.89294647 0.01285017 0.07396351
1786.89344672 0.01266420 0.07357577
1787.89394697 0.01257292 0.07271112
1788.89444722 0.01280288 0.07610152
1789.89494747 0.01226428 0.07168324
1790.89544772 0.01185369 0.07050815
1791.89594797 0.01170288 0.07238218
1792.89644822 0.01120384 0.06719040
1793.89694847 0.01013048 0.06204149
1794.89744872 0.01186858 0.07619603
1795.89794897 0.01150501 0.07431336
1796.89844922 0.01139729 0.07318875
1797.89894947 0.01336199 0.08315739
1798.89944972 0.01307393 0.08204071
1799.89994997 0.01286641 0.07988370
1800.90045023 0.01231582 0.07665360
1801.90095048 0.01253293 0.07793023
1802.90145073 0.01252423 0.07791502
1803.90195098 0.01292927 0.08029910
1804.90245123 0.01506533 0.09278911
1805.90295148 0.01527583 0.09374597
1806.90345173 0.01471798 0.09005306
1807.90395198 0.01500695 0.08756556
1808.90445223 0.01556156 0.08971255
1809.90495248 0.01474106 0.08489392
1810.90545273 0.01478523 0.08525314
1811.90595298 0.01511175 0.08624103
1812.90645323 0.01691719 0.09555364
1813.90695348 0.01675721 0.09758092
1814.90745373 0.01604845 0.09606153
1815.90795398 0.01566386 0.09309627
1816.90845423 0.01644912 0.09608920
1817.90895448 0.01571292 0.09317934
1818.90945473 0.01557087 0.09075856
1819.90995498 0.01482388 0.08790065
1820.91045523 0.01449117 0.08629174
1821.91095548 0.01436682 0.08597728
1822.91145573 0.01353342 0.08311956
1823.91195598 0.01365449 0.08280389
1824.91245623 0.01331679 0.08183456
1825.91295648 0.01349748 0.08280554
1826.91345673 0.01275281 0.07735805
1827.91395698 0.01265900 0.07713117
1828.91445723 0.01271846 0.07848129
1829.91495748 0.01217078 0.07640662
1830.91545773 0.01165339 0.07483602
1831.91595798 0.01373259 0.08629950
1832.91645823 0.01527450 0.09509781
1833.91695848 0.01429431 0.08953894
1834.91745873 0.01364103 0.08720564
1835.91795898 0.01303901 0.08505459
1836.91845923 0.01309939 0.08480543
1837.91895948 0.01223277 0.08331956
1838.91945973 0.01218626 0.08459304
1839.91995998 0.01064674 0.07397794
1840.92046023 0.01075822 0.07493159
1841.92096048 0.01250402 0.08449246
1842.92146073 0.01225480 0.08382596
1843.92196098 0.01170926 0.08246159
1844.92246123 0.01142568 0.08277522
1845.92296148 0.01129142 0.08317362
1846.92346173 0.01147774 0.08672233
1847.92396198 0.01158522 0.08853532
1848.92446223 0.01271469 0.09209667
1849.92496248 0.01500249 0.10665556
1850.92546273 0.01452011 0.10311721
1851.92596298 0.01208387 0.09031753
1852.92646323 0.01226951 0.09536630
1853.92696348 0.01236228 0.09730154
1854.92746373 0.01141377 0.08618990
1855.92796398 0.01112343 0.08287465
1856.92846423 0.01186165 0.08958383
1857.92896448 0.01234380 0.09519049
1858.92946473 0.01179045 0.09089353
1859.92996498 0.01120675 0.08734585
1860.93046523 0.01125217 0.08763874
1861.93096548 0.01082740 0.08506642
1862.93146573 0.01066765 0.08372669
1863.93196598 0.01032667 0.08330740
1864.93246623 0.01023214 0.08242094
1865.93296648 0.01005654 0.07788185
1866.93346673 0.01047729 0.07913219
1867.93396698 0.01009273 0.07866330
1868.93446723 0.01004163 0.07941424
1869.93496748 0.00994669 0.07814710
1870.93546773 0.00996746 0.07678791
1871.93596798 0.01048628 0.08048694
1872.93646823 0.01047218 0.08134118
1873.93696848 0.01225488 0.09090443
1874.93746873 0.01447563 0.10151600
1875.93796898 0.01433343 0.09882385
1876.93846923 0.01365559 0.09353783
1877.93896948 0.01382248 0.09696540
1878.93946973 0.01413343 0.09941571
1879.93996998 0.01268774 0.08959346
1880.94047024 0.01116505 0.07883779
1881.94097049 0.01172344 0.08522023
1882.94147074 0.01207179 0.09486780
1883.94197099 0.01168240 0.09107697
1884.94247124 0.01107288 0.08258243
1885.94297149 0.01015689 0.07380179
1886.94347174 0.01233699 0.08683483
1887.94397199 0.01371764 0.09051713
1888.94447224 0.01375849 0.09299491
1889.94497249 0.01380085 0.09515275
1890.94547274 0.01254090 0.08367615
1891.94597299 0.01237297 0.08535324
1892.94647324 0.01175243 0.08294421
1893.94697349 0.01298404 0.08845597
1894.94747374 0.01252563 0.08477333
1895.94797399 0.01241040 0.08509263
1896.94847424 0.01197483 0.08250832
1897.94897449 0.01110358 0.07882748
1898.94947474 0.01155286 0.08118017
1899.94997499 0.01187533 0.08065787
1900.95047524 0.01374743 0.09100927
1901.95097549 0.01366495 0.09236598
1902.95147574 0.01307843 0.08840677
1903.95197599 0.01288629 0.08669050
1904.95247624 0.01470346 0.09616119
1905.95297649 0.01566354 0.09998843
1906.95347674 0.01539300 0.09862757
1907.95397699 0.01511524 0.09939893
1908.95447724 0.01427518 0.09449211
1909.95497749 0.01438881 0.09343677
1910.95547774 0.01405396 0.09320744
1911.95597799 0.01380623 0.09105002
1912.95647824 0.01321286 0.08790746
1913.95697849 0.01474721 0.09667894
1914.95747874 0.01304110 0.08515824
1915.95797899 0.01261994 0.08231121
1916.95847924 0.01337109 0.08641842
1917.95897949 0.01324104 0.08607801
1918.95947974 0.01278182 0.08338543
1919.95997999 0.01229658 0.08013636
1920.96048024 0.01289140 0.08171835
1921.96098049 0.01345114 0.08457360
1922.96148074 0.01303695 0.08321038
1923.96198099 0.01275210 0.08200368
1924.96248124 0.01285931 0.08222612
1925.96298149 0.01233897 0.07974223
1926.96348174 0.01170660 0.07752741
1927.96398199 0.01064642 0.07065700
1928.96448224 0.01093145 0.07362539
1929.96498249 0.01103336 0.07380023
1930.96548274 0.01092770 0.07271213
1931.96598299 0.01090510 0.07238356
1932.96648324 0.01083036 0.07228132
1933.96698349 0.01058663 0.07130802
1934.96748374 0.01184245 0.07875012
1935.96798399 0.01182892 0.08028299
1936.96848424 0.01156587 0.07899073
1937.96898449 0.01129089 0.07817633
1938.96948474 0.01113763 0.07754392
1939.96998499 0.01111284 0.07728953
1940.97048524 0.01297086 0.08710690
1941.97098549 0.01295923 0.08909632
1942.97148574 0.01260149 0.08723736
1943.97198599 0.01083163 0.07431491
1944.97248624 0.01089812 0.07590248
1945.97298649 0.01074982 0.07519190
1946.97348674 0.01224816 0.08223644
1947.97398699 0.01210213 0.08186981
1948.97448724 0.01189482 0.08029499
1949.97498749 0.01222056 0.08308295
1950.97548774 0.01259662 0.08529386
1951.97598799 0.01176934 0.08418230
1952.97648824 0.01159746 0.08387118
1953.97698849 0.01099445 0.07823325
1954.97748874 0.01088591 0.07673110
1955.97798899 0.01141508 0.07958835
1956.97848924 0.01270950 0.08708934
1957.97898949 0.01247874 0.08403713
1958.97948974 0.01232030 0.08347048
1959.97998999 0.01166589 0.07909669
1960.98049025 0.01509239 0.09667378
1961.98099050 0.01536710 0.09788300
1962.98149075 0.01583768 0.10141632
1963.98199100 0.01726044 0.10731463
1964.98249125 0.01665418 0.10371966
1965.98299150 0.01699528 0.10798394
1966.98349175 0.01808172 0.11138064
1967.98399200 0.01845890 0.11469778
1968.98449225 0.01863353 0.11674208
1969.98499250 0.01815579 0.11431240
1970.98549275 0.02192244 0.12735413
1971.98599300 0.02246811 0.12895178
1972.98649325 0.02253819 0.12874418
1973.98699350 0.02280892 0.13060324
1974.98749375 0.02275509 0.13019714
1975.98799400 0.02235888 0.12881305
1976.98849425 0.02121107 0.12345029
1977.98899450 0.02299311 0.12935802
1978.98949475 0.02295893 0.12881808
1979.98999500 0.02229513 0.12531754
1980.99049525 0.02287370 0.12835680
1981.99099550 0.02188543 0.12264923
1982.99149575 0.02099225 0.11851205
1983.99199600 0.02163850 0.12185603
1984.99249625 0.02069274 0.11695344
1985.99299650 0.02007497 0.11442511
1986.99349675 0.01957595 0.11552371
1987.99399700 0.01927303 0.11333569
1988.99449725 0.01873150 0.11042819
1989.99499750 0.01885607 0.11187359
1990.99549775 0.01863065 0.11079586
1991.99599800 0.01786353 0.10767164
1992.99649825 0.01794755 0.10842084
1993.99699850 0.01710412 0.10360164
1994.99749875 0.01705381 0.10427201
1995.99799900 0.01818185 0.10945376
1996.99849925 0.01780298 0.10633294
1997.99899950 0.01797429 0.10748350
1998.99949975 0.01679533 0.10190231
2000.00000000 0.01663022 0.10029749
