0.00000000 11.00000000 0.00000128
1.00100100 10.93834510 0.31459972
2.00200200 10.61073301 0.50669964
3.00300300 10.37858666 0.69590875
4.00400400 10.18044867 0.81176110
5.00500501 10.00653742 0.89549727
6.00600601 9.82152601 0.99394292
7.00700701 9.65737005 1.08988484
8.00800801 9.49737301 1.15885664
9.00900901 9.32829295 1.24674943
10.01001001 9.20633005 1.32977575
11.01101101 9.09671173 1.38661107
12.01201201 8.95859006 1.42362961
13.01301301 8.81485185 1.46855901
14.01401401 8.67904068 1.54848558
15.01501502 8.53339517 1.62492094
16.01601602 8.42055054 1.67467391
17.01701702 8.25689265 1.76161590
18.01801802 8.12592751 1.82989197
19.01901902 7.98138548 1.89291131
20.02002002 7.84432452 1.95458059
21.02102102 7.71647517 1.99337003
22.02202202 7.60360901 2.05865376
23.02302302 7.47903055 2.11429681
24.02402402 7.34002392 2.16397339
25.02502503 7.21381902 2.21676383
26.02602603 7.07848290 2.27173646
27.02702703 6.93214621 2.29852704
28.02802803 6.78126083 2.34242905
29.02902903 6.64214928 2.36378248
30.03003003 6.50079700 2.38967088
31.03103103 6.36185909 2.43271596
32.03203203 6.21584261 2.45344108
33.03303303 6.07350863 2.49916960
34.03403403 5.95051304 2.54711022
35.03503504 5.82662133 2.58280360
36.03603604 5.69527537 2.62604950
37.03703704 5.56176058 2.65268588
38.03803804 5.40695338 2.65074289
39.03903904 5.28294246 2.65994390
40.04004004 5.14703339 2.68344847
41.04104104 5.02677594 2.68160758
42.04204204 4.89795885 2.67559009
43.04304304 4.77351357 2.66775768
44.04404404 4.65903974 2.69116355
45.04504505 4.53768513 2.69163420
46.04604605 4.43479165 2.69938834
47.04704705 4.32020210 2.70293205
48.04804805 4.17392973 2.67116857
49.04904905 4.02746314 2.63783499
50.05005005 3.90618185 2.66008681
51.05105105 3.78507345 2.65010106
52.05205205 3.67182171 2.64891419
53.05305305 3.56884550 2.64272614
54.05405405 3.44791499 2.63295989
55.05505506 3.34235016 2.60530739
56.05605606 3.23056481 2.58752481
57.05705706 3.12929413 2.57605956
58.05805806 3.03740957 2.56069253
59.05905906 2.92477742 2.54368075
60.06006006 2.81105414 2.52886659
61.06106106 2.71479695 2.48584696
62.06206206 2.63809863 2.47781277
63.06306306 2.54014950 2.46477908
64.06406406 2.44753965 2.43947833
65.06506507 2.36416971 2.43015187
66.06606607 2.29255458 2.39440665
67.06706707 2.20489460 2.35795936
68.06806807 2.12492825 2.33024428
69.06906907 2.03697494 2.31066340
70.07007007 1.99158872 2.29479976
71.07107107 1.92484369 2.25494252
72.07207207 1.85572760 2.23037497
73.07307307 1.79937654 2.22492820
74.07407407 1.73161680 2.19161734
75.07507508 1.68367372 2.19169059
76.07607608 1.62117710 2.14998852
77.07707708 1.55558289 2.10263078
78.07807808 1.48641025 2.05302279
79.07907908 1.42490308 2.01853721
80.08008008 1.35199436 1.96742581
81.08108108 1.28837380 1.92200785
82.08208208 1.23619978 1.88716695
83.08308308 1.17956325 1.84740117
84.08408408 1.12515745 1.80404826
85.08508509 1.08714119 1.76228686
86.08608609 1.05092878 1.73462820
87.08708709 1.00620472 1.69026937
88.08808809 0.96583881 1.65970970
89.08908909 0.91492821 1.61080543
90.09009009 0.88826804 1.57978695
91.09109109 0.85070519 1.52849502
92.09209209 0.81438010 1.49083840
93.09309309 0.78571049 1.47121985
94.09409409 0.75196955 1.44130577
95.09509510 0.72329186 1.41327334
96.09609610 0.69644126 1.38934646
97.09709710 0.66504750 1.34737505
98.09809810 0.63964910 1.31948590
99.09909910 0.62191698 1.29672496
100.10010010 0.60139919 1.28544659
101.10110110 0.57476917 1.24601422
102.10210210 0.55560790 1.22267801
103.10310310 0.53523423 1.18856547
104.10410410 0.51432195 1.16394210
105.10510511 0.49712416 1.13740912
106.10610611 0.47873906 1.10746472
107.10710711 0.46159995 1.08079308
108.10810811 0.43995555 1.03967475
109.10910911 0.42188731 1.01538190
110.11011011 0.41118720 0.99741629
111.11111111 0.39472869 0.97757674
112.11211211 0.36965553 0.92624971
113.11311311 0.34820705 0.89405407
114.11411411 0.32912324 0.85734714
115.11511512 0.31254488 0.82868681
116.11611612 0.29532324 0.80046223
117.11711712 0.28182857 0.78603693
118.11811812 0.27092297 0.77775318
119.11911912 0.25832084 0.75993816
120.12012012 0.24706732 0.73346019
121.12112112 0.23449703 0.70579393
122.12212212 0.22423276 0.69164894
123.12312312 0.21679724 0.67848468
124.12412412 0.20243026 0.63878356
125.12512513 0.19475016 0.62877530
126.12612613 0.18494665 0.61100115
127.12712713 0.17678565 0.59845252
128.12812813 0.16842505 0.55538616
129.12912913 0.16040433 0.53902036
130.13013013 0.15181104 0.50349814
131.13113113 0.14397470 0.48515847
132.13213213 0.13712673 0.46992715
133.13313313 0.12999643 0.46207413
134.13413413 0.12131929 0.43709135
135.13513514 0.11271710 0.41208241
136.13613614 0.10303488 0.37979640
137.13713714 0.09759599 0.35804086
138.13813814 0.09409685 0.34655430
139.13913914 0.08834745 0.32384204
140.14014014 0.07973030 0.30060526
141.14114114 0.07451872 0.28721997
142.14214214 0.07302546 0.30491031
143.14314314 0.06932359 0.28254665
144.14414414 0.06272620 0.26110520
145.14514515 0.06198663 0.26019284
146.14614615 0.05884093 0.25676774
147.14714715 0.05589570 0.24351489
148.14814815 0.05330121 0.23002840
149.14914915 0.04918524 0.21560155
150.15015015 0.04691030 0.20906710
151.15115115 0.04548283 0.20081084
152.15215215 0.04339774 0.19422618
153.15315315 0.04035445 0.17966443
154.15415415 0.03858046 0.17643624
155.15515516 0.03621426 0.16764467
156.15615616 0.03558756 0.16892804
157.15715716 0.03629721 0.16823727
158.15815816 0.03666975 0.16907187
159.15915916 0.03459568 0.15821024
160.16016016 0.03356765 0.15792745
161.16116116 0.03227682 0.15320781
162.16216216 0.03005903 0.13814352
163.16316316 0.02842667 0.13664861
164.16416416 0.02540386 0.12624618
165.16516517 0.02454648 0.12611066
166.16616617 0.02420292 0.12886409
167.16716717 0.02359506 0.12504945
168.16816817 0.02118140 0.11728209
169.16916917 0.01954009 0.11078213
170.17017017 0.01775853 0.10558292
171.17117117 0.01698835 0.10164619
172.17217217 0.01592620 0.09792890
173.17317317 0.01487345 0.09227788
174.17417417 0.01469769 0.09086924
175.17517518 0.01386958 0.08880737
176.17617618 0.01684253 0.10531169
177.17717718 0.01800806 0.10945098
178.17817818 0.01726592 0.10801540
179.17917918 0.01624347 0.10530253
180.18018018 0.01734051 0.10633225
181.18118118 0.02066641 0.12684696
182.18218218 0.02084788 0.12457114
183.18318318 0.01926188 0.11311163
184.18418418 0.01710081 0.10024056
185.18518519 0.01699706 0.11199896
186.18618619 0.01687291 0.10583005
187.18718719 0.01759104 0.10547403
188.18818819 0.01729444 0.10320111
189.18918919 0.01678814 0.10376566
190.19019019 0.01525142 0.08816547
191.19119119 0.01386699 0.07069471
192.19219219 0.01567125 0.08162013
193.19319319 0.01453835 0.07489991
194.19419419 0.01357767 0.06936611
195.19519520 0.01697684 0.08584300
196.19619620 0.01653826 0.08195137
197.19719720 0.01532861 0.07751544
198.19819820 0.01446166 0.07025950
199.19919920 0.01611861 0.07858330
200.20020020 0.01568106 0.07927690
201.20120120 0.01362560 0.06880521
202.20220220 0.01347626 0.07280652
203.20320320 0.01421671 0.07784916
204.20420420 0.01126261 0.05462507
205.20520521 0.01191527 0.06047063
206.20620621 0.01414834 0.07473572
207.20720721 0.01178241 0.06429519
208.20820821 0.01117227 0.06341363
209.20920921 0.01175423 0.06562010
210.21021021 0.01391145 0.07757727
211.21121121 0.01361610 0.07615914
212.21221221 0.01250512 0.07160626
213.21321321 0.01381537 0.08161459
214.21421421 0.01334822 0.07827909
215.21521522 0.01482946 0.08580760
216.21621622 0.01287678 0.07495169
217.21721722 0.01374007 0.08025415
218.21821822 0.01511019 0.08508976
219.21921922 0.01290457 0.07252613
220.22022022 0.01218900 0.06878703
221.22122122 0.01167583 0.06991498
222.22222222 0.01125874 0.06653534
223.22322322 0.01019728 0.06080864
224.22422422 0.00944599 0.05710355
225.22522523 0.00803961 0.04811121
226.22622623 0.00773286 0.04626471
227.22722723 0.00695749 0.04085964
228.22822823 0.00670861 0.03763956
229.22922923 0.00783385 0.05203115
230.23023023 0.00707771 0.04883753
231.23123123 0.00674624 0.04564027
232.23223223 0.00666604 0.04539920
233.23323323 0.00741220 0.04901096
234.23423423 0.00887744 0.06450401
235.23523524 0.00982494 0.07212331
236.23623624 0.01142509 0.08460239
237.23723724 0.01119728 0.08426855
238.23823824 0.01122115 0.08117121
239.23923924 0.01289712 0.08839100
240.24024024 0.01164227 0.08066402
241.24124124 0.01099425 0.07662645
242.24224224 0.01056682 0.07591412
243.24324324 0.01088104 0.07314347
244.24424424 0.01252447 0.08149084
245.24524525 0.01944179 0.11255386
246.24624625 0.01955366 0.11229257
247.24724725 0.02102351 0.11598250
248.24824825 0.01923874 0.10908223
249.24924925 0.02019118 0.10878677
250.25025025 0.01922835 0.10405991
251.25125125 0.02046533 0.10827620
252.25225225 0.01870654 0.10137800
253.25325325 0.01690291 0.08837977
254.25425425 0.01730369 0.09217236
255.25525526 0.01655724 0.08989552
256.25625626 0.01557848 0.08603744
257.25725726 0.01457003 0.08181644
258.25825826 0.01386143 0.08037365
259.25925926 0.01356387 0.08099358
260.26026026 0.01314895 0.07827334
261.26126126 0.01262134 0.07662668
262.26226226 0.01243205 0.07574479
263.26326326 0.01237838 0.07956459
264.26426426 0.01217066 0.08057967
265.26526527 0.01500820 0.09832559
266.26626627 0.01616356 0.10311907
267.26726727 0.01759917 0.10829390
268.26826827 0.01716441 0.10421754
269.26926927 0.01562442 0.09622198
270.27027027 0.01643195 0.10250546
271.27127127 0.01639754 0.10181362
272.27227227 0.01807544 0.10878472
273.27327327 0.01783765 0.10902301
274.27427427 0.01581956 0.10219644
275.27527528 0.01546779 0.10023450
276.27627628 0.01685305 0.10066063
277.27727728 0.01860489 0.10660413
278.27827828 0.01842625 0.10648982
279.27927928 0.01699707 0.10079390
280.28028028 0.01398326 0.08521666
281.28128128 0.01360532 0.08308889
282.28228228 0.01252943 0.07941423
283.28328328 0.01379414 0.08604024
284.28428428 0.01329990 0.08648430
285.28528529 0.01428240 0.09112956
286.28628629 0.01212743 0.08111785
287.28728729 0.01312960 0.08636012
288.28828829 0.01219686 0.07996865
289.28928929 0.01166131 0.07874849
290.29029029 0.01127901 0.07456663
291.29129129 0.01134401 0.07381138
292.29229229 0.01324576 0.08384315
293.29329329 0.01206979 0.07727227
294.29429429 0.01280635 0.08003159
295.29529530 0.01251734 0.07917293
296.29629630 0.01095398 0.07340443
297.29729730 0.01209373 0.08059978
298.29829830 0.01161869 0.07717254
299.29929930 0.01118377 0.07524306
300.30030030 0.00904136 0.05982044
301.30130130 0.01031235 0.06536998
302.30230230 0.00941487 0.06230472
303.30330330 0.01075176 0.07252268
304.30430430 0.00994707 0.06902423
305.30530531 0.01030390 0.06980828
306.30630631 0.01012077 0.06494559
307.30730731 0.01324369 0.08400301
308.30830831 0.01314220 0.08230727
309.30930931 0.01276486 0.07940574
310.31031031 0.01128293 0.07227594
311.31131131 0.01009203 0.06665282
312.31231231 0.00976680 0.06660544
313.31331331 0.00756143 0.05628022
314.31431431 0.00935019 0.06861220
315.31531532 0.01081581 0.07643651
316.31631632 0.00885221 0.05887676
317.31731732 0.01042723 0.06896200
318.31831832 0.01268099 0.08531279
319.31931932 0.01286638 0.08383324
320.32032032 0.01168283 0.07528594
321.32132132 0.01293379 0.08041177
322.32232232 0.01255790 0.07709885
323.32332332 0.01211798 0.07471673
324.32432432 0.01133156 0.07144251
325.32532533 0.01009022 0.05882210
326.32632633 0.00960900 0.05724875
327.32732733 0.00760450 0.03533325
328.32832833 0.00868123 0.04763737
329.32932933 0.01093232 0.06473983
330.33033033 0.01095317 0.06273758
331.33133133 0.01250778 0.06777407
332.33233233 0.01254189 0.06756553
333.33333333 0.01180479 0.06103288
334.33433433 0.01295813 0.06974180
335.33533534 0.01469488 0.07985303
336.33633634 0.01247213 0.06800381
337.33733734 0.01137755 0.06270062
338.33833834 0.01030473 0.05601741
339.33933934 0.00977920 0.05179848
340.34034034 0.00911823 0.04744268
341.34134134 0.00833331 0.03814816
342.34234234 0.00847382 0.03909280
343.34334334 0.00723062 0.03178104
344.34434434 0.00677501 0.02964091
345.34534535 0.00642775 0.02839047
346.34634635 0.00643051 0.02719383
347.34734735 0.00825748 0.03889584
348.34834835 0.00915071 0.04935846
349.34934935 0.00889948 0.04811394
350.35035035 0.00814447 0.04463551
351.35135135 0.00842512 0.04490288
352.35235235 0.01008743 0.06029754
353.35335335 0.01141955 0.07075426
354.35435435 0.01251810 0.07706670
355.35535536 0.01319866 0.08110534
356.35635636 0.01322362 0.08171297
357.35735736 0.01584162 0.09662436
358.35835836 0.01562665 0.09585873
359.35935936 0.01313822 0.08616987
360.36036036 0.01449697 0.08988581
361.36136136 0.01422210 0.09115633
362.36236236 0.01502550 0.09488161
363.36336336 0.01465918 0.09472301
364.36436436 0.01523239 0.09586203
365.36536537 0.01273261 0.07633901
366.36636637 0.01178956 0.07094860
367.36736737 0.01479299 0.08779441
368.36836837 0.01594283 0.09098645
369.36936937 0.01762930 0.09491725
370.37037037 0.01737136 0.09445221
371.37137137 0.01505018 0.08604862
372.37237237 0.01371008 0.07875003
373.37337337 0.01198345 0.06948671
374.37437437 0.01172610 0.06742514
375.37537538 0.00988960 0.05751493
376.37637638 0.00825807 0.04034230
377.37737738 0.00787228 0.03800096
378.37837838 0.00936738 0.04895109
379.37937938 0.00955587 0.04685845
380.38038038 0.01061216 0.05766918
381.38138138 0.00936410 0.04480417
382.38238238 0.01032013 0.05670439
383.38338338 0.01005980 0.05825995
384.38438438 0.00932226 0.05121978
385.38538539 0.00919978 0.04937954
386.38638639 0.01089297 0.05891521
387.38738739 0.01264420 0.07053303
388.38838839 0.01178855 0.06553706
389.38938939 0.01133979 0.06359922
390.39039039 0.01177943 0.06780558
391.39139139 0.01078713 0.06140202
392.39239239 0.01005423 0.05768059
393.39339339 0.00924897 0.05484341
394.39439439 0.01040386 0.06425334
395.39539540 0.01099937 0.07201845
396.39639640 0.01383403 0.08585541
397.39739740 0.01338046 0.08644449
398.39839840 0.01078459 0.05889934
399.39939940 0.01384187 0.06873823
400.40040040 0.01306708 0.06599826
401.40140140 0.01257152 0.06359851
402.40240240 0.01253188 0.06723430
403.40340340 0.01191915 0.06206709
404.40440440 0.01158312 0.05869955
405.40540541 0.01246506 0.06819621
406.40640641 0.01073566 0.05727978
407.40740741 0.00953660 0.05144375
408.40840841 0.00845728 0.04400137
409.40940941 0.00758708 0.04014823
410.41041041 0.00704443 0.03643759
411.41141141 0.00639943 0.03338592
412.41241241 0.00855504 0.04864419
413.41341341 0.00850583 0.04861214
414.41441441 0.00804066 0.04586077
415.41541542 0.00741593 0.04362059
416.41641642 0.00674902 0.04088457
417.41741742 0.01013923 0.06973616
418.41841842 0.01031685 0.07503694
419.41941942 0.01190564 0.08701814
420.42042042 0.01104253 0.08388621
421.42142142 0.01131648 0.08638610
422.42242242 0.01097860 0.08439830
423.42342342 0.00993565 0.07632090
424.42442442 0.01063659 0.07722086
425.42542543 0.01161452 0.08246284
426.42642643 0.01137205 0.07615627
427.42742743 0.01007360 0.06173332
428.42842843 0.00975298 0.06054027
429.42942943 0.00894556 0.05578745
430.43043043 0.01029990 0.06779454
431.43143143 0.01059451 0.06806224
432.43243243 0.01170777 0.07751789
433.43343343 0.00817201 0.05450105
434.43443443 0.00767472 0.05157343
435.43543544 0.00679576 0.04494351
436.43643644 0.00775808 0.05022057
437.43743744 0.01128969 0.07926165
438.43843844 0.01258516 0.08967798
439.43943944 0.01153971 0.07895699
440.44044044 0.00935444 0.06618411
441.44144144 0.00722067 0.05192057
442.44244244 0.00590400 0.03344485
443.44344344 0.00613212 0.03433286
444.44444444 0.00679139 0.03803596
445.44544545 0.00600878 0.03218042
446.44644645 0.00547757 0.02908299
447.44744745 0.00524162 0.02717703
448.44844845 0.00747162 0.05715941
449.44944945 0.00892133 0.06880877
450.45045045 0.01077266 0.08157448
451.45145145 0.01051525 0.08180253
452.45245245 0.01033711 0.08169768
453.45345345 0.01383436 0.10006981
454.45445445 0.01186224 0.08648502
455.45545546 0.01379916 0.09148496
456.45645646 0.01189637 0.08203062
457.45745746 0.01131397 0.07875743
458.45845846 0.01524175 0.09633057
459.45945946 0.01342403 0.09091826
460.46046046 0.01252812 0.08636044
461.46146146 0.01202412 0.08679522
462.46246246 0.01107083 0.08880978
463.46346346 0.01141574 0.08800903
464.46446446 0.01063292 0.08021163
465.46546547 0.01101889 0.07974291
466.46646647 0.01022155 0.07421650
467.46746747 0.01173807 0.07959200
468.46846847 0.01123409 0.07620668
469.46946947 0.01036587 0.07204870
470.47047047 0.00885703 0.05913807
471.47147147 0.00990193 0.06924595
472.47247247 0.01232116 0.08192991
473.47347347 0.01137318 0.07843615
474.47447447 0.01291252 0.08783027
475.47547548 0.01212201 0.08548922
476.47647648 0.01331831 0.09213255
477.47747748 0.01397949 0.09278102
478.47847848 0.01269241 0.08404479
479.47947948 0.01274607 0.08266195
480.48048048 0.01026901 0.06991129
481.48148148 0.01014873 0.06839801
482.48248248 0.00942096 0.06675965
483.48348348 0.00908324 0.06416807
484.48448448 0.01046171 0.07357626
485.48548549 0.00979183 0.06558270
486.48648649 0.00945714 0.06564863
487.48748749 0.01027878 0.07259767
488.48848849 0.01095280 0.07676961
489.48948949 0.01211784 0.08422619
490.49049049 0.01139631 0.08134763
491.49149149 0.01102048 0.08039053
492.49249249 0.00988576 0.07027430
493.49349349 0.00782988 0.05159021
494.49449449 0.00672384 0.03996742
495.49549550 0.00578791 0.03454474
496.49649650 0.00527582 0.03294036
497.49749750 0.00875708 0.06447029
498.49849850 0.00896673 0.06798674
499.49949950 0.00825935 0.06317455
500.50050050 0.00901055 0.06931232
501.50150150 0.01043909 0.08004129
502.50250250 0.00994163 0.07757005
503.50350350 0.00860958 0.06746175
504.50450450 0.00861983 0.06733147
505.50550551 0.01039962 0.07925739
506.50650651 0.01329247 0.09478882
507.50750751 0.01440389 0.10049508
508.50850851 0.01693953 0.10698143
509.50950951 0.01892032 0.11248041
510.51051051 0.01808571 0.10826924
511.51151151 0.01737576 0.10028187
512.51251251 0.01684222 0.10061651
513.51351351 0.01567485 0.09306798
514.51451451 0.01446342 0.08618122
515.51551552 0.01223959 0.07282468
516.51651652 0.01085045 0.06632896
517.51751752 0.01084744 0.06444338
518.51851852 0.01223255 0.07569318
519.51951952 0.01313550 0.08440837
520.52052052 0.01243657 0.08312680
521.52152152 0.01212608 0.08077884
522.52252252 0.01379877 0.09025020
523.52352352 0.01336846 0.08921597
524.52452452 0.01488109 0.09625517
525.52552553 0.01700985 0.10701110
526.52652653 0.01877356 0.11381901
527.52752753 0.01869941 0.11334779
528.52852853 0.01694012 0.10612606
529.52952953 0.01772556 0.10934820
530.53053053 0.01429636 0.09265811
531.53153153 0.01305899 0.08703978
532.53253253 0.01400108 0.08836258
533.53353353 0.01519916 0.09417047
534.53453453 0.01427503 0.09129396
535.53553554 0.01503730 0.09641962
536.53653654 0.01437925 0.09423826
537.53753754 0.01198704 0.07995914
538.53853854 0.01118176 0.07593669
539.53953954 0.01022485 0.07136178
540.54054054 0.00981584 0.06967475
541.54154154 0.00919199 0.06193392
542.54254254 0.00778424 0.05448063
543.54354354 0.00630572 0.04420215
544.54454454 0.00774990 0.05991574
545.54554555 0.00772339 0.05894626
546.54654655 0.00764963 0.05750901
547.54754755 0.00628126 0.04006276
548.54854855 0.00810090 0.05782230
549.54954955 0.00809560 0.05966103
550.55055055 0.00938534 0.07117086
551.55155155 0.01106569 0.08194845
552.55255255 0.01068382 0.08186308
553.55355355 0.01412448 0.09990451
554.55455455 0.01570782 0.10828923
555.55555556 0.01503183 0.10468228
556.55655656 0.01620927 0.10397697
557.55755756 0.01581122 0.09854250
558.55855856 0.01520437 0.09661677
559.55955956 0.01503891 0.09031713
560.56056056 0.01761883 0.10056661
561.56156156 0.01853659 0.10364549
562.56256256 0.01789208 0.09668572
563.56356356 0.01723182 0.09367598
564.56456456 0.01640335 0.08955954
565.56556557 0.01697723 0.09332238
566.56656657 0.01925370 0.10161815
567.56756757 0.01955509 0.10286767
568.56856857 0.01801815 0.09732653
569.56956957 0.01624010 0.09389839
570.57057057 0.01854773 0.10207480
571.57157157 0.01694654 0.09777134
572.57257257 0.01681803 0.09661759
573.57357357 0.01636324 0.09479341
574.57457457 0.01556941 0.09231660
575.57557558 0.01399307 0.08553370
576.57657658 0.01384780 0.08319526
577.57757758 0.01404927 0.08464980
578.57857858 0.01359383 0.08221699
579.57957958 0.01578204 0.09091065
580.58058058 0.01553936 0.08902323
581.58158158 0.01260563 0.07587714
582.58258258 0.01248496 0.07147490
583.58358358 0.01455028 0.08462862
584.58458458 0.01568131 0.09079215
585.58558559 0.01723768 0.09774828
586.58658659 0.01609961 0.09403460
587.58758759 0.01569124 0.09130857
588.58858859 0.01959498 0.10588066
589.58958959 0.02070935 0.11116912
590.59059059 0.01953487 0.10507719
591.59159159 0.01764984 0.09810035
592.59259259 0.01643162 0.08515901
593.59359359 0.01349200 0.07078878
594.59459459 0.01239525 0.06573583
595.59559560 0.01175230 0.06242741
596.59659660 0.01136968 0.05855288
597.59759760 0.01052489 0.05357004
598.59859860 0.01142305 0.06226492
599.59959960 0.01047227 0.05652626
600.60060060 0.00947675 0.05179459
601.60160160 0.00850149 0.04752339
602.60260260 0.00747645 0.04371327
603.60360360 0.00759193 0.04498421
604.60460460 0.00611241 0.02884740
605.60560561 0.00573390 0.02741687
606.60660661 0.00710302 0.05014931
607.60760761 0.00880008 0.06706923
608.60860861 0.01018696 0.07593259
609.60960961 0.00963105 0.07238509
610.61061061 0.01218784 0.08576705
611.61161161 0.01184957 0.08352701
612.61261261 0.00880876 0.06293633
613.61361361 0.00811048 0.05752864
614.61461461 0.00820792 0.05770881
615.61561562 0.00625773 0.03888677
616.61661662 0.00594342 0.03677159
617.61761762 0.00581545 0.03588297
618.61861862 0.00551804 0.03563778
619.61961962 0.00640704 0.04371684
620.62062062 0.01012428 0.07323601
621.62162162 0.01098261 0.07675572
622.62262262 0.01080652 0.07596252
623.62362362 0.01059023 0.07640742
624.62462462 0.01022047 0.07466875
625.62562563 0.01216501 0.08600705
626.62662663 0.01192684 0.08204959
627.62762763 0.01175173 0.08194837
628.62862863 0.01173054 0.08091152
629.62962963 0.01173461 0.08085757
630.63063063 0.01182913 0.08490412
631.63163163 0.01141187 0.08101199
632.63263263 0.01010148 0.07061431
633.63363363 0.01160667 0.08092569
634.63463463 0.01065702 0.07406823
635.63563564 0.00927028 0.06059437
636.63663664 0.00821675 0.05370013
637.63763764 0.00760554 0.04754554
638.63863864 0.00705473 0.04285580
639.63963964 0.00726368 0.04136543
640.64064064 0.00641831 0.03557946
641.64164164 0.00614984 0.03499752
642.64264264 0.00552718 0.03201309
643.64364364 0.00500439 0.02874157
644.64464464 0.00453950 0.02593357
645.64564565 0.00666303 0.04096246
646.64664665 0.00746143 0.05439888
647.64764765 0.00719569 0.05342579
648.64864865 0.00676159 0.05133297
649.64964965 0.00663688 0.05006350
650.65065065 0.00651251 0.04905137
651.65165165 0.00612300 0.04752336
652.65265265 0.00573672 0.04551541
653.65365365 0.00586617 0.04443095
654.65465465 0.00538426 0.04197263
655.65565566 0.00520983 0.04046342
656.65665666 0.00539746 0.04482497
657.65765766 0.00536762 0.04360051
658.65865866 0.00711108 0.06028683
659.65965966 0.00710038 0.05895238
660.66066066 0.01465809 0.10183343
661.66166166 0.01738266 0.11217199
662.66266266 0.01668037 0.10857423
663.66366366 0.01631545 0.10725197
664.66466466 0.01329308 0.09072358
665.66566567 0.01583280 0.10434391
666.66666667 0.01510335 0.10039857
667.66766767 0.01175583 0.07780106
668.66866867 0.01427499 0.09089256
669.66966967 0.01571072 0.09823140
670.67067067 0.01364376 0.08614968
671.67167167 0.01278703 0.08310616
672.67267267 0.01238367 0.08097630
673.67367367 0.01222231 0.08004464
674.67467467 0.01252022 0.08158534
675.67567568 0.01059802 0.06979972
676.67667668 0.00970763 0.06641689
677.67767768 0.00936590 0.06303496
678.67867868 0.00864653 0.05937463
679.67967968 0.01109546 0.07602454
680.68068068 0.01062647 0.07641857
681.68168168 0.00985992 0.07319984
682.68268268 0.00924073 0.07077704
683.68368368 0.00858261 0.06723625
684.68468468 0.00758816 0.05513505
685.68568569 0.00713417 0.05201349
686.68668669 0.00683853 0.04951159
687.68768769 0.00837389 0.06024294
688.68868869 0.00800796 0.05748355
689.68968969 0.00987680 0.07021597
690.69069069 0.00800825 0.05513820
691.69169169 0.00771953 0.05299111
692.69269269 0.00827360 0.05619206
693.69369369 0.00792140 0.05445116
694.69469469 0.00804760 0.05696076
695.69569570 0.00780282 0.05529983
696.69669670 0.00568929 0.03443310
697.69769770 0.00670297 0.04789448
698.69869870 0.00602207 0.04379834
699.69969970 0.00558407 0.04255514
700.70070070 0.00888779 0.07218198
701.70170170 0.00966001 0.07493795
702.70270270 0.01321483 0.09273212
703.70370370 0.01465680 0.09622083
704.70470470 0.01605953 0.09989773
705.70570571 0.01486402 0.09279427
706.70670671 0.01392836 0.08879178
707.70770771 0.01627197 0.10227354
708.70870871 0.01977951 0.12262433
709.70970971 0.01771849 0.11138660
710.71071071 0.01852861 0.11566581
711.71171171 0.01793038 0.11274153
712.71271271 0.01779478 0.10985425
713.71371371 0.01551038 0.09793772
714.71471471 0.01520886 0.09692057
715.71571572 0.01685704 0.10219723
716.71671672 0.01673335 0.10089492
717.71771772 0.01737762 0.10119263
718.71871872 0.01642630 0.09523442
719.71971972 0.01682299 0.09536795
720.72072072 0.01693788 0.09355200
721.72172172 0.01816875 0.10078232
722.72272272 0.01835052 0.10084459
723.72372372 0.02068516 0.10875870
724.72472472 0.02010500 0.10907792
725.72572573 0.01848912 0.10035891
726.72672673 0.01787210 0.09957873
727.72772773 0.02101348 0.11547814
728.72872873 0.01988008 0.11012312
729.72972973 0.02076984 0.11248833
730.73073073 0.01860047 0.10485632
731.73173173 0.01809114 0.10286220
732.73273273 0.01968795 0.10964981
733.73373373 0.01943997 0.10691878
734.73473473 0.02016591 0.11281160
735.73573574 0.02040376 0.11271731
736.73673674 0.01962630 0.10985190
737.73773774 0.01780102 0.10298045
738.73873874 0.01681337 0.09760794
739.73973974 0.01614094 0.09392150
740.74074074 0.01383544 0.08256453
741.74174174 0.01270505 0.07830565
742.74274274 0.01169257 0.07331862
743.74374374 0.00840754 0.05075139
744.74474474 0.00832375 0.04690555
745.74574575 0.00802311 0.04552245
746.74674675 0.00982708 0.06471433
747.74774775 0.01173516 0.08018803
748.74874875 0.01139793 0.07906927
749.74974975 0.01283223 0.08814539
750.75075075 0.01450788 0.09609945
751.75175175 0.01493901 0.09666531
752.75275275 0.01482238 0.09511058
753.75375375 0.01644357 0.10307502
754.75475475 0.01379881 0.09516229
755.75575576 0.01529450 0.09879982
756.75675676 0.01398439 0.08652855
757.75775776 0.01434231 0.08601080
758.75875876 0.01468350 0.08971577
759.75975976 0.01626500 0.09996193
760.76076076 0.01563670 0.09593553
761.76176176 0.01623305 0.09891193
762.76276276 0.01449972 0.09079831
763.76376376 0.01551446 0.09156189
764.76476476 0.01558805 0.09238215
765.76576577 0.01469187 0.08905009
766.76676677 0.01324203 0.07954462
767.76776777 0.01119594 0.07128976
768.76876877 0.01032640 0.06758745
769.76976977 0.01178876 0.07984049
770.77077077 0.01316956 0.08682956
771.77177177 0.01279080 0.08621798
772.77277277 0.01453940 0.09407048
773.77377377 0.01461396 0.09250987
774.77477477 0.01640069 0.10067480
775.77577578 0.01598535 0.09838501
776.77677678 0.01559643 0.09557520
777.77777778 0.01256105 0.08051042
778.77877878 0.01231653 0.08095653
779.77977978 0.01302992 0.08416399
780.78078078 0.01211270 0.07501303
781.78178178 0.01167279 0.07243207
782.78278278 0.00966764 0.06145538
783.78378378 0.00935947 0.06251376
784.78478478 0.00932350 0.06311816
785.78578579 0.00907187 0.06134580
786.78678679 0.01038529 0.07220714
787.78778779 0.01105960 0.07720100
788.78878879 0.01024260 0.07109460
789.78978979 0.01030767 0.07101522
790.79079079 0.01353100 0.09091848
791.79179179 0.01279586 0.08632614
792.79279279 0.01258665 0.08730642
793.79379379 0.01189844 0.08276665
794.79479479 0.01138251 0.07991924
795.79579580 0.00986106 0.06962866
796.79679680 0.01124812 0.07557437
797.79779780 0.01187160 0.07902006
798.79879880 0.01088885 0.07062273
799.79979980 0.00933461 0.06314646
800.80080080 0.00936500 0.06375891
801.80180180 0.00878173 0.06182185
802.80280280 0.01075631 0.07607377
803.80380380 0.00943939 0.06431761
804.80480480 0.01263487 0.08249636
805.80580581 0.01386071 0.09102745
806.80680681 0.01320794 0.08784339
807.80780781 0.01262810 0.08607041
808.80880881 0.01195169 0.08328641
809.80980981 0.01124577 0.08044683
810.81081081 0.01088116 0.07761096
811.81181181 0.00904157 0.06304179
812.81281281 0.00771431 0.05051550
813.81381381 0.00707355 0.04678208
814.81481481 0.00842008 0.05989665
815.81581582 0.00730033 0.05510550
816.81681682 0.00627101 0.04947140
817.81781782 0.01126931 0.08383333
818.81881882 0.01356666 0.09240492
819.81981982 0.01437791 0.09426766
820.82082082 0.01549488 0.09980527
821.82182182 0.01483832 0.09620009
822.82282282 0.01357046 0.09120844
823.82382382 0.01278908 0.08690422
824.82482482 0.01373446 0.09129487
825.82582583 0.01313778 0.08843144
826.82682683 0.01402831 0.09112670
827.82782783 0.01371618 0.08848562
828.82882883 0.01285682 0.08432646
829.82982983 0.01294169 0.08265740
830.83083083 0.01354424 0.08535148
831.83183183 0.01427686 0.09047870
832.83283283 0.01746834 0.10594902
833.83383383 0.01555592 0.09896201
834.83483483 0.01479549 0.09460075
835.83583584 0.01801707 0.10870760
836.83683684 0.01493042 0.09314094
837.83783784 0.01647164 0.10026732
838.83883884 0.01508369 0.09517867
839.83983984 0.01611700 0.10242174
840.84084084 0.01437059 0.08849791
841.84184184 0.01744483 0.10258140
842.84284284 0.01804961 0.10353613
843.84384384 0.01709105 0.10070308
844.84484484 0.01789039 0.10677464
845.84584585 0.01669258 0.10260792
846.84684685 0.01795743 0.10513323
847.84784785 0.01591542 0.09575500
848.84884885 0.01568827 0.09819683
849.84984985 0.01465041 0.09360910
850.85085085 0.01398931 0.09069676
851.85185185 0.01198703 0.07255641
852.85285285 0.01304660 0.07887811
853.85385385 0.01206129 0.07396763
854.85485485 0.01210004 0.07441626
855.85585586 0.01171658 0.07166341
856.85685686 0.01136519 0.07289701
857.85785786 0.01033217 0.06835632
858.85885886 0.00855951 0.06068066
859.85985986 0.00849480 0.05940636
860.86086086 0.01009489 0.07257625
861.86186186 0.00968941 0.06894421
862.86286286 0.00955741 0.06802284
863.86386386 0.00854008 0.06044382
864.86486486 0.00788961 0.05738718
865.86586587 0.00725767 0.05372949
866.86686687 0.00670877 0.04971783
867.86786787 0.00861468 0.06376173
868.86886887 0.00709179 0.05678946
869.86986987 0.00674472 0.05512454
870.87087087 0.00998813 0.07950736
871.87187187 0.01315158 0.09566015
872.87287287 0.01660516 0.11117490
873.87387387 0.01714708 0.11424866
874.87487487 0.01665985 0.11200886
875.87587588 0.01622458 0.10844183
876.87687688 0.01761263 0.11233456
877.87787788 0.01505810 0.09842766
878.87887888 0.01336141 0.08923450
879.87987988 0.01432262 0.09514124
880.88088088 0.01682799 0.10426893
881.88188188 0.01598376 0.09938286
882.88288288 0.01926209 0.11415988
883.88388388 0.02116883 0.12088141
884.88488488 0.02347940 0.13112340
885.88588589 0.02196084 0.12490255
886.88688689 0.02110998 0.11742396
887.88788789 0.02016714 0.11313164
888.88888889 0.01967820 0.11127702
889.88988989 0.01699958 0.10209755
890.89089089 0.01738105 0.10464681
891.89189189 0.01517154 0.09502336
892.89289289 0.01444171 0.09154433
893.89389389 0.01253961 0.08471711
894.89489489 0.01592258 0.10295220
895.89589590 0.01472732 0.10017426
896.89689690 0.01422417 0.09715435
897.89789790 0.01384465 0.09609609
898.89889890 0.01464436 0.10060911
899.89989990 0.01703674 0.11079017
900.90090090 0.01670423 0.10970175
901.90190190 0.01585087 0.10257630
902.90290290 0.01476466 0.09827521
903.90390390 0.01832163 0.11271068
904.90490490 0.01693618 0.10612963
905.90590591 0.01531488 0.10043857
906.90690691 0.01516986 0.09907376
907.90790791 0.01674424 0.10657173
908.90890891 0.01838681 0.11387354
909.90990991 0.01848045 0.11608980
910.91091091 0.01783254 0.11165436
911.91191191 0.01766174 0.11061469
912.91291291 0.01571593 0.09922041
913.91391391 0.01777342 0.10932469
914.91491491 0.01777555 0.10641812
915.91591592 0.01935132 0.10824523
916.91691692 0.01805459 0.10294100
917.91791792 0.02165152 0.12054409
918.91891892 0.01574648 0.09327263
919.91991992 0.01780102 0.10228696
920.92092092 0.01806090 0.10518889
921.92192192 0.01741772 0.09943820
922.92292292 0.01549588 0.08805253
923.92392392 0.01304777 0.07741801
924.92492492 0.01551577 0.09262679
925.92592593 0.01838550 0.10680113
926.92692693 0.01773133 0.10813168
927.92792793 0.01551486 0.09456558
928.92892893 0.01736101 0.10360259
929.92992993 0.01794776 0.10951776
930.93093093 0.01938083 0.11473568
931.93193193 0.01715333 0.10318795
932.93293293 0.01858097 0.10947724
933.93393393 0.01793535 0.10606433
934.93493493 0.01938218 0.11399176
935.93593594 0.01871808 0.11260828
936.93693694 0.01887772 0.11048903
937.93793794 0.02010789 0.11585434
938.93893894 0.01950957 0.11294139
939.93993994 0.01733561 0.10330207
940.94094094 0.01782283 0.10359895
941.94194194 0.01733311 0.10261857
942.94294294 0.01805485 0.10462830
943.94394394 0.01699118 0.09738820
944.94494494 0.01528270 0.08979903
945.94594595 0.01609644 0.09453805
946.94694695 0.01748127 0.10004420
947.94794795 0.01616143 0.08893804
948.94894895 0.01512592 0.08138422
949.94994995 0.01508332 0.07952507
950.95095095 0.01522510 0.08210594
951.95195195 0.01437726 0.08052294
952.95295295 0.01327929 0.07596072
953.95395395 0.01162669 0.06849401
954.95495495 0.01077357 0.06751631
955.95595596 0.01290884 0.08299579
956.95695696 0.01459466 0.09254935
957.95795796 0.01587408 0.09965999
958.95895896 0.01574506 0.09903610
959.95995996 0.01515543 0.09784059
960.96096096 0.01472664 0.09747669
961.96196196 0.01384461 0.09385148
962.96296296 0.01455034 0.09560642
963.96396396 0.01301208 0.08410953
964.96496496 0.01151023 0.07214920
965.96596597 0.01170408 0.07267918
966.96696697 0.01312194 0.08218232
967.96796797 0.01809227 0.10757288
968.96896897 0.01727553 0.10538235
969.96996997 0.01729225 0.10567720
970.97097097 0.01689113 0.10395857
971.97197197 0.01519896 0.09742331
972.97297297 0.01451393 0.09365751
973.97397397 0.01347399 0.08856340
974.97497497 0.01167443 0.07402362
975.97597598 0.01092918 0.07053718
976.97697698 0.01069002 0.06744267
977.97797798 0.01106498 0.06647673
978.97897898 0.01003465 0.05734756
979.97997998 0.01203764 0.07242301
980.98098098 0.01320447 0.07981698
981.98198198 0.01480838 0.09178891
982.98298298 0.01542675 0.09257564
983.98398398 0.01580957 0.09345975
984.98498498 0.01544337 0.09092377
985.98598599 0.01455620 0.08724687
986.98698699 0.01046072 0.05955447
987.98798799 0.01154480 0.07160002
988.98898899 0.01278447 0.08222757
989.98998999 0.01398837 0.09073152
990.99099099 0.01212837 0.08271489
991.99199199 0.01143780 0.08020071
992.99299299 0.01119532 0.08011022
993.99399399 0.00913623 0.06864425
994.99499499 0.00878708 0.06772480
995.99599600 0.00857740 0.06675578
996.99699700 0.00822729 0.06495616
997.99799800 0.00979370 0.07775156
998.99899900 0.00902741 0.07145391
1000.00000000 0.00918654 0.07034762
