0.00000000 7.00000000 0.00000045
1.00100100 6.91550299 0.24558144
2.00200200 6.78166863 0.40431669
3.00300300 6.64325979 0.49706116
4.00400400 6.47512857 0.58268872
5.00500501 6.31756199 0.66110960
6.00600601 6.14515673 0.73364436
7.00700701 5.95909264 0.79480710
8.00800801 5.77608143 0.83606111
9.00900901 5.59599239 0.88021530
10.01001001 5.42603532 0.91271174
11.01101101 5.28705761 0.92049418
12.01201201 5.13203454 0.94749546
13.01301301 4.96017606 0.96846932
14.01401401 4.80262248 0.96305591
15.01501502 4.66432088 0.98106392
16.01601602 4.49451805 0.98635719
17.01701702 4.36058332 0.98697814
18.01801802 4.22816276 1.01296179
19.01901902 4.08325286 1.00201214
20.02002002 3.93224831 1.02051101
21.02102102 3.79293930 1.01196500
22.02202202 3.66047104 1.03035606
23.02302302 3.53239139 1.01783764
24.02402402 3.40377646 1.01329661
25.02502503 3.27940708 1.02798542
26.02602603 3.16048593 1.01764364
27.02702703 3.04063056 1.01643258
28.02802803 2.94414887 0.99641373
29.02902903 2.83051146 0.98223828
30.03003003 2.73980513 0.95057618
31.03103103 2.64010472 0.93540505
32.03203203 2.54557200 0.92244436
33.03303303 2.44116494 0.89473069
34.03403403 2.33696931 0.90167548
35.03503504 2.23673596 0.87198876
36.03603604 2.14075266 0.86983013
37.03703704 2.05547430 0.85322764
38.03803804 1.97676138 0.82858468
39.03903904 1.91132395 0.81042118
40.04004004 1.84448194 0.79368610
41.04104104 1.77499858 0.78166746
42.04204204 1.70299618 0.76300069
43.04304304 1.63471676 0.75181796
44.04404404 1.56646304 0.73854768
45.04504505 1.50476732 0.72963227
46.04604605 1.45328308 0.73541550
47.04704705 1.38997849 0.72936389
48.04804805 1.33667224 0.71920817
49.04904905 1.28112978 0.69947555
50.05005005 1.22388312 0.66406711
51.05105105 1.18187669 0.65481366
52.05205205 1.13358776 0.64578073
53.05305305 1.09095934 0.63914450
54.05405405 1.05080651 0.63266554
55.05505506 1.00590861 0.61180559
56.05605606 0.97278024 0.60786690
57.05705706 0.94140814 0.59995952
58.05805806 0.90896575 0.59086413
59.05905906 0.87983891 0.57581544
60.06006006 0.84661681 0.56360704
61.06106106 0.81634663 0.55675581
62.06206206 0.78206172 0.53987440
63.06306306 0.75158777 0.52848036
64.06406406 0.72233363 0.51831661
65.06506507 0.69069567 0.50592120
66.06606607 0.66405365 0.49129065
67.06706707 0.64007413 0.48355122
68.06806807 0.61411693 0.46892484
69.06906907 0.59033601 0.45974809
70.07007007 0.56961300 0.44632265
71.07107107 0.55125847 0.44847137
72.07207207 0.52531066 0.43430678
73.07307307 0.50471739 0.42781289
74.07407407 0.48618376 0.41946479
75.07507508 0.46780242 0.40376008
76.07607608 0.44936825 0.38567535
77.07707708 0.43215393 0.38889023
78.07807808 0.41456180 0.38398273
79.07907908 0.39625985 0.37820260
80.08008008 0.38032461 0.36364627
81.08108108 0.36021103 0.34802179
82.08208208 0.35070937 0.34205418
83.08308308 0.33933477 0.33417459
84.08408408 0.32334478 0.32714167
85.08508509 0.31012975 0.31669613
86.08608609 0.29753378 0.30446265
87.08708709 0.28539904 0.29027146
88.08808809 0.27764174 0.29469787
89.08908909 0.27112601 0.29110916
90.09009009 0.26257972 0.28543321
91.09109109 0.25439301 0.28122391
92.09209209 0.24645989 0.27810661
93.09309309 0.23548336 0.26435087
94.09409409 0.22439777 0.25364792
95.09509510 0.21699256 0.24735624
96.09609610 0.20897876 0.24578623
97.09709710 0.20254667 0.24431901
98.09809810 0.20151832 0.24327038
99.09909910 0.19340024 0.23345028
100.10010010 0.19032364 0.23098712
101.10110110 0.18229979 0.22179432
102.10210210 0.17921159 0.22148200
103.10310310 0.17208917 0.21528703
104.10410410 0.16953621 0.22991045
105.10510511 0.16210985 0.22613401
106.10610611 0.15714398 0.22305107
107.10710711 0.15020386 0.21386876
108.10810811 0.14938403 0.21479378
109.10910911 0.14231642 0.20854036
110.11011011 0.13685787 0.20135889
111.11111111 0.13534920 0.19764816
112.11211211 0.12992570 0.18853645
113.11311311 0.12484526 0.18140142
114.11411411 0.12003777 0.17502966
115.11511512 0.11583613 0.16953081
116.11611612 0.11670510 0.17386692
117.11711712 0.11349727 0.17050562
118.11811812 0.10824565 0.16424450
119.11911912 0.10589072 0.16206384
120.12012012 0.10186877 0.15523245
121.12112112 0.10041766 0.15748529
122.12212212 0.09766281 0.15273332
123.12312312 0.09401487 0.14830981
124.12412412 0.09329356 0.15812128
125.12512513 0.09580653 0.16412299
126.12612613 0.09804341 0.17511617
127.12712713 0.09971301 0.18373551
128.12812813 0.09756280 0.17991505
129.12912913 0.09369596 0.17426899
130.13013013 0.08900303 0.16381909
131.13113113 0.08732997 0.16278187
132.13213213 0.08300761 0.15475969
133.13313313 0.08663591 0.16417521
134.13413413 0.08577723 0.16644866
135.13513514 0.08516663 0.16786065
136.13613614 0.08846423 0.17479363
137.13713714 0.08704699 0.17066607
138.13813814 0.08118730 0.15554683
139.13913914 0.08133069 0.15588536
140.14014014 0.08094526 0.15811199
141.14114114 0.07844628 0.15504393
142.14214214 0.07515415 0.14933936
143.14314314 0.07390568 0.14860469
144.14414414 0.07692327 0.15750170
145.14514515 0.08296304 0.17416760
146.14614615 0.08036648 0.17124531
147.14714715 0.07773852 0.16777129
148.14814815 0.07449048 0.16271656
149.14914915 0.07849134 0.17689939
150.15015015 0.08038378 0.17915336
151.15115115 0.07626577 0.16862628
152.15215215 0.07587907 0.16815809
153.15315315 0.07359568 0.16459146
154.15415415 0.07269020 0.16487015
155.15515516 0.07503391 0.16837957
156.15615616 0.07470856 0.16803023
157.15715716 0.07170986 0.16141514
158.15815816 0.06844215 0.14857090
159.15915916 0.07219221 0.15680871
160.16016016 0.06887329 0.15082796
161.16116116 0.06888228 0.14892240
162.16216216 0.06840477 0.15152218
163.16316316 0.06985316 0.15410074
164.16416416 0.06742154 0.14951614
165.16516517 0.07196422 0.16311625
166.16616617 0.07588307 0.17161129
167.16716717 0.07348740 0.16681246
168.16816817 0.07448560 0.16950197
169.16916917 0.07129934 0.16452984
170.17017017 0.06656128 0.15416862
171.17117117 0.06404633 0.14919972
172.17217217 0.06304921 0.14784167
173.17317317 0.06203986 0.14838482
174.17417417 0.06466796 0.15237146
175.17517518 0.06692197 0.15876766
176.17617618 0.06293739 0.15067397
177.17717718 0.06318592 0.15330366
178.17817818 0.06325153 0.15780053
179.17917918 0.06939059 0.17529471
180.18018018 0.06879594 0.17509325
181.18118118 0.06761955 0.17239652
182.18218218 0.06672050 0.16840608
183.18318318 0.06601843 0.16855233
184.18418418 0.06977713 0.17829801
185.18518519 0.06588535 0.17121565
186.18618619 0.06522640 0.16892409
187.18718719 0.06623710 0.17171441
188.18818819 0.06541189 0.17146854
189.18918919 0.05825450 0.15043503
190.19019019 0.05763254 0.14846651
191.19119119 0.05602214 0.14577448
192.19219219 0.06186978 0.15991852
193.19319319 0.06281759 0.16432465
194.19419419 0.05925376 0.15442588
195.19519520 0.05923461 0.15468719
196.19619620 0.05791632 0.15472489
197.19719720 0.05728986 0.15450326
198.19819820 0.05670935 0.15389678
199.19919920 0.05912444 0.16570367
200.20020020 0.05541030 0.15644149
201.20120120 0.05726032 0.16213195
202.20220220 0.05782966 0.16506721
203.20320320 0.05904256 0.16892949
204.20420420 0.05918951 0.16879712
205.20520521 0.05615604 0.16194275
206.20620621 0.05639371 0.16158229
207.20720721 0.06143159 0.17360021
208.20820821 0.06266708 0.17875646
209.20920921 0.06249101 0.18020527
210.21021021 0.05914568 0.17189265
211.21121121 0.05954446 0.17204483
212.21221221 0.05862970 0.17061522
213.21321321 0.05819871 0.16909658
214.21421421 0.05844014 0.16923564
215.21521522 0.05611159 0.16198424
216.21621622 0.05886677 0.17024141
217.21721722 0.05843957 0.16860894
218.21821822 0.05585340 0.16127896
219.21921922 0.05270877 0.15493391
220.22022022 0.05236563 0.15494365
221.22122122 0.05233855 0.15526800
222.22222222 0.05203263 0.15372057
223.22322322 0.05402719 0.16041964
224.22422422 0.05422723 0.16130838
225.22522523 0.05688414 0.16683652
226.22622623 0.05420382 0.15980636
227.22722723 0.05273551 0.15320448
228.22822823 0.06181716 0.17438858
229.22922923 0.06047879 0.16738050
230.23023023 0.05893689 0.16376138
231.23123123 0.05907765 0.16773335
232.23223223 0.06228847 0.17705740
233.23323323 0.06131529 0.17108011
234.23423423 0.06002701 0.16762797
235.23523524 0.05769996 0.16300050
236.23623624 0.06002729 0.16878738
237.23723724 0.05801514 0.16281549
238.23823824 0.05929654 0.16677904
239.23923924 0.05652567 0.15934187
240.24024024 0.05595047 0.15849288
241.24124124 0.05450016 0.15334002
242.24224224 0.05143008 0.14630121
243.24324324 0.05492300 0.15667612
244.24424424 0.05352905 0.15495867
245.24524525 0.05581899 0.15973317
246.24624625 0.05325657 0.15344128
247.24724725 0.05356176 0.15684550
248.24824825 0.05323455 0.15614984
249.24924925 0.05182704 0.15454848
250.25025025 0.05233467 0.15428091
251.25125125 0.04964252 0.14867708
252.25225225 0.05018918 0.14826883
253.25325325 0.04966177 0.14707304
254.25425425 0.04982416 0.14786206
255.25525526 0.04933673 0.14694524
256.25625626 0.04678970 0.13996603
257.25725726 0.04884874 0.15077789
258.25825826 0.05273859 0.16429794
259.25925926 0.05261906 0.17003282
260.26026026 0.05423537 0.17458446
261.26126126 0.05692933 0.18064844
262.26226226 0.05776551 0.18170449
263.26326326 0.05621287 0.17760963
264.26426426 0.05672897 0.17810876
265.26526527 0.05857740 0.18334247
266.26626627 0.05820549 0.17825830
267.26726727 0.05871067 0.17986048
268.26826827 0.05791717 0.17310147
269.26926927 0.05768269 0.17213407
270.27027027 0.05440518 0.16509506
271.27127127 0.05339709 0.16129886
272.27227227 0.05812446 0.17423951
273.27327327 0.05625382 0.16828940
274.27427427 0.05579655 0.16633357
275.27527528 0.05908338 0.17480168
276.27627628 0.06097479 0.17922614
277.27727728 0.06139994 0.17763248
278.27827828 0.05633268 0.16558003
279.27927928 0.05644085 0.16851553
280.28028028 0.06374615 0.18994374
281.28128128 0.06638675 0.19094494
282.28228228 0.06628723 0.18938199
283.28328328 0.06520251 0.18742099
284.28428428 0.06711163 0.19041501
285.28528529 0.06761882 0.19289297
286.28628629 0.06949102 0.19808676
287.28728729 0.07189829 0.20215500
288.28828829 0.06992938 0.19896531
289.28928929 0.06880694 0.19633137
290.29029029 0.06869914 0.19606454
291.29129129 0.07011668 0.19980919
292.29229229 0.07255342 0.20650198
293.29329329 0.07364107 0.20752019
294.29429429 0.07177855 0.20222975
295.29529530 0.06984010 0.19883155
296.29629630 0.07066857 0.20029330
297.29729730 0.07005350 0.19670207
298.29829830 0.07654816 0.21136452
299.29929930 0.07497697 0.20908833
300.30030030 0.06940683 0.19787880
301.30130130 0.07217012 0.20431844
302.30230230 0.07086333 0.19986163
303.30330330 0.07199038 0.20288459
304.30430430 0.07252854 0.20514770
305.30530531 0.07329548 0.20832316
306.30630631 0.07029274 0.20060937
307.30730731 0.06750431 0.19109867
308.30830831 0.06997631 0.19819291
309.30930931 0.07250097 0.20251740
310.31031031 0.07152090 0.19850668
311.31131131 0.07314311 0.20195789
312.31231231 0.07332853 0.20149212
313.31331331 0.08065915 0.21605010
314.31431431 0.07755481 0.20895097
315.31531532 0.07929546 0.21220822
316.31631632 0.08033725 0.21404686
317.31731732 0.08150781 0.21347901
318.31831832 0.08083970 0.21263214
319.31931932 0.07853305 0.20580107
320.32032032 0.08216832 0.21325036
321.32132132 0.08350400 0.21460645
322.32232232 0.08044384 0.20805295
323.32332332 0.07736843 0.20564081
324.32432432 0.07816309 0.20410968
325.32532533 0.08170895 0.21239723
326.32632633 0.07495762 0.20087691
327.32732733 0.07631941 0.20331243
328.32832833 0.07858487 0.20974372
329.32932933 0.07875492 0.21146579
330.33033033 0.08130758 0.21414469
331.33133133 0.07839711 0.20599406
332.33233233 0.07619804 0.20319180
333.33333333 0.07828129 0.20772180
334.33433433 0.08119803 0.21427008
335.33533534 0.07897120 0.20872986
336.33633634 0.07985312 0.21443110
337.33733734 0.07674091 0.20859834
338.33833834 0.07909605 0.21403229
339.33933934 0.07687330 0.20866924
340.34034034 0.08078556 0.21359423
341.34134134 0.08120539 0.21573361
342.34234234 0.08184012 0.21420109
343.34334334 0.08434570 0.21756074
344.34434434 0.08318449 0.21509403
345.34534535 0.08254869 0.21233642
346.34634635 0.08363437 0.21483658
347.34734735 0.08490818 0.21549547
348.34834835 0.08027965 0.20529897
349.34934935 0.08187998 0.20893416
350.35035035 0.07968151 0.20592465
351.35135135 0.07525229 0.19682701
352.35235235 0.07780997 0.20130085
353.35335335 0.07326893 0.19101330
354.35435435 0.07361987 0.19457889
355.35535536 0.07678159 0.20141487
356.35635636 0.07548120 0.20343054
357.35735736 0.07521388 0.20416155
358.35835836 0.06894420 0.18942736
359.35935936 0.07119345 0.19387785
360.36036036 0.07405555 0.19880008
361.36136136 0.07356137 0.19832473
362.36236236 0.07034458 0.18843960
363.36336336 0.07569102 0.19958460
364.36436436 0.07641280 0.20232894
365.36536537 0.07633406 0.20351537
366.36636637 0.07609602 0.20288930
367.36736737 0.07255916 0.19456413
368.36836837 0.06987656 0.18629825
369.36936937 0.06870811 0.18362102
370.37037037 0.07353297 0.19531048
371.37137137 0.07145321 0.19175232
372.37237237 0.07326974 0.19681625
373.37337337 0.07026032 0.19011346
374.37437437 0.06856153 0.18567858
375.37537538 0.07218720 0.19523397
376.37637638 0.07607744 0.20345912
377.37737738 0.07208475 0.19580897
378.37837838 0.07216234 0.19702650
379.37937938 0.07168723 0.19789615
380.38038038 0.06808611 0.18803841
381.38138138 0.06826167 0.18804370
382.38238238 0.07285608 0.19977866
383.38338338 0.07203453 0.20018627
384.38438438 0.06989187 0.19555391
385.38538539 0.07142180 0.19762730
386.38638639 0.07466362 0.20331097
387.38738739 0.07148844 0.19706968
388.38838839 0.07332058 0.19795173
389.38938939 0.07641298 0.20605552
390.39039039 0.07953682 0.21439064
391.39139139 0.07874219 0.21277788
392.39239239 0.08031699 0.21485092
393.39339339 0.08229825 0.21838951
394.39439439 0.08555580 0.22612660
395.39539540 0.08216517 0.21794870
396.39639640 0.08167883 0.21730181
397.39739740 0.08161377 0.21956662
398.39839840 0.07798497 0.21221403
399.39939940 0.08018032 0.21585819
400.40040040 0.07753036 0.21051305
401.40140140 0.07820855 0.20911288
402.40240240 0.08782656 0.22623544
403.40340340 0.08658269 0.22474853
404.40440440 0.08460843 0.21814486
405.40540541 0.07987785 0.20970848
406.40640641 0.07994936 0.21411508
407.40740741 0.07775655 0.21148107
408.40840841 0.07933695 0.21272184
409.40940941 0.07893691 0.21092141
410.41041041 0.08067371 0.21540116
411.41141141 0.07976102 0.21455798
412.41241241 0.07824100 0.21166713
413.41341341 0.07656030 0.20862700
414.41441441 0.07368502 0.20084298
415.41541542 0.07217889 0.19786784
416.41641642 0.07284315 0.19786644
417.41741742 0.07989520 0.21319140
418.41841842 0.08193731 0.21878606
419.41941942 0.08246741 0.22123705
420.42042042 0.08412320 0.22439611
421.42142142 0.08425081 0.22537123
422.42242242 0.08079997 0.21843599
423.42342342 0.07831731 0.20995796
424.42442442 0.08093924 0.21154676
425.42542543 0.08327326 0.21580392
426.42642643 0.07871366 0.20505895
427.42742743 0.07312440 0.19176963
428.42842843 0.07627288 0.20143012
429.42942943 0.07665672 0.20240672
430.43043043 0.07341231 0.19652131
431.43143143 0.07327869 0.19759858
432.43243243 0.07340502 0.20036987
433.43343343 0.07331120 0.19894410
434.43443443 0.07043467 0.19200805
435.43543544 0.06767652 0.18444522
436.43643644 0.06531449 0.17852610
437.43743744 0.07101096 0.19152235
438.43843844 0.07296572 0.19590368
439.43943944 0.07143926 0.19263302
440.44044044 0.06926612 0.18895644
441.44144144 0.07136168 0.19232304
442.44244244 0.07145027 0.19180842
443.44344344 0.07270040 0.19480638
444.44444444 0.07720463 0.20496520
445.44544545 0.07407034 0.19587484
446.44644645 0.07273998 0.19342163
447.44744745 0.06642503 0.17727864
448.44844845 0.06522944 0.17601860
449.44944945 0.06563982 0.17814297
450.45045045 0.06635759 0.18023631
451.45145145 0.06695476 0.18030217
452.45245245 0.06613328 0.17892323
453.45345345 0.06510882 0.17598398
454.45445445 0.06205877 0.16890877
455.45545546 0.05760544 0.15401449
456.45645646 0.05962250 0.16185105
457.45745746 0.05779318 0.15684303
458.45845846 0.05439441 0.14870835
459.45945946 0.05370538 0.14931844
460.46046046 0.05412943 0.15359225
461.46146146 0.05855915 0.18458959
462.46246246 0.05801561 0.18528722
463.46346346 0.05901846 0.18474681
464.46446446 0.05563769 0.17613479
465.46546547 0.05892916 0.18324161
466.46646647 0.05996122 0.17885526
467.46746747 0.06120902 0.17840400
468.46846847 0.06010318 0.17538552
469.46946947 0.06190900 0.18092260
470.47047047 0.06071099 0.17882748
471.47147147 0.06283278 0.18369734
472.47247247 0.05870427 0.17299063
473.47347347 0.05712801 0.17242950
474.47447447 0.05534912 0.16402062
475.47547548 0.05771214 0.17151427
476.47647648 0.05721463 0.16922272
477.47747748 0.06122151 0.17719940
478.47847848 0.05925088 0.17584448
479.47947948 0.05943546 0.17590664
480.48048048 0.06268886 0.18438937
481.48148148 0.05989543 0.17783335
482.48248248 0.06007864 0.18084425
483.48348348 0.05682417 0.17250931
484.48448448 0.06175716 0.18530346
485.48548549 0.06203065 0.18531561
486.48648649 0.06276183 0.18769486
487.48748749 0.06495751 0.19298102
488.48848849 0.06377563 0.19011866
489.48948949 0.05837856 0.17571935
490.49049049 0.05816363 0.17376482
491.49149149 0.06058017 0.18094062
492.49249249 0.05980525 0.17977551
493.49349349 0.06096128 0.18338641
494.49449449 0.06234311 0.18646611
495.49549550 0.06193063 0.18458621
496.49649650 0.05891635 0.17448449
497.49749750 0.06113681 0.18004830
498.49849850 0.05550573 0.16346525
499.49949950 0.05366568 0.15624481
500.50050050 0.05485653 0.16005264
501.50150150 0.05826511 0.16842379
502.50250250 0.06050366 0.17321293
503.50350350 0.05962620 0.16871522
504.50450450 0.05808855 0.16595253
505.50550551 0.05929745 0.16801054
506.50650651 0.05959033 0.16810533
507.50750751 0.06258715 0.17715947
508.50850851 0.06452875 0.18343454
509.50950951 0.05917529 0.17174378
510.51051051 0.06216085 0.18320828
511.51151151 0.05963294 0.17815099
512.51251251 0.06014785 0.17931161
513.51351351 0.05954601 0.17444420
514.51451451 0.06180263 0.18135522
515.51551552 0.05750850 0.16780477
516.51651652 0.06254739 0.17961375
517.51751752 0.06283134 0.18001676
518.51851852 0.05869955 0.17088333
519.51951952 0.06102379 0.17798374
520.52052052 0.06784120 0.19704403
521.52152152 0.06873670 0.19643279
522.52252252 0.06621316 0.18732797
523.52352352 0.06789389 0.19232428
524.52452452 0.06537133 0.18559149
525.52552553 0.07129407 0.19883155
526.52652653 0.07058125 0.19754008
527.52752753 0.07062775 0.19629948
528.52852853 0.07372636 0.20586489
529.52952953 0.07149465 0.20485010
530.53053053 0.07072896 0.20322754
531.53153153 0.07221632 0.20597575
532.53253253 0.07278675 0.20575868
533.53353353 0.07180382 0.20234600
534.53453453 0.06928251 0.19434157
535.53553554 0.06716321 0.19000515
536.53653654 0.06828248 0.19434140
537.53753754 0.07740084 0.21272716
538.53853854 0.07322033 0.20267110
539.53953954 0.07267702 0.20245462
540.54054054 0.06965952 0.19652095
541.54154154 0.06689888 0.19014881
542.54254254 0.06695721 0.18929598
543.54354354 0.06659281 0.18812809
544.54454454 0.06267437 0.17675053
545.54554555 0.05845777 0.16750681
546.54654655 0.05806923 0.16881937
547.54754755 0.05915799 0.16965866
548.54854855 0.06117471 0.17444527
549.54954955 0.06051344 0.17513642
550.55055055 0.06004388 0.17382608
551.55155155 0.05843540 0.16687511
552.55255255 0.05755202 0.16433908
553.55355355 0.05779859 0.16594807
554.55455455 0.06010516 0.17336165
555.55555556 0.05919523 0.17258124
556.55655656 0.06238796 0.18058879
557.55755756 0.06636983 0.19253314
558.55855856 0.07130864 0.20542536
559.55955956 0.07283408 0.20780748
560.56056056 0.07171877 0.20418313
561.56156156 0.07218719 0.20273539
562.56256256 0.07404613 0.20649208
563.56356356 0.07345298 0.20557544
564.56456456 0.07650204 0.21261750
565.56556557 0.07488995 0.21052944
566.56656657 0.07383040 0.20885452
567.56756757 0.07206779 0.20297634
568.56856857 0.06900158 0.19874929
569.56956957 0.07154486 0.20491831
570.57057057 0.06989386 0.20114496
571.57157157 0.06701570 0.19433442
572.57257257 0.06621511 0.19268485
573.57357357 0.06876690 0.19748578
574.57457457 0.06984277 0.19760122
575.57557558 0.06968219 0.19942035
576.57657658 0.07305000 0.20773179
577.57757758 0.07192213 0.20157213
578.57857858 0.07088198 0.20195305
579.57957958 0.07079234 0.20021436
580.58058058 0.07197545 0.20126776
581.58158158 0.06901590 0.19374175
582.58258258 0.07011876 0.19829070
583.58358358 0.07494974 0.21113991
584.58458458 0.07141006 0.20559953
585.58558559 0.06812422 0.20067522
586.58658659 0.06794938 0.20082563
587.58758759 0.06974254 0.20464859
588.58858859 0.06549730 0.19489835
589.58958959 0.06919352 0.20147292
590.59059059 0.06697976 0.19776109
591.59159159 0.06498894 0.19215065
592.59259259 0.06548166 0.19161023
593.59359359 0.06170296 0.18199948
594.59459459 0.06395351 0.18854667
595.59559560 0.06506884 0.19094559
596.59659660 0.06483537 0.18965779
597.59759760 0.06046563 0.17915996
598.59859860 0.05712726 0.17168470
599.59959960 0.05588516 0.16683052
600.60060060 0.05842406 0.17580160
601.60160160 0.05886838 0.17821533
602.60260260 0.06107010 0.18532927
603.60360360 0.06137919 0.18728335
604.60460460 0.06034681 0.18580769
605.60560561 0.06473699 0.19666737
606.60660661 0.06208932 0.18983291
607.60760761 0.06002720 0.18259131
608.60860861 0.06253697 0.18870685
609.60960961 0.06295066 0.19371233
610.61061061 0.06354263 0.19705768
611.61161161 0.06256776 0.19493776
612.61261261 0.06069521 0.19066795
613.61361361 0.06247251 0.19346884
614.61461461 0.06624151 0.20286038
615.61561562 0.06689601 0.20561370
616.61661662 0.06731355 0.20666354
617.61761762 0.06971873 0.21189739
618.61861862 0.06692363 0.20340984
619.61961962 0.06563123 0.20231139
620.62062062 0.06664695 0.20259996
621.62162162 0.06910000 0.20622811
622.62262262 0.06485740 0.19521794
623.62362362 0.06563800 0.19581453
624.62462462 0.06388084 0.19034984
625.62562563 0.05933144 0.17816263
626.62662663 0.05931449 0.17700534
627.62762763 0.05872743 0.17542740
628.62862863 0.05908917 0.17479796
629.62962963 0.05891689 0.17498546
630.63063063 0.06137100 0.18363405
631.63163163 0.06107590 0.18480179
632.63263263 0.06209821 0.18873497
633.63363363 0.06206449 0.18447972
634.63463463 0.06598574 0.19162258
635.63563564 0.06549786 0.19111126
636.63663664 0.06718813 0.19635504
637.63763764 0.07160537 0.20517290
638.63863864 0.06976595 0.20164282
639.63963964 0.06971394 0.20010803
640.64064064 0.06940699 0.20076122
641.64164164 0.07026755 0.20765515
642.64264264 0.06729129 0.20235222
643.64364364 0.06610522 0.20165699
644.64464464 0.06026134 0.18717049
645.64564565 0.05903242 0.18439912
646.64664665 0.06294329 0.19352483
647.64764765 0.06188715 0.18903414
648.64864865 0.06299502 0.19312874
649.64964965 0.06355542 0.19457602
650.65065065 0.06217580 0.18809505
651.65165165 0.05917101 0.18055853
652.65265265 0.06170362 0.18740526
653.65365365 0.05973530 0.18441673
654.65465465 0.05952872 0.18313149
655.65565566 0.05733598 0.17953775
656.65665666 0.05879315 0.17972800
657.65765766 0.05650720 0.17355815
658.65865866 0.05681713 0.17815537
659.65965966 0.05981426 0.18698798
660.66066066 0.06547648 0.20038013
661.66166166 0.07171453 0.21325134
662.66266266 0.06847089 0.20668625
663.66366366 0.07127887 0.21225668
664.66466466 0.06793772 0.20570038
665.66566567 0.06663811 0.20218855
666.66666667 0.06956307 0.20759562
667.66766767 0.06631563 0.19725344
668.66866867 0.06491487 0.19517502
669.66966967 0.06000748 0.18019208
670.67067067 0.06036906 0.18125292
671.67167167 0.06107639 0.18094118
672.67267267 0.06264518 0.18380408
673.67367367 0.05811349 0.17081255
674.67467467 0.05842464 0.17164826
675.67567568 0.05572354 0.16599647
676.67667668 0.05642240 0.16892223
677.67767768 0.06354564 0.18498806
678.67867868 0.06330028 0.18401505
679.67967968 0.06226619 0.18244087
680.68068068 0.06408850 0.18755730
681.68168168 0.06538349 0.18873711
682.68268268 0.06555958 0.18793682
683.68368368 0.06426406 0.18530739
684.68468468 0.06633054 0.18626832
685.68568569 0.06535625 0.19048064
686.68668669 0.06580062 0.19103188
687.68768769 0.06345989 0.18364465
688.68868869 0.06514280 0.18863793
689.68968969 0.06851768 0.19791578
690.69069069 0.06856802 0.19730318
691.69169169 0.07107394 0.20449747
692.69269269 0.07546264 0.21245966
693.69369369 0.07367420 0.20905118
694.69469469 0.07978552 0.21889004
695.69569570 0.07988428 0.21981339
696.69669670 0.07894670 0.21680179
697.69769770 0.08052908 0.21945709
698.69869870 0.08099416 0.22074645
699.69969970 0.07847551 0.21598053
700.70070070 0.07879229 0.21349185
701.70170170 0.07891045 0.21339758
702.70270270 0.07325659 0.20035116
703.70370370 0.06784463 0.18752252
704.70470470 0.06761465 0.18739425
705.70570571 0.06625288 0.18462633
706.70670671 0.06756864 0.18522489
707.70770771 0.07390830 0.19975350
708.70870871 0.07436643 0.19725548
709.70970971 0.07542109 0.20102916
710.71071071 0.07537471 0.20239601
711.71171171 0.07542592 0.20070365
712.71271271 0.07260065 0.19484587
713.71371371 0.07027258 0.18723505
714.71471471 0.07189559 0.19407879
715.71571572 0.06766654 0.18432789
716.71671672 0.07123941 0.19042569
717.71771772 0.07407792 0.19631861
718.71871872 0.07358153 0.20009000
719.71971972 0.07384460 0.20202050
720.72072072 0.07105638 0.19199969
721.72172172 0.07479270 0.20152235
722.72272272 0.07247148 0.19490608
723.72372372 0.06822164 0.18574817
724.72472472 0.07599403 0.20443666
725.72572573 0.07464467 0.20014595
726.72672673 0.07302930 0.19862566
727.72772773 0.07726612 0.20706609
728.72872873 0.07735330 0.20836479
729.72972973 0.07669520 0.20650787
730.73073073 0.08504667 0.22308796
731.73173173 0.08506860 0.22105089
732.73273273 0.08633481 0.22339522
733.73373373 0.08421202 0.21916920
734.73473473 0.08838528 0.23069135
735.73573574 0.08814072 0.22944531
736.73673674 0.08402366 0.22305137
737.73773774 0.08344460 0.22440938
738.73873874 0.08069418 0.21897719
739.73973974 0.07656825 0.21172627
740.74074074 0.07883602 0.21758731
741.74174174 0.08261841 0.22385086
742.74274274 0.09152058 0.24331973
743.74374374 0.09115783 0.24365487
744.74474474 0.08773119 0.23746050
745.74574575 0.08517987 0.23245092
746.74674675 0.08529762 0.23212080
747.74774775 0.09243797 0.24346935
748.74874875 0.09490765 0.24631199
749.74974975 0.09125851 0.23923414
750.75075075 0.08691373 0.22879873
751.75175175 0.08586452 0.22527794
752.75275275 0.08427273 0.22306957
753.75375375 0.08602875 0.22668032
754.75475475 0.08575413 0.22654840
755.75575576 0.07868824 0.21119869
756.75675676 0.07746241 0.21021012
757.75775776 0.07897748 0.21344079
758.75875876 0.07669385 0.20449271
759.75975976 0.07142372 0.19277679
760.76076076 0.07122911 0.19232656
761.76176176 0.07094533 0.19404831
762.76276276 0.06822065 0.18883466
763.76376376 0.06616901 0.18360128
764.76476476 0.06411715 0.18005179
765.76576577 0.06268658 0.17897464
766.76676677 0.06200093 0.17772902
767.76776777 0.06499172 0.18674138
768.76876877 0.06384929 0.18343048
769.76976977 0.06032649 0.17417683
770.77077077 0.05919367 0.17155725
771.77177177 0.05794957 0.17049519
772.77277277 0.05794086 0.17236627
773.77377377 0.05968847 0.17513953
774.77477477 0.06260237 0.19086155
775.77577578 0.06498516 0.19353264
776.77677678 0.06359491 0.18829359
777.77777778 0.06174882 0.18162302
778.77877878 0.06117220 0.18014151
779.77977978 0.05882091 0.17457242
780.78078078 0.06234316 0.18392257
781.78178178 0.05873450 0.17570384
782.78278278 0.06356412 0.18839930
783.78378378 0.06334302 0.19066341
784.78478478 0.05989990 0.18154042
785.78578579 0.05991937 0.18509191
786.78678679 0.06119247 0.18878825
787.78778779 0.05984798 0.18681595
788.78878879 0.05842677 0.18133115
789.78978979 0.05913275 0.17950727
790.79079079 0.05845427 0.17757529
791.79179179 0.05903464 0.18644089
792.79279279 0.06176804 0.19159902
793.79379379 0.06188140 0.19014773
794.79479479 0.06266808 0.19409996
795.79579580 0.06125120 0.18994069
796.79679680 0.06176498 0.18756211
797.79779780 0.06232579 0.19626506
798.79879880 0.06068292 0.19224226
799.79979980 0.06014859 0.18976526
800.80080080 0.06484724 0.20073670
801.80180180 0.06771905 0.20688235
802.80280280 0.06834544 0.21024705
803.80380380 0.06885588 0.21219169
804.80480480 0.07039585 0.21410224
805.80580581 0.07032138 0.20929842
806.80680681 0.06880116 0.20395294
807.80780781 0.06939513 0.20458472
808.80880881 0.07177205 0.20683004
809.80980981 0.07258641 0.20699254
810.81081081 0.07028765 0.19926525
811.81181181 0.07184160 0.20352938
812.81281281 0.07364330 0.20924616
813.81381381 0.07436846 0.21503973
814.81481481 0.07443890 0.21298441
815.81581582 0.07189817 0.20752217
816.81681682 0.07035486 0.20212194
817.81781782 0.07003580 0.20258397
818.81881882 0.07160234 0.20512748
819.81981982 0.07429315 0.20947088
820.82082082 0.07321092 0.20489893
821.82182182 0.07639088 0.21240525
822.82282282 0.07409291 0.20868369
823.82382382 0.07442038 0.20992729
824.82482482 0.07805517 0.21869437
825.82582583 0.07710689 0.21726404
826.82682683 0.07901627 0.21980615
827.82782783 0.07427132 0.21037850
828.82882883 0.07004536 0.19721158
829.82982983 0.07535513 0.21011268
830.83083083 0.07455148 0.21108863
831.83183183 0.07332570 0.20678358
832.83283283 0.06976765 0.19888992
833.83383383 0.06974670 0.19677550
834.83483483 0.06778296 0.19275305
835.83583584 0.07006649 0.19644552
836.83683684 0.07089241 0.20117320
837.83783784 0.06816161 0.19397071
838.83883884 0.06832378 0.19496009
839.83983984 0.06888494 0.19934360
840.84084084 0.06526087 0.19197885
841.84184184 0.06487392 0.19189469
842.84284284 0.06239563 0.18586535
843.84384384 0.06242396 0.18552956
844.84484484 0.06081108 0.18248841
845.84584585 0.06134519 0.18416927
846.84684685 0.05998569 0.18113720
847.84784785 0.05594042 0.16875602
848.84884885 0.05872140 0.17801190
849.84984985 0.05858648 0.17745297
850.85085085 0.05508019 0.16892809
851.85185185 0.05462600 0.17026146
852.85285285 0.05374228 0.16810040
853.85385385 0.06650059 0.20635139
854.85485485 0.06297660 0.19731119
855.85585586 0.06063568 0.18787925
856.85685686 0.05977041 0.19284609
857.85785786 0.05995672 0.19326782
858.85885886 0.06201403 0.19878419
859.85985986 0.06252605 0.19609251
860.86086086 0.06221472 0.19507432
861.86186186 0.06274422 0.19227223
862.86286286 0.06453868 0.19663499
863.86386386 0.06867056 0.20311046
864.86486486 0.06898218 0.20234101
865.86586587 0.07131044 0.20561041
866.86686687 0.06978327 0.20007885
867.86786787 0.06856433 0.19617933
868.86886887 0.07148854 0.20080112
869.86986987 0.06922432 0.19264088
870.87087087 0.06862417 0.19143451
871.87187187 0.07099133 0.19430525
872.87287287 0.07415817 0.19893727
873.87387387 0.07678965 0.20306054
874.87487487 0.07422412 0.19748855
875.87587588 0.07833775 0.20499091
876.87687688 0.07725876 0.20432805
877.87787788 0.07823321 0.20740014
878.87887888 0.07949936 0.21008996
879.87987988 0.08000562 0.21031733
880.88088088 0.08019573 0.21659262
881.88188188 0.08066107 0.21564228
882.88288288 0.07861561 0.21008177
883.88388388 0.08090221 0.21496188
884.88488488 0.08214485 0.21698887
885.88588589 0.08237318 0.21617356
886.88688689 0.08780470 0.22510748
887.88788789 0.08447989 0.21822902
888.88888889 0.08470639 0.21696590
889.88988989 0.08424776 0.21584741
890.89089089 0.08011041 0.20824477
891.89189189 0.08028573 0.20799587
892.89289289 0.07869755 0.20418487
893.89389389 0.08415579 0.21434999
894.89489489 0.08405703 0.21348105
895.89589590 0.08336831 0.21306083
896.89689690 0.08050222 0.20909902
897.89789790 0.07714705 0.20282971
898.89889890 0.07510770 0.19892999
899.89989990 0.07651085 0.20331423
900.90090090 0.07944970 0.21018353
901.90190190 0.08072793 0.21466247
902.90290290 0.08141370 0.21624335
903.90390390 0.08047683 0.21466585
904.90490490 0.08525499 0.22411950
905.90590591 0.08293254 0.21729690
906.90690691 0.08082383 0.21503307
907.90790791 0.08236216 0.21752993
908.90890891 0.08249680 0.21794463
909.90990991 0.08070009 0.21415012
910.91091091 0.08105844 0.21743770
911.91191191 0.07997873 0.21285838
912.91291291 0.07758577 0.20668241
913.91391391 0.07764142 0.20762564
914.91491491 0.07402640 0.19962971
915.91591592 0.07410617 0.19981637
916.91691692 0.07193260 0.19614830
917.91791792 0.06957884 0.19178621
918.91891892 0.06753945 0.18803994
919.91991992 0.06701030 0.18676850
920.92092092 0.06671505 0.18757602
921.92192192 0.06724623 0.19110567
922.92292292 0.07166821 0.20020228
923.92392392 0.06639659 0.18500125
924.92492492 0.06775913 0.19138270
925.92592593 0.07164233 0.19890074
926.92692693 0.06823612 0.19450026
927.92792793 0.06873102 0.19654031
928.92892893 0.07269520 0.20886606
929.92992993 0.07559956 0.21479948
930.93093093 0.07643252 0.21545267
931.93193193 0.07155004 0.20289029
932.93293293 0.07119087 0.20071391
933.93393393 0.06950388 0.19499649
934.93493493 0.07011737 0.20274836
935.93593594 0.07095478 0.20415143
936.93693694 0.07041537 0.20131532
937.93793794 0.06745369 0.19287976
938.93893894 0.06852510 0.19621831
939.93993994 0.06909792 0.19871562
940.94094094 0.06985603 0.19965573
941.94194194 0.07123548 0.19924318
942.94294294 0.06861483 0.19408487
943.94394394 0.06864362 0.19363277
944.94494494 0.06707015 0.19167443
945.94594595 0.07302388 0.20225410
946.94694695 0.07829321 0.21244883
947.94794795 0.08170375 0.22073269
948.94894895 0.08001012 0.21637396
949.94994995 0.07708778 0.20866662
950.95095095 0.07460982 0.20590438
951.95195195 0.07120629 0.20000220
952.95295295 0.06821370 0.19297212
953.95395395 0.07001247 0.19641984
954.95495495 0.07114279 0.20108025
955.95595596 0.06561619 0.18755207
956.95695696 0.06864850 0.19517776
957.95795796 0.06612906 0.18970292
958.95895896 0.06585559 0.18986055
959.95995996 0.06736825 0.19374392
960.96096096 0.06818298 0.19343352
961.96196196 0.07459753 0.20712346
962.96296296 0.07147257 0.19989684
963.96396396 0.07414221 0.20653518
964.96496496 0.07232076 0.20273866
965.96596597 0.07433185 0.20656249
966.96696697 0.07390711 0.20524341
967.96796797 0.07452794 0.20399475
968.96896897 0.07493112 0.20657689
969.96996997 0.07916141 0.21123735
970.97097097 0.07530607 0.20244183
971.97197197 0.07212050 0.19673451
972.97297297 0.07664570 0.20683605
973.97397397 0.07726418 0.20629050
974.97497497 0.07565550 0.20367493
975.97597598 0.07569711 0.20456157
976.97697698 0.07560974 0.20218282
977.97797798 0.07275269 0.19594078
978.97897898 0.07587079 0.20011215
979.97997998 0.07576325 0.20176506
980.98098098 0.07661546 0.20228954
981.98198198 0.07494448 0.19900409
982.98298298 0.07462695 0.19829396
983.98398398 0.07397320 0.19778865
984.98498498 0.07282425 0.19511967
985.98598599 0.07350533 0.19401766
986.98698699 0.07009535 0.18603797
987.98798799 0.07117545 0.18771227
988.98898899 0.07006956 0.18419596
989.98998999 0.06867583 0.18159054
990.99099099 0.06793575 0.18051870
991.99199199 0.07536346 0.19798095
992.99299299 0.07868836 0.20505460
993.99399399 0.07598981 0.20155946
994.99499499 0.07287745 0.19424282
995.99599600 0.07242784 0.19223050
996.99699700 0.07591054 0.19786195
997.99799800 0.07356142 0.19374202
998.99899900 0.07510405 0.19817004
1000.00000000 0.07681721 0.20271240
