0.00000000 5.00000000
1.00100100 4.98327999
2.00200200 4.92336484
3.00300300 4.85693496
4.00400400 4.77833474
5.00500501 4.68998315
6.00600601 4.60506424
7.00700701 4.52372679
8.00800801 4.44241650
9.00900901 4.36931935
10.01001001 4.30554668
11.01101101 4.24015703
12.01201201 4.15674618
13.01301301 4.08317348
14.01401401 4.02501618
15.01501502 3.94989184
16.01601602 3.87651488
17.01701702 3.79679006
18.01801802 3.72862082
19.01901902 3.64352655
20.02002002 3.56099087
21.02102102 3.48721001
22.02202202 3.42592465
23.02302302 3.36351925
24.02402402 3.30447656
25.02502503 3.25282326
26.02602603 3.18200674
27.02702703 3.11892864
28.02802803 3.06178947
29.02902903 3.01024330
30.03003003 2.95180742
31.03103103 2.88640676
32.03203203 2.81664299
33.03303303 2.75420694
34.03403403 2.69228438
35.03503504 2.64010769
36.03603604 2.58759862
37.03703704 2.53288201
38.03803804 2.48283084
39.03903904 2.42951064
40.04004004 2.38006890
41.04104104 2.33105848
42.04204204 2.28418991
43.04304304 2.24245304
44.04404404 2.19651425
45.04504505 2.15035828
46.04604605 2.10507708
47.04704705 2.05969537
48.04804805 2.00984523
49.04904905 1.97294891
50.05005005 1.92365326
51.05105105 1.88650036
52.05205205 1.83632484
53.05305305 1.79974365
54.05405405 1.76653818
55.05505506 1.72693832
56.05605606 1.68591149
57.05705706 1.64620107
58.05805806 1.61801274
59.05905906 1.59057148
60.06006006 1.56397218
61.06106106 1.53288124
62.06206206 1.50283008
63.06306306 1.47072669
64.06406406 1.43184520
65.06506507 1.40695723
66.06606607 1.38515804
67.06706707 1.34671011
68.06806807 1.32280377
69.06906907 1.28933652
70.07007007 1.26140796
71.07107107 1.23626661
72.07207207 1.21437266
73.07307307 1.19414164
74.07407407 1.17446393
75.07507508 1.15338271
76.07607608 1.12891660
77.07707708 1.10264036
78.07807808 1.08129752
79.07907908 1.06004815
80.08008008 1.03991314
81.08108108 1.01680202
82.08208208 0.99574119
83.08308308 0.97588050
84.08408408 0.95717609
85.08508509 0.92729876
86.08608609 0.90783598
87.08708709 0.89051951
88.08808809 0.86921759
89.08908909 0.85140752
90.09009009 0.83213253
91.09109109 0.80744195
92.09209209 0.79437716
93.09309309 0.77680067
94.09409409 0.76257924
95.09509510 0.74503588
96.09609610 0.72898021
97.09709710 0.71434206
98.09809810 0.70071592
99.09909910 0.68564679
100.10010010 0.67206525
101.10110110 0.65987918
102.10210210 0.64503719
103.10310310 0.63472787
104.10410410 0.61825942
105.10510511 0.60579880
106.10610611 0.59360625
107.10710711 0.57937127
108.10810811 0.56914191
109.10910911 0.55526103
110.11011011 0.54294631
111.11111111 0.53193470
112.11211211 0.52168300
113.11311311 0.51096821
114.11411411 0.49999517
115.11511512 0.48819153
116.11611612 0.47939023
117.11711712 0.46872137
118.11811812 0.45823055
119.11911912 0.44695761
120.12012012 0.43800571
121.12112112 0.42965346
122.12212212 0.41749772
123.12312312 0.41076431
124.12412412 0.40207831
125.12512513 0.39360782
126.12612613 0.38369627
127.12712713 0.37743556
128.12812813 0.36784544
129.12912913 0.35952157
130.13013013 0.35261801
131.13113113 0.34549756
132.13213213 0.33673560
133.13313313 0.33131241
134.13413413 0.32262136
135.13513514 0.31507264
136.13613614 0.30826984
137.13713714 0.30137083
138.13813814 0.29397218
139.13913914 0.28921361
140.14014014 0.28299303
141.14114114 0.27637879
142.14214214 0.27256830
143.14314314 0.26709557
144.14414414 0.26161417
145.14514515 0.25530681
146.14614615 0.24954591
147.14714715 0.24378276
148.14814815 0.23918377
149.14914915 0.23513534
150.15015015 0.22980065
151.15115115 0.22572383
152.15215215 0.21970120
153.15315315 0.21579098
154.15415415 0.20843386
155.15515516 0.20402110
156.15615616 0.20015192
157.15715716 0.19553886
158.15815816 0.19180684
159.15915916 0.18725870
160.16016016 0.18292233
161.16116116 0.17863372
162.16216216 0.17375156
163.16316316 0.16991839
164.16416416 0.16759821
165.16516517 0.16500299
166.16616617 0.16176018
167.16716717 0.15924050
168.16816817 0.15585813
169.16916917 0.15383667
170.17017017 0.15063679
171.17117117 0.14717860
172.17217217 0.14401267
173.17317317 0.14192130
174.17417417 0.13867116
175.17517518 0.13656555
176.17617618 0.13312607
177.17717718 0.13023177
178.17817818 0.12795056
179.17917918 0.12475080
180.18018018 0.12219088
181.18118118 0.11945984
182.18218218 0.11707962
183.18318318 0.11472665
184.18418418 0.11272438
185.18518519 0.10990577
186.18618619 0.10756372
187.18718719 0.10490270
188.18818819 0.10248411
189.18918919 0.09996433
190.19019019 0.09799423
191.19119119 0.09629421
192.19219219 0.09472862
193.19319319 0.09300232
194.19419419 0.09246727
195.19519520 0.09177869
196.19619620 0.08895145
197.19719720 0.08785480
198.19819820 0.08615466
199.19919920 0.08446620
200.20020020 0.08266766
201.20120120 0.08089989
202.20220220 0.07848232
203.20320320 0.07729806
204.20420420 0.07592230
205.20520521 0.07543565
206.20620621 0.07356907
207.20720721 0.07338583
208.20820821 0.07202869
209.20920921 0.07139520
210.21021021 0.07197478
211.21121121 0.07237260
212.21221221 0.07095888
213.21321321 0.06967246
214.21421421 0.06883617
215.21521522 0.06746293
216.21621622 0.06626285
217.21721722 0.06498827
218.21821822 0.06457436
219.21921922 0.06357322
220.22022022 0.06200591
221.22122122 0.06051343
222.22222222 0.05983620
223.22322322 0.05934686
224.22422422 0.05921221
225.22522523 0.05840008
226.22622623 0.05772024
227.22722723 0.05661153
228.22822823 0.05617551
229.22922923 0.05484551
230.23023023 0.05349921
231.23123123 0.05232760
232.23223223 0.05169763
233.23323323 0.05082248
234.23423423 0.05087350
235.23523524 0.04962163
236.23623624 0.04813979
237.23723724 0.04887188
238.23823824 0.04907322
239.23923924 0.04814235
240.24024024 0.04638467
241.24124124 0.04499559
242.24224224 0.04437556
243.24324324 0.04309875
244.24424424 0.04256868
245.24524525 0.04324410
246.24624625 0.04286582
247.24724725 0.04161674
248.24824825 0.04107569
249.24924925 0.04069945
250.25025025 0.03978450
251.25125125 0.04040963
252.25225225 0.03946571
253.25325325 0.03874091
254.25425425 0.03796744
255.25525526 0.03738313
256.25625626 0.03650814
257.25725726 0.03571661
258.25825826 0.03513892
259.25925926 0.03585934
260.26026026 0.03624782
261.26126126 0.03507231
262.26226226 0.03474532
263.26326326 0.03414654
264.26426426 0.03314818
265.26526527 0.03433745
266.26626627 0.03575892
267.26726727 0.03610045
268.26826827 0.03564519
269.26926927 0.03535695
270.27027027 0.03319444
271.27127127 0.03256729
272.27227227 0.03289358
273.27327327 0.03258850
274.27427427 0.03422688
275.27527528 0.03443029
276.27627628 0.03568945
277.27727728 0.03523741
278.27827828 0.03504255
279.27927928 0.03635459
280.28028028 0.03578774
281.28128128 0.03518528
282.28228228 0.03303275
283.28328328 0.03257915
284.28428428 0.03353612
285.28528529 0.03326670
286.28628629 0.03252837
287.28728729 0.03203224
288.28828829 0.03177105
289.28928929 0.03317898
290.29029029 0.03278631
291.29129129 0.03228077
292.29229229 0.03180737
293.29329329 0.03147756
294.29429429 0.03115964
295.29529530 0.03037884
296.29629630 0.03010627
297.29729730 0.03178842
298.29829830 0.03001340
299.29929930 0.02968179
300.30030030 0.03093091
301.30130130 0.03052421
302.30230230 0.03020890
303.30330330 0.02998855
304.30430430 0.03020396
305.30530531 0.02828294
306.30630631 0.02796753
307.30730731 0.02731802
308.30830831 0.02594212
309.30930931 0.02683088
310.31031031 0.02626427
311.31131131 0.02688058
312.31231231 0.02718098
313.31331331 0.02690784
314.31431431 0.02670703
315.31531532 0.02589323
316.31631632 0.02852248
317.31731732 0.03171410
318.31831832 0.02997858
319.31931932 0.03009945
320.32032032 0.02948145
321.32132132 0.02920088
322.32232232 0.02903051
323.32332332 0.02723671
324.32432432 0.02746720
325.32532533 0.02564442
326.32632633 0.02505593
327.32732733 0.02469254
328.32832833 0.02241605
329.32932933 0.02189710
330.33033033 0.02161274
331.33133133 0.02217313
332.33233233 0.02213060
333.33333333 0.02351588
334.33433433 0.02299930
335.33533534 0.02255576
336.33633634 0.02582811
337.33733734 0.02411556
338.33833834 0.02394404
339.33933934 0.02697073
340.34034034 0.02847326
341.34134134 0.02977527
342.34234234 0.02946905
343.34334334 0.03114051
344.34434434 0.03070740
345.34534535 0.03137166
346.34634635 0.03034368
347.34734735 0.03004233
348.34834835 0.02981355
349.34934935 0.02916933
350.35035035 0.02896899
351.35135135 0.02709972
352.35235235 0.02657105
353.35335335 0.02633630
354.35435435 0.02673254
355.35535536 0.02624095
356.35635636 0.02599069
357.35735736 0.02736284
358.35835836 0.02669839
359.35935936 0.02636004
360.36036036 0.02789572
361.36136136 0.02772923
362.36236236 0.02712919
363.36336336 0.02652437
364.36436436 0.02498979
365.36536537 0.02471953
366.36636637 0.02337282
367.36736737 0.02512050
368.36836837 0.02492462
369.36936937 0.02399107
370.37037037 0.02377032
371.37137137 0.02526525
372.37237237 0.02509539
373.37337337 0.02472327
374.37437437 0.02434136
375.37537538 0.02407481
376.37637638 0.02433705
377.37737738 0.02323439
378.37837838 0.02328239
379.37937938 0.02303988
380.38038038 0.02268763
381.38138138 0.02257786
382.38238238 0.02278820
383.38338338 0.02241980
384.38438438 0.02228021
385.38538539 0.02385384
386.38638639 0.02351735
387.38738739 0.02321312
388.38838839 0.02284354
389.38938939 0.02246348
390.39039039 0.02583212
391.39139139 0.02556185
392.39239239 0.02563487
393.39339339 0.02557938
394.39439439 0.02539111
395.39539540 0.02419858
396.39639640 0.02592063
397.39739740 0.02594822
398.39839840 0.02559637
399.39939940 0.02418563
400.40040040 0.02402056
401.40140140 0.02381184
402.40240240 0.02348074
403.40340340 0.02307393
404.40440440 0.02386567
405.40540541 0.02372060
406.40640641 0.02341417
407.40740741 0.02317055
408.40840841 0.02330928
409.40940941 0.02305226
410.41041041 0.02095386
411.41141141 0.01904262
412.41241241 0.01914780
413.41341341 0.02270941
414.41441441 0.02252234
415.41541542 0.02103932
416.41641642 0.02005876
417.41741742 0.02065272
418.41841842 0.02173284
419.41941942 0.02144894
420.42042042 0.02116279
421.42142142 0.02091281
422.42242242 0.02063841
423.42342342 0.02414980
424.42442442 0.02408948
425.42542543 0.02376706
426.42642643 0.02342808
427.42742743 0.02321504
428.42842843 0.02144478
429.42942943 0.02131956
430.43043043 0.02227049
431.43143143 0.02400697
432.43243243 0.02449230
433.43343343 0.02445515
434.43443443 0.02432951
435.43543544 0.02427948
436.43643644 0.02339194
437.43743744 0.02305480
438.43843844 0.02307558
439.43943944 0.02300880
440.44044044 0.02482140
441.44144144 0.02459437
442.44244244 0.02433375
443.44344344 0.02423228
444.44444444 0.02403346
445.44544545 0.02176491
446.44644645 0.02158352
447.44744745 0.02306933
448.44844845 0.02359370
449.44944945 0.02547200
450.45045045 0.02533307
451.45145145 0.02649494
452.45245245 0.02620581
453.45345345 0.02648503
454.45445445 0.02696875
455.45545546 0.02777528
456.45645646 0.02956700
457.45745746 0.02912482
458.45845846 0.02909055
459.45945946 0.03094997
460.46046046 0.03208971
461.46146146 0.03361239
462.46246246 0.03217032
463.46346346 0.03164582
464.46446446 0.03077214
465.46546547 0.03232001
466.46646647 0.02891402
467.46746747 0.02942894
468.46846847 0.02906590
469.46946947 0.02899670
470.47047047 0.02872788
471.47147147 0.02790693
472.47247247 0.02962036
473.47347347 0.02952865
474.47447447 0.02600410
475.47547548 0.02569519
476.47647648 0.02548987
477.47747748 0.02367754
478.47847848 0.02198013
479.47947948 0.02203263
480.48048048 0.02185426
481.48148148 0.02223899
482.48248248 0.02391593
483.48348348 0.02421653
484.48448448 0.02336908
485.48548549 0.02307156
486.48648649 0.02289414
487.48748749 0.02464590
488.48848849 0.02435570
489.48948949 0.02404381
490.49049049 0.02361832
491.49149149 0.02334781
492.49249249 0.02413523
493.49349349 0.02431193
494.49449449 0.02406298
495.49549550 0.02371751
496.49649650 0.02359529
497.49749750 0.02335519
498.49849850 0.02503634
499.49949950 0.02490651
500.50050050 0.02473891
501.50150150 0.02746625
502.50250250 0.02555233
503.50350350 0.02414543
504.50450450 0.02388904
505.50550551 0.02564972
506.50650651 0.02842162
507.50750751 0.02653633
508.50850851 0.02544660
509.50950951 0.02732348
510.51051051 0.02929318
511.51151151 0.02914268
512.51251251 0.02892959
513.51351351 0.03045060
514.51451451 0.03021130
515.51551552 0.03013275
516.51651652 0.03000015
517.51751752 0.02974343
518.51851852 0.02940066
519.51951952 0.02823042
520.52052052 0.02797368
521.52152152 0.02750804
522.52252252 0.02571754
523.52352352 0.02561813
524.52452452 0.02526130
525.52552553 0.02689397
526.52652653 0.02845915
527.52752753 0.02667858
528.52852853 0.02633615
529.52952953 0.02796515
530.53053053 0.02944736
531.53153153 0.02912523
532.53253253 0.03077409
533.53353353 0.03267581
534.53453453 0.04067367
535.53553554 0.03883628
536.53653654 0.03859855
537.53753754 0.03995838
538.53853854 0.03772449
539.53953954 0.03753307
540.54054054 0.03763514
541.54154154 0.03730528
542.54254254 0.03781632
543.54354354 0.03698358
544.54454454 0.03510739
545.54554555 0.03480510
546.54654655 0.03451904
547.54754755 0.03425095
548.54854855 0.03402432
549.54954955 0.03213227
550.55055055 0.03184004
551.55155155 0.03227064
552.55255255 0.03303297
553.55355355 0.03335423
554.55455455 0.03495297
555.55555556 0.03399936
556.55655656 0.03382597
557.55755756 0.03349577
558.55855856 0.03313000
559.55955956 0.03268271
560.56056056 0.03066735
561.56156156 0.03301887
562.56256256 0.03282336
563.56356356 0.03466911
564.56456456 0.03430084
565.56556557 0.03575236
566.56656657 0.03544252
567.56756757 0.03510671
568.56856857 0.03341428
569.56956957 0.03312445
570.57057057 0.03276904
571.57157157 0.03251034
572.57257257 0.03223153
573.57357357 0.03135498
574.57457457 0.02991279
575.57557558 0.02956139
576.57657658 0.02796295
577.57757758 0.02770554
578.57857858 0.02740510
579.57957958 0.02915035
580.58058058 0.02825964
581.58158158 0.02812442
582.58258258 0.02890044
583.58358358 0.02861862
584.58458458 0.02827830
585.58558559 0.02913423
586.58658659 0.02864884
587.58758759 0.02856578
588.58858859 0.02664135
589.58958959 0.02632216
590.59059059 0.02600501
591.59159159 0.02568797
592.59259259 0.02533921
593.59359359 0.02591861
594.59459459 0.02572244
595.59559560 0.02537064
596.59659660 0.02554047
597.59759760 0.02410325
598.59859860 0.02217647
599.59959960 0.02197895
600.60060060 0.02330521
601.60160160 0.02289640
602.60260260 0.02422170
603.60360360 0.02600797
604.60460460 0.02590562
605.60560561 0.02941102
606.60660661 0.02915503
607.60760761 0.03033143
608.60860861 0.02886790
609.60960961 0.02866203
610.61061061 0.03217000
611.61161161 0.03190004
612.61261261 0.03159981
613.61361361 0.03124227
614.61461461 0.03077580
615.61561562 0.02899722
616.61661662 0.02898758
617.61761762 0.02873457
618.61861862 0.02571470
619.61961962 0.02511207
620.62062062 0.02399914
621.62162162 0.02395811
622.62262262 0.02379473
623.62362362 0.02560004
624.62462462 0.02536810
625.62562563 0.02328268
626.62662663 0.02502567
627.62762763 0.02480156
628.62862863 0.02455020
629.62962963 0.02567298
630.63063063 0.02533020
631.63163163 0.02684474
632.63263263 0.02748260
633.63363363 0.02719975
634.63463463 0.02662734
635.63563564 0.02641024
636.63663664 0.02620680
637.63763764 0.02552267
638.63863864 0.02531577
639.63963964 0.02507344
640.64064064 0.02687293
641.64164164 0.02620459
642.64264264 0.02601278
643.64364364 0.02572265
644.64464464 0.02550843
645.64564565 0.03129760
646.64664665 0.03452979
647.64764765 0.03356373
648.64864865 0.03307770
649.64964965 0.03117014
650.65065065 0.02982513
651.65165165 0.03137701
652.65265265 0.02940683
653.65365365 0.02888842
654.65465465 0.02734486
655.65565566 0.02726800
656.65665666 0.02698022
657.65765766 0.02860926
658.65865866 0.03029542
659.65965966 0.03185906
660.66066066 0.03218585
661.66166166 0.03007189
662.66266266 0.02991274
663.66366366 0.02965146
664.66466466 0.02925115
665.66566567 0.02901116
666.66666667 0.02884789
667.66766767 0.02872066
668.66866867 0.02825388
669.66966967 0.03003014
670.67067067 0.03191890
671.67167167 0.03160949
672.67267267 0.03314050
673.67367367 0.03274395
674.67467467 0.03251547
675.67567568 0.02963589
676.67667668 0.02937428
677.67767768 0.02925492
678.67867868 0.03022679
679.67967968 0.02950243
680.68068068 0.02963381
681.68168168 0.02744744
682.68268268 0.02694014
683.68368368 0.02660516
684.68468468 0.02632815
685.68568569 0.02797803
686.68668669 0.02766072
687.68768769 0.02771710
688.68868869 0.02749675
689.68968969 0.02696045
690.69069069 0.02850994
691.69169169 0.02829851
692.69269269 0.02784724
693.69369369 0.02908849
694.69469469 0.02862410
695.69569570 0.02822210
696.69669670 0.02787696
697.69769770 0.02688144
698.69869870 0.02618087
699.69969970 0.02590135
700.70070070 0.02932820
701.70170170 0.02912854
702.70270270 0.02885602
703.70370370 0.02843709
704.70470470 0.02827215
705.70570571 0.02802233
706.70670671 0.03002476
707.70770771 0.02984051
708.70870871 0.02947625
709.70970971 0.02904630
710.71071071 0.02796063
711.71171171 0.02820937
712.71271271 0.02792578
713.71371371 0.02764841
714.71471471 0.02748503
715.71571572 0.02705879
716.71671672 0.02870620
717.71771772 0.02854011
718.71871872 0.02820228
719.71971972 0.02933379
720.72072072 0.02875188
721.72172172 0.02832403
722.72272272 0.02775642
723.72372372 0.02578241
724.72472472 0.02554182
725.72572573 0.02543454
726.72672673 0.02632446
727.72772773 0.02579167
728.72872873 0.02558562
729.72972973 0.02506520
730.73073073 0.02473412
731.73173173 0.02448946
732.73273273 0.02387588
733.73373373 0.02566175
734.73473473 0.02541041
735.73573574 0.02521793
736.73673674 0.02905379
737.73773774 0.02916392
738.73873874 0.02514608
739.73973974 0.02489429
740.74074074 0.02474217
741.74174174 0.02654826
742.74274274 0.02636969
743.74374374 0.02501816
744.74474474 0.02692420
745.74574575 0.02666724
746.74674675 0.02470449
747.74774775 0.02450457
748.74874875 0.02420888
749.74974975 0.02407751
750.75075075 0.02619869
751.75175175 0.02661196
752.75275275 0.02707337
753.75375375 0.02829805
754.75475475 0.02995203
755.75575576 0.02961015
756.75675676 0.03142974
757.75775776 0.03122480
758.75875876 0.03095033
759.75975976 0.03079161
760.76076076 0.03005355
761.76176176 0.03029329
762.76276276 0.02972448
763.76376376 0.03117100
764.76476476 0.03201924
765.76576577 0.03173085
766.76676677 0.03144744
767.76776777 0.02923865
768.76876877 0.02900639
769.76976977 0.03073485
770.77077077 0.03078151
771.77177177 0.03222148
772.77277277 0.03197309
773.77377377 0.03178619
774.77477477 0.03338679
775.77577578 0.03447968
776.77677678 0.03636292
777.77777778 0.03480917
778.77877878 0.03464072
779.77977978 0.03438224
780.78078078 0.03414829
781.78178178 0.03259010
782.78278278 0.03436152
783.78378378 0.03408551
784.78478478 0.03379715
785.78578579 0.03382949
786.78678679 0.03351553
787.78778779 0.03053917
788.78878879 0.03021768
789.78978979 0.03006462
790.79079079 0.02986800
791.79179179 0.02814463
792.79279279 0.02786859
793.79379379 0.02850900
794.79479479 0.02738387
795.79579580 0.02907675
796.79679680 0.02899437
797.79779780 0.03092825
798.79879880 0.03074670
799.79979980 0.03252387
800.80080080 0.03191443
801.80180180 0.03176849
802.80280280 0.03101239
803.80380380 0.03274594
804.80480480 0.03239884
805.80580581 0.03410466
806.80680681 0.03388712
807.80780781 0.03331985
808.80880881 0.03509116
809.80980981 0.03343184
810.81081081 0.03463284
811.81181181 0.03442414
812.81281281 0.03414657
813.81381381 0.03391731
814.81481481 0.03439609
815.81581582 0.03441140
816.81681682 0.03436005
817.81781782 0.03251389
818.81881882 0.03229765
819.81981982 0.03221863
820.82082082 0.03217962
821.82182182 0.03192327
822.82282282 0.03207667
823.82382382 0.03199807
824.82482482 0.03172464
825.82582583 0.03006966
826.82682683 0.02972183
827.82782783 0.02945372
828.82882883 0.02924106
829.82982983 0.03109452
830.83083083 0.02982213
831.83183183 0.02957560
832.83283283 0.03135472
833.83383383 0.03199306
834.83483483 0.03133240
835.83583584 0.03109142
836.83683684 0.02922212
837.83783784 0.03097842
838.83883884 0.02876571
839.83983984 0.03070370
840.84084084 0.02911430
841.84184184 0.03201019
842.84284284 0.03276466
843.84384384 0.03145361
844.84484484 0.03137112
845.84584585 0.03073641
846.84684685 0.03085820
847.84784785 0.03286586
848.84884885 0.03151872
849.84984985 0.03081915
850.85085085 0.03206117
851.85185185 0.03162812
852.85285285 0.03122241
853.85385385 0.03095380
854.85485485 0.02975872
855.85585586 0.02959990
856.85685686 0.02914643
857.85785786 0.03051961
858.85885886 0.03004619
859.85985986 0.02966368
860.86086086 0.02788276
861.86186186 0.02922827
862.86286286 0.02694705
863.86386386 0.02662531
864.86486486 0.02599111
865.86586587 0.02488324
866.86686687 0.02302139
867.86786787 0.02459272
868.86886887 0.02457373
869.86986987 0.02439620
870.87087087 0.02406184
871.87187187 0.02682221
872.87287287 0.02489118
873.87387387 0.02536658
874.87487487 0.02671436
875.87587588 0.02610255
876.87687688 0.02759000
877.87787788 0.02728096
878.87887888 0.02698006
879.87987988 0.02670593
880.88088088 0.02847739
881.88188188 0.02811603
882.88288288 0.02758486
883.88388388 0.02843553
884.88488488 0.02792833
885.88588589 0.02794586
886.88688689 0.02662349
887.88788789 0.02629385
888.88888889 0.02619237
889.88988989 0.02556193
890.89089089 0.02497238
891.89189189 0.02468895
892.89289289 0.02460087
893.89389389 0.02634132
894.89489489 0.02484697
895.89589590 0.02469614
896.89689690 0.02439577
897.89789790 0.02421689
898.89889890 0.02593091
899.89989990 0.02781214
900.90090090 0.02747684
901.90190190 0.02802510
902.90290290 0.02969292
903.90390390 0.02946026
904.90490490 0.03086606
905.90590591 0.03075330
906.90690691 0.03022638
907.90790791 0.02979301
908.90890891 0.03147772
909.90990991 0.03108498
910.91091091 0.03084235
911.91191191 0.03056807
912.91291291 0.02696271
913.91391391 0.02521944
914.91491491 0.02497882
915.91591592 0.02470219
916.91691692 0.02443689
917.91791792 0.02413130
918.91891892 0.02410369
919.91991992 0.02385510
920.92092092 0.02544174
921.92192192 0.02532373
922.92292292 0.02532555
923.92392392 0.02512642
924.92492492 0.02387791
925.92592593 0.02373693
926.92692693 0.02348565
927.92792793 0.02530481
928.92892893 0.02680104
929.92992993 0.02657660
930.93093093 0.02638775
931.93193193 0.02614813
932.93293293 0.02588373
933.93393393 0.02797524
934.93493493 0.02784448
935.93593594 0.02857975
936.93693694 0.02849407
937.93793794 0.02814770
938.93893894 0.02802112
939.93993994 0.02589411
940.94094094 0.02562681
941.94194194 0.02536945
942.94294294 0.02510001
943.94394394 0.02484106
944.94494494 0.02456717
945.94594595 0.02561798
946.94694695 0.02544763
947.94794795 0.02493789
948.94894895 0.02689979
949.94994995 0.02666890
950.95095095 0.02838021
951.95195195 0.02982964
952.95295295 0.03148346
953.95395395 0.02968096
954.95495495 0.03005828
955.95595596 0.02995781
956.95695696 0.02891248
957.95795796 0.02843818
958.95895896 0.02846186
959.95995996 0.02812663
960.96096096 0.02647448
961.96196196 0.02739545
962.96296296 0.02910439
963.96396396 0.02957191
964.96496496 0.02924172
965.96596597 0.02946439
966.96696697 0.02949756
967.96796797 0.02916011
968.96896897 0.02896450
969.96996997 0.02870566
970.97097097 0.02843625
971.97197197 0.02813000
972.97297297 0.02786799
973.97397397 0.02959140
974.97497497 0.02946355
975.97597598 0.02934724
976.97697698 0.02907853
977.97797798 0.02526161
978.97897898 0.02506599
979.97997998 0.02320899
980.98098098 0.02148744
981.98198198 0.02401179
982.98298298 0.02835699
983.98398398 0.02949146
984.98498498 0.03115538
985.98598599 0.02893989
986.98698699 0.02879303
987.98798799 0.02837774
988.98898899 0.02710376
989.98998999 0.02687907
990.99099099 0.02587777
991.99199199 0.02537034
992.99299299 0.02502686
993.99399399 0.02667280
994.99499499 0.02637014
995.99599600 0.02832818
996.99699700 0.03001692
997.99799800 0.03033516
998.99899900 0.03199538
1000.00000000 0.03173737
