0.00000000 2.00000000 0.00000013
1.00050025 2.00279898 0.00173773
2.00100050 2.00440586 0.00357468
3.00150075 2.00166098 0.01163792
4.00200100 1.99864118 0.01944428
5.00250125 1.99893008 0.02153747
6.00300150 1.99886434 0.02538193
7.00350175 1.99305755 0.06328264
8.00400200 1.98434459 0.10163568
9.00450225 1.98242706 0.10723715
10.00500250 1.97527892 0.12783107
11.00550275 1.97239514 0.13552540
12.00600300 1.96660754 0.15520430
13.00650325 1.96067735 0.16813189
14.00700350 1.95746902 0.17973338
15.00750375 1.95256244 0.18824742
16.00800400 1.94032223 0.21209855
17.00850425 1.93411221 0.22302376
18.00900450 1.92750476 0.23243162
19.00950475 1.92181097 0.24131220
20.01000500 1.91200510 0.25704709
21.01050525 1.90426380 0.26704001
22.01100550 1.89837089 0.27464368
23.01150575 1.89049172 0.28697995
24.01200600 1.88356294 0.29304630
25.01250625 1.87517177 0.30259550
26.01300650 1.87213722 0.30459437
27.01350675 1.86424913 0.31771850
28.01400700 1.85843648 0.32548150
29.01450725 1.85301100 0.33068897
30.01500750 1.84229140 0.33952429
31.01550775 1.82961260 0.35134649
32.01600800 1.82835122 0.35088189
33.01650825 1.82595672 0.35255020
34.01700850 1.82438445 0.35248736
35.01750875 1.81680782 0.35924192
36.01800900 1.81102553 0.36255366
37.01850925 1.80687494 0.36597088
38.01900950 1.80272106 0.36805354
39.01950975 1.79992954 0.37194336
40.02001001 1.78946119 0.38240422
41.02051026 1.78339901 0.38892471
42.02101051 1.77513295 0.39278794
43.02151076 1.76682874 0.39728069
44.02201101 1.76376217 0.40009917
45.02251126 1.75939549 0.40299909
46.02301151 1.75348830 0.40617817
47.02351176 1.74642065 0.41651879
48.02401201 1.74217083 0.42007342
49.02451226 1.73731235 0.42347977
50.02501251 1.72402361 0.43264388
51.02551276 1.71305338 0.43705729
52.02601301 1.70112074 0.44708298
53.02651326 1.69457670 0.44959121
54.02701351 1.68593115 0.45377513
55.02751376 1.68181428 0.45997353
56.02801401 1.67877269 0.46142181
57.02851426 1.67328438 0.46281941
58.02901451 1.66944955 0.46328598
59.02951476 1.66478593 0.46453506
60.03001501 1.65936310 0.46849226
61.03051526 1.65151721 0.46967646
62.03101551 1.63917581 0.47868290
63.03151576 1.63328894 0.48122024
64.03201601 1.62680702 0.48644752
65.03251626 1.61658126 0.49623973
66.03301651 1.61111148 0.49833106
67.03351676 1.60443899 0.50791096
68.03401701 1.59705873 0.50886721
69.03451726 1.59061731 0.51373597
70.03501751 1.58347855 0.51546265
71.03551776 1.56995132 0.51908080
72.03601801 1.56617117 0.52367955
73.03651826 1.56066124 0.52561428
74.03701851 1.55760787 0.52674508
75.03751876 1.55136221 0.53474227
76.03801901 1.54662209 0.53705130
77.03851926 1.53781146 0.54291981
78.03901951 1.53195038 0.54475869
79.03951976 1.52405878 0.54754646
80.04002001 1.51959549 0.54776684
81.04052026 1.51679877 0.55076168
82.04102051 1.51056113 0.55635347
83.04152076 1.50710482 0.55857226
84.04202101 1.50429729 0.55929429
85.04252126 1.50073337 0.55954970
86.04302151 1.48922920 0.56434308
87.04352176 1.48335129 0.57015857
88.04402201 1.48241585 0.56965366
89.04452226 1.48029863 0.56930755
90.04502251 1.47964903 0.56962325
91.04552276 1.47326808 0.57304260
92.04602301 1.46931448 0.57383591
93.04652326 1.46166002 0.57991087
94.04702351 1.45729727 0.57917436
95.04752376 1.45116245 0.58253423
96.04802401 1.44406064 0.58258181
97.04852426 1.44141925 0.58199042
98.04902451 1.43762044 0.58662568
99.04952476 1.43423882 0.58647467
100.05002501 1.42464593 0.58657455
101.05052526 1.41851002 0.59430839
102.05102551 1.41217211 0.59633053
103.05152576 1.40659128 0.59970772
104.05202601 1.40173647 0.60010452
105.05252626 1.39930693 0.59989945
106.05302651 1.39358882 0.60040775
107.05352676 1.38921359 0.59935599
108.05402701 1.38386377 0.60074950
109.05452726 1.37327416 0.60512891
110.05502751 1.36926183 0.60884738
111.05552776 1.36050020 0.61628480
112.05602801 1.35161796 0.61835014
113.05652826 1.34760543 0.61942283
114.05702851 1.33958184 0.62456621
115.05752876 1.33369714 0.62346903
116.05802901 1.32846560 0.62885843
117.05852926 1.32308977 0.63099243
118.05902951 1.31067422 0.63028011
119.05952976 1.30595118 0.62875825
120.06003002 1.30245426 0.62733731
121.06053027 1.30163785 0.62784869
122.06103052 1.29592088 0.63073768
123.06153077 1.29296485 0.63376152
124.06203102 1.28863283 0.63526859
125.06253127 1.28125516 0.63873591
126.06303152 1.27408148 0.63969735
127.06353177 1.26943957 0.63873521
128.06403202 1.26207830 0.64010325
129.06453227 1.25921832 0.64102526
130.06503252 1.25130042 0.64297697
131.06553277 1.24564379 0.64513198
132.06603302 1.23994212 0.64692647
133.06653327 1.23964193 0.64715867
134.06703352 1.23515606 0.64677437
135.06753377 1.23299820 0.64716229
136.06803402 1.23172029 0.64855209
137.06853427 1.23068508 0.64873380
138.06903452 1.22691146 0.65222132
139.06953477 1.22188349 0.65302124
140.07003502 1.21667547 0.65381159
141.07053527 1.21252162 0.65471138
142.07103552 1.20997379 0.65512480
143.07153577 1.20884890 0.65603666
144.07203602 1.20453211 0.65989662
145.07253627 1.20010217 0.66387219
146.07303652 1.19663405 0.66599618
147.07353677 1.18448268 0.67000482
148.07403702 1.18095081 0.67246180
149.07453727 1.17597908 0.67626252
150.07503752 1.17140315 0.67913988
151.07553777 1.16754387 0.67845465
152.07603802 1.15918017 0.67895151
153.07653827 1.15632401 0.67833150
154.07703852 1.15303318 0.67773254
155.07753877 1.14813024 0.67684761
156.07803902 1.14539439 0.67722964
157.07853927 1.13844871 0.67760175
158.07903952 1.13277639 0.67683174
159.07953977 1.12925944 0.67672697
160.08004002 1.12373359 0.67458948
161.08054027 1.11615602 0.68026409
162.08104052 1.11367839 0.68035090
163.08154077 1.10544532 0.68217497
164.08204102 1.10299994 0.68374284
165.08254127 1.09754383 0.68555194
166.08304152 1.09043044 0.68290064
167.08354177 1.08660691 0.68262060
168.08404202 1.08442779 0.68379674
169.08454227 1.08231186 0.68453120
170.08504252 1.07757753 0.68533049
171.08554277 1.06984826 0.68321360
172.08604302 1.06295170 0.68547198
173.08654327 1.06069806 0.68538619
174.08704352 1.05916388 0.68518874
175.08754377 1.05149066 0.68296240
176.08804402 1.05061277 0.68299134
177.08854427 1.04525313 0.68005155
178.08904452 1.04063257 0.67893465
179.08954477 1.03019641 0.67761609
180.09004502 1.02569812 0.67992776
181.09054527 1.02420616 0.67918312
182.09104552 1.01706048 0.67657480
183.09154577 1.01280579 0.67831062
184.09204602 1.00875379 0.67764501
185.09254627 1.00601113 0.67747187
186.09304652 0.99934343 0.67500622
187.09354677 0.99190856 0.67310273
188.09404702 0.99090043 0.67307712
189.09454727 0.99067515 0.67354683
190.09504752 0.98663405 0.67132408
191.09554777 0.98131230 0.67108312
192.09604802 0.97636114 0.67195975
193.09654827 0.97338463 0.67336459
194.09704852 0.96557517 0.66905738
195.09754877 0.96131642 0.66786462
196.09804902 0.95706478 0.66534537
197.09854927 0.95322067 0.66482660
198.09904952 0.95075954 0.66584094
199.09954977 0.94770687 0.66658187
200.10005003 0.94475846 0.66542715
201.10055028 0.94256829 0.66579038
202.10105053 0.93688798 0.66729659
203.10155078 0.93482225 0.66849707
204.10205103 0.93133315 0.66714047
205.10255128 0.92821516 0.66511484
206.10305153 0.92364950 0.66485102
207.10355178 0.92200314 0.66511762
208.10405203 0.91912837 0.66333480
209.10455228 0.91193799 0.66520188
210.10505253 0.90914231 0.66347051
211.10555278 0.90575230 0.66422597
212.10605303 0.89974327 0.66396934
213.10655328 0.89671675 0.66198002
214.10705353 0.89602198 0.66206117
215.10755378 0.89061068 0.66031126
216.10805403 0.88515397 0.66034065
217.10855428 0.88145001 0.65801990
218.10905453 0.87674522 0.66001839
219.10955478 0.87389135 0.66051518
220.11005503 0.86864944 0.65986435
221.11055528 0.86526953 0.66139207
222.11105553 0.86038374 0.66057804
223.11155578 0.85941698 0.66022689
224.11205603 0.85463908 0.66101976
225.11255628 0.85110770 0.65936936
226.11305653 0.84965881 0.65846010
227.11355678 0.84626636 0.65951927
228.11405703 0.84172218 0.65714122
229.11455728 0.83679093 0.65746716
230.11505753 0.83030932 0.65683516
231.11555778 0.82355332 0.65585838
232.11605803 0.81815340 0.65322960
233.11655828 0.81624034 0.65428195
234.11705853 0.81399454 0.65474128
235.11755878 0.80857672 0.65350082
236.11805903 0.80374489 0.65526172
237.11855928 0.80281365 0.65471670
238.11905953 0.80060168 0.65510580
239.11955978 0.79744403 0.65637423
240.12006003 0.79508299 0.65707098
241.12056028 0.79226014 0.65688185
242.12106053 0.79018604 0.65764024
243.12156078 0.78564083 0.65631452
244.12206103 0.78093405 0.65443090
245.12256128 0.77819107 0.65493415
246.12306153 0.77589080 0.65298442
247.12356178 0.77421309 0.65330474
248.12406203 0.77049461 0.65132267
249.12456228 0.76675034 0.65071363
250.12506253 0.75914899 0.64543807
251.12556278 0.75704131 0.64400446
252.12606303 0.75419304 0.64490935
253.12656328 0.75378683 0.64516270
254.12706353 0.75096770 0.64521016
255.12756378 0.75035834 0.64533978
256.12806403 0.74801226 0.64524175
257.12856428 0.74541885 0.64609337
258.12906453 0.74489941 0.64636962
259.12956478 0.74414495 0.64657755
260.13006503 0.73985272 0.64467620
261.13056528 0.73922230 0.64502859
262.13106553 0.73621421 0.64548597
263.13156578 0.73024167 0.64443198
264.13206603 0.72453053 0.64188262
265.13256628 0.72375838 0.64173033
266.13306653 0.72133822 0.64219662
267.13356678 0.71705244 0.64091302
268.13406703 0.71502116 0.64204757
269.13456728 0.71113660 0.64084296
270.13506753 0.70989502 0.64075763
271.13556778 0.70866156 0.64027749
272.13606803 0.70461293 0.63942575
273.13656828 0.69970515 0.63648688
274.13706853 0.69668394 0.63648823
275.13756878 0.69419192 0.63648500
276.13806903 0.69039415 0.63306212
277.13856928 0.68866735 0.63327063
278.13906953 0.68703246 0.63136304
279.13956978 0.68511777 0.63012685
280.14007004 0.68121582 0.62857256
281.14057029 0.68047826 0.62860532
282.14107054 0.67822271 0.62654479
283.14157079 0.67593423 0.62556937
284.14207104 0.67405022 0.62534496
285.14257129 0.67192505 0.62553815
286.14307154 0.66911160 0.62369844
287.14357179 0.66533324 0.62115743
288.14407204 0.66179118 0.61903399
289.14457229 0.65965379 0.61741178
290.14507254 0.65951230 0.61757255
291.14557279 0.65809046 0.61729602
292.14607304 0.65686309 0.61696131
293.14657329 0.65561544 0.61648271
294.14707354 0.65151381 0.61545662
295.14757379 0.64510579 0.61462100
296.14807404 0.63744318 0.61251811
297.14857429 0.63472899 0.61218760
298.14907454 0.63269641 0.61221170
299.14957479 0.63028743 0.61247740
300.15007504 0.62484455 0.60654915
301.15057529 0.62372218 0.60611932
302.15107554 0.62089951 0.60629417
303.15157579 0.61688036 0.60452652
304.15207604 0.61259445 0.60120143
305.15257629 0.60760094 0.59944155
306.15307654 0.60670171 0.59935647
307.15357679 0.60468118 0.59916026
308.15407704 0.60324120 0.59830392
309.15457729 0.59963197 0.59261373
310.15507754 0.59608587 0.59325871
311.15557779 0.59485704 0.59295590
312.15607804 0.59359469 0.59285837
313.15657829 0.59251916 0.59242295
314.15707854 0.59010430 0.59276975
315.15757879 0.58697516 0.59291037
316.15807904 0.58625863 0.59285113
317.15857929 0.58355279 0.58989806
318.15907954 0.57799136 0.58839003
319.15957979 0.57706127 0.58842231
320.16008004 0.57370272 0.58815145
321.16058029 0.56860840 0.58353321
322.16108054 0.56754959 0.58333529
323.16158079 0.56687538 0.58316937
324.16208104 0.56271486 0.57956995
325.16258129 0.56200615 0.57944217
326.16308154 0.56166487 0.58022574
327.16358179 0.55880886 0.57723599
328.16408204 0.55762990 0.57779207
329.16458229 0.55493647 0.57785188
330.16508254 0.55188319 0.57486311
331.16558279 0.54992375 0.57477302
332.16608304 0.54419595 0.57097192
333.16658329 0.54269324 0.56972255
334.16708354 0.53975534 0.56921735
335.16758379 0.53914650 0.56908022
336.16808404 0.53728159 0.56974534
337.16858429 0.53379017 0.56766453
338.16908454 0.53313239 0.56750912
339.16958479 0.52914342 0.56597501
340.17008504 0.52614913 0.56475875
341.17058529 0.52413634 0.56471871
342.17108554 0.52165258 0.56480275
343.17158579 0.51938923 0.56458629
344.17208604 0.51587359 0.56117485
345.17258629 0.51086570 0.55708591
346.17308654 0.50842868 0.55346208
347.17358679 0.50668595 0.55065347
348.17408704 0.50410751 0.55060425
349.17458729 0.50196489 0.55059808
350.17508754 0.50146135 0.55022043
351.17558779 0.50030668 0.55034217
352.17608804 0.49736638 0.54869482
353.17658829 0.49518914 0.54835204
354.17708854 0.49370029 0.54748366
355.17758879 0.49186691 0.54638170
356.17808904 0.48922640 0.54620559
357.17858929 0.48859674 0.54583585
358.17908954 0.48634697 0.54558536
359.17958979 0.48569952 0.54560854
360.18009005 0.48346815 0.54572845
361.18059030 0.48170360 0.54543471
362.18109055 0.48090811 0.54515443
363.18159080 0.47782323 0.54238980
364.18209105 0.47391272 0.54187753
365.18259130 0.47333040 0.54173999
366.18309155 0.47227445 0.54166763
367.18359180 0.46792461 0.53860543
368.18409205 0.46458158 0.53815746
369.18459230 0.46372026 0.53804452
370.18509255 0.45994225 0.53416215
371.18559280 0.45713622 0.53382024
372.18609305 0.45482795 0.53344201
373.18659330 0.45093103 0.53018123
374.18709355 0.44832389 0.52973763
375.18759380 0.44574454 0.52918438
376.18809405 0.44491610 0.52925287
377.18859430 0.44421166 0.52915539
378.18909455 0.44341678 0.52905548
379.18959480 0.44098727 0.52674709
380.19009505 0.43868648 0.52633434
381.19059530 0.43589350 0.52193690
382.19109555 0.43471819 0.52207404
383.19159580 0.43373255 0.52176543
384.19209605 0.43321200 0.52172610
385.19259630 0.43126140 0.52171449
386.19309655 0.42889401 0.52126871
387.19359680 0.42819839 0.52132050
388.19409705 0.42508413 0.51919663
389.19459730 0.42436496 0.51904210
390.19509755 0.42360282 0.51902374
391.19559780 0.42300065 0.51856366
392.19609805 0.42207326 0.51838704
393.19659830 0.42137136 0.51831328
394.19709855 0.42075050 0.51811951
395.19759880 0.42000396 0.51740908
396.19809905 0.41429898 0.51253439
397.19859930 0.41217125 0.51186080
398.19909955 0.41188911 0.51174562
399.19959980 0.41134489 0.51150772
400.20010005 0.41071256 0.51132614
401.20060030 0.41001426 0.51128704
402.20110055 0.40570515 0.50971724
403.20160080 0.40497350 0.50941243
404.20210105 0.40164399 0.50485845
405.20260130 0.39984882 0.50337418
406.20310155 0.39639090 0.49901276
407.20360180 0.39528980 0.49915202
408.20410205 0.39466066 0.49900825
409.20460230 0.39408285 0.49873528
410.20510255 0.39347468 0.49872739
411.20560280 0.39228208 0.49737121
412.20610305 0.39135016 0.49734981
413.20660330 0.39079138 0.49735676
414.20710355 0.38851635 0.49677258
415.20760380 0.38799096 0.49650945
416.20810405 0.38445760 0.49422332
417.20860430 0.37864595 0.48802914
418.20910455 0.37817704 0.48798331
419.20960480 0.37683986 0.48809964
420.21010505 0.37410653 0.48784630
421.21060530 0.37358155 0.48797296
422.21110555 0.37290758 0.48780963
423.21160580 0.37223573 0.48757202
424.21210605 0.37131161 0.48752382
425.21260630 0.36798039 0.48336432
426.21310655 0.36684152 0.48282547
427.21360680 0.36275418 0.47456616
428.21410705 0.36211633 0.47463098
429.21460730 0.36166073 0.47484939
430.21510755 0.36013354 0.47448458
431.21560780 0.35598467 0.47279870
432.21610805 0.35392555 0.47210212
433.21660830 0.35336021 0.47197095
434.21710855 0.35119230 0.47105789
435.21760880 0.35066366 0.47076073
436.21810905 0.34970048 0.47072802
437.21860930 0.34884409 0.47021450
438.21910955 0.34831261 0.47000876
439.21960980 0.34704489 0.46850446
440.22011006 0.34426751 0.46710343
441.22061031 0.34373925 0.46709857
442.22111056 0.34185445 0.46525034
443.22161081 0.34026456 0.46509290
444.22211106 0.33462252 0.45938162
445.22261131 0.32981417 0.45114528
446.22311156 0.32957957 0.45144730
447.22361181 0.32904372 0.45111183
448.22411206 0.32847956 0.45102400
449.22461231 0.32796166 0.45094179
450.22511256 0.32603590 0.44688342
451.22561281 0.32492374 0.44693572
452.22611306 0.32442094 0.44702782
453.22661331 0.32220186 0.44621441
454.22711356 0.32191576 0.44588549
455.22761381 0.32040637 0.44410517
456.22811406 0.31972444 0.44391852
457.22861431 0.31585896 0.43892098
458.22911456 0.31523454 0.43878297
459.22961481 0.31469381 0.43863466
460.23011506 0.31332458 0.43850858
461.23061531 0.30928273 0.43420292
462.23111556 0.30855408 0.43385100
463.23161581 0.30810040 0.43340362
464.23211606 0.30685718 0.43271319
465.23261631 0.30598558 0.43220738
466.23311656 0.30539269 0.43184001
467.23361681 0.30313719 0.42966413
468.23411706 0.30275237 0.42972284
469.23461731 0.30146196 0.43001018
470.23511756 0.29926907 0.42860905
471.23561781 0.29752750 0.42544917
472.23611806 0.29602503 0.42278284
473.23661831 0.29485075 0.42277485
474.23711856 0.29483274 0.42249823
475.23761881 0.29424487 0.42207968
476.23811906 0.29364628 0.42164630
477.23861931 0.29172847 0.41732586
478.23911956 0.29115299 0.41704320
479.23961981 0.29051267 0.41677586
480.24012006 0.28841009 0.41649826
481.24062031 0.28552306 0.41494886
482.24112056 0.28236579 0.40988113
483.24162081 0.28263220 0.40984023
484.24212106 0.28214043 0.40944629
485.24262131 0.28187888 0.40940932
486.24312156 0.28135831 0.40922731
487.24362181 0.28137601 0.40912161
488.24412206 0.28104221 0.40913082
489.24462231 0.28057817 0.40895806
490.24512256 0.27834661 0.40788482
491.24562281 0.27787707 0.40768348
492.24612306 0.27740722 0.40743472
493.24662331 0.27613761 0.40714959
494.24712356 0.27498602 0.40662233
495.24762381 0.27452861 0.40632166
496.24812406 0.27387886 0.40615474
497.24862431 0.27341360 0.40596991
498.24912456 0.27293085 0.40575096
499.24962481 0.27230176 0.40548836
500.25012506 0.27054837 0.40420899
501.25062531 0.27012019 0.40394479
502.25112556 0.26801660 0.40294601
503.25162581 0.26717793 0.40275967
504.25212606 0.26544828 0.40235156
505.25262631 0.26486792 0.40210015
506.25312656 0.26420298 0.40200197
507.25362681 0.26201299 0.39703866
508.25412706 0.26137006 0.39652275
509.25462731 0.26112174 0.39647435
510.25512756 0.26069343 0.39638285
511.25562781 0.25919025 0.39597460
512.25612806 0.25825858 0.39485213
513.25662831 0.25790686 0.39460812
514.25712856 0.25597642 0.39007681
515.25762881 0.25500404 0.38974502
516.25812906 0.25447365 0.38927597
517.25862931 0.25432251 0.38952715
518.25912956 0.25402250 0.38926792
519.25962981 0.25164468 0.38752840
520.26013007 0.24827483 0.38529072
521.26063032 0.24794689 0.38516404
522.26113057 0.24628711 0.38439768
523.26163082 0.24447594 0.38259774
524.26213107 0.24074992 0.37929983
525.26263132 0.23976443 0.37909866
526.26313157 0.23921675 0.37887512
527.26363182 0.23766600 0.37808480
528.26413207 0.23717632 0.37788412
529.26463232 0.23680863 0.37761418
530.26513257 0.23631104 0.37728794
531.26563282 0.23517351 0.37604335
532.26613307 0.23471835 0.37594521
533.26663332 0.23270664 0.37070123
534.26713357 0.23231996 0.37062772
535.26763382 0.23213556 0.37042988
536.26813407 0.23169700 0.37024909
537.26863432 0.23088444 0.37002377
538.26913457 0.23200152 0.37056653
539.26963482 0.23165944 0.37068425
540.27013507 0.23042628 0.36959110
541.27063532 0.23014923 0.36983864
542.27113557 0.22969977 0.36957525
543.27163582 0.22934513 0.36948542
544.27213607 0.22892044 0.36929722
545.27263632 0.22854587 0.36911282
546.27313657 0.22821666 0.36889434
547.27363682 0.22782732 0.36868600
548.27413707 0.22542365 0.36696351
549.27463732 0.22508948 0.36668499
550.27513757 0.22457618 0.36619974
551.27563782 0.22226439 0.36424715
552.27613807 0.22046519 0.36338817
553.27663832 0.21998105 0.36328521
554.27713857 0.21964243 0.36314528
555.27763882 0.21918565 0.36313979
556.27813907 0.21881317 0.36298446
557.27863932 0.21839822 0.36269070
558.27913957 0.21642766 0.36066141
559.27963982 0.21602803 0.36056997
560.28014007 0.21557048 0.36038727
561.28064032 0.21517537 0.36019971
562.28114057 0.21482715 0.36008536
563.28164082 0.21383268 0.35912632
564.28214107 0.21343917 0.35893844
565.28264132 0.21322976 0.35880509
566.28314157 0.21283116 0.35867221
567.28364182 0.21248684 0.35854614
568.28414207 0.21219128 0.35839917
569.28464232 0.21162303 0.35798915
570.28514257 0.21119730 0.35780998
571.28564282 0.20939956 0.35609061
572.28614307 0.20909977 0.35594441
573.28664332 0.20755957 0.34930274
574.28714357 0.20736385 0.34922760
575.28764382 0.20706276 0.34914083
576.28814407 0.20640305 0.34901327
577.28864432 0.20606121 0.34880763
578.28914457 0.20487440 0.34826250
579.28964482 0.20417141 0.34805874
580.29014507 0.20364194 0.34760524
581.29064532 0.20337246 0.34747595
582.29114557 0.20364840 0.34732026
583.29164582 0.20019690 0.34324502
584.29214607 0.19930522 0.34319994
585.29264632 0.19759117 0.34122898
586.29314657 0.19549604 0.33398582
587.29364682 0.19521914 0.33385025
588.29414707 0.19485978 0.33362071
589.29464732 0.19380342 0.33325053
590.29514757 0.19595598 0.33835977
591.29564782 0.19548664 0.33826103
592.29614807 0.19471327 0.33786599
593.29664832 0.19313316 0.33572855
594.29714857 0.19279491 0.33563191
595.29764882 0.19232766 0.33544644
596.29814907 0.19154984 0.33509464
597.29864932 0.19115736 0.33482871
598.29914957 0.19054126 0.33479777
599.29964982 0.19001960 0.33438671
600.30015008 0.18915777 0.33399964
601.30065033 0.18870664 0.33378906
602.30115058 0.18696153 0.33327420
603.30165083 0.18643480 0.33302751
604.30215108 0.18581260 0.33283151
605.30265133 0.18384543 0.32698801
606.30315158 0.18332486 0.32671327
607.30365183 0.18289230 0.32642335
608.30415208 0.18090537 0.32436424
609.30465233 0.17898159 0.32239622
610.30515258 0.17854238 0.32216313
611.30565283 0.17822107 0.32207526
612.30615308 0.17793717 0.32203339
613.30665333 0.17756370 0.32180133
614.30715358 0.17716212 0.32160236
615.30765383 0.17522846 0.31990221
616.30815408 0.17262380 0.31679193
617.30865433 0.17232844 0.31661515
618.30915458 0.17203359 0.31640954
619.30965483 0.17175770 0.31612626
620.31015508 0.17173091 0.31621324
621.31065533 0.17121229 0.31598632
622.31115558 0.16910374 0.30794930
623.31165583 0.16870338 0.30760007
624.31215608 0.16843532 0.30755185
625.31265633 0.16794959 0.30734741
626.31315658 0.16746793 0.30704718
627.31365683 0.16716967 0.30688471
628.31415708 0.16696130 0.30677191
629.31465733 0.16660695 0.30656488
630.31515758 0.16619243 0.30639827
631.31565783 0.16576795 0.30624244
632.31615808 0.16467476 0.30565121
633.31665833 0.16419394 0.30504314
634.31715858 0.16394870 0.30523229
635.31765883 0.16200810 0.30308365
636.31815908 0.16159303 0.30272026
637.31865933 0.16125903 0.30227593
638.31915958 0.16101137 0.30168686
639.31965983 0.16061584 0.30133265
640.32016008 0.16028641 0.30107515
641.32066033 0.15665545 0.29566487
642.32116058 0.15473639 0.28884205
643.32166083 0.15442487 0.28873198
644.32216108 0.15410377 0.28849612
645.32266133 0.15368675 0.28832681
646.32316158 0.15284202 0.28782265
647.32366183 0.15277766 0.28761822
648.32416208 0.15159800 0.28688204
649.32466233 0.15032602 0.28456624
650.32516258 0.14780909 0.28182951
651.32566283 0.14682743 0.28097687
652.32616308 0.14659284 0.28082686
653.32666333 0.14635473 0.28075126
654.32716358 0.14599035 0.28057340
655.32766383 0.14575959 0.28044200
656.32816408 0.14547496 0.28032310
657.32866433 0.14522150 0.28018919
658.32916458 0.14520727 0.27996953
659.32966483 0.14503040 0.27967150
660.33016508 0.14467613 0.27943083
661.33066533 0.14434096 0.27919020
662.33116558 0.14402268 0.27894684
663.33166583 0.14368621 0.27872466
664.33216608 0.14335263 0.27854106
665.33266633 0.14303503 0.27834619
666.33316658 0.14305956 0.27808944
667.33366683 0.14278160 0.27792638
668.33416708 0.14258276 0.27786250
669.33466733 0.14241679 0.27761580
670.33516758 0.14209317 0.27738608
671.33566783 0.14203971 0.27706845
672.33616808 0.14174746 0.27687760
673.33666833 0.14144311 0.27671820
674.33716858 0.14137570 0.27652990
675.33766883 0.14111828 0.27639535
676.33816908 0.14083941 0.27627657
677.33866933 0.14051251 0.27610060
678.33916958 0.14016625 0.27591964
679.33966983 0.13816086 0.27052718
680.34017009 0.13640471 0.26778456
681.34067034 0.13602467 0.26763194
682.34117059 0.13568611 0.26741881
683.34167084 0.13531333 0.26703862
684.34217109 0.13503651 0.26703668
685.34267134 0.13469891 0.26695468
686.34317159 0.13439841 0.26675559
687.34367184 0.13415485 0.26659500
688.34417209 0.13394329 0.26650301
689.34467234 0.13359225 0.26637267
690.34517259 0.13334373 0.26616001
691.34567284 0.13193404 0.26337027
692.34617309 0.13059289 0.26191329
693.34667334 0.12876282 0.25701656
694.34717359 0.12862576 0.25690328
695.34767384 0.12843050 0.25681577
696.34817409 0.12831338 0.25702519
697.34867434 0.12783519 0.25687428
698.34917459 0.12753569 0.25671085
699.34967484 0.12726308 0.25648736
700.35017509 0.12336295 0.25060222
701.35067534 0.12305144 0.25029700
702.35117559 0.12274505 0.25010868
703.35167584 0.12252105 0.24990444
704.35217609 0.12229024 0.24968303
705.35267634 0.12203250 0.24949425
706.35317659 0.12176862 0.24930800
707.35367684 0.11968081 0.24606261
708.35417709 0.11943721 0.24586682
709.35467734 0.11922249 0.24566258
710.35517759 0.11891883 0.24541948
711.35567784 0.11863399 0.24501416
712.35617809 0.11837827 0.24488941
713.35667834 0.11683553 0.24210449
714.35717859 0.11603106 0.24161288
715.35767884 0.11575409 0.24152649
716.35817909 0.11559759 0.24167442
717.35867934 0.11544000 0.24169057
718.35917959 0.11523030 0.24179979
719.35967984 0.11480094 0.24080102
720.36018009 0.11495728 0.24231849
721.36068034 0.11484753 0.24301606
722.36118059 0.11286810 0.24013683
723.36168084 0.11223785 0.24012628
724.36218109 0.11203945 0.24026011
725.36268134 0.11180028 0.24020535
726.36318159 0.10963651 0.23649401
727.36368184 0.10872080 0.23596461
728.36418209 0.10844610 0.23551273
729.36468234 0.10821752 0.23492408
730.36518259 0.10789952 0.23435334
731.36568284 0.10668130 0.23191693
732.36618309 0.10559056 0.22846533
733.36668334 0.10542157 0.22817003
734.36718359 0.10525029 0.22805834
735.36768384 0.10504328 0.22786633
736.36818409 0.10483585 0.22767349
737.36868434 0.10459052 0.22740519
738.36918459 0.10444891 0.22693540
739.36968484 0.10412763 0.22650700
740.37018509 0.10382320 0.22593640
741.37068534 0.10346485 0.22531962
742.37118559 0.10313724 0.22488756
743.37168584 0.10272029 0.22455775
744.37218609 0.10250256 0.22436609
745.37268634 0.10225730 0.22429102
746.37318659 0.10202686 0.22412453
747.37368684 0.10169905 0.22388637
748.37418709 0.10147349 0.22362392
749.37468734 0.10128163 0.22324248
750.37518759 0.09869769 0.21482435
751.37568784 0.09855277 0.21488376
752.37618809 0.09896924 0.21525620
753.37668834 0.09874694 0.21508677
754.37718859 0.09852148 0.21495572
755.37768884 0.09835700 0.21509849
756.37818909 0.09811581 0.21506263
757.37868934 0.09781316 0.21428652
758.37918959 0.09745613 0.21416600
759.37968984 0.09724259 0.21382038
760.38019010 0.09699981 0.21332147
761.38069035 0.09684512 0.21336897
762.38119060 0.09707434 0.21341725
763.38169085 0.09692309 0.21311538
764.38219110 0.09708306 0.21276988
765.38269135 0.09680877 0.21253408
766.38319160 0.09693391 0.21247037
767.38369185 0.09645897 0.21217546
768.38419210 0.09515501 0.21012990
769.38469235 0.09482884 0.20994418
770.38519260 0.09470472 0.20982517
771.38569285 0.09450641 0.20961916
772.38619310 0.09434460 0.20942391
773.38669335 0.09410775 0.20919659
774.38719360 0.09404253 0.20900341
775.38769385 0.09377711 0.20880525
776.38819410 0.09354429 0.20857231
777.38869435 0.09331415 0.20833218
778.38919460 0.09317894 0.20809160
779.38969485 0.09239182 0.20748223
780.39019510 0.09139504 0.20660260
781.39069535 0.09167015 0.20654277
782.39119560 0.09209485 0.20671003
783.39169585 0.09189146 0.20650183
784.39219610 0.09060568 0.20395426
785.39269635 0.09038895 0.20371037
786.39319660 0.09019489 0.20347397
787.39369685 0.08999685 0.20332029
788.39419710 0.08981103 0.20322216
789.39469735 0.08962817 0.20306077
790.39519760 0.08943128 0.20294547
791.39569785 0.08923659 0.20277950
792.39619810 0.08914348 0.20267431
793.39669835 0.08894128 0.20247344
794.39719860 0.08853618 0.20206404
795.39769885 0.08830355 0.20188016
796.39819910 0.08806516 0.20172339
797.39869935 0.08753855 0.20142397
798.39919960 0.08734061 0.20125213
799.39969985 0.08711794 0.20106193
800.40020010 0.08697028 0.20093374
801.40070035 0.08675624 0.20074923
802.40120060 0.08645620 0.20055997
803.40170085 0.08627527 0.20038285
804.40220110 0.08618044 0.20022699
805.40270135 0.08596753 0.20006372
806.40320160 0.08435891 0.19617364
807.40370185 0.08383281 0.19594297
808.40420210 0.08367244 0.19579962
809.40470235 0.08345476 0.19568898
810.40520260 0.08309414 0.19553758
811.40570285 0.08092074 0.19108628
812.40620310 0.08079796 0.19096448
813.40670335 0.08061345 0.19080636
814.40720360 0.08047357 0.19062963
815.40770385 0.08029546 0.19044820
816.40820410 0.08006435 0.19021449
817.40870435 0.07988171 0.19008791
818.40920460 0.07965896 0.18991931
819.40970485 0.07948060 0.18976452
820.41020510 0.07944214 0.18965601
821.41070535 0.07935152 0.18944554
822.41120560 0.07913242 0.18928816
823.41170585 0.07741576 0.18488917
824.41220610 0.07731685 0.18474260
825.41270635 0.07722487 0.18465236
826.41320660 0.07713681 0.18455648
827.41370685 0.07679850 0.18440055
828.41420710 0.07686413 0.18424981
829.41470735 0.07672535 0.18415362
830.41520760 0.07660448 0.18408071
831.41570785 0.07312447 0.17466253
832.41620810 0.07295442 0.17448918
833.41670835 0.07276688 0.17430948
834.41720860 0.07264150 0.17419437
835.41770885 0.07221105 0.17388757
836.41820910 0.07207508 0.17365215
837.41870935 0.07188550 0.17348422
838.41920960 0.07176225 0.17333697
839.41970985 0.07160284 0.17318539
840.42021011 0.07156657 0.17302536
841.42071036 0.07022542 0.16995107
842.42121061 0.07003686 0.16982860
843.42171086 0.06989314 0.16967977
844.42221111 0.07014578 0.17025906
845.42271136 0.07004593 0.17006689
846.42321161 0.06997092 0.16996339
847.42371186 0.06992824 0.16986893
848.42421211 0.06964985 0.16962669
849.42471236 0.06950982 0.16947602
850.42521261 0.06939264 0.16934124
851.42571286 0.06921425 0.16920786
852.42621311 0.06904784 0.16903922
853.42671336 0.06888074 0.16884359
854.42721361 0.06875445 0.16871917
855.42771386 0.06823037 0.16846790
856.42821411 0.06803856 0.16829284
857.42871436 0.06787271 0.16812655
858.42921461 0.06781803 0.16796201
859.42971486 0.06763139 0.16787380
860.43021511 0.06747451 0.16771072
861.43071536 0.06735362 0.16753247
862.43121561 0.06742665 0.16740861
863.43171586 0.06760697 0.16734111
864.43221611 0.06749746 0.16723389
865.43271636 0.06737885 0.16724143
866.43321661 0.06728550 0.16709586
867.43371686 0.06717614 0.16693963
868.43421711 0.06700187 0.16677597
869.43471736 0.06691273 0.16663914
870.43521761 0.06683278 0.16650845
871.43571786 0.06667987 0.16636269
872.43621811 0.06633972 0.16613332
873.43671836 0.06620483 0.16601514
874.43721861 0.06609710 0.16586638
875.43771886 0.06598752 0.16574025
876.43821911 0.06588253 0.16564221
877.43871936 0.06572679 0.16546726
878.43921961 0.06535423 0.16518881
879.43971986 0.06524061 0.16507001
880.44022011 0.06519794 0.16492107
881.44072036 0.06508226 0.16486428
882.44122061 0.06487227 0.16470422
883.44172086 0.06476485 0.16470187
884.44222111 0.06456185 0.16450233
885.44272136 0.06427553 0.16430040
886.44322161 0.06408014 0.16405450
887.44372186 0.06391023 0.16384181
888.44422211 0.06372540 0.16363290
889.44472236 0.06353300 0.16343486
890.44522261 0.06335460 0.16320306
891.44572286 0.06318599 0.16299548
892.44622311 0.06295547 0.16281840
893.44672336 0.05978987 0.15037830
894.44722361 0.05954970 0.15010221
895.44772386 0.05937889 0.14996478
896.44822411 0.05918826 0.14973321
897.44872436 0.05898739 0.14938839
898.44922461 0.05880822 0.14912475
899.44972486 0.05864978 0.14896232
900.45022511 0.05848582 0.14878424
901.45072536 0.05833577 0.14870587
902.45122561 0.05810687 0.14825223
903.45172586 0.05791657 0.14786324
904.45222611 0.05780525 0.14785080
905.45272636 0.05769796 0.14788186
906.45322661 0.05756023 0.14771068
907.45372686 0.05742243 0.14769005
908.45422711 0.05728459 0.14756328
909.45472736 0.05734166 0.14738514
910.45522761 0.05699415 0.14727420
911.45572786 0.05681548 0.14710776
912.45622811 0.05667545 0.14695809
913.45672836 0.05655761 0.14681198
914.45722861 0.05640345 0.14662936
915.45772886 0.05630327 0.14646621
916.45822911 0.05612879 0.14627900
917.45872936 0.05602439 0.14609692
918.45922961 0.05590396 0.14589971
919.45972986 0.05577609 0.14573476
920.46023012 0.05567209 0.14555519
921.46073037 0.05558734 0.14541809
922.46123062 0.05543599 0.14527282
923.46173087 0.05530656 0.14511324
924.46223112 0.05517314 0.14495023
925.46273137 0.05533271 0.14483647
926.46323162 0.05518073 0.14461356
927.46373187 0.05497476 0.14441123
928.46423212 0.05477924 0.14419991
929.46473237 0.05452446 0.14397183
930.46523262 0.05465339 0.14384759
931.46573287 0.05449568 0.14366977
932.46623312 0.05425926 0.14348234
933.46673337 0.05414252 0.14337242
934.46723362 0.05401319 0.14319993
935.46773387 0.05414861 0.14307509
936.46823412 0.05397668 0.14289022
937.46873437 0.05380982 0.14269101
938.46923462 0.05364532 0.14252205
939.46973487 0.05366236 0.14238516
940.47023512 0.05348415 0.14221162
941.47073537 0.05355834 0.14240186
942.47123562 0.05348004 0.14242533
943.47173587 0.05343586 0.14232203
944.47223612 0.05326108 0.14209855
945.47273637 0.05308180 0.14187870
946.47323662 0.05296711 0.14186947
947.47373687 0.05258853 0.14141303
948.47423712 0.05250768 0.14125739
949.47473737 0.05240807 0.14122143
950.47523762 0.05231505 0.14107218
951.47573787 0.05226566 0.14102507
952.47623812 0.05218064 0.14090707
953.47673837 0.05207749 0.14078843
954.47723862 0.05192414 0.14064508
955.47773887 0.05178104 0.14045699
956.47823912 0.05164179 0.14033762
957.47873937 0.05150641 0.14020401
958.47923962 0.05136925 0.14003620
959.47973987 0.05117682 0.13941366
960.48024012 0.05101832 0.13925379
961.48074037 0.05089460 0.13907811
962.48124062 0.05071102 0.13876820
963.48174087 0.05056114 0.13868004
964.48224112 0.05041866 0.13858277
965.48274137 0.05078217 0.13827003
966.48324162 0.05066992 0.13813420
967.48374187 0.05056657 0.13803158
968.48424212 0.05045452 0.13788267
969.48474237 0.05038858 0.13800666
970.48524262 0.05027947 0.13807571
971.48574287 0.05015468 0.13796762
972.48624312 0.05001671 0.13785341
973.48674337 0.04994257 0.13761710
974.48724362 0.04974065 0.13744067
975.48774387 0.04957134 0.13736715
976.48824412 0.04946721 0.13711725
977.48874437 0.04932051 0.13687649
978.48924462 0.04920092 0.13671494
979.48974487 0.04912829 0.13667149
980.49024512 0.04905048 0.13658196
981.49074537 0.04890378 0.13634210
982.49124562 0.04875333 0.13620617
983.49174587 0.04866051 0.13615973
984.49224612 0.04855515 0.13604134
985.49274637 0.04847140 0.13584401
986.49324662 0.04850965 0.13574321
987.49374687 0.04843008 0.13565234
988.49424712 0.04834098 0.13554736
989.49474737 0.04815785 0.13534806
990.49524762 0.04806039 0.13520917
991.49574787 0.04781636 0.13410232
992.49624812 0.04774358 0.13429490
993.49674837 0.04756580 0.13394542
994.49724862 0.04745246 0.13389344
995.49774887 0.04738004 0.13389556
996.49824912 0.04725475 0.13378777
997.49874937 0.04712258 0.13364560
998.49924962 0.04700674 0.13349296
999.49974987 0.04691509 0.13328558
1000.50025013 0.04678761 0.13305475
1001.50075038 0.04660334 0.13282070
1002.50125063 0.04648048 0.13265584
1003.50175088 0.04637843 0.13252680
1004.50225113 0.04626890 0.13240054
1005.50275138 0.04620603 0.13231247
1006.50325163 0.04604031 0.13204688
1007.50375188 0.04589633 0.13173099
1008.50425213 0.04572379 0.13143024
1009.50475238 0.04559095 0.13112803
1010.50525263 0.04541855 0.13095543
1011.50575288 0.04458139 0.12949953
1012.50625313 0.04438065 0.12929220
1013.50675338 0.04424968 0.12912542
1014.50725363 0.04412405 0.12892087
1015.50775388 0.04440839 0.12886581
1016.50825413 0.04420801 0.12860406
1017.50875438 0.04403207 0.12828182
1018.50925463 0.04389424 0.12797110
1019.50975488 0.04375248 0.12766396
1020.51025513 0.04361704 0.12741466
1021.51075538 0.04344074 0.12716465
1022.51125563 0.04335990 0.12702710
1023.51175588 0.04329275 0.12689598
1024.51225613 0.04310119 0.12672603
1025.51275638 0.04300170 0.12647544
1026.51325663 0.04291387 0.12626162
1027.51375688 0.04285245 0.12601633
1028.51425713 0.04276320 0.12578466
1029.51475738 0.04266604 0.12557263
1030.51525763 0.04256596 0.12537600
1031.51575788 0.04243401 0.12518135
1032.51625813 0.04233501 0.12506268
1033.51675838 0.04221792 0.12487668
1034.51725863 0.04264927 0.12521864
1035.51775888 0.04256178 0.12505014
1036.51825913 0.04242915 0.12481361
1037.51875938 0.04234477 0.12458606
1038.51925963 0.04219857 0.12433485
1039.51975988 0.04202014 0.12411922
1040.52026013 0.04180863 0.12387623
1041.52076038 0.04172098 0.12373521
1042.52126063 0.04149786 0.12347926
1043.52176088 0.04131429 0.12325272
1044.52226113 0.04116709 0.12310026
1045.52276138 0.04110881 0.12296023
1046.52326163 0.04092607 0.12269367
1047.52376188 0.04077301 0.12241339
1048.52426213 0.04064898 0.12225148
1049.52476238 0.04061684 0.12215277
1050.52526263 0.04053376 0.12201700
1051.52576288 0.04041423 0.12187679
1052.52626313 0.04029622 0.12174668
1053.52676338 0.04018029 0.12161526
1054.52726363 0.04003480 0.12144062
1055.52776388 0.03988797 0.12121868
1056.52826413 0.03975133 0.12101579
1057.52876438 0.03962568 0.12082862
1058.52926463 0.03950107 0.12066155
1059.52976488 0.03945359 0.12047177
1060.53026513 0.03929794 0.12032629
1061.53076538 0.03918051 0.12019708
1062.53126563 0.03908582 0.12007306
1063.53176588 0.03902132 0.11992716
1064.53226613 0.03891929 0.11973588
1065.53276638 0.03881272 0.11953496
1066.53326663 0.03872989 0.11937442
1067.53376688 0.03863075 0.11919145
1068.53426713 0.03852974 0.11903277
1069.53476738 0.03843285 0.11887910
1070.53526763 0.03833922 0.11874895
1071.53576788 0.03823044 0.11863215
1072.53626813 0.03817569 0.11852235
1073.53676838 0.03805030 0.11836566
1074.53726863 0.03793720 0.11827987
1075.53776888 0.03784027 0.11809341
1076.53826913 0.03764227 0.11782882
1077.53876938 0.03759237 0.11777865
1078.53926963 0.03750873 0.11770091
1079.53976988 0.03717020 0.11722599
1080.54027014 0.03710197 0.11714243
1081.54077039 0.03717978 0.11734927
1082.54127064 0.03710520 0.11720464
1083.54177089 0.03702940 0.11703780
1084.54227114 0.03698006 0.11697600
1085.54277139 0.03752607 0.11809744
1086.54327164 0.03736220 0.11785959
1087.54377189 0.03728025 0.11775238
1088.54427214 0.03715642 0.11755913
1089.54477239 0.03698381 0.11734297
1090.54527264 0.03675210 0.11697571
1091.54577289 0.03663165 0.11676797
1092.54627314 0.03612425 0.11618661
1093.54677339 0.03595100 0.11594001
1094.54727364 0.03581691 0.11574648
1095.54777389 0.03582584 0.11565038
1096.54827414 0.03583360 0.11560621
1097.54877439 0.03573600 0.11545239
1098.54927464 0.03564159 0.11528990
1099.54977489 0.03552283 0.11516679
1100.55027514 0.03542137 0.11504238
1101.55077539 0.03532427 0.11487714
1102.55127564 0.03521524 0.11471198
1103.55177589 0.03510269 0.11450433
1104.55227614 0.03500784 0.11434763
1105.55277639 0.03483753 0.11414078
1106.55327664 0.03472330 0.11396507
1107.55377689 0.03469885 0.11380327
1108.55427714 0.03464454 0.11370026
1109.55477739 0.03458647 0.11356146
1110.55527764 0.03414567 0.11303289
1111.55577789 0.03411830 0.11292454
1112.55627814 0.03409323 0.11283135
1113.55677839 0.03399502 0.11267918
1114.55727864 0.03393355 0.11254939
1115.55777889 0.03385250 0.11241010
1116.55827914 0.03375184 0.11231325
1117.55877939 0.03365180 0.11217502
1118.55927964 0.03437013 0.11320544
1119.55977989 0.03420670 0.11310459
1120.56028014 0.03405212 0.11284271
1121.56078039 0.03397392 0.11272739
1122.56128064 0.03436609 0.11312345
1123.56178089 0.03420034 0.11300552
1124.56228114 0.03407404 0.11277758
1125.56278139 0.03398863 0.11263522
1126.56328164 0.03395011 0.11261600
1127.56378189 0.03386597 0.11247750
1128.56428214 0.03377552 0.11231655
1129.56478239 0.03392787 0.11224699
1130.56528264 0.03381145 0.11207848
1131.56578289 0.03372722 0.11197069
1132.56628314 0.03364135 0.11184665
1133.56678339 0.03353380 0.11171991
1134.56728364 0.03345636 0.11165176
1135.56778389 0.03335256 0.11152364
1136.56828414 0.03322594 0.11133954
1137.56878439 0.03313844 0.11122737
1138.56928464 0.03298955 0.11089193
1139.56978489 0.03292595 0.11084228
1140.57028514 0.03285810 0.11076343
1141.57078539 0.03278735 0.11068521
1142.57128564 0.03270307 0.11059993
1143.57178589 0.03251116 0.11047445
1144.57228614 0.03235686 0.11032005
1145.57278639 0.03224703 0.11017959
1146.57328664 0.03214729 0.11002808
1147.57378689 0.03207327 0.10987177
1148.57428714 0.03301923 0.11079541
1149.57478739 0.03294075 0.11067391
1150.57528764 0.03284967 0.11054247
1151.57578789 0.03280049 0.11042231
1152.57628814 0.03270865 0.11025839
1153.57678839 0.03266507 0.11008852
1154.57728864 0.03256883 0.10992156
1155.57778889 0.03248394 0.10975215
1156.57828914 0.03237628 0.10956655
1157.57878939 0.03228597 0.10940638
1158.57928964 0.03221102 0.10929313
1159.57978989 0.03213577 0.10917903
1160.58029015 0.03197136 0.10904947
1161.58079040 0.03187913 0.10889822
1162.58129065 0.03176415 0.10874946
1163.58179090 0.03165660 0.10857984
1164.58229115 0.03085410 0.10631497
1165.58279140 0.03075011 0.10614940
1166.58329165 0.03064814 0.10599014
1167.58379190 0.03056463 0.10588003
1168.58429215 0.03044918 0.10576275
1169.58479240 0.03028082 0.10554854
1170.58529265 0.03018581 0.10543669
1171.58579290 0.03011319 0.10532264
1172.58629315 0.03003326 0.10518059
1173.58679340 0.02995845 0.10503780
1174.58729365 0.02990025 0.10490050
1175.58779390 0.02983588 0.10476351
1176.58829415 0.02975979 0.10462538
1177.58879440 0.02969295 0.10450636
1178.58929465 0.02963169 0.10439122
1179.58979490 0.02956384 0.10428531
1180.59029515 0.02949029 0.10418600
1181.59079540 0.02901801 0.10362670
1182.59129565 0.02893968 0.10350136
1183.59179590 0.02884305 0.10330532
1184.59229615 0.02875814 0.10315554
1185.59279640 0.02868418 0.10299977
1186.59329665 0.02861121 0.10289420
1187.59379690 0.02853559 0.10278383
1188.59429715 0.02839605 0.10260481
1189.59479740 0.02833032 0.10250010
1190.59529765 0.02826506 0.10240425
1191.59579790 0.02821346 0.10229889
1192.59629815 0.02814914 0.10217883
1193.59679840 0.02805158 0.10203953
1194.59729865 0.02796900 0.10190893
1195.59779890 0.02787602 0.10180670
1196.59829915 0.02761243 0.10149296
1197.59879940 0.02757633 0.10141756
1198.59929965 0.02751791 0.10133242
1199.59979990 0.02744566 0.10123299
1200.60030015 0.02737057 0.10112568
1201.60080040 0.02730619 0.10099934
1202.60130065 0.02717792 0.10076803
1203.60180090 0.02710194 0.10065444
1204.60230115 0.02549555 0.08397156
1205.60280140 0.02567112 0.08399093
1206.60330165 0.02560581 0.08381334
1207.60380190 0.02555198 0.08358003
1208.60430215 0.02554144 0.08333322
1209.60480240 0.02543106 0.08299267
1210.60530265 0.02534028 0.08261210
1211.60580290 0.02523570 0.08224248
1212.60630315 0.02511071 0.08187090
1213.60680340 0.02499949 0.08153914
1214.60730365 0.02489635 0.08127896
1215.60780390 0.02433208 0.07994433
1216.60830415 0.02422631 0.07973149
1217.60880440 0.02417092 0.07954945
1218.60930465 0.02406036 0.07932635
1219.60980490 0.02395993 0.07911607
1220.61030515 0.02386531 0.07888490
1221.61080540 0.02378587 0.07863662
1222.61130565 0.02368742 0.07842296
1223.61180590 0.02362017 0.07821116
1224.61230615 0.02353934 0.07800075
1225.61280640 0.02345709 0.07786226
1226.61330665 0.02341865 0.07774019
1227.61380690 0.02339514 0.07762564
1228.61430715 0.02334539 0.07745423
1229.61480740 0.02330879 0.07733290
1230.61530765 0.02327032 0.07722572
1231.61580790 0.02322775 0.07709250
1232.61630815 0.02319150 0.07696933
1233.61680840 0.02316827 0.07688095
1234.61730865 0.02310553 0.07678630
1235.61780890 0.02301868 0.07668394
1236.61830915 0.02294485 0.07660144
1237.61880940 0.02289296 0.07649019
1238.61930965 0.02284099 0.07635167
1239.61980990 0.02276680 0.07619660
1240.62031016 0.02332993 0.07729351
1241.62081041 0.02325818 0.07710490
1242.62131066 0.02318429 0.07692931
1243.62181091 0.02312001 0.07681264
1244.62231116 0.02304527 0.07669164
1245.62281141 0.02319490 0.07668186
1246.62331166 0.02309690 0.07653510
1247.62381191 0.02302432 0.07636867
1248.62431216 0.02305347 0.07621411
1249.62481241 0.02298496 0.07607548
1250.62531266 0.02290047 0.07588276
1251.62581291 0.02381400 0.07829401
1252.62631316 0.02376110 0.07813380
1253.62681341 0.02369807 0.07795247
1254.62731366 0.02362980 0.07773513
1255.62781391 0.02350934 0.07747978
1256.62831416 0.02332627 0.07721778
1257.62881441 0.02323503 0.07696456
1258.62931466 0.02313803 0.07670132
1259.62981491 0.02306227 0.07646813
1260.63031516 0.02292782 0.07624036
1261.63081541 0.02284292 0.07604397
1262.63131566 0.02276796 0.07584046
1263.63181591 0.02268973 0.07561616
1264.63231616 0.02288324 0.07557340
1265.63281641 0.02274775 0.07537143
1266.63331666 0.02266925 0.07516918
1267.63381691 0.02259267 0.07498114
1268.63431716 0.02246727 0.07476599
1269.63481741 0.02239395 0.07459681
1270.63531766 0.02232426 0.07443123
1271.63581791 0.02218962 0.07424617
1272.63631816 0.02210140 0.07407654
1273.63681841 0.02202087 0.07388820
1274.63731866 0.02193055 0.07369497
1275.63781891 0.02182293 0.07350102
1276.63831916 0.02171313 0.07328217
1277.63881941 0.02159972 0.07308382
1278.63931966 0.02148431 0.07287723
1279.63981991 0.02137706 0.07270747
1280.64032016 0.02128595 0.07255894
1281.64082041 0.02119506 0.07240933
1282.64132066 0.02110336 0.07225358
1283.64182091 0.02102383 0.07209734
1284.64232116 0.02095857 0.07194496
1285.64282141 0.02085949 0.07180322
1286.64332166 0.02076029 0.07161779
1287.64382191 0.02065214 0.07143592
1288.64432216 0.02057504 0.07128480
1289.64482241 0.02070915 0.07127350
1290.64532266 0.02062949 0.07113525
1291.64582291 0.02056872 0.07102969
1292.64632316 0.02050907 0.07092803
1293.64682341 0.02045837 0.07083420
1294.64732366 0.02039049 0.07071853
1295.64782391 0.02031477 0.07058119
1296.64832416 0.01998695 0.06993496
1297.64882441 0.01990630 0.06982181
1298.64932466 0.01983550 0.06970932
1299.64982491 0.01976763 0.06961125
1300.65032516 0.01969470 0.06949252
1301.65082541 0.01962778 0.06938700
1302.65132566 0.01952184 0.06926075
1303.65182591 0.01941253 0.06913304
1304.65232616 0.01932773 0.06901608
1305.65282641 0.01925156 0.06889030
1306.65332666 0.01932690 0.06877898
1307.65382691 0.01926065 0.06868173
1308.65432716 0.01919577 0.06856435
1309.65482741 0.01914076 0.06847088
1310.65532766 0.01907920 0.06837163
1311.65582791 0.01900975 0.06827306
1312.65632816 0.01894415 0.06816948
1313.65682841 0.01888256 0.06804851
1314.65732866 0.01881851 0.06793923
1315.65782891 0.01875683 0.06782835
1316.65832916 0.01871491 0.06773613
1317.65882941 0.01872320 0.06765692
1318.65932966 0.01869325 0.06753502
1319.65982991 0.01863929 0.06743228
1320.66033017 0.01861146 0.06734418
1321.66083042 0.01855352 0.06725337
1322.66133067 0.01842367 0.06715065
1323.66183092 0.01837917 0.06705415
1324.66233117 0.01832443 0.06694783
1325.66283142 0.01827928 0.06685248
1326.66333167 0.01822376 0.06676290
1327.66383192 0.01816320 0.06666180
1328.66433217 0.01810958 0.06655754
1329.66483242 0.01804893 0.06647144
1330.66533267 0.01798061 0.06637055
1331.66583292 0.01792256 0.06627590
1332.66633317 0.01786065 0.06616866
1333.66683342 0.01779596 0.06605727
1334.66733367 0.01772461 0.06595740
1335.66783392 0.01766302 0.06586369
1336.66833417 0.01763633 0.06581114
1337.66883442 0.01761373 0.06575562
1338.66933467 0.01765909 0.06569886
1339.66983492 0.01769993 0.06564113
1340.67033517 0.01765427 0.06556561
1341.67083542 0.01760173 0.06549987
1342.67133567 0.01749939 0.06537727
1343.67183592 0.01741146 0.06525711
1344.67233617 0.01736518 0.06519422
1345.67283642 0.01730609 0.06510676
1346.67333667 0.01723376 0.06500376
1347.67383692 0.01728871 0.06493253
1348.67433717 0.01727492 0.06487059
1349.67483742 0.01722546 0.06468083
1350.67533767 0.01707199 0.06427195
1351.67583792 0.01711536 0.06437824
1352.67633817 0.01713203 0.06443388
1353.67683842 0.01709408 0.06443446
1354.67733867 0.01706237 0.06442256
1355.67783892 0.01701380 0.06437754
1356.67833917 0.01696516 0.06428622
1357.67883942 0.01690276 0.06417088
1358.67933967 0.01683788 0.06404952
1359.67983992 0.01677754 0.06393421
1360.68034017 0.01669471 0.06381422
1361.68084042 0.01662901 0.06367655
1362.68134067 0.01658038 0.06355847
1363.68184092 0.01654403 0.06345265
1364.68234117 0.01649592 0.06335444
1365.68284142 0.01658973 0.06331578
1366.68334167 0.01656563 0.06324343
1367.68384192 0.01640475 0.06284883
1368.68434217 0.01638380 0.06287792
1369.68484242 0.01634454 0.06288428
1370.68534267 0.01621112 0.06255483
1371.68584292 0.01616045 0.06253704
1372.68634317 0.01611528 0.06242019
1373.68684342 0.01605202 0.06233491
1374.68734367 0.01604864 0.06234524
1375.68784392 0.01598226 0.06221808
1376.68834417 0.01592969 0.06209198
1377.68884442 0.01589402 0.06204382
1378.68934467 0.01581261 0.06192996
1379.68984492 0.01575490 0.06184347
1380.69034517 0.01568912 0.06173201
1381.69084542 0.01580962 0.06171477
1382.69134567 0.01576194 0.06167066
1383.69184592 0.01571075 0.06158223
1384.69234617 0.01581915 0.06158189
1385.69284642 0.01581639 0.06147785
1386.69334667 0.01605823 0.06162139
1387.69384692 0.01605565 0.06154612
1388.69434717 0.01600255 0.06143010
1389.69484742 0.01595675 0.06132419
1390.69534767 0.01593425 0.06125322
1391.69584792 0.01589171 0.06117195
1392.69634817 0.01586868 0.06110888
1393.69684842 0.01585358 0.06105767
1394.69734867 0.01577812 0.06088781
1395.69784892 0.01575114 0.06082223
1396.69834917 0.01572983 0.06079159
1397.69884942 0.01566287 0.06067582
1398.69934967 0.01560941 0.06055056
1399.69984992 0.01553901 0.06041833
1400.70035018 0.01549401 0.06035495
1401.70085043 0.01442790 0.04986270
1402.70135068 0.01452983 0.04989408
1403.70185093 0.01449542 0.04987418
1404.70235118 0.01447145 0.04987232
1405.70285143 0.01442573 0.04976343
1406.70335168 0.01436332 0.04957025
1407.70385193 0.01433796 0.04962536
1408.70435218 0.01428308 0.04953353
1409.70485243 0.01419395 0.04927667
1410.70535268 0.01414796 0.04922047
1411.70585293 0.01413656 0.04928618
1412.70635318 0.01409464 0.04926444
1413.70685343 0.01409508 0.04946007
1414.70735368 0.01405880 0.04938022
1415.70785393 0.01402398 0.04908400
1416.70835418 0.01400896 0.04915470
1417.70885443 0.01396186 0.04921798
1418.70935468 0.01392071 0.04908028
1419.70985493 0.01386690 0.04892015
1420.71035518 0.01424286 0.04962012
1421.71085543 0.01436831 0.04971524
1422.71135568 0.01434813 0.04965755
1423.71185593 0.01430708 0.04961043
1424.71235618 0.01429280 0.04964142
1425.71285643 0.01426055 0.04962521
1426.71335668 0.01424972 0.04954747
1427.71385693 0.01419307 0.04941825
1428.71435718 0.01414475 0.04933205
1429.71485743 0.01410703 0.04927011
1430.71535768 0.01401023 0.04916307
1431.71585793 0.01395862 0.04904580
1432.71635818 0.01392937 0.04895964
1433.71685843 0.01382962 0.04886044
1434.71735868 0.01377799 0.04874968
1435.71785893 0.01371737 0.04862043
1436.71835918 0.01367718 0.04853526
1437.71885943 0.01362483 0.04847177
1438.71935968 0.01362698 0.04842837
1439.71985993 0.01363845 0.04838640
1440.72036018 0.01358678 0.04833907
1441.72086043 0.01358776 0.04831423
1442.72136068 0.01356287 0.04816603
1443.72186093 0.01347940 0.04804263
1444.72236118 0.01343013 0.04792203
1445.72286143 0.01338605 0.04782377
1446.72336168 0.01331996 0.04772338
1447.72386193 0.01325431 0.04762001
1448.72436218 0.01322627 0.04755061
1449.72486243 0.01321133 0.04749525
1450.72536268 0.01318296 0.04744820
1451.72586293 0.01313941 0.04736934
1452.72636318 0.01311737 0.04726849
1453.72686343 0.01307779 0.04717601
1454.72736368 0.01298708 0.04706123
1455.72786393 0.01293612 0.04694190
1456.72836418 0.01291689 0.04691738
1457.72886443 0.01290866 0.04686593
1458.72936468 0.01288409 0.04678034
1459.72986493 0.01284127 0.04669989
1460.73036518 0.01282878 0.04667041
1461.73086543 0.01309026 0.04694907
1462.73136568 0.01305764 0.04685671
1463.73186593 0.01301935 0.04677365
1464.73236618 0.01298063 0.04669548
1465.73286643 0.01307740 0.04664303
1466.73336668 0.01302730 0.04652452
1467.73386693 0.01288297 0.04635812
1468.73436718 0.01288456 0.04630468
1469.73486743 0.01285877 0.04619503
1470.73536768 0.01285966 0.04612873
1471.73586793 0.01283371 0.04605280
1472.73636818 0.01279880 0.04595591
1473.73686843 0.01277513 0.04587560
1474.73736868 0.01193191 0.03985980
1475.73786893 0.01175761 0.03969902
1476.73836918 0.01172318 0.03964776
1477.73886943 0.01196067 0.03993752
1478.73936968 0.01195796 0.03993226
1479.73986993 0.01198882 0.03990805
1480.74037019 0.01208536 0.03996751
1481.74087044 0.01215277 0.03994626
1482.74137069 0.01211102 0.03981209
1483.74187094 0.01205728 0.03965767
1484.74237119 0.01202594 0.03966970
1485.74287144 0.01203577 0.03976324
1486.74337169 0.01194974 0.03941264
1487.74387194 0.01194373 0.03944009
1488.74437219 0.01193470 0.03941541
1489.74487244 0.01186210 0.03906127
1490.74537269 0.01180117 0.03883415
1491.74587294 0.01167851 0.03850426
1492.74637319 0.01162124 0.03822300
1493.74687344 0.01155608 0.03794027
1494.74737369 0.01150396 0.03770778
1495.74787394 0.01147102 0.03754775
1496.74837419 0.01144200 0.03736688
1497.74887444 0.01142219 0.03732601
1498.74937469 0.01142034 0.03729536
1499.74987494 0.01141700 0.03725611
1500.75037519 0.01140748 0.03713735
1501.75087544 0.01135893 0.03698757
1502.75137569 0.01135386 0.03697896
1503.75187594 0.01127374 0.03684972
1504.75237619 0.01122002 0.03669854
1505.75287644 0.01118266 0.03659904
1506.75337669 0.01114725 0.03650197
1507.75387694 0.01107470 0.03639599
1508.75437719 0.01100750 0.03623505
1509.75487744 0.01095625 0.03611535
1510.75537769 0.01091441 0.03602486
1511.75587794 0.01086488 0.03591863
1512.75637819 0.01080862 0.03579298
1513.75687844 0.01075732 0.03568148
1514.75737869 0.01071729 0.03559201
1515.75787894 0.01068098 0.03549482
1516.75837919 0.01064742 0.03539605
1517.75887944 0.01059636 0.03528366
1518.75937969 0.01056684 0.03521798
1519.75987994 0.01052715 0.03516696
1520.76038019 0.01048788 0.03508679
1521.76088044 0.01043075 0.03498645
1522.76138069 0.01038730 0.03490117
1523.76188094 0.01034909 0.03482475
1524.76238119 0.01031587 0.03472952
1525.76288144 0.01027363 0.03461589
1526.76338169 0.01023717 0.03453193
1527.76388194 0.01023951 0.03446634
1528.76438219 0.01019324 0.03432405
1529.76488244 0.01008808 0.03417042
1530.76538269 0.01002394 0.03401040
1531.76588294 0.01002432 0.03392230
1532.76638319 0.00993310 0.03386227
1533.76688344 0.00988824 0.03377990
1534.76738369 0.00978673 0.03354714
1535.76788394 0.00976424 0.03351556
1536.76838419 0.00975244 0.03349303
1537.76888444 0.00970975 0.03338487
1538.76938469 0.00964183 0.03324681
1539.76988494 0.00959611 0.03315938
1540.77038519 0.00956765 0.03308945
1541.77088544 0.00949680 0.03293717
1542.77138569 0.00949344 0.03290937
1543.77188594 0.00943593 0.03284365
1544.77238619 0.00943401 0.03279419
1545.77288644 0.00945320 0.03284323
1546.77338669 0.00945821 0.03286977
1547.77388694 0.00958862 0.03299788
1548.77438719 0.00957185 0.03300960
1549.77488744 0.00951655 0.03293015
1550.77538769 0.00949157 0.03288173
1551.77588794 0.00945309 0.03281288
1552.77638819 0.00940905 0.03270389
1553.77688844 0.00937358 0.03261320
1554.77738869 0.00934699 0.03253442
1555.77788894 0.00932304 0.03245461
1556.77838919 0.00929775 0.03238261
1557.77888944 0.00926644 0.03230140
1558.77938969 0.00938505 0.03234663
1559.77988994 0.00935981 0.03228895
1560.78039020 0.00934871 0.03233904
1561.78089045 0.00929052 0.03226446
1562.78139070 0.00924870 0.03211482
1563.78189095 0.00922556 0.03206938
1564.78239120 0.00910857 0.03179906
1565.78289145 0.00904455 0.03160027
1566.78339170 0.00901712 0.03145635
1567.78389195 0.00897316 0.03131313
1568.78439220 0.00891786 0.03117362
1569.78489245 0.00885049 0.03102247
1570.78539270 0.00881245 0.03089670
1571.78589295 0.00878270 0.03081231
1572.78639320 0.00873942 0.03071849
1573.78689345 0.00870318 0.03063620
1574.78739370 0.00867667 0.03055304
1575.78789395 0.00865157 0.03047572
1576.78839420 0.00869118 0.03042343
1577.78889445 0.00862756 0.03033150
1578.78939470 0.00859240 0.03023876
1579.78989495 0.00853765 0.03016011
1580.79039520 0.00851337 0.03009016
1581.79089545 0.00849406 0.03003279
1582.79139570 0.00846625 0.02995190
1583.79189595 0.00843481 0.02987964
1584.79239620 0.00840939 0.02981675
1585.79289645 0.00854001 0.02993583
1586.79339670 0.00850228 0.02985211
1587.79389695 0.00844911 0.02975447
1588.79439720 0.00844595 0.02974932
1589.79489745 0.00843490 0.02973451
1590.79539770 0.00839879 0.02962163
1591.79589795 0.00837830 0.02956311
1592.79639820 0.00837519 0.02956350
1593.79689845 0.00834673 0.02942737
1594.79739870 0.00836513 0.02939734
1595.79789895 0.00836990 0.02937270
1596.79839920 0.00836362 0.02931736
1597.79889945 0.00875374 0.03060538
1598.79939970 0.00874076 0.03057120
1599.79989995 0.00875886 0.03065258
1600.80040020 0.00874008 0.03066210
1601.80090045 0.00873220 0.03069949
1602.80140070 0.00868287 0.03067348
1603.80190095 0.00866007 0.03059676
1604.80240120 0.00863816 0.03052855
1605.80290145 0.00861430 0.03046478
1606.80340170 0.00859060 0.03039722
1607.80390195 0.00854265 0.03015657
1608.80440220 0.00850945 0.03008426
1609.80490245 0.00850418 0.03004742
1610.80540270 0.00847818 0.02995047
1611.80590295 0.00845695 0.02985813
1612.80640320 0.00840297 0.02972540
1613.80690345 0.00832648 0.02960305
1614.80740370 0.00831260 0.02951555
1615.80790395 0.00830648 0.02941346
1616.80840420 0.00843626 0.02952233
1617.80890445 0.00836169 0.02933576
1618.80940470 0.00835028 0.02925211
1619.80990495 0.00833931 0.02919548
1620.81040520 0.00829901 0.02907746
1621.81090545 0.00826478 0.02900853
1622.81140570 0.00833003 0.02897285
1623.81190595 0.00829483 0.02887772
1624.81240620 0.00825249 0.02878669
1625.81290645 0.00822350 0.02871002
1626.81340670 0.00836529 0.02913432
1627.81390695 0.00812632 0.02836747
1628.81440720 0.00812920 0.02829310
1629.81490745 0.00811034 0.02828202
1630.81540770 0.00810936 0.02829758
1631.81590795 0.00808210 0.02825555
1632.81640820 0.00803574 0.02818918
1633.81690845 0.00804371 0.02814076
1634.81740870 0.00799919 0.02809474
1635.81790895 0.00799271 0.02803680
1636.81840920 0.00813290 0.02853007
1637.81890945 0.00811105 0.02854781
1638.81940970 0.00810504 0.02855230
1639.81990995 0.00824763 0.02867224
1640.82041021 0.00823467 0.02861621
1641.82091046 0.00817830 0.02852638
1642.82141071 0.00814668 0.02845833
1643.82191096 0.00812765 0.02838070
1644.82241121 0.00822299 0.02846952
1645.82291146 0.00818479 0.02838657
1646.82341171 0.00813583 0.02824454
1647.82391196 0.00812369 0.02819387
1648.82441221 0.00807265 0.02803240
1649.82491246 0.00803900 0.02789334
1650.82541271 0.00801413 0.02780609
1651.82591296 0.00798302 0.02771756
1652.82641321 0.00795283 0.02759297
1653.82691346 0.00789743 0.02738159
1654.82741371 0.00783077 0.02722272
1655.82791396 0.00786964 0.02721065
1656.82841421 0.00786395 0.02711706
1657.82891446 0.00784516 0.02701442
1658.82941471 0.00784206 0.02696030
1659.82991496 0.00786590 0.02697086
1660.83041521 0.00785786 0.02691382
1661.83091546 0.00781889 0.02679499
1662.83141571 0.00778600 0.02671010
1663.83191596 0.00776597 0.02667345
1664.83241621 0.00774605 0.02661255
1665.83291646 0.00771793 0.02653486
1666.83341671 0.00766282 0.02646282
1667.83391696 0.00765414 0.02643985
1668.83441721 0.00768073 0.02642688
1669.83491746 0.00767026 0.02636098
1670.83541771 0.00765778 0.02629996
1671.83591796 0.00762437 0.02624777
1672.83641821 0.00758743 0.02619570
1673.83691846 0.00756312 0.02611638
1674.83741871 0.00749518 0.02602905
1675.83791896 0.00765864 0.02626929
1676.83841921 0.00760467 0.02616186
1677.83891946 0.00755337 0.02604301
1678.83941971 0.00752834 0.02598325
1679.83991996 0.00748837 0.02592075
1680.84042021 0.00747908 0.02585508
1681.84092046 0.00743663 0.02575765
1682.84142071 0.00740965 0.02566748
1683.84192096 0.00738930 0.02563924
1684.84242121 0.00737880 0.02559744
1685.84292146 0.00736259 0.02554918
1686.84342171 0.00734729 0.02548513
1687.84392196 0.00732021 0.02541392
1688.84442221 0.00730574 0.02536953
1689.84492246 0.00728343 0.02531336
1690.84542271 0.00726237 0.02523874
1691.84592296 0.00715277 0.02495353
1692.84642321 0.00714930 0.02495888
1693.84692346 0.00715554 0.02494357
1694.84742371 0.00716538 0.02492542
1695.84792396 0.00717041 0.02491741
1696.84842421 0.00715200 0.02487187
1697.84892446 0.00710335 0.02483211
1698.84942471 0.00715127 0.02495776
1699.84992496 0.00718993 0.02513336
1700.85042521 0.00721779 0.02529934
1701.85092546 0.00720318 0.02535677
1702.85142571 0.00754949 0.02592449
1703.85192596 0.00756778 0.02602087
1704.85242621 0.00756925 0.02609447
1705.85292646 0.00753438 0.02609029
1706.85342671 0.00750973 0.02602325
1707.85392696 0.00749753 0.02599002
1708.85442721 0.00748740 0.02599893
1709.85492746 0.00748656 0.02588291
1710.85542771 0.00744859 0.02577621
1711.85592796 0.00750096 0.02597363
1712.85642821 0.00744566 0.02588712
1713.85692846 0.00742535 0.02580116
1714.85742871 0.00740775 0.02570033
1715.85792896 0.00738969 0.02558070
1716.85842921 0.00735600 0.02547517
1717.85892946 0.00718205 0.02476610
1718.85942971 0.00714019 0.02460854
1719.85992996 0.00710893 0.02444619
1720.86043022 0.00707979 0.02433352
1721.86093047 0.00706579 0.02429226
1722.86143072 0.00701134 0.02414304
1723.86193097 0.00696674 0.02403195
1724.86243122 0.00693353 0.02395795
1725.86293147 0.00691330 0.02392331
1726.86343172 0.00757397 0.02674717
1727.86393197 0.00753206 0.02646319
1728.86443222 0.00748299 0.02632580
1729.86493247 0.00744750 0.02623299
1730.86543272 0.00753849 0.02630052
1731.86593297 0.00753918 0.02617283
1732.86643322 0.00751138 0.02606072
1733.86693347 0.00741999 0.02600581
1734.86743372 0.00753227 0.02612320
1735.86793397 0.00752834 0.02609669
1736.86843422 0.00751922 0.02607910
1737.86893447 0.00751606 0.02603462
1738.86943472 0.00750914 0.02603533
1739.86993497 0.00746566 0.02601111
1740.87043522 0.00742681 0.02590769
1741.87093547 0.00741310 0.02583268
1742.87143572 0.00739420 0.02575655
1743.87193597 0.00737418 0.02572756
1744.87243622 0.00736948 0.02570200
1745.87293647 0.00732299 0.02557588
1746.87343672 0.00726522 0.02543587
1747.87393697 0.00728819 0.02540120
1748.87443722 0.00725601 0.02533766
1749.87493747 0.00720851 0.02519789
1750.87543772 0.00714839 0.02505685
1751.87593797 0.00712654 0.02499697
1752.87643822 0.00710774 0.02496886
1753.87693847 0.00708035 0.02488986
1754.87743872 0.00716330 0.02488994
1755.87793897 0.00709101 0.02480270
1756.87843922 0.00707454 0.02476965
1757.87893947 0.00705967 0.02470364
1758.87943972 0.00702918 0.02459440
1759.87993997 0.00700614 0.02453112
1760.88044022 0.00698053 0.02450434
1761.88094047 0.00691132 0.02437185
1762.88144072 0.00689600 0.02427464
1763.88194097 0.00683547 0.02419423
1764.88244122 0.00679678 0.02415988
1765.88294147 0.00675867 0.02411206
1766.88344172 0.00672248 0.02401506
1767.88394197 0.00666289 0.02391787
1768.88444222 0.00663068 0.02388262
1769.88494247 0.00660565 0.02384432
1770.88544272 0.00656337 0.02375344
1771.88594297 0.00652571 0.02366151
1772.88644322 0.00663271 0.02384997
1773.88694347 0.00659692 0.02378931
1774.88744372 0.00655121 0.02368816
1775.88794397 0.00651481 0.02358437
1776.88844422 0.00648506 0.02354681
1777.88894447 0.00667557 0.02400822
1778.88944472 0.00663615 0.02397961
1779.88994497 0.00660101 0.02380144
1780.89044522 0.00659937 0.02377676
1781.89094547 0.00661156 0.02389619
1782.89144572 0.00658496 0.02383866
1783.89194597 0.00656374 0.02369339
1784.89244622 0.00655316 0.02365711
1785.89294647 0.00654293 0.02368974
1786.89344672 0.00651749 0.02365212
1787.89394697 0.00648494 0.02350623
1788.89444722 0.00646191 0.02344714
1789.89494747 0.00644873 0.02345025
1790.89544772 0.00640907 0.02341606
1791.89594797 0.00639428 0.02339975
1792.89644822 0.00638762 0.02337372
1793.89694847 0.00636912 0.02346011
1794.89744872 0.00629905 0.02338736
1795.89794897 0.00626414 0.02322575
1796.89844922 0.00624619 0.02312584
1797.89894947 0.00624454 0.02317884
1798.89944972 0.00623583 0.02316572
1799.89994997 0.00620833 0.02307443
1800.90045023 0.00617748 0.02297783
1801.90095048 0.00615251 0.02296616
1802.90145073 0.00623697 0.02412779
1803.90195098 0.00618780 0.02382190
1804.90245123 0.00609726 0.02305832
1805.90295148 0.00608951 0.02315579
1806.90345173 0.00609759 0.02345446
1807.90395198 0.00607386 0.02340505
1808.90445223 0.00602379 0.02306500
1809.90495248 0.00599980 0.02294705
1810.90545273 0.00600346 0.02318031
1811.90595298 0.00597264 0.02310388
1812.90645323 0.00595072 0.02293704
1813.90695348 0.00593785 0.02285667
1814.90745373 0.00593314 0.02292492
1815.90795398 0.00591151 0.02284461
1816.90845423 0.00590527 0.02278090
1817.90895448 0.00586661 0.02277020
1818.90945473 0.00584987 0.02273495
1819.90995498 0.00583034 0.02267935
1820.91045523 0.00582235 0.02263988
1821.91095548 0.00580113 0.02260541
1822.91145573 0.00577683 0.02256060
1823.91195598 0.00576111 0.02251839
1824.91245623 0.00574644 0.02250725
1825.91295648 0.00605164 0.02347104
1826.91345673 0.00602554 0.02340522
1827.91395698 0.00598500 0.02326412
1828.91445723 0.00593386 0.02332666
1829.91495748 0.00587693 0.02311227
1830.91545773 0.00587937 0.02306377
1831.91595798 0.00589320 0.02313141
1832.91645823 0.00590960 0.02319185
1833.91695848 0.00580616 0.02308772
1834.91745873 0.00577283 0.02297722
1835.91795898 0.00587312 0.02305487
1836.91845923 0.00586203 0.02306896
1837.91895948 0.00584225 0.02300167
1838.91945973 0.00583408 0.02292205
1839.91995998 0.00583046 0.02289196
1840.92046023 0.00582815 0.02287023
1841.92096048 0.00584049 0.02288738
1842.92146073 0.00594940 0.02296735
1843.92196098 0.00596051 0.02298630
1844.92246123 0.00598737 0.02307824
1845.92296148 0.00619856 0.02358436
1846.92346173 0.00618296 0.02357791
1847.92396198 0.00612244 0.02343616
1848.92446223 0.00611093 0.02346465
1849.92496248 0.00610570 0.02346384
1850.92546273 0.00606876 0.02341005
1851.92596298 0.00662513 0.02643139
1852.92646323 0.00683092 0.02693531
1853.92696348 0.00687024 0.02721782
1854.92746373 0.00739741 0.02979661
1855.92796398 0.00736858 0.02963386
1856.92846423 0.00735914 0.02940948
1857.92896448 0.00721580 0.02830099
1858.92946473 0.00719580 0.02819389
1859.92996498 0.00716683 0.02792013
1860.93046523 0.00712331 0.02775889
1861.93096548 0.00710736 0.02762020
1862.93146573 0.00710750 0.02759959
1863.93196598 0.00708040 0.02757190
1864.93246623 0.00706978 0.02743098
1865.93296648 0.00700843 0.02716254
1866.93346673 0.00720618 0.02815931
1867.93396698 0.00719320 0.02804470
1868.93446723 0.00714053 0.02806057
1869.93496748 0.00714323 0.02800310
1870.93546773 0.00714613 0.02790916
1871.93596798 0.00706506 0.02769696
1872.93646823 0.00705657 0.02769825
1873.93696848 0.00703207 0.02768430
1874.93746873 0.00659584 0.02530857
1875.93796898 0.00652018 0.02516665
1876.93846923 0.00653046 0.02523406
1877.93896948 0.00652063 0.02524065
1878.93946973 0.00652825 0.02527822
1879.93996998 0.00650682 0.02517257
1880.94047024 0.00646160 0.02510249
1881.94097049 0.00644683 0.02507542
1882.94147074 0.00640349 0.02494018
1883.94197099 0.00638252 0.02488889
1884.94247124 0.00629720 0.02477164
1885.94297149 0.00609092 0.02429600
1886.94347174 0.00604613 0.02425178
1887.94397199 0.00601472 0.02410275
1888.94447224 0.00600555 0.02408208
1889.94497249 0.00602841 0.02425689
1890.94547274 0.00600822 0.02424156
1891.94597299 0.00604150 0.02443029
1892.94647324 0.00607074 0.02468679
1893.94697349 0.00615781 0.02521696
1894.94747374 0.00619336 0.02543345
1895.94797399 0.00620730 0.02557681
1896.94847424 0.00643495 0.02597682
1897.94897449 0.00643967 0.02601669
1898.94947474 0.00653074 0.02613061
1899.94997499 0.00650983 0.02607088
1900.95047524 0.00651100 0.02606525
1901.95097549 0.00647807 0.02593490
1902.95147574 0.00649434 0.02607488
1903.95197599 0.00668796 0.02634932
1904.95247624 0.00669688 0.02634900
1905.95297649 0.00639416 0.02473253
1906.95347674 0.00634062 0.02460174
1907.95397699 0.00631545 0.02459248
1908.95447724 0.00632828 0.02453306
1909.95497749 0.00627104 0.02423163
1910.95547774 0.00621457 0.02419981
1911.95597799 0.00623669 0.02441088
1912.95647824 0.00627656 0.02456641
1913.95697849 0.00631000 0.02470594
1914.95747874 0.00632661 0.02482566
1915.95797899 0.00634418 0.02488198
1916.95847924 0.00653670 0.02526564
1917.95897949 0.00679745 0.02596210
1918.95947974 0.00680635 0.02612238
1919.95997999 0.00677704 0.02600286
1920.96048024 0.00684430 0.02564387
1921.96098049 0.00685757 0.02573924
1922.96148074 0.00669609 0.02474144
1923.96198099 0.00664938 0.02447715
1924.96248124 0.00657757 0.02454961
1925.96298149 0.00658902 0.02474057
1926.96348174 0.00671426 0.02555024
1927.96398199 0.00672126 0.02558904
1928.96448224 0.00672648 0.02559120
1929.96498249 0.00674262 0.02571192
1930.96548274 0.00675729 0.02577256
1931.96598299 0.00671808 0.02554057
1932.96648324 0.00670966 0.02553118
1933.96698349 0.00673067 0.02555643
1934.96748374 0.00669254 0.02529585
1935.96798399 0.00666275 0.02515534
1936.96848424 0.00675194 0.02501800
1937.96898449 0.00672809 0.02480167
1938.96948474 0.00671251 0.02464795
1939.96998499 0.00668016 0.02443075
1940.97048524 0.00663793 0.02418859
1941.97098549 0.00660879 0.02403376
1942.97148574 0.00658885 0.02390039
1943.97198599 0.00657430 0.02376327
1944.97248624 0.00655349 0.02364936
1945.97298649 0.00644241 0.02337100
1946.97348674 0.00640339 0.02321389
1947.97398699 0.00636738 0.02304666
1948.97448724 0.00631082 0.02284428
1949.97498749 0.00627501 0.02268457
1950.97548774 0.00638599 0.02272115
1951.97598799 0.00630790 0.02258409
1952.97648824 0.00630840 0.02255733
1953.97698849 0.00631809 0.02252256
1954.97748874 0.00632913 0.02252883
1955.97798899 0.00634463 0.02253747
1956.97848924 0.00610832 0.02142514
1957.97898949 0.00606961 0.02108411
1958.97948974 0.00607274 0.02122210
1959.97998999 0.00608557 0.02134225
1960.98049025 0.00607815 0.02138356
1961.98099050 0.00603549 0.02125529
1962.98149075 0.00607500 0.02116332
1963.98199100 0.00603300 0.02104760
1964.98249125 0.00601810 0.02096420
1965.98299150 0.00597136 0.02082133
1966.98349175 0.00592753 0.02071065
1967.98399200 0.00591715 0.02067625
1968.98449225 0.00577423 0.02048091
1969.98499250 0.00574723 0.02041560
1970.98549275 0.00571197 0.02029021
1971.98599300 0.00590433 0.02071128
1972.98649325 0.00608385 0.02100754
1973.98699350 0.00604800 0.02089308
1974.98749375 0.00601758 0.02084358
1975.98799400 0.00600209 0.02081977
1976.98849425 0.00593720 0.02067050
1977.98899450 0.00589920 0.02049694
1978.98949475 0.00585746 0.02031799
1979.98999500 0.00579533 0.02013952
1980.99049525 0.00576774 0.02004085
1981.99099550 0.00561600 0.01901558
1982.99149575 0.00557465 0.01894578
1983.99199600 0.00550069 0.01890220
1984.99249625 0.00545873 0.01871655
1985.99299650 0.00542055 0.01861833
1986.99349675 0.00538696 0.01855031
1987.99399700 0.00536465 0.01850047
1988.99449725 0.00553963 0.01887940
1989.99499750 0.00552387 0.01884147
1990.99549775 0.00560056 0.01888571
1991.99599800 0.00552289 0.01877289
1992.99649825 0.00549357 0.01867377
1993.99699850 0.00548398 0.01862392
1994.99749875 0.00546301 0.01853745
1995.99799900 0.00549675 0.01859077
1996.99849925 0.00547200 0.01859702
1997.99899950 0.00547683 0.01859245
1998.99949975 0.00554133 0.01867691
2000.00000000 0.00553092 0.01872583
