0.00000000 3.00000000 0.00000040
1.00050025 3.02035162 0.01454545
2.00100050 3.02617245 0.03456443
3.00150075 3.00166535 0.05499413
4.00200100 2.97968186 0.09383664
5.00250125 2.97642006 0.14459581
6.00300150 2.96339726 0.19267626
7.00350175 2.93095267 0.22304104
8.00400200 2.91053727 0.26659238
9.00450225 2.90059336 0.29068825
10.00500250 2.87743499 0.31808445
11.00550275 2.84304412 0.35639847
12.00600300 2.82096466 0.37863134
13.00650325 2.80170007 0.39007714
14.00700350 2.77941913 0.42115757
15.00750375 2.75683076 0.43475101
16.00800400 2.73919603 0.46620045
17.00850425 2.71709372 0.49740459
18.00900450 2.70447140 0.50584459
19.00950475 2.67410678 0.54547776
20.01000500 2.65255950 0.56835769
21.01050525 2.62593118 0.58749935
22.01100550 2.61272930 0.59864767
23.01150575 2.59075082 0.62248317
24.01200600 2.57530449 0.63009865
25.01250625 2.56016450 0.64583647
26.01300650 2.54400455 0.65557538
27.01350675 2.52687296 0.66095208
28.01400700 2.52221707 0.66495574
29.01450725 2.51062414 0.67476966
30.01500750 2.49093037 0.68435706
31.01550775 2.47711265 0.69153149
32.01600800 2.46370160 0.69193115
33.01650825 2.45262294 0.69486607
34.01700850 2.43926201 0.69966644
35.01750875 2.41631767 0.71278534
36.01800900 2.40017819 0.71795108
37.01850925 2.38272208 0.72918351
38.01900950 2.36285512 0.73732587
39.01950975 2.34389509 0.74387906
40.02001001 2.33084438 0.74928495
41.02051026 2.31533387 0.75784152
42.02101051 2.29597065 0.77026222
43.02151076 2.28308173 0.77812896
44.02201101 2.26220289 0.79089814
45.02251126 2.24692002 0.80347108
46.02301151 2.22921950 0.81271153
47.02351176 2.21325279 0.82064019
48.02401201 2.18960303 0.82776729
49.02451226 2.17707517 0.83177651
50.02501251 2.16371774 0.83426600
51.02551276 2.14774807 0.83708254
52.02601301 2.13099808 0.83741670
53.02651326 2.11645420 0.84315977
54.02701351 2.10348219 0.84728993
55.02751376 2.08579951 0.85397560
56.02801401 2.07467937 0.85475662
57.02851426 2.05296773 0.85933661
58.02901451 2.03440626 0.86401834
59.02951476 2.01972934 0.87108738
60.03001501 2.00274897 0.87254946
61.03051526 1.98552815 0.87834184
62.03101551 1.96794496 0.88058098
63.03151576 1.95374871 0.88393303
64.03201601 1.93853215 0.89053076
65.03251626 1.92370686 0.89591025
66.03301651 1.90780823 0.89909076
67.03351676 1.88936682 0.90619230
68.03401701 1.87365501 0.91119247
69.03451726 1.85590688 0.91438516
70.03501751 1.84786735 0.91746263
71.03551776 1.83591978 0.92094551
72.03601801 1.82334864 0.92427571
73.03651826 1.80590504 0.92502355
74.03701851 1.78756776 0.93059218
75.03751876 1.77397960 0.92975094
76.03801901 1.76382544 0.93013372
77.03851926 1.75259376 0.92926776
78.03901951 1.74434562 0.92823739
79.03951976 1.73143499 0.92753813
80.04002001 1.70942826 0.92889999
81.04052026 1.68737770 0.92561515
82.04102051 1.66926064 0.92784634
83.04152076 1.65218900 0.93055768
84.04202101 1.64183522 0.93156804
85.04252126 1.62553019 0.93263711
86.04302151 1.61477047 0.93484724
87.04352176 1.60272887 0.93508254
88.04402201 1.58964865 0.94127118
89.04452226 1.57338749 0.93844061
90.04502251 1.56267918 0.93820414
91.04552276 1.54630786 0.94146398
92.04602301 1.53179224 0.94196041
93.04652326 1.51587464 0.94373736
94.04702351 1.50380722 0.94382211
95.04752376 1.49176237 0.94042691
96.04802401 1.47634949 0.93897467
97.04852426 1.46116449 0.93917751
98.04902451 1.45372727 0.94141128
99.04952476 1.44551701 0.94391242
100.05002501 1.43802841 0.94304528
101.05052526 1.42418867 0.93993989
102.05102551 1.41244099 0.93917892
103.05152576 1.40291698 0.93940487
104.05202601 1.39308932 0.93979327
105.05252626 1.38472320 0.93910466
106.05302651 1.37627509 0.93892823
107.05352676 1.36259219 0.93857030
108.05402701 1.35550991 0.93966450
109.05452726 1.34944599 0.94018452
110.05502751 1.33878189 0.93970624
111.05552776 1.32604427 0.93605235
112.05602801 1.31234292 0.93535058
113.05652826 1.29946030 0.93392355
114.05702851 1.28741427 0.93825631
115.05752876 1.27854947 0.93873716
116.05802901 1.26859379 0.93789715
117.05852926 1.25585487 0.93579664
118.05902951 1.24714434 0.93504211
119.05952976 1.23341657 0.92937919
120.06003002 1.22553320 0.92899100
121.06053027 1.21775226 0.92896760
122.06103052 1.20797662 0.92914742
123.06153077 1.20149904 0.92508169
124.06203102 1.19592533 0.92767586
125.06253127 1.18275897 0.92631682
126.06303152 1.17509101 0.92076361
127.06353177 1.16367721 0.92134413
128.06403202 1.15289737 0.91704620
129.06453227 1.14560594 0.91523173
130.06503252 1.13495275 0.91500700
131.06553277 1.12738503 0.91488314
132.06603302 1.11971396 0.91304206
133.06653327 1.11170223 0.90934153
134.06703352 1.09677648 0.90763331
135.06753377 1.08720029 0.90232958
136.06803402 1.07873609 0.90058244
137.06853427 1.07070210 0.90504527
138.06903452 1.06011010 0.90245152
139.06953477 1.04936117 0.90080495
140.07003502 1.04229727 0.90035988
141.07053527 1.02675739 0.89895430
142.07103552 1.01636058 0.89406483
143.07153577 1.00279832 0.88639222
144.07203602 0.99055522 0.88158588
145.07253627 0.98204619 0.87860952
146.07303652 0.97139708 0.87199916
147.07353677 0.96270333 0.86986305
148.07403702 0.95366660 0.86934413
149.07453727 0.94181050 0.86282193
150.07503752 0.93233515 0.85902270
151.07553777 0.92499367 0.85784761
152.07603802 0.91911998 0.85756782
153.07653827 0.91094613 0.85586851
154.07703852 0.90590821 0.85385229
155.07753877 0.89931228 0.85170392
156.07803902 0.89667991 0.85159280
157.07853927 0.89131091 0.85174669
158.07903952 0.88679279 0.85146322
159.07953977 0.88027688 0.85155075
160.08004002 0.87345325 0.85195215
161.08054027 0.86942078 0.85086430
162.08104052 0.86019453 0.84824754
163.08154077 0.85606580 0.84896857
164.08204102 0.84950054 0.84636498
165.08254127 0.84556373 0.84590575
166.08304152 0.83874757 0.84414302
167.08354177 0.83096215 0.84234940
168.08404202 0.82191464 0.84083211
169.08454227 0.81456415 0.83845379
170.08504252 0.80861111 0.84071871
171.08554277 0.80188656 0.83536876
172.08604302 0.79463260 0.83242816
173.08654327 0.78907578 0.83011112
174.08704352 0.78252201 0.82629263
175.08754377 0.77544209 0.82020463
176.08804402 0.76889100 0.81391764
177.08854427 0.76102242 0.81226735
178.08904452 0.75300342 0.81083322
179.08954477 0.74784872 0.80777136
180.09004502 0.74391498 0.80643619
181.09054527 0.73797214 0.80310983
182.09104552 0.73029078 0.79736375
183.09154577 0.72562363 0.79505307
184.09204602 0.71951128 0.79221383
185.09254627 0.71038581 0.78808364
186.09304652 0.70243255 0.78581336
187.09354677 0.69993051 0.78564085
188.09404702 0.69516601 0.78531677
189.09454727 0.69024255 0.78398736
190.09504752 0.68745629 0.77956762
191.09554777 0.68019139 0.77525035
192.09604802 0.67453789 0.77409238
193.09654827 0.66776554 0.77269449
194.09704852 0.65774714 0.76776652
195.09754877 0.65483308 0.76820223
196.09804902 0.64919835 0.76651348
197.09854927 0.64291263 0.76310927
198.09904952 0.63945969 0.76178550
199.09954977 0.63301917 0.76026927
200.10005003 0.62610353 0.75576185
201.10055028 0.61604197 0.74905712
202.10105053 0.61303197 0.74597711
203.10155078 0.60886126 0.74522170
204.10205103 0.60575321 0.74120782
205.10255128 0.60043279 0.73960284
206.10305153 0.59554513 0.73531350
207.10355178 0.59107935 0.73428657
208.10405203 0.58675559 0.73277083
209.10455228 0.58258709 0.73144840
210.10505253 0.57453826 0.72603998
211.10555278 0.56621346 0.71844388
212.10605303 0.56211006 0.71705381
213.10655328 0.56035953 0.71615447
214.10705353 0.55615119 0.71471261
215.10755378 0.55016708 0.70805800
216.10805403 0.54484017 0.70567105
217.10855428 0.53886889 0.69823892
218.10905453 0.53407591 0.69478245
219.10955478 0.52912981 0.69120282
220.11005503 0.52516711 0.68732402
221.11055528 0.51588019 0.67569743
222.11105553 0.50596715 0.66742583
223.11155578 0.49979216 0.65958321
224.11205603 0.49371996 0.65451846
225.11255628 0.49173296 0.65129946
226.11305653 0.48803121 0.64666402
227.11355678 0.48417156 0.64373669
228.11405703 0.47971438 0.64123282
229.11455728 0.47615806 0.63990841
230.11505753 0.47306858 0.63670826
231.11555778 0.46776202 0.63313517
232.11605803 0.46332868 0.62794141
233.11655828 0.45766636 0.62359907
234.11705853 0.45437916 0.62170312
235.11755878 0.45190891 0.62061978
236.11805903 0.44878270 0.61739147
237.11855928 0.44854445 0.62020128
238.11905953 0.44283959 0.61886739
239.11955978 0.43682758 0.61384406
240.12006003 0.43249118 0.61365986
241.12056028 0.42770345 0.61152302
242.12106053 0.42339127 0.60913950
243.12156078 0.41978835 0.60577722
244.12206103 0.41196517 0.59854985
245.12256128 0.40558500 0.58559246
246.12306153 0.40309911 0.58412067
247.12356178 0.40031430 0.58119533
248.12406203 0.39518142 0.57669243
249.12456228 0.38973629 0.57350309
250.12506253 0.38690209 0.57257594
251.12556278 0.38386664 0.57085685
252.12606303 0.38181237 0.56991387
253.12656328 0.37777420 0.56640625
254.12706353 0.37328303 0.56380635
255.12756378 0.37181210 0.56187101
256.12806403 0.36738885 0.56057748
257.12856428 0.36277908 0.55873953
258.12906453 0.36053564 0.55762641
259.12956478 0.35526815 0.55404275
260.13006503 0.35145615 0.54913108
261.13056528 0.34660902 0.54204271
262.13106553 0.34324245 0.53975436
263.13156578 0.34038050 0.53805402
264.13206603 0.33814428 0.53681556
265.13256628 0.33086160 0.52792974
266.13306653 0.32818042 0.52517404
267.13356678 0.32263423 0.52005811
268.13406703 0.31942651 0.51485709
269.13456728 0.31730148 0.51378654
270.13506753 0.31301969 0.50758510
271.13556778 0.31085274 0.50657078
272.13606803 0.30806806 0.50544500
273.13656828 0.30600274 0.50472117
274.13706853 0.30215413 0.50314433
275.13756878 0.29896567 0.50131440
276.13806903 0.29749708 0.50081405
277.13856928 0.29339686 0.49790978
278.13906953 0.29172308 0.49817587
279.13956978 0.28876222 0.49204202
280.14007004 0.28544792 0.49121094
281.14057029 0.28456933 0.49138691
282.14107054 0.28436873 0.49434750
283.14157079 0.28150655 0.49368049
284.14207104 0.28038084 0.49347011
285.14257129 0.27703944 0.48994240
286.14307154 0.27390134 0.48854197
287.14357179 0.27190713 0.48585766
288.14407204 0.27149553 0.48308150
289.14457229 0.26851324 0.48063023
290.14507254 0.26654528 0.47999677
291.14557279 0.26299996 0.47625323
292.14607304 0.26027576 0.47321309
293.14657329 0.25798786 0.46979646
294.14707354 0.25571683 0.46663785
295.14757379 0.25212371 0.46294830
296.14807404 0.25098859 0.46191586
297.14857429 0.25058348 0.46176084
298.14907454 0.24634365 0.45807602
299.14957479 0.24534205 0.45824337
300.15007504 0.24337283 0.45421134
301.15057529 0.23771620 0.44371021
302.15107554 0.23499619 0.44079951
303.15157579 0.23153429 0.43546286
304.15207604 0.23014282 0.43472536
305.15257629 0.22819853 0.43360716
306.15307654 0.22546869 0.43173332
307.15357679 0.22214432 0.42898484
308.15407704 0.22033992 0.42787764
309.15457729 0.21897984 0.42752746
310.15507754 0.21686329 0.42576990
311.15557779 0.21586511 0.42598764
312.15607804 0.21487851 0.42472331
313.15657829 0.21345943 0.42409993
314.15707854 0.21401412 0.42628890
315.15757879 0.21264143 0.42592224
316.15807904 0.20861410 0.42228603
317.15857929 0.20700136 0.42135634
318.15907954 0.20407802 0.41867368
319.15957979 0.20333065 0.41910440
320.16008004 0.20073775 0.41813209
321.16058029 0.19860930 0.41741721
322.16108054 0.19766316 0.41791295
323.16158079 0.19653957 0.41729626
324.16208104 0.19432846 0.41702703
325.16258129 0.19173671 0.41353117
326.16308154 0.18993280 0.41159200
327.16358179 0.18907647 0.40976690
328.16408204 0.18712225 0.40882607
329.16458229 0.18610451 0.40830745
330.16508254 0.18387955 0.40465804
331.16558279 0.18279623 0.40515872
332.16608304 0.18177515 0.40290508
333.16658329 0.17971530 0.40132531
334.16708354 0.17863508 0.39933589
335.16758379 0.17785763 0.39951038
336.16808404 0.17746676 0.40149192
337.16858429 0.17624544 0.39986237
338.16908454 0.17436443 0.39857521
339.16958479 0.17455335 0.40106952
340.17008504 0.17344932 0.40013298
341.17058529 0.17042431 0.39669275
342.17108554 0.16928811 0.39492782
343.17158579 0.16892944 0.39558134
344.17208604 0.16634262 0.38922150
345.17258629 0.16544741 0.38923987
346.17308654 0.16346569 0.38624203
347.17358679 0.16207402 0.38485888
348.17408704 0.16160832 0.38534798
349.17458729 0.15855152 0.38330819
350.17508754 0.15592722 0.38058106
351.17558779 0.15325773 0.37493363
352.17608804 0.15170739 0.37179455
353.17658829 0.14933648 0.37018419
354.17708854 0.14793516 0.36793829
355.17758879 0.14680154 0.36697132
356.17808904 0.14590820 0.36685558
357.17858929 0.14513879 0.36704468
358.17908954 0.14387851 0.36500414
359.17958979 0.14299674 0.36221682
360.18009005 0.14248037 0.36069454
361.18059030 0.14170750 0.35974092
362.18109055 0.13921864 0.35790229
363.18159080 0.13841477 0.35829206
364.18209105 0.13727995 0.35813813
365.18259130 0.13548352 0.35647764
366.18309155 0.13426100 0.35420878
367.18359180 0.13310976 0.35211898
368.18409205 0.13148733 0.34669572
369.18459230 0.13002144 0.34533434
370.18509255 0.12907965 0.34324597
371.18559280 0.12765916 0.34004562
372.18609305 0.12643505 0.33753876
373.18659330 0.12546435 0.33667304
374.18709355 0.12275125 0.32830110
375.18759380 0.12245451 0.32679451
376.18809405 0.12083491 0.32525385
377.18859430 0.11944693 0.32581306
378.18909455 0.11774200 0.32412962
379.18959480 0.11630980 0.32083117
380.19009505 0.11564874 0.32035115
381.19059530 0.11200710 0.31541938
382.19109555 0.11125723 0.31406647
383.19159580 0.10865181 0.30968987
384.19209605 0.10846041 0.31119674
385.19259630 0.10617995 0.30865356
386.19309655 0.10553749 0.30838667
387.19359680 0.10501230 0.30727434
388.19409705 0.10427234 0.30619110
389.19459730 0.10326002 0.30541153
390.19509755 0.09969796 0.28891824
391.19559780 0.09888028 0.28702604
392.19609805 0.09817984 0.28564825
393.19659830 0.09705956 0.28468403
394.19709855 0.09722950 0.28598460
395.19759880 0.09658558 0.28661100
396.19809905 0.09586071 0.28590434
397.19859930 0.09492314 0.28486952
398.19909955 0.09343511 0.28202210
399.19959980 0.09300652 0.28348867
400.20010005 0.09300918 0.28198986
401.20060030 0.09156082 0.27927490
402.20110055 0.09126457 0.27866244
403.20160080 0.09055697 0.27801822
404.20210105 0.08979187 0.27656661
405.20260130 0.08887711 0.27443736
406.20310155 0.08800594 0.27336921
407.20360180 0.08812636 0.27333451
408.20410205 0.08708214 0.27271097
409.20460230 0.08511645 0.26747077
410.20510255 0.08403033 0.26532587
411.20560280 0.08348315 0.26422051
412.20610305 0.08156924 0.25993857
413.20660330 0.08096499 0.25943516
414.20710355 0.08022081 0.25848104
415.20760380 0.07935123 0.25733758
416.20810405 0.07705193 0.25516927
417.20860430 0.07706742 0.25531527
418.20910455 0.07633218 0.25446521
419.20960480 0.07580639 0.25407372
420.21010505 0.07533537 0.25379574
421.21060530 0.07371713 0.24625679
422.21110555 0.07346298 0.24648778
423.21160580 0.07251284 0.24502117
424.21210605 0.07215866 0.24407012
425.21260630 0.07190957 0.24403618
426.21310655 0.07119282 0.24197977
427.21360680 0.07018573 0.24192638
428.21410705 0.06951521 0.24209906
429.21460730 0.06972793 0.24322976
430.21510755 0.06945909 0.24378255
431.21560780 0.06724063 0.23377027
432.21610805 0.06658984 0.23362291
433.21660830 0.06833307 0.23765329
434.21710855 0.06804491 0.23840573
435.21760880 0.06777619 0.23847426
436.21810905 0.06757125 0.23937777
437.21860930 0.06739411 0.23917794
438.21910955 0.06720725 0.23824905
439.21960980 0.06620685 0.23625479
440.22011006 0.06567258 0.23501524
441.22061031 0.06511676 0.23746785
442.22111056 0.06433137 0.23546901
443.22161081 0.06221182 0.22199342
444.22211106 0.06274163 0.22273795
445.22261131 0.06244634 0.22274509
446.22311156 0.06209923 0.22300718
447.22361181 0.06113410 0.22003369
448.22411206 0.06069077 0.21908206
449.22461231 0.06020603 0.21823437
450.22511256 0.05952656 0.21652109
451.22561281 0.05864256 0.21493968
452.22611306 0.05873678 0.21735533
453.22661331 0.05800249 0.21555176
454.22711356 0.05609288 0.20970089
455.22761381 0.05495289 0.20575093
456.22811406 0.05449632 0.20477761
457.22861431 0.05481811 0.20756377
458.22911456 0.05364315 0.20555362
459.22961481 0.05383022 0.20778991
460.23011506 0.05402936 0.21053947
461.23061531 0.05392314 0.21218785
462.23111556 0.05376160 0.21260257
463.23161581 0.05339879 0.21255715
464.23211606 0.05341710 0.21309532
465.23261631 0.05226594 0.20378790
466.23311656 0.05181995 0.20258038
467.23361681 0.05135629 0.20046920
468.23411706 0.05084637 0.19960630
469.23461731 0.04931122 0.19245525
470.23511756 0.04927879 0.19259529
471.23561781 0.04920926 0.19350292
472.23611806 0.04868468 0.19264758
473.23661831 0.04874353 0.19304579
474.23711856 0.04872458 0.19320636
475.23761881 0.04840323 0.19266088
476.23811906 0.04809345 0.19262010
477.23861931 0.04823352 0.19168784
478.23911956 0.04803796 0.19214327
479.23961981 0.04728210 0.18931120
480.24012006 0.04673678 0.18773250
481.24062031 0.04664228 0.18790749
482.24112056 0.04633171 0.18698285
483.24162081 0.04589426 0.18473303
484.24212106 0.04554498 0.18386617
485.24262131 0.04518146 0.18389358
486.24312156 0.04500491 0.18402233
487.24362181 0.04460125 0.18361554
488.24412206 0.04421484 0.18272417
489.24462231 0.04382825 0.18254502
490.24512256 0.04345064 0.18183510
491.24562281 0.04281548 0.18078350
492.24612306 0.04284877 0.18064345
493.24662331 0.04240362 0.17984975
494.24712356 0.04212449 0.17965383
495.24762381 0.04179748 0.17919946
496.24812406 0.04134331 0.17800000
497.24862431 0.04119776 0.17804249
498.24912456 0.04149146 0.17822385
499.24962481 0.04104888 0.17701189
500.25012506 0.04061558 0.17622689
501.25062531 0.04003502 0.17561598
502.25112556 0.03968758 0.17500913
503.25162581 0.03926767 0.17451069
504.25212606 0.03868375 0.17399016
505.25262631 0.03828319 0.17235750
506.25312656 0.03807027 0.17259219
507.25362681 0.03776590 0.17291532
508.25412706 0.03744005 0.17255236
509.25462731 0.03688119 0.17199387
510.25512756 0.03683881 0.17227739
511.25562781 0.03680316 0.17198281
512.25612806 0.03647652 0.17154581
513.25662831 0.03608450 0.17149083
514.25712856 0.03562127 0.16967594
515.25762881 0.03573796 0.17070922
516.25812906 0.03523792 0.16956103
517.25862931 0.03539302 0.16907800
518.25912956 0.03535986 0.16905295
519.25962981 0.03508884 0.16841521
520.26013007 0.03477260 0.16682082
521.26063032 0.03470493 0.16697982
522.26113057 0.03458018 0.16674889
523.26163082 0.03415657 0.16552928
524.26213107 0.03385540 0.16474623
525.26263132 0.03376529 0.16449948
526.26313157 0.03369570 0.16443224
527.26363182 0.03339673 0.16356892
528.26413207 0.03306366 0.16275355
529.26463232 0.03281101 0.16270880
530.26513257 0.03253455 0.16233334
531.26563282 0.03228270 0.16187358
532.26613307 0.03219869 0.16187222
533.26663332 0.03207858 0.16158215
534.26713357 0.03190808 0.16118030
535.26763382 0.03198882 0.16109721
536.26813407 0.03178221 0.16021225
537.26863432 0.03161287 0.16005565
538.26913457 0.03149756 0.16006309
539.26963482 0.03118167 0.15918992
540.27013507 0.03096413 0.15889833
541.27063532 0.03077153 0.15852067
542.27113557 0.03096885 0.15780629
543.27163582 0.03092938 0.15814051
544.27213607 0.03086375 0.15782399
545.27263632 0.03056947 0.15687123
546.27313657 0.03034772 0.15699335
547.27363682 0.03032045 0.15701193
548.27413707 0.03010922 0.15632516
549.27463732 0.02984951 0.15590827
550.27513757 0.02944951 0.15475949
551.27563782 0.02932823 0.15452263
552.27613807 0.02891136 0.15344566
553.27663832 0.02882004 0.15310590
554.27713857 0.02869960 0.15301929
555.27763882 0.02853794 0.15270952
556.27813907 0.02827225 0.15182231
557.27863932 0.02808766 0.15095423
558.27913957 0.02751350 0.15034713
559.27963982 0.02704555 0.14844682
560.28014007 0.02708181 0.14789490
561.28064032 0.02542483 0.13661787
562.28114057 0.02552453 0.13674934
563.28164082 0.02566037 0.13733570
564.28214107 0.02554280 0.13710634
565.28264132 0.02542477 0.13691526
566.28314157 0.02532088 0.13671819
567.28364182 0.02527068 0.13657297
568.28414207 0.02515503 0.13632381
569.28464232 0.02541118 0.13656356
570.28514257 0.02592939 0.13718348
571.28564282 0.02600922 0.13706494
572.28614307 0.02595679 0.13647500
573.28664332 0.02585298 0.13583827
574.28714357 0.02585793 0.13523403
575.28764382 0.02594130 0.13514212
576.28814407 0.02579446 0.13541889
577.28864432 0.02606966 0.13486646
578.28914457 0.02577630 0.13394255
579.28964482 0.02555677 0.13261054
580.29014507 0.02373974 0.12494786
581.29064532 0.02345460 0.12486478
582.29114557 0.02351093 0.12496818
583.29164582 0.02365881 0.12790964
584.29214607 0.02322974 0.12651659
585.29264632 0.02294982 0.12454735
586.29314657 0.02266687 0.12293431
587.29364682 0.02253270 0.12237550
588.29414707 0.02229716 0.12186723
589.29464732 0.02212068 0.12089540
590.29514757 0.02258888 0.12061367
591.29564782 0.02235228 0.11821665
592.29614807 0.02210876 0.11674445
593.29664832 0.02186862 0.11598454
594.29714857 0.02165347 0.11543582
595.29764882 0.02230686 0.11659784
596.29814907 0.02243683 0.11672068
597.29864932 0.02226461 0.11558559
598.29914957 0.02192184 0.11396256
599.29964982 0.02171041 0.11233752
600.30015008 0.02158549 0.11100759
601.30065033 0.02104816 0.10684613
602.30115058 0.02098104 0.10665126
603.30165083 0.02090165 0.10686921
604.30215108 0.02087135 0.10781519
605.30265133 0.02060733 0.10723963
606.30315158 0.02042107 0.10650719
607.30365183 0.02012238 0.10523150
608.30415208 0.02012628 0.10529146
609.30465233 0.01980633 0.10449472
610.30515258 0.01962318 0.10345058
611.30565283 0.01934944 0.10358268
612.30615308 0.01902298 0.10237178
613.30665333 0.01890576 0.10080606
614.30715358 0.01903059 0.10149587
615.30765383 0.01901849 0.10025251
616.30815408 0.01872687 0.09888619
617.30865433 0.01858482 0.09824287
618.30915458 0.01866539 0.10045795
619.30965483 0.01854537 0.09910818
620.31015508 0.01834576 0.09728936
621.31065533 0.01834871 0.09614125
622.31115558 0.01835304 0.09491605
623.31165583 0.01852366 0.09351467
624.31215608 0.01855721 0.09273073
625.31265633 0.01839174 0.09126170
626.31315658 0.01843458 0.09138806
627.31365683 0.01787443 0.08875505
628.31415708 0.01758696 0.08744643
629.31465733 0.01747400 0.08735509
630.31515758 0.01716968 0.08612639
631.31565783 0.01712174 0.08581256
632.31615808 0.01704420 0.08587350
633.31665833 0.01662881 0.08477655
634.31715858 0.01589915 0.08290126
635.31765883 0.01580172 0.08252712
636.31815908 0.01569075 0.08176684
637.31865933 0.01592468 0.08262698
638.31915958 0.01590827 0.08234904
639.31965983 0.01591550 0.08247836
640.32016008 0.01572108 0.08205800
641.32066033 0.01551147 0.08107409
642.32116058 0.01529264 0.08009140
643.32166083 0.01508347 0.07904361
644.32216108 0.01489303 0.07810413
645.32266133 0.01475393 0.07735378
646.32316158 0.01466370 0.07685851
647.32366183 0.01461280 0.07642371
648.32416208 0.01441679 0.07556899
649.32466233 0.01377655 0.07275711
650.32516258 0.01665454 0.11733174
651.32566283 0.01716734 0.11637364
652.32616308 0.01730404 0.11807803
653.32666333 0.01764767 0.11910649
654.32716358 0.01762339 0.12003692
655.32766383 0.01775279 0.12046043
656.32816408 0.01756012 0.11950955
657.32866433 0.01740036 0.11940348
658.32916458 0.01732512 0.11895898
659.32966483 0.01724109 0.11812824
660.33016508 0.01704073 0.11742839
661.33066533 0.01681091 0.11642892
662.33116558 0.01659119 0.11529806
663.33166583 0.01624708 0.11443416
664.33216608 0.01598896 0.11409841
665.33266633 0.01586386 0.11343584
666.33316658 0.01570317 0.11279510
667.33366683 0.01555129 0.11281082
668.33416708 0.01539962 0.11230608
669.33466733 0.01515757 0.11187057
670.33516758 0.01495870 0.11131113
671.33566783 0.01473575 0.11059269
672.33616808 0.01453545 0.11060753
673.33666833 0.01541919 0.11161226
674.33716858 0.01428432 0.10821679
675.33766883 0.01422893 0.10851913
676.33816908 0.01406994 0.10853906
677.33866933 0.01389419 0.10802938
678.33916958 0.01374720 0.10789065
679.33966983 0.01362546 0.10745943
680.34017009 0.01340324 0.10718115
681.34067034 0.01331841 0.10714754
682.34117059 0.01325283 0.10654361
683.34167084 0.01315974 0.10633620
684.34217109 0.01301496 0.10631339
685.34267134 0.01285090 0.10562988
686.34317159 0.01275515 0.10510105
687.34367184 0.01256672 0.10483067
688.34417209 0.01194375 0.10348849
689.34467234 0.01185405 0.10345442
690.34517259 0.01191990 0.10325225
691.34567284 0.01189551 0.10279781
692.34617309 0.01188820 0.10307860
693.34667334 0.01185251 0.10293951
694.34717359 0.01258021 0.10382053
695.34767384 0.01255088 0.10398489
696.34817409 0.01247772 0.10383501
697.34867434 0.01228448 0.10340902
698.34917459 0.01219386 0.10340803
699.34967484 0.01215292 0.10302976
700.35017509 0.01200325 0.10298971
701.35067534 0.01207880 0.10340493
702.35117559 0.01262450 0.10360426
703.35167584 0.01271632 0.10376212
704.35217609 0.01269863 0.10400854
705.35267634 0.01266785 0.10364274
706.35317659 0.01260987 0.10348342
707.35367684 0.01231503 0.10295046
708.35417709 0.01222657 0.10228340
709.35467734 0.01221537 0.10240349
710.35517759 0.01223070 0.10200096
711.35567784 0.01213497 0.10120449
712.35617809 0.01306024 0.12157206
713.35667834 0.01312047 0.12160589
714.35717859 0.01300168 0.11840787
715.35767884 0.01312058 0.12109891
716.35817909 0.01322751 0.12401459
717.35867934 0.01334267 0.12812715
718.35917959 0.01356739 0.13326725
719.35967984 0.01359250 0.13521949
720.36018009 0.01340954 0.13514040
721.36068034 0.01298872 0.13060653
722.36118059 0.01257714 0.12560675
723.36168084 0.01216521 0.11991465
724.36218109 0.01168094 0.11457009
725.36268134 0.01247465 0.11653303
726.36318159 0.01241299 0.11757962
727.36368184 0.01206280 0.11859386
728.36418209 0.01206110 0.11912202
729.36468234 0.01194760 0.11705947
730.36518259 0.01204779 0.11771468
731.36568284 0.01311020 0.12158170
732.36618309 0.01333009 0.12540753
733.36668334 0.01347450 0.12812479
734.36718359 0.01334685 0.12699908
735.36768384 0.01317246 0.12360222
736.36818409 0.01355811 0.11931798
737.36868434 0.01328652 0.11759487
738.36918459 0.01314180 0.11629474
739.36968484 0.01301859 0.11639497
740.37018509 0.01274856 0.11726615
741.37068534 0.01266338 0.11676173
742.37118559 0.01213453 0.11422990
743.37168584 0.01227361 0.11202375
744.37218609 0.01214511 0.11129782
745.37268634 0.01222465 0.11214092
746.37318659 0.01234103 0.11257402
747.37368684 0.01171189 0.11162598
748.37418709 0.01163069 0.11030404
749.37468734 0.01152727 0.10892857
750.37518759 0.01130903 0.10690533
751.37568784 0.01140060 0.10571235
752.37618809 0.01142702 0.10692830
753.37668834 0.01118403 0.10701043
754.37718859 0.01122184 0.10681754
755.37768884 0.01118825 0.10646971
756.37818909 0.01105271 0.10615229
757.37868934 0.01082532 0.10545339
758.37918959 0.01057340 0.10463581
759.37968984 0.01031371 0.10480156
760.38019010 0.01012813 0.10457073
761.38069035 0.00932458 0.08906909
762.38119060 0.00905854 0.08699089
763.38169085 0.00908601 0.08799022
764.38219110 0.00903077 0.08767897
765.38269135 0.00886775 0.08634512
766.38319160 0.00870921 0.08619461
767.38369185 0.00864010 0.08604237
768.38419210 0.00857501 0.08590426
769.38469235 0.00841416 0.08528047
770.38519260 0.00886002 0.08552789
771.38569285 0.00891071 0.08560641
772.38619310 0.00892651 0.08564866
773.38669335 0.00880594 0.08540118
774.38719360 0.00875726 0.08511093
775.38769385 0.00867918 0.08530100
776.38819410 0.00852432 0.08506294
777.38869435 0.00838617 0.08461322
778.38919460 0.00831360 0.08460403
779.38969485 0.00818930 0.08426235
780.39019510 0.00806799 0.08411241
781.39069535 0.00799119 0.08413368
782.39119560 0.00794630 0.08365664
783.39169585 0.00790189 0.08361458
784.39219610 0.00863167 0.08552364
785.39269635 0.00859645 0.08510589
786.39319660 0.00927925 0.08626215
787.39369685 0.00931627 0.08633944
788.39419710 0.00934386 0.08632506
789.39469735 0.00998720 0.08802256
790.39519760 0.01049136 0.08860120
791.39569785 0.01038462 0.08817278
792.39619810 0.01030211 0.08812855
793.39669835 0.01026373 0.08805217
794.39719860 0.00995461 0.08700233
795.39769885 0.00951197 0.08611861
796.39819910 0.00940174 0.08564860
797.39869935 0.00925954 0.08508937
798.39919960 0.00910094 0.08466755
799.39969985 0.00896757 0.08402382
800.40020010 0.00933141 0.08435401
801.40070035 0.00924665 0.08429262
802.40120060 0.00946582 0.08412500
803.40170085 0.00933830 0.08386673
804.40220110 0.00929421 0.08392354
805.40270135 0.00996891 0.08529811
806.40320160 0.00996052 0.08534274
807.40370185 0.00989851 0.08531257
808.40420210 0.00980317 0.08511278
809.40470235 0.00960494 0.08495378
810.40520260 0.00953561 0.08480061
811.40570285 0.00953477 0.08455345
812.40620310 0.00953854 0.08454095
813.40670335 0.00950026 0.08443101
814.40720360 0.00941752 0.08395829
815.40770385 0.00929120 0.08382016
816.40820410 0.00920510 0.08340127
817.40870435 0.00927380 0.08306087
818.40920460 0.00921358 0.08290140
819.40970485 0.01006096 0.08472405
820.41020510 0.00990502 0.08470241
821.41070535 0.00980227 0.08472418
822.41120560 0.00982018 0.08459380
823.41170585 0.00988083 0.08467855
824.41220610 0.00969729 0.08423247
825.41270635 0.00970609 0.08544589
826.41320660 0.00971422 0.08625225
827.41370685 0.01027322 0.08896527
828.41420710 0.01107865 0.09113149
829.41470735 0.01107208 0.09127156
830.41520760 0.01100106 0.09125029
831.41570785 0.01085127 0.09100168
832.41620810 0.01073077 0.09076434
833.41670835 0.01057913 0.08982443
834.41720860 0.01068899 0.09527567
835.41770885 0.01044360 0.09584173
836.41820910 0.01039805 0.09569120
837.41870935 0.01035622 0.09476696
838.41920960 0.01033276 0.09421145
839.41970985 0.01037048 0.09404877
840.42021011 0.01044013 0.09414215
841.42071036 0.01009908 0.09358431
842.42121061 0.00997743 0.09206289
843.42171086 0.00990539 0.08919830
844.42221111 0.01035332 0.08698960
845.42271136 0.01031458 0.08549249
846.42321161 0.01037934 0.08549465
847.42371186 0.01124169 0.08815141
848.42421211 0.01119645 0.08865504
849.42471236 0.01114974 0.08832576
850.42521261 0.01107371 0.08678919
851.42571286 0.01099662 0.08482531
852.42621311 0.01089666 0.08387419
853.42671336 0.01032243 0.07450809
854.42721361 0.01036056 0.07481377
855.42771386 0.01045313 0.07619290
856.42821411 0.00953050 0.06473668
857.42871436 0.00956585 0.06575106
858.42921461 0.00953185 0.06607246
859.42971486 0.00937827 0.06511877
860.43021511 0.00901783 0.06325966
861.43071536 0.00883687 0.06184391
862.43121561 0.00865229 0.06058687
863.43171586 0.00846736 0.05994056
864.43221611 0.00834837 0.05982913
865.43271636 0.00828684 0.05927198
866.43321661 0.00816906 0.05815366
867.43371686 0.00809189 0.05682218
868.43421711 0.00762981 0.05462286
869.43471736 0.00789739 0.05417714
870.43521761 0.00819344 0.05482793
871.43571786 0.00852861 0.05602205
872.43621811 0.00896012 0.06077555
873.43671836 0.00902727 0.06116595
874.43721861 0.00918592 0.06271658
875.43771886 0.00968319 0.06441494
876.43821911 0.01039752 0.06713643
877.43871936 0.01049581 0.06769166
878.43921961 0.01042750 0.06747348
879.43971986 0.01025165 0.06732706
880.44022011 0.00988659 0.06613831
881.44072036 0.00940502 0.06462929
882.44122061 0.00925883 0.06359136
883.44172086 0.00893232 0.06139802
884.44222111 0.00881532 0.06077002
885.44272136 0.00862855 0.05935078
886.44322161 0.00864275 0.05949897
887.44372186 0.00860788 0.05969745
888.44422211 0.00847833 0.05940615
889.44472236 0.00842128 0.05974866
890.44522261 0.00837910 0.05958229
891.44572286 0.00844920 0.05960098
892.44622311 0.00839225 0.05964049
893.44672336 0.00839372 0.05939797
894.44722361 0.00829507 0.05858270
895.44772386 0.00838095 0.05868299
896.44822411 0.00845740 0.05868374
897.44872436 0.00847087 0.05874315
898.44922461 0.00846469 0.05876360
899.44972486 0.00847845 0.05901189
900.45022511 0.00836530 0.05871205
901.45072536 0.00839861 0.05931593
902.45122561 0.00844195 0.06012991
903.45172586 0.00853734 0.06124924
904.45222611 0.00871643 0.06186684
905.45272636 0.00852378 0.06199365
906.45322661 0.00893741 0.06365477
907.45372686 0.00941565 0.06526903
908.45422711 0.01018018 0.06818080
909.45472736 0.01030790 0.06848121
910.45522761 0.01026667 0.06837959
911.45572786 0.01020794 0.06780894
912.45622811 0.01054356 0.06782611
913.45672836 0.01040673 0.06700808
914.45722861 0.01017130 0.06589307
915.45772886 0.00999660 0.06485886
916.45822911 0.00975898 0.06389918
917.45872936 0.00957396 0.06322650
918.45922961 0.00886748 0.06128687
919.45972986 0.00851426 0.06039392
920.46023012 0.00850665 0.05992028
921.46073037 0.00856192 0.05974646
922.46123062 0.00848224 0.05955220
923.46173087 0.00856324 0.05972907
924.46223112 0.00806709 0.05862671
925.46273137 0.00787251 0.05814938
926.46323162 0.00788605 0.05798275
927.46373187 0.00781481 0.05786570
928.46423212 0.00770877 0.05772183
929.46473237 0.00768374 0.05759168
930.46523262 0.00766216 0.05746901
931.46573287 0.00761459 0.05745992
932.46623312 0.00748428 0.05720096
933.46673337 0.00736687 0.05687273
934.46723362 0.00733478 0.05668331
935.46773387 0.00720958 0.05643927
936.46823412 0.00718519 0.05640723
937.46873437 0.00788898 0.05865396
938.46923462 0.00790306 0.05862975
939.46973487 0.00788053 0.05882688
940.47023512 0.00787233 0.05906335
941.47073537 0.00790666 0.05907572
942.47123562 0.00790231 0.05904601
943.47173587 0.00776426 0.05892161
944.47223612 0.00786909 0.05894081
945.47273637 0.00786392 0.05887609
946.47323662 0.00789226 0.05886069
947.47373687 0.00783372 0.05861194
948.47423712 0.00772190 0.05822603
949.47473737 0.00779663 0.05818560
950.47523762 0.00781544 0.05798634
951.47573787 0.00779181 0.05790754
952.47623812 0.00816930 0.05899405
953.47673837 0.00809556 0.05868092
954.47723862 0.00898825 0.06134486
955.47773887 0.00908350 0.06171186
956.47823912 0.00900257 0.06148860
957.47873937 0.00885790 0.06112788
958.47923962 0.00888729 0.06118947
959.47973987 0.00955684 0.06299551
960.48024012 0.00923661 0.06184871
961.48074037 0.00983164 0.06434015
962.48124062 0.00951534 0.06335786
963.48174087 0.00961207 0.06417251
964.48224112 0.00962903 0.06504732
965.48274137 0.00931148 0.06461210
966.48324162 0.00924753 0.06492873
967.48374187 0.00923259 0.06523888
968.48424212 0.00913518 0.06550377
969.48474237 0.00906475 0.06523435
970.48524262 0.00902804 0.06471438
971.48574287 0.00913900 0.06407020
972.48624312 0.00903148 0.06285385
973.48674337 0.00861247 0.06055010
974.48724362 0.00841680 0.05960220
975.48774387 0.00835095 0.05921788
976.48824412 0.00829313 0.05921622
977.48874437 0.00800696 0.05818467
978.48924462 0.00794657 0.05827509
979.48974487 0.00813624 0.06331100
980.49024512 0.00813047 0.06575636
981.49074537 0.00629799 0.03569811
982.49124562 0.00618592 0.03505528
983.49174587 0.00681342 0.03832472
984.49224612 0.00661523 0.03779142
985.49274637 0.00661434 0.03762501
986.49324662 0.00721681 0.03916952
987.49374687 0.00722116 0.03884011
988.49424712 0.00716121 0.03846504
989.49474737 0.00708684 0.03798519
990.49524762 0.00696832 0.03731768
991.49574787 0.00687382 0.03694442
992.49624812 0.00674701 0.03669154
993.49674837 0.00666545 0.03638135
994.49724862 0.00658298 0.03590149
995.49774887 0.00658716 0.03536500
996.49824912 0.00642175 0.03432297
997.49874937 0.00624827 0.03337188
998.49924962 0.00657368 0.03547713
999.49974987 0.00694672 0.03639630
1000.50025013 0.00682016 0.03573302
1001.50075038 0.00677362 0.03549411
1002.50125063 0.00672715 0.03527070
1003.50175088 0.00669874 0.03509394
1004.50225113 0.00669843 0.03496010
1005.50275138 0.00664560 0.03442951
1006.50325163 0.00649112 0.03362019
1007.50375188 0.00632032 0.03284825
1008.50425213 0.00628428 0.03272529
1009.50475238 0.00631914 0.03267715
1010.50525263 0.00683233 0.03527650
1011.50575288 0.00685973 0.03535537
1012.50625313 0.00672804 0.03451735
1013.50675338 0.00672504 0.03424283
1014.50725363 0.00653591 0.03345401
1015.50775388 0.00621343 0.03254987
1016.50825413 0.00618069 0.03252799
1017.50875438 0.00609832 0.03226444
1018.50925463 0.00609950 0.03144604
1019.50975488 0.00620939 0.03197710
1020.51025513 0.00629383 0.03261359
1021.51075538 0.00639466 0.03305749
1022.51125563 0.00630822 0.03268224
1023.51175588 0.00611350 0.03194856
1024.51225613 0.00596558 0.03138502
1025.51275638 0.00581886 0.03055034
1026.51325663 0.00573712 0.03017467
1027.51375688 0.00566246 0.03013242
1028.51425713 0.00543775 0.02876030
1029.51475738 0.00539431 0.02870961
1030.51525763 0.00531826 0.02870759
1031.51575788 0.00505055 0.02775695
1032.51625813 0.00482370 0.02674065
1033.51675838 0.00478019 0.02663822
1034.51725863 0.00473198 0.02675719
1035.51775888 0.00467801 0.02648998
1036.51825913 0.00468894 0.02621375
1037.51875938 0.00475228 0.02641522
1038.51925963 0.00476684 0.02656381
1039.51975988 0.00470951 0.02635318
1040.52026013 0.00464666 0.02610067
1041.52076038 0.00510414 0.03198267
1042.52126063 0.00600099 0.03823259
1043.52176088 0.00587990 0.03729611
1044.52226113 0.00608005 0.03773203
1045.52276138 0.00618680 0.03789039
1046.52326163 0.00703033 0.04211725
1047.52376188 0.00708261 0.04290019
1048.52426213 0.00725049 0.04471044
1049.52476238 0.00838315 0.05114007
1050.52526263 0.00847976 0.05177359
1051.52576288 0.00853959 0.05214807
1052.52626313 0.00855818 0.05193252
1053.52676338 0.00859773 0.05189361
1054.52726363 0.00849358 0.05101249
1055.52776388 0.00830310 0.05000089
1056.52826413 0.00813818 0.04884590
1057.52876438 0.00782729 0.04720005
1058.52926463 0.00758783 0.04569685
1059.52976488 0.00734159 0.04404605
1060.53026513 0.00710270 0.04251270
1061.53076538 0.00686087 0.04105046
1062.53126563 0.00626798 0.03849447
1063.53176588 0.00555296 0.03394142
1064.53226613 0.00550822 0.03348311
1065.53276638 0.00553262 0.03377628
1066.53326663 0.00551927 0.03406657
1067.53376688 0.00548942 0.03414591
1068.53426713 0.00549465 0.03452416
1069.53476738 0.00551136 0.03436815
1070.53526763 0.00542356 0.03406979
1071.53576788 0.00540425 0.03401974
1072.53626813 0.00513370 0.03026580
1073.53676838 0.00475184 0.02803313
1074.53726863 0.00464692 0.02703168
1075.53776888 0.00463679 0.02657794
1076.53826913 0.00449192 0.02523766
1077.53876938 0.00434293 0.02386951
1078.53926963 0.00424312 0.02303714
1079.53976988 0.00414903 0.02234927
1080.54027014 0.00406751 0.02172345
1081.54077039 0.00397275 0.02118484
1082.54127064 0.00401756 0.02104648
1083.54177089 0.00389074 0.02061410
1084.54227114 0.00378077 0.02014127
1085.54277139 0.00370504 0.01984272
1086.54327164 0.00352805 0.01940013
1087.54377189 0.00343024 0.01934172
1088.54427214 0.00347400 0.01952168
1089.54477239 0.00347950 0.01957447
1090.54527264 0.00429367 0.02693815
1091.54577289 0.00441002 0.02790678
1092.54627314 0.00436732 0.02777842
1093.54677339 0.00427506 0.02709503
1094.54727364 0.00482128 0.02984616
1095.54777389 0.00563240 0.03554582
1096.54827414 0.00545187 0.03438891
1097.54877439 0.00532514 0.03383269
1098.54927464 0.00527392 0.03365042
1099.54977489 0.00520274 0.03331715
1100.55027514 0.00515997 0.03336599
1101.55077539 0.00534838 0.03269994
1102.55127564 0.00520428 0.03222294
1103.55177589 0.00516331 0.03206504
1104.55227614 0.00515495 0.03202601
1105.55277639 0.00514493 0.03184465
1106.55327664 0.00509286 0.03152608
1107.55377689 0.00489749 0.02988802
1108.55427714 0.00483580 0.02892369
1109.55477739 0.00489762 0.03021223
1110.55527764 0.00466418 0.02806531
1111.55577789 0.00457365 0.02764741
1112.55627814 0.00451486 0.02752432
1113.55677839 0.00451301 0.02807889
1114.55727864 0.00453961 0.02847331
1115.55777889 0.00455028 0.02859596
1116.55827914 0.00456243 0.02870928
1117.55877939 0.00453841 0.02835612
1118.55927964 0.00456072 0.02863471
1119.55977989 0.00459187 0.02862351
1120.56028014 0.00457103 0.02824251
1121.56078039 0.00454076 0.02799959
1122.56128064 0.00443242 0.02731757
1123.56178089 0.00441849 0.02722344
1124.56228114 0.00430816 0.02678186
1125.56278139 0.00421041 0.02635381
1126.56328164 0.00417271 0.02637566
1127.56378189 0.00411643 0.02626306
1128.56428214 0.00407421 0.02627633
1129.56478239 0.00403298 0.02622211
1130.56528264 0.00396327 0.02596404
1131.56578289 0.00393311 0.02596550
1132.56628314 0.00366615 0.02307900
1133.56678339 0.00447544 0.02951128
1134.56728364 0.00435871 0.02891929
1135.56778389 0.00434480 0.02949945
1136.56828414 0.00422619 0.02842836
1137.56878439 0.00415420 0.02769253
1138.56928464 0.00423513 0.02907741
1139.56978489 0.00435171 0.02989463
1140.57028514 0.00456981 0.03028323
1141.57078539 0.00463130 0.03009020
1142.57128564 0.00467334 0.03045955
1143.57178589 0.00467364 0.03060358
1144.57228614 0.00476502 0.03053001
1145.57278639 0.00477454 0.03063364
1146.57328664 0.00460857 0.02963607
1147.57378689 0.00459495 0.02955474
1148.57428714 0.00452908 0.02882216
1149.57478739 0.00459170 0.02835091
1150.57528764 0.00449972 0.02798880
1151.57578789 0.00443864 0.02767785
1152.57628814 0.00436199 0.02718827
1153.57678839 0.00423053 0.02673567
1154.57728864 0.00504545 0.03216905
1155.57778889 0.00520697 0.03295709
1156.57828914 0.00521559 0.03356198
1157.57878939 0.00537436 0.03496522
1158.57928964 0.00464443 0.02787298
1159.57978989 0.00539559 0.03225085
1160.58029015 0.00592487 0.03437530
1161.58079040 0.00599357 0.03517157
1162.58129065 0.00622380 0.03755374
1163.58179090 0.00627121 0.03815011
1164.58229115 0.00622901 0.03779655
1165.58279140 0.00686116 0.04007608
1166.58329165 0.00687093 0.04024049
1167.58379190 0.00679964 0.03945481
1168.58429215 0.00664875 0.03865936
1169.58479240 0.00735652 0.04171079
1170.58529265 0.00737483 0.04163064
1171.58579290 0.00733941 0.04150410
1172.58629315 0.00721839 0.04074287
1173.58679340 0.00708156 0.03990961
1174.58729365 0.00697623 0.03904069
1175.58779390 0.00680246 0.03779612
1176.58829415 0.00656298 0.03667345
1177.58879440 0.00642107 0.03608204
1178.58929465 0.00631442 0.03581015
1179.58979490 0.00583558 0.03327236
1180.59029515 0.00567646 0.03230888
1181.59079540 0.00552180 0.03162558
1182.59129565 0.00549204 0.03118815
1183.59179590 0.00550947 0.03108375
1184.59229615 0.00553689 0.03102838
1185.59279640 0.00558398 0.03169046
1186.59329665 0.00560041 0.03185157
1187.59379690 0.00570031 0.03201332
1188.59429715 0.00579017 0.03246574
1189.59479740 0.00587064 0.03253748
1190.59529765 0.00597320 0.03252199
1191.59579790 0.00584989 0.03205629
1192.59629815 0.00589596 0.03189467
1193.59679840 0.00592218 0.03185798
1194.59729865 0.00584317 0.03158166
1195.59779890 0.00581855 0.03157125
1196.59829915 0.00577269 0.03156114
1197.59879940 0.00568546 0.03134629
1198.59929965 0.00557868 0.03106819
1199.59979990 0.00550107 0.03085302
1200.60030015 0.00544864 0.03068301
1201.60080040 0.00536756 0.03021952
1202.60130065 0.00693920 0.03967361
1203.60180090 0.00674165 0.04031719
1204.60230115 0.00662386 0.03971440
1205.60280140 0.00653626 0.04042449
1206.60330165 0.00632424 0.03931957
1207.60380190 0.00626399 0.03910288
1208.60430215 0.00636913 0.04018526
1209.60480240 0.00645426 0.04036764
1210.60530265 0.00644258 0.04033992
1211.60580290 0.00649074 0.04031973
1212.60630315 0.00659585 0.04146613
1213.60680340 0.00661728 0.04241503
1214.60730365 0.00640027 0.04017206
1215.60780390 0.00622981 0.03977697
1216.60830415 0.00622207 0.04029055
1217.60880440 0.00621486 0.04019894
1218.60930465 0.00615051 0.03993029
1219.60980490 0.00599451 0.03875697
1220.61030515 0.00588793 0.03830790
1221.61080540 0.00578195 0.03819074
1222.61130565 0.00572634 0.03822791
1223.61180590 0.00556943 0.03775166
1224.61230615 0.00551680 0.03667130
1225.61280640 0.00564898 0.03696099
1226.61330665 0.00567895 0.03776201
1227.61380690 0.00573910 0.03818741
1228.61430715 0.00585413 0.03826442
1229.61480740 0.00593430 0.03799450
1230.61530765 0.00594579 0.03772394
1231.61580790 0.00591981 0.03751692
1232.61630815 0.00586510 0.03723673
1233.61680840 0.00675333 0.04249187
1234.61730865 0.00671825 0.04293713
1235.61780890 0.00662875 0.04315589
1236.61830915 0.00655795 0.04328699
1237.61880940 0.00655002 0.04403275
1238.61930965 0.00651180 0.04439285
1239.61980990 0.00645717 0.04479218
1240.62031016 0.00642465 0.04499612
1241.62081041 0.00633293 0.04464501
1242.62131066 0.00624640 0.04350924
1243.62181091 0.00611537 0.04167009
1244.62231116 0.00595441 0.03984357
1245.62281141 0.00575091 0.03790654
1246.62331166 0.00618730 0.03878477
1247.62381191 0.00613328 0.03880235
1248.62431216 0.00608157 0.03906863
1249.62481241 0.00610863 0.03987516
1250.62531266 0.00613532 0.04072634
1251.62581291 0.00579646 0.03739177
1252.62631316 0.00555894 0.03619463
1253.62681341 0.00554851 0.03662365
1254.62731366 0.00560596 0.03739136
1255.62781391 0.00552631 0.03723117
1256.62831416 0.00538338 0.03682160
1257.62881441 0.00528139 0.03665154
1258.62931466 0.00511835 0.03613460
1259.62981491 0.00472416 0.03437790
1260.63031516 0.00472203 0.03414884
1261.63081541 0.00468017 0.03329158
1262.63131566 0.00461171 0.03277222
1263.63181591 0.00466193 0.03291540
1264.63231616 0.00462267 0.03220833
1265.63281641 0.00459877 0.03198829
1266.63331666 0.00456871 0.03223668
1267.63381691 0.00479457 0.03320626
1268.63431716 0.00493510 0.03399122
1269.63481741 0.00499834 0.03413658
1270.63531766 0.00496361 0.03367798
1271.63581791 0.00494903 0.03327438
1272.63631816 0.00486764 0.03271497
1273.63681841 0.00477325 0.03235040
1274.63731866 0.00470336 0.03220290
1275.63781891 0.00463845 0.03182798
1276.63831916 0.00456185 0.03127929
1277.63881941 0.00445698 0.03053759
1278.63931966 0.00374789 0.02556415
1279.63981991 0.00364386 0.02498711
1280.64032016 0.00353379 0.02451827
1281.64082041 0.00346493 0.02451936
1282.64132066 0.00338702 0.02455948
1283.64182091 0.00331213 0.02447549
1284.64232116 0.00330246 0.02435910
1285.64282141 0.00326273 0.02399380
1286.64332166 0.00325182 0.02352793
1287.64382191 0.00322455 0.02305366
1288.64432216 0.00319709 0.02275149
1289.64482241 0.00314061 0.02269409
1290.64532266 0.00312625 0.02270337
1291.64582291 0.00309639 0.02280653
1292.64632316 0.00309776 0.02286063
1293.64682341 0.00399217 0.03024424
1294.64732366 0.00407297 0.03144194
1295.64782391 0.00491625 0.03672697
1296.64832416 0.00481315 0.03550525
1297.64882441 0.00477575 0.03544187
1298.64932466 0.00473679 0.03596671
1299.64982491 0.00467393 0.03589557
1300.65032516 0.00462582 0.03532646
1301.65082541 0.00461862 0.03515604
1302.65132566 0.00569676 0.04226707
1303.65182591 0.00579039 0.04272765
1304.65232616 0.00580924 0.04277964
1305.65282641 0.00581746 0.04269612
1306.65332666 0.00607950 0.04271599
1307.65382691 0.00602160 0.04171244
1308.65432716 0.00592556 0.04067375
1309.65482741 0.00585586 0.03989954
1310.65532766 0.00580312 0.03917145
1311.65582791 0.00627184 0.04050889
1312.65632816 0.00624229 0.04019053
1313.65682841 0.00621736 0.04006700
1314.65732866 0.00615372 0.04003250
1315.65782891 0.00623095 0.04147019
1316.65832916 0.00693336 0.04459397
1317.65882941 0.00684884 0.04420842
1318.65932966 0.00688298 0.04490005
1319.65982991 0.00699714 0.04524631
1320.66033017 0.00698420 0.04630408
1321.66083042 0.00699177 0.04685166
1322.66133067 0.00696430 0.04714801
1323.66183092 0.00710107 0.04768348
1324.66233117 0.00718728 0.04875708
1325.66283142 0.00715464 0.04780488
1326.66333167 0.00714915 0.04685583
1327.66383192 0.00709777 0.04571376
1328.66433217 0.00696402 0.04565340
1329.66483242 0.00700443 0.04529873
1330.66533267 0.00670592 0.04295796
1331.66583292 0.00650511 0.04188188
1332.66633317 0.00644810 0.04208941
1333.66683342 0.00623566 0.04141141
1334.66733367 0.00613770 0.04051110
1335.66783392 0.00597842 0.03992769
1336.66833417 0.00618811 0.04024407
1337.66883442 0.00618303 0.03993554
1338.66933467 0.00639672 0.04012337
1339.66983492 0.00638166 0.04016891
1340.67033517 0.00725442 0.04470069
1341.67083542 0.00708192 0.04416868
1342.67133567 0.00705706 0.04413187
1343.67183592 0.00655162 0.04109302
1344.67233617 0.00628393 0.04004716
1345.67283642 0.00625512 0.03997588
1346.67333667 0.00627425 0.04053797
1347.67383692 0.00625056 0.04040962
1348.67433717 0.00615349 0.03974207
1349.67483742 0.00608819 0.03936004
1350.67533767 0.00596908 0.03905420
1351.67583792 0.00578946 0.03830560
1352.67633817 0.00574733 0.03799519
1353.67683842 0.00577080 0.03804992
1354.67733867 0.00567582 0.03785876
1355.67783892 0.00566113 0.03803508
1356.67833917 0.00559339 0.03760775
1357.67883942 0.00548210 0.03703475
1358.67933967 0.00541488 0.03679386
1359.67983992 0.00533882 0.03649732
1360.68034017 0.00540718 0.03654457
1361.68084042 0.00538386 0.03632721
1362.68134067 0.00607440 0.03961558
1363.68184092 0.00605045 0.04003595
1364.68234117 0.00632483 0.04070359
1365.68284142 0.00634894 0.04068302
1366.68334167 0.00631451 0.04033606
1367.68384192 0.00627889 0.04010667
1368.68434217 0.00618542 0.03956474
1369.68484242 0.00613759 0.03881998
1370.68534267 0.00604845 0.03829117
1371.68584292 0.00591127 0.03793596
1372.68634317 0.00588317 0.03778752
1373.68684342 0.00587618 0.03736196
1374.68734367 0.00580205 0.03669552
1375.68784392 0.00567291 0.03620560
1376.68834417 0.00550005 0.03574036
1377.68884442 0.00542925 0.03531070
1378.68934467 0.00539815 0.03503249
1379.68984492 0.00538360 0.03493068
1380.69034517 0.00534410 0.03486639
1381.69084542 0.00537998 0.03514372
1382.69134567 0.00480852 0.02975355
1383.69184592 0.00463331 0.02862725
1384.69234617 0.00451603 0.02836693
1385.69284642 0.00450336 0.02946789
1386.69334667 0.00436970 0.02834118
1387.69384692 0.00417762 0.02693471
1388.69434717 0.00429959 0.02764374
1389.69484742 0.00428435 0.02806167
1390.69534767 0.00421709 0.02792242
1391.69584792 0.00408261 0.02711676
1392.69634817 0.00394162 0.02612931
1393.69684842 0.00383067 0.02564366
1394.69734867 0.00372549 0.02493202
1395.69784892 0.00362735 0.02395173
1396.69834917 0.00356250 0.02339686
1397.69884942 0.00351522 0.02302128
1398.69934967 0.00408774 0.02666588
1399.69984992 0.00401579 0.02638290
1400.70035018 0.00398927 0.02683501
1401.70085043 0.00398080 0.02746521
1402.70135068 0.00392706 0.02761406
1403.70185093 0.00381186 0.02703588
1404.70235118 0.00374605 0.02651858
1405.70285143 0.00374644 0.02639629
1406.70335168 0.00369263 0.02627858
1407.70385193 0.00365043 0.02604812
1408.70435218 0.00354114 0.02563468
1409.70485243 0.00347163 0.02525478
1410.70535268 0.00340640 0.02485781
1411.70585293 0.00412423 0.03007362
1412.70635318 0.00403587 0.02954126
1413.70685343 0.00396525 0.02901258
1414.70735368 0.00401090 0.02977067
1415.70785393 0.00403919 0.03013046
1416.70835418 0.00396851 0.02974276
1417.70885443 0.00395020 0.02953226
1418.70935468 0.00393122 0.02938338
1419.70985493 0.00388291 0.02946998
1420.71035518 0.00391837 0.02898172
1421.71085543 0.00394687 0.02860111
1422.71135568 0.00406292 0.02938943
1423.71185593 0.00418738 0.03123098
1424.71235618 0.00391454 0.02809686
1425.71285643 0.00392559 0.02847297
1426.71335668 0.00394121 0.02830177
1427.71385693 0.00401996 0.02959206
1428.71435718 0.00399613 0.02953106
1429.71485743 0.00552553 0.03858008
1430.71535768 0.00542998 0.03807577
1431.71585793 0.00546700 0.03857835
1432.71635818 0.00546335 0.03846140
1433.71685843 0.00538901 0.03786161
1434.71735868 0.00540033 0.03836703
1435.71785893 0.00532743 0.03823856
1436.71835918 0.00540395 0.03904676
1437.71885943 0.00528708 0.03817880
1438.71935968 0.00510273 0.03788125
1439.71985993 0.00514036 0.03822894
1440.72036018 0.00513576 0.03794409
1441.72086043 0.00516186 0.03797676
1442.72136068 0.00512280 0.03777100
1443.72186093 0.00509306 0.03789754
1444.72236118 0.00507320 0.03798147
1445.72286143 0.00502911 0.03755141
1446.72336168 0.00498598 0.03749609
1447.72386193 0.00497506 0.03756062
1448.72436218 0.00499444 0.03752320
1449.72486243 0.00572781 0.04095692
1450.72536268 0.00566001 0.04074609
1451.72586293 0.00560366 0.04084690
1452.72636318 0.00559684 0.04085035
1453.72686343 0.00556373 0.04051935
1454.72736368 0.00575757 0.04220929
1455.72786393 0.00573628 0.04222783
1456.72836418 0.00566955 0.04151144
1457.72886443 0.00573157 0.04189129
1458.72936468 0.00575902 0.04243546
1459.72986493 0.00578691 0.04259158
1460.73036518 0.00573500 0.04092580
1461.73086543 0.00584300 0.04143028
1462.73136568 0.00596443 0.04178339
1463.73186593 0.00688529 0.04629066
1464.73236618 0.00702787 0.04787393
1465.73286643 0.00707190 0.04872713
1466.73336668 0.00707171 0.04857639
1467.73386693 0.00704117 0.04800294
1468.73436718 0.00704546 0.04768808
1469.73486743 0.00697546 0.04704583
1470.73536768 0.00682250 0.04609780
1471.73586793 0.00667422 0.04482760
1472.73636818 0.00649211 0.04320603
1473.73686843 0.00587503 0.03798757
1474.73736868 0.00579603 0.03775758
1475.73786893 0.00569367 0.03740662
1476.73836918 0.00556307 0.03683526
1477.73886943 0.00615442 0.03954536
1478.73936968 0.00605184 0.03918519
1479.73986993 0.00591703 0.03890995
1480.74037019 0.00581396 0.03894608
1481.74087044 0.00575865 0.03851661
1482.74137069 0.00569318 0.03804553
1483.74187094 0.00550656 0.03635617
1484.74237119 0.00551166 0.03646176
1485.74287144 0.00552111 0.03621195
1486.74337169 0.00553728 0.03658797
1487.74387194 0.00525013 0.03608900
1488.74437219 0.00506292 0.03453018
1489.74487244 0.00511938 0.03464831
1490.74537269 0.00527642 0.03575247
1491.74587294 0.00547552 0.03604144
1492.74637319 0.00567370 0.03699161
1493.74687344 0.00585365 0.03755253
1494.74737369 0.00588013 0.03730561
1495.74787394 0.00593313 0.03829357
1496.74837419 0.00598305 0.03942023
1497.74887444 0.00603615 0.03971938
1498.74937469 0.00600851 0.03959452
1499.74987494 0.00583086 0.03871452
1500.75037519 0.00649503 0.04186940
1501.75087544 0.00632536 0.04044134
1502.75137569 0.00622470 0.03961856
1503.75187594 0.00608756 0.03915070
1504.75237619 0.00608613 0.03916678
1505.75287644 0.00612344 0.03959540
1506.75337669 0.00619755 0.03972989
1507.75387694 0.00617878 0.03959065
1508.75437719 0.00615915 0.03949472
1509.75487744 0.00606032 0.03882413
1510.75537769 0.00591411 0.03783244
1511.75587794 0.00548389 0.03494858
1512.75637819 0.00534357 0.03425574
1513.75687844 0.00531716 0.03364843
1514.75737869 0.00534005 0.03346125
1515.75787894 0.00531926 0.03334973
1516.75837919 0.00529673 0.03324969
1517.75887944 0.00525139 0.03325843
1518.75937969 0.00515417 0.03282076
1519.75987994 0.00586368 0.03724032
1520.76038019 0.00584780 0.03780393
1521.76088044 0.00583051 0.03811650
1522.76138069 0.00597656 0.04031965
1523.76188094 0.00594209 0.04088207
1524.76238119 0.00562393 0.03798278
1525.76288144 0.00561566 0.03892541
1526.76338169 0.00566371 0.04048999
1527.76388194 0.00568366 0.04136544
1528.76438219 0.00653807 0.04620922
1529.76488244 0.00647544 0.04603654
1530.76538269 0.00643792 0.04561671
1531.76588294 0.00639224 0.04489934
1532.76638319 0.00627669 0.04408038
1533.76688344 0.00612487 0.04340840
1534.76738369 0.00590873 0.04160539
1535.76788394 0.00577238 0.04033307
1536.76838419 0.00567858 0.03950648
1537.76888444 0.00556889 0.03862524
1538.76938469 0.00552807 0.03830590
1539.76988494 0.00542423 0.03722932
1540.77038519 0.00535279 0.03702434
1541.77088544 0.00520067 0.03696236
1542.77138569 0.00516913 0.03650794
1543.77188594 0.00514564 0.03681367
1544.77238619 0.00534945 0.03680787
1545.77288644 0.00539316 0.03690753
1546.77338669 0.00547598 0.03708689
1547.77388694 0.00543152 0.03654520
1548.77438719 0.00531988 0.03645469
1549.77488744 0.00641218 0.04407544
1550.77538769 0.00634641 0.04344675
1551.77588794 0.00689354 0.04509181
1552.77638819 0.00681244 0.04461338
1553.77688844 0.00668876 0.04331788
1554.77738869 0.00635205 0.04064688
1555.77788894 0.00615789 0.03975700
1556.77838919 0.00604978 0.04010977
1557.77888944 0.00579587 0.03870309
1558.77938969 0.00561802 0.03742663
1559.77988994 0.00549038 0.03703459
1560.78039020 0.00585935 0.04375633
1561.78089045 0.00580189 0.04388916
1562.78139070 0.00581260 0.04481623
1563.78189095 0.00674310 0.04999268
1564.78239120 0.00670855 0.05001603
1565.78289145 0.00662175 0.04960217
1566.78339170 0.00656212 0.04927827
1567.78389195 0.00653097 0.04908000
1568.78439220 0.00647516 0.04871643
1569.78489245 0.00643022 0.04896434
1570.78539270 0.00651221 0.05006830
1571.78589295 0.00650190 0.04997647
1572.78639320 0.00734633 0.05316123
1573.78689345 0.00724872 0.05194225
1574.78739370 0.00717392 0.05094062
1575.78789395 0.00615633 0.04516424
1576.78839420 0.00565069 0.03856143
1577.78889445 0.00570149 0.03878648
1578.78939470 0.00584366 0.03982628
1579.78989495 0.00549626 0.03615672
1580.79039520 0.00546538 0.03618457
1581.79089545 0.00532372 0.03565759
1582.79139570 0.00516259 0.03486459
1583.79189595 0.00496100 0.03405551
1584.79239620 0.00495781 0.03552117
1585.79289645 0.00492295 0.03593269
1586.79339670 0.00480197 0.03607895
1587.79389695 0.00471925 0.03545398
1588.79439720 0.00552164 0.03987911
1589.79489745 0.00532992 0.03857250
1590.79539770 0.00508823 0.03710226
1591.79589795 0.00481845 0.03508121
1592.79639820 0.00473022 0.03456793
1593.79689845 0.00469291 0.03459336
1594.79739870 0.00464590 0.03423307
1595.79789895 0.00406820 0.03063914
1596.79839920 0.00405619 0.03020752
1597.79889945 0.00416899 0.03071204
1598.79939970 0.00420837 0.03078736
1599.79989995 0.00411187 0.03003371
1600.80040020 0.00406790 0.02985190
1601.80090045 0.00393968 0.02844114
1602.80140070 0.00395336 0.02844811
1603.80190095 0.00397200 0.02911690
1604.80240120 0.00406559 0.03089450
1605.80290145 0.00410166 0.03154811
1606.80340170 0.00417737 0.03164821
1607.80390195 0.00413222 0.03221699
1608.80440220 0.00419662 0.03339523
1609.80490245 0.00412053 0.03277714
1610.80540270 0.00408597 0.03150100
1611.80590295 0.00405956 0.03090334
1612.80640320 0.00401835 0.03053227
1613.80690345 0.00393141 0.02917332
1614.80740370 0.00379565 0.02749663
1615.80790395 0.00372375 0.02684111
1616.80840420 0.00367766 0.02655755
1617.80890445 0.00367356 0.02643531
1618.80940470 0.00359413 0.02593148
1619.80990495 0.00323468 0.02448246
1620.81040520 0.00317256 0.02461365
1621.81090545 0.00311618 0.02448087
1622.81140570 0.00309728 0.02397654
1623.81190595 0.00376654 0.02784432
1624.81240620 0.00379188 0.02832121
1625.81290645 0.00382579 0.02889798
1626.81340670 0.00389940 0.02976126
1627.81390695 0.00390403 0.03010738
1628.81440720 0.00388276 0.03031260
1629.81490745 0.00387616 0.03057059
1630.81540770 0.00384496 0.03047030
1631.81590795 0.00331628 0.02529436
1632.81640820 0.00318518 0.02455134
1633.81690845 0.00306897 0.02375787
1634.81740870 0.00292503 0.02266529
1635.81790895 0.00278338 0.02174729
1636.81840920 0.00269346 0.02082913
1637.81890945 0.00259180 0.01993791
1638.81940970 0.00255306 0.01962127
1639.81990995 0.00251677 0.01942715
1640.82041021 0.00249138 0.01930348
1641.82091046 0.00248130 0.01928913
1642.82141071 0.00248112 0.01919894
1643.82191096 0.00247797 0.01926913
1644.82241121 0.00271635 0.02049617
1645.82291146 0.00272339 0.02060395
1646.82341171 0.00288044 0.02094884
1647.82391196 0.00287414 0.02084344
1648.82441221 0.00282332 0.02059280
1649.82491246 0.00281643 0.02061179
1650.82541271 0.00276058 0.02042682
1651.82591296 0.00276666 0.02043614
1652.82641321 0.00273474 0.02033007
1653.82691346 0.00262281 0.01989141
1654.82741371 0.00256549 0.01958641
1655.82791396 0.00252299 0.01926258
1656.82841421 0.00249082 0.01909963
1657.82891446 0.00246993 0.01903680
1658.82941471 0.00245613 0.01897446
1659.82991496 0.00237025 0.01875330
1660.83041521 0.00235375 0.01862022
1661.83091546 0.00232278 0.01858517
1662.83141571 0.00227021 0.01826939
1663.83191596 0.00232687 0.01821086
1664.83241621 0.00293022 0.02210766
1665.83291646 0.00301945 0.02249839
1666.83341671 0.00310613 0.02331696
1667.83391696 0.00316745 0.02391021
1668.83441721 0.00379530 0.02963029
1669.83491746 0.00391776 0.03033753
1670.83541771 0.00398256 0.03066324
1671.83591796 0.00408475 0.03205297
1672.83641821 0.00396660 0.03072847
1673.83691846 0.00391983 0.02964336
1674.83741871 0.00371652 0.02786509
1675.83791896 0.00375583 0.02855244
1676.83841921 0.00463574 0.03455612
1677.83891946 0.00483810 0.03635658
1678.83941971 0.00496219 0.03776889
1679.83991996 0.00500045 0.03845439
1680.84042021 0.00496352 0.03792051
1681.84092046 0.00485798 0.03691026
1682.84142071 0.00476173 0.03616240
1683.84192096 0.00467757 0.03535058
1684.84242121 0.00453755 0.03437652
1685.84292146 0.00432039 0.03343404
1686.84342171 0.00418709 0.03251372
1687.84392196 0.00403358 0.03137979
1688.84442221 0.00391483 0.03024084
1689.84492246 0.00376173 0.02910860
1690.84542271 0.00361508 0.02817943
1691.84592296 0.00355186 0.02796727
1692.84642321 0.00360396 0.02808886
1693.84692346 0.00365810 0.02828199
1694.84742371 0.00368217 0.02859719
1695.84792396 0.00559035 0.04156164
1696.84842421 0.00558889 0.04176712
1697.84892446 0.00550034 0.04084610
1698.84942471 0.00541459 0.04025138
1699.84992496 0.00528858 0.03922943
1700.85042521 0.00545391 0.04126221
1701.85092546 0.00525168 0.03971040
1702.85142571 0.00572296 0.04042325
1703.85192596 0.00558913 0.03924707
1704.85242621 0.00547050 0.03752400
1705.85292646 0.00550522 0.03826292
1706.85342671 0.00554731 0.03971476
1707.85392696 0.00517684 0.03873478
1708.85442721 0.00513421 0.03819626
1709.85492746 0.00508421 0.03811115
1710.85542771 0.00506913 0.03830517
1711.85592796 0.00496883 0.03732424
1712.85642821 0.00485373 0.03551036
1713.85692846 0.00489561 0.03594163
1714.85742871 0.00491024 0.03634527
1715.85792896 0.00497000 0.03668604
1716.85842921 0.00496242 0.03704640
1717.85892946 0.00489802 0.03710031
1718.85942971 0.00492300 0.03756275
1719.85992996 0.00492268 0.03742177
1720.86043022 0.00483948 0.03687988
1721.86093047 0.00476244 0.03658944
1722.86143072 0.00470456 0.03634142
1723.86193097 0.00463135 0.03565102
1724.86243122 0.00452247 0.03473882
1725.86293147 0.00445391 0.03428578
1726.86343172 0.00439901 0.03374293
1727.86393197 0.00437522 0.03343851
1728.86443222 0.00437962 0.03315475
1729.86493247 0.00427038 0.03279276
1730.86543272 0.00420699 0.03286273
1731.86593297 0.00417279 0.03274679
1732.86643322 0.00410205 0.03238178
1733.86693347 0.00404004 0.03221255
1734.86743372 0.00391302 0.03196953
1735.86793397 0.00389798 0.03198538
1736.86843422 0.00389540 0.03190135
1737.86893447 0.00503183 0.03889575
1738.86943472 0.00513804 0.03989867
1739.86993497 0.00516108 0.04061972
1740.87043522 0.00507331 0.04059782
1741.87093547 0.00505993 0.04024374
1742.87143572 0.00502942 0.03991738
1743.87193597 0.00491303 0.03946110
1744.87243622 0.00489540 0.03917495
1745.87293647 0.00485587 0.03901449
1746.87343672 0.00499015 0.03906658
1747.87393697 0.00491187 0.03868110
1748.87443722 0.00485971 0.03820984
1749.87493747 0.00477846 0.03748899
1750.87543772 0.00472325 0.03687575
1751.87593797 0.00471989 0.03665585
1752.87643822 0.00475903 0.03669001
1753.87693847 0.00484258 0.03670312
1754.87743872 0.00490075 0.03687311
1755.87793897 0.00495058 0.03707847
1756.87843922 0.00495715 0.03693814
1757.87893947 0.00493489 0.03655409
1758.87943972 0.00488792 0.03611626
1759.87993997 0.00485361 0.03577666
1760.88044022 0.00455980 0.03333662
1761.88094047 0.00454868 0.03371029
1762.88144072 0.00455194 0.03411617
1763.88194097 0.00452945 0.03420322
1764.88244122 0.00446622 0.03399233
1765.88294147 0.00433619 0.03316659
1766.88344172 0.00419263 0.03218905
1767.88394197 0.00409968 0.03145278
1768.88444222 0.00392438 0.03053468
1769.88494247 0.00377205 0.02997240
1770.88544272 0.00365421 0.02945714
1771.88594297 0.00424280 0.03270806
1772.88644322 0.00419647 0.03192717
1773.88694347 0.00402867 0.03088958
1774.88744372 0.00395929 0.03032907
1775.88794397 0.00398438 0.03010962
1776.88844422 0.00407254 0.03018105
1777.88894447 0.00426820 0.03064892
1778.88944472 0.00443273 0.03097432
1779.88994497 0.00458700 0.03144359
1780.89044522 0.00468767 0.03182390
1781.89094547 0.00536751 0.03493091
1782.89144572 0.00535314 0.03483064
1783.89194597 0.00533845 0.03519426
1784.89244622 0.00629069 0.04182112
1785.89294647 0.00615815 0.04142711
1786.89344672 0.00561457 0.03833560
1787.89394697 0.00541583 0.03730530
1788.89444722 0.00538779 0.03612510
1789.89494747 0.00518319 0.03446998
1790.89544772 0.00500266 0.03302952
1791.89594797 0.00485870 0.03178886
1792.89644822 0.00555437 0.03595848
1793.89694847 0.00545579 0.03541684
1794.89744872 0.00531345 0.03435849
1795.89794897 0.00506277 0.03215332
1796.89844922 0.00488393 0.03069022
1797.89894947 0.00484672 0.03093317
1798.89944972 0.00468685 0.03058553
1799.89994997 0.00571075 0.03941847
1800.90045023 0.00558247 0.03878559
1801.90095048 0.00759234 0.05562008
1802.90145073 0.00748891 0.05495200
1803.90195098 0.00737375 0.05413423
1804.90245123 0.00709824 0.05347873
1805.90295148 0.00704949 0.05315855
1806.90345173 0.00697195 0.05237887
1807.90395198 0.00630896 0.05041833
1808.90445223 0.00632986 0.05096883
1809.90495248 0.00637635 0.05139628
1810.90545273 0.00637298 0.05149533
1811.90595298 0.00629964 0.05120237
1812.90645323 0.00484138 0.03324054
1813.90695348 0.00480654 0.03280742
1814.90745373 0.00583201 0.03998112
1815.90795398 0.00582533 0.03999041
1816.90845423 0.00585067 0.04051383
1817.90895448 0.00581780 0.04055318
1818.90945473 0.00576589 0.04054558
1819.90995498 0.00566079 0.04056802
1820.91045523 0.00554048 0.04029718
1821.91095548 0.00544199 0.04001922
1822.91145573 0.00538224 0.03985740
1823.91195598 0.00524897 0.03945556
1824.91245623 0.00514722 0.03897081
1825.91295648 0.00509114 0.03855535
1826.91345673 0.00498348 0.03770907
1827.91395698 0.00484922 0.03706254
1828.91445723 0.00477213 0.03678277
1829.91495748 0.00474572 0.03637574
1830.91545773 0.00473458 0.03621878
1831.91595798 0.00472915 0.03632691
1832.91645823 0.00469188 0.03625264
1833.91695848 0.00470883 0.03628002
1834.91745873 0.00470611 0.03607960
1835.91795898 0.00459777 0.03579799
1836.91845923 0.00457546 0.03585206
1837.91895948 0.00455043 0.03571519
1838.91945973 0.00449195 0.03553993
1839.91995998 0.00443389 0.03547247
1840.92046023 0.00439447 0.03541230
1841.92096048 0.00435796 0.03530061
1842.92146073 0.00423321 0.03492802
1843.92196098 0.00428162 0.03488158
1844.92246123 0.00427041 0.03487570
1845.92296148 0.00417353 0.03468214
1846.92346173 0.00417596 0.03464916
1847.92396198 0.00484836 0.03744084
1848.92446223 0.00493523 0.03820593
1849.92496248 0.00487251 0.03773807
1850.92546273 0.00474636 0.03719102
1851.92596298 0.00484325 0.03799814
1852.92646323 0.00612701 0.04723856
1853.92696348 0.00620558 0.04905299
1854.92746373 0.00628091 0.05036746
1855.92796398 0.00639623 0.05159166
1856.92846423 0.00755989 0.05739132
1857.92896448 0.00763615 0.05794647
1858.92946473 0.00771432 0.05858640
1859.92996498 0.00775918 0.05862389
1860.93046523 0.00774203 0.05823220
1861.93096548 0.00761464 0.05688954
1862.93146573 0.00743535 0.05494954
1863.93196598 0.00729093 0.05328743
1864.93246623 0.00679018 0.04844132
1865.93296648 0.00677347 0.04852936
1866.93346673 0.00667337 0.04807472
1867.93396698 0.00654940 0.04743818
1868.93446723 0.00659794 0.04706051
1869.93496748 0.00644594 0.04625168
1870.93546773 0.00679638 0.04698492
1871.93596798 0.00662786 0.04637284
1872.93646823 0.00664109 0.04644275
1873.93696848 0.00681894 0.04705922
1874.93746873 0.00691415 0.04725059
1875.93796898 0.00703799 0.04785236
1876.93846923 0.00712405 0.04830396
1877.93896948 0.00718669 0.04863358
1878.93946973 0.00723888 0.04888339
1879.93996998 0.00718863 0.04900850
1880.94047024 0.00784959 0.05078485
1881.94097049 0.00783244 0.05066344
1882.94147074 0.00766959 0.04915437
1883.94197099 0.00762966 0.04908285
1884.94247124 0.00765382 0.04986007
1885.94297149 0.00765134 0.05031970
1886.94347174 0.00841270 0.05324566
1887.94397199 0.00825934 0.05251189
1888.94447224 0.00830315 0.05301637
1889.94497249 0.00822234 0.05237902
1890.94547274 0.00817876 0.05221074
1891.94597299 0.00805647 0.05166648
1892.94647324 0.00792623 0.05132174
1893.94697349 0.00780106 0.05074442
1894.94747374 0.00758444 0.04952979
1895.94797399 0.00736979 0.04827829
1896.94847424 0.00718490 0.04723223
1897.94897449 0.00781615 0.04944356
1898.94947474 0.00768442 0.04890333
1899.94997499 0.00755616 0.04827782
1900.95047524 0.00828514 0.05052211
1901.95097549 0.00810339 0.04971669
1902.95147574 0.00792086 0.04888440
1903.95197599 0.00785302 0.04885992
1904.95247624 0.00765193 0.04791094
1905.95297649 0.00744411 0.04715298
1906.95347674 0.00727864 0.04670705
1907.95397699 0.00712504 0.04630066
1908.95447724 0.00702782 0.04606792
1909.95497749 0.00753132 0.04770267
1910.95547774 0.00736443 0.04708393
1911.95597799 0.00725274 0.04662180
1912.95647824 0.00824709 0.05230001
1913.95697849 0.00807621 0.05137239
1914.95747874 0.00795297 0.05115159
1915.95797899 0.00784167 0.05090419
1916.95847924 0.00776204 0.05065061
1917.95897949 0.00766598 0.05012635
1918.95947974 0.00744895 0.04992539
1919.95997999 0.00746471 0.05033184
1920.96048024 0.00812130 0.05243991
1921.96098049 0.00811044 0.05234385
1922.96148074 0.00804599 0.05191569
1923.96198099 0.00816990 0.05282649
1924.96248124 0.00816315 0.05255545
1925.96298149 0.00806401 0.05182764
1926.96348174 0.00795160 0.05180012
1927.96398199 0.00801733 0.05213485
1928.96448224 0.00799305 0.05213702
1929.96498249 0.00780498 0.05114549
1930.96548274 0.00851306 0.05486242
1931.96598299 0.00851789 0.05490568
1932.96648324 0.00840409 0.05436421
1933.96698349 0.00834905 0.05410493
1934.96748374 0.00858727 0.05553269
1935.96798399 0.00933069 0.05840936
1936.96848424 0.00942815 0.05926694
1937.96898449 0.00951871 0.06002555
1938.96948474 0.00962209 0.06073674
1939.96998499 0.00966145 0.06098804
1940.97048524 0.00971014 0.06108244
1941.97098549 0.00975078 0.06107060
1942.97148574 0.00975139 0.06080934
1943.97198599 0.01047804 0.06213239
1944.97248624 0.01032481 0.06068574
1945.97298649 0.01017141 0.05954541
1946.97348674 0.00991811 0.05798482
1947.97398699 0.00941342 0.05512348
1948.97448724 0.00935004 0.05448409
1949.97498749 0.00918196 0.05407914
1950.97548774 0.00907744 0.05402000
1951.97598799 0.00902668 0.05408579
1952.97648824 0.00887383 0.05341356
1953.97698849 0.00868407 0.05239631
1954.97748874 0.00862999 0.05216062
1955.97798899 0.00862173 0.05236128
1956.97848924 0.00844771 0.05132820
1957.97898949 0.00834366 0.05066950
1958.97948974 0.00841169 0.05121173
1959.97998999 0.00844761 0.05164465
1960.98049025 0.00834611 0.05090089
1961.98099050 0.00827240 0.05041893
1962.98149075 0.00829868 0.05058399
1963.98199100 0.00924004 0.05484469
1964.98249125 0.00915221 0.05467782
1965.98299150 0.00948810 0.05517483
1966.98349175 0.00939258 0.05465673
1967.98399200 0.00939798 0.05476064
1968.98449225 0.00934958 0.05449944
1969.98499250 0.00926490 0.05420562
1970.98549275 0.00978446 0.05543365
1971.98599300 0.00959499 0.05439485
1972.98649325 0.00946177 0.05374285
1973.98699350 0.00933681 0.05326876
1974.98749375 0.00896066 0.05079759
1975.98799400 0.00893653 0.05071509
1976.98849425 0.00898463 0.05100389
1977.98899450 0.00893629 0.05087011
1978.98949475 0.00880391 0.05028687
1979.98999500 0.00864719 0.04965277
1980.99049525 0.00878798 0.05050005
1981.99099550 0.00859574 0.05051594
1982.99149575 0.00860521 0.05047529
1983.99199600 0.00858432 0.05037116
1984.99249625 0.00855742 0.05069533
1985.99299650 0.00864189 0.05258184
1986.99349675 0.00856874 0.05298026
1987.99399700 0.00852449 0.05300623
1988.99449725 0.00837338 0.05215105
1989.99499750 0.00816923 0.05116286
1990.99549775 0.00806245 0.05091121
1991.99599800 0.00794435 0.05062076
1992.99649825 0.00794155 0.05084041
1993.99699850 0.00781631 0.04978285
1994.99749875 0.00766435 0.04911215
1995.99799900 0.00771939 0.04995432
1996.99849925 0.00745179 0.04812696
1997.99899950 0.00838281 0.05204654
1998.99949975 0.00828063 0.05126831
2000.00000000 0.00905823 0.05466508
