0.00000000 12.00000000 0.00000034
1.00100100 11.98106049 0.06791548
2.00200200 11.93838248 0.14009071
3.00300300 11.88523211 0.21447921
4.00400400 11.82585700 0.28017999
5.00500501 11.76473436 0.33325868
6.00600601 11.69633195 0.38304240
7.00700701 11.64450212 0.42427811
8.00800801 11.58572245 0.46293074
9.00900901 11.53387924 0.49636630
10.01001001 11.49313040 0.52671763
11.01101101 11.43393217 0.55769649
12.01201201 11.36307135 0.59177786
13.01301301 11.31277602 0.61767266
14.01401401 11.25976068 0.64060893
15.01501502 11.19204375 0.68294557
16.01601602 11.14033063 0.71779918
17.01701702 11.07533711 0.74316287
18.01801802 11.01813374 0.75611022
19.01901902 10.96382013 0.77653664
20.02002002 10.90434401 0.80286265
21.02102102 10.85869748 0.82040173
22.02202202 10.81349421 0.84560607
23.02302302 10.76656925 0.85076875
24.02402402 10.71648192 0.86544320
25.02502503 10.64505026 0.87811541
26.02602603 10.59529021 0.89214417
27.02702703 10.52761945 0.91510714
28.02802803 10.47826992 0.93302299
29.02902903 10.41481189 0.94119022
30.03003003 10.35393136 0.95074874
31.03103103 10.29768152 0.96975722
32.03203203 10.23478543 0.98384609
33.03303303 10.16371386 0.97755955
34.03403403 10.11787062 0.99222011
35.03503504 10.05415043 1.00466284
36.03603604 10.00981039 1.01469705
37.03703704 9.96964070 1.01835512
38.03803804 9.92269728 1.02838533
39.03903904 9.86095406 1.03045299
40.04004004 9.80648074 1.04620939
41.04104104 9.74908742 1.03439927
42.04204204 9.68603347 1.04356866
43.04304304 9.62498673 1.04630454
44.04404404 9.57804617 1.06371161
45.04504505 9.51012441 1.04512778
46.04604605 9.47677947 1.04698004
47.04704705 9.41381589 1.07031026
48.04804805 9.38335152 1.08497086
49.04904905 9.34067752 1.09112671
50.05005005 9.27770608 1.07755490
51.05105105 9.24378609 1.07965237
52.05205205 9.19503596 1.08660670
53.05305305 9.14483253 1.09543893
54.05405405 9.09064127 1.10000798
55.05505506 9.04363427 1.10588863
56.05605606 8.98348275 1.12258768
57.05705706 8.95547924 1.12781763
58.05805806 8.91728183 1.13612139
59.05905906 8.86560655 1.13839205
60.06006006 8.81688979 1.14746254
61.06106106 8.76228585 1.15383574
62.06206206 8.71502794 1.15798736
63.06306306 8.67424050 1.16575363
64.06406406 8.62595261 1.17765795
65.06506507 8.58025000 1.18765682
66.06606607 8.51320308 1.19551017
67.06706707 8.47674233 1.20420838
68.06806807 8.43859586 1.21369572
69.06906907 8.40217371 1.20688568
70.07007007 8.37270407 1.21179039
71.07107107 8.32635641 1.21843162
72.07207207 8.27269801 1.23638461
73.07307307 8.20828580 1.25646841
74.07407407 8.15866012 1.26249719
75.07507508 8.12718955 1.26809792
76.07607608 8.08641293 1.26652201
77.07707708 8.03947017 1.28588641
78.07807808 7.99866545 1.29446231
79.07907908 7.95151250 1.30204088
80.08008008 7.90314282 1.30781454
81.08108108 7.84978963 1.31259893
82.08208208 7.80708471 1.30044781
83.08308308 7.77377956 1.30735976
84.08408408 7.71102002 1.31674886
85.08508509 7.65921517 1.31553549
86.08608609 7.62367555 1.32005672
87.08708709 7.57999904 1.32197978
88.08808809 7.53678863 1.31594919
89.08908909 7.50017766 1.31500340
90.09009009 7.45164444 1.31300214
91.09109109 7.40215904 1.31411847
92.09209209 7.36932171 1.31680455
93.09309309 7.33036260 1.31327695
94.09409409 7.29394447 1.31273824
95.09509510 7.24818753 1.31149207
96.09609610 7.22007041 1.31348267
97.09709710 7.18215805 1.32513527
98.09809810 7.13012450 1.32690590
99.09909910 7.09910726 1.32503247
100.10010010 7.05355488 1.33235654
101.10110110 6.99965760 1.33494543
102.10210210 6.94561188 1.33190459
103.10310310 6.92292994 1.34134868
104.10410410 6.87197926 1.33942793
105.10510511 6.84090455 1.34507631
106.10610611 6.80067484 1.34933796
107.10710711 6.76343643 1.33724703
108.10810811 6.73103528 1.33384987
109.10910911 6.69225446 1.32985965
110.11011011 6.64625625 1.33339215
111.11111111 6.60098094 1.32648906
112.11211211 6.55855764 1.32832364
113.11311311 6.51354175 1.33675710
114.11411411 6.47571571 1.34524977
115.11511512 6.44002468 1.34395917
116.11611612 6.40519639 1.35052741
117.11711712 6.37447051 1.34327192
118.11811812 6.33198138 1.33956332
119.11911912 6.28996510 1.34494002
120.12012012 6.26158458 1.34414477
121.12112112 6.23405472 1.33545192
122.12212212 6.20014471 1.32167168
123.12312312 6.16187820 1.31356963
124.12412412 6.13787738 1.31618881
125.12512513 6.10129630 1.31112264
126.12612613 6.07644057 1.30236917
127.12712713 6.04031167 1.29095749
128.12812813 5.99956230 1.28072099
129.12912913 5.96841603 1.28190856
130.13013013 5.92533647 1.26654961
131.13113113 5.88279717 1.26341403
132.13213213 5.85166611 1.26404327
133.13313313 5.82789538 1.26943274
134.13413413 5.79528099 1.27590294
135.13513514 5.75915100 1.27527424
136.13613614 5.73526888 1.26953319
137.13713714 5.71173991 1.27014674
138.13813814 5.67223276 1.27064922
139.13913914 5.64488479 1.27392856
140.14014014 5.61273313 1.28337692
141.14114114 5.58520660 1.27775671
142.14214214 5.55305959 1.28252629
143.14314314 5.50687905 1.25823414
144.14414414 5.47708296 1.25402000
145.14514515 5.44108641 1.25652778
146.14614615 5.41255849 1.25370503
147.14714715 5.37650797 1.25075721
148.14814815 5.35592262 1.24858022
149.14914915 5.32474153 1.24733692
150.15015015 5.29397598 1.24008295
151.15115115 5.26759460 1.23744869
152.15215215 5.24083509 1.24697104
153.15315315 5.20650702 1.23970999
154.15415415 5.17599666 1.23303467
155.15515516 5.13877298 1.22019917
156.15615616 5.11323028 1.21921351
157.15715716 5.08195983 1.20590144
158.15815816 5.04811445 1.20475887
159.15915916 5.02470286 1.20213430
160.16016016 4.99867495 1.19999991
161.16116116 4.96941622 1.19754505
162.16216216 4.94092963 1.19506248
163.16316316 4.90576651 1.18899760
164.16416416 4.87588477 1.18547931
165.16516517 4.84731425 1.18265822
166.16616617 4.82145263 1.17948039
167.16716717 4.79374792 1.18236695
168.16816817 4.76528324 1.18775133
169.16916917 4.74061967 1.19033596
170.17017017 4.71045977 1.18590649
171.17117117 4.67989100 1.17701912
172.17217217 4.65140255 1.16782990
173.17317317 4.61631957 1.16601946
174.17417417 4.59401139 1.16714008
175.17517518 4.56475272 1.16182057
176.17617618 4.54891467 1.15553225
177.17717718 4.52346232 1.15411859
178.17817818 4.49126242 1.15860950
179.17917918 4.46292746 1.15525060
180.18018018 4.44110983 1.16039328
181.18118118 4.41444993 1.15234164
182.18218218 4.39055717 1.14563567
183.18318318 4.35809820 1.13739900
184.18418418 4.33719951 1.13155372
185.18518519 4.30183405 1.13054166
186.18618619 4.27927808 1.12900559
187.18718719 4.25294915 1.12573615
188.18818819 4.22903225 1.11796319
189.18918919 4.20948227 1.11345407
190.19019019 4.17896066 1.10808982
191.19119119 4.15036899 1.10714977
192.19219219 4.12715887 1.10270050
193.19319319 4.10093336 1.10005880
194.19419419 4.07578610 1.09092129
195.19519520 4.05615620 1.09034358
196.19619620 4.03691656 1.08520643
197.19719720 4.01715988 1.07697039
198.19819820 3.99345125 1.06697098
199.19919920 3.97471903 1.05870104
200.20020020 3.95469719 1.05549637
201.20120120 3.92862823 1.05809313
202.20220220 3.90727024 1.05878194
203.20320320 3.88678541 1.05790289
204.20420420 3.86132399 1.05868329
205.20520521 3.84233782 1.05411403
206.20620621 3.82290085 1.05511925
207.20720721 3.80336188 1.05317199
208.20820821 3.78261243 1.04669673
209.20920921 3.75631390 1.03715825
210.21021021 3.73514756 1.03563450
211.21121121 3.71032612 1.03632886
212.21221221 3.68693362 1.03010010
213.21321321 3.66097405 1.02884366
214.21421421 3.64354241 1.02642413
215.21521522 3.62014975 1.02151456
216.21621622 3.59805048 1.01974786
217.21721722 3.57818652 1.01656819
218.21821822 3.55295713 1.00766392
219.21921922 3.53688807 1.00896818
220.22022022 3.51538524 1.00224365
221.22122122 3.49848584 1.00359449
222.22222222 3.47474504 1.00008991
223.22322322 3.45233893 1.00210062
224.22422422 3.42672509 0.99832233
225.22522523 3.40364104 0.99152951
226.22622623 3.38221895 0.98162689
227.22722723 3.35789788 0.97497175
228.22822823 3.33501030 0.97439624
229.22922923 3.31743233 0.97395933
230.23023023 3.29531798 0.96662855
231.23123123 3.27699785 0.96359767
232.23223223 3.25789906 0.95056952
233.23323323 3.24205714 0.95082234
234.23423423 3.21879903 0.94859003
235.23523524 3.20365925 0.94792869
236.23623624 3.19000838 0.94571075
237.23723724 3.17362543 0.94779656
238.23823824 3.15173025 0.93835463
239.23923924 3.13603006 0.93716050
240.24024024 3.11928803 0.93333961
241.24124124 3.10194434 0.92750852
242.24224224 3.07855012 0.92328827
243.24324324 3.05968985 0.92424270
244.24424424 3.04175949 0.92080090
245.24524525 3.02873326 0.92086244
246.24624625 3.01028631 0.91905037
247.24724725 2.99086624 0.91454126
248.24824825 2.97371793 0.91258152
249.24924925 2.95610331 0.90584284
250.25025025 2.93455904 0.90274895
251.25125125 2.91455780 0.90209447
252.25225225 2.90079146 0.90097775
253.25325325 2.88686952 0.90018719
254.25425425 2.87509937 0.90101034
255.25525526 2.85444720 0.89421437
256.25625626 2.83820229 0.89332261
257.25725726 2.81394648 0.89226646
258.25825826 2.79695175 0.89298033
259.25925926 2.78156178 0.88840057
260.26026026 2.75940231 0.88466761
261.26126126 2.74380130 0.88193309
262.26226226 2.72966908 0.88546020
263.26326326 2.71475161 0.87775268
264.26426426 2.69982006 0.87691793
265.26526527 2.68228111 0.86793115
266.26626627 2.66722495 0.86601501
267.26726727 2.64699700 0.86435271
268.26826827 2.63008508 0.85819876
269.26926927 2.61588404 0.84948570
270.27027027 2.59855226 0.84818294
271.27127127 2.58380644 0.84595136
272.27227227 2.57034550 0.84588771
273.27327327 2.55721217 0.84009460
274.27427427 2.54572094 0.84158483
275.27527528 2.53381665 0.83933685
276.27627628 2.51574234 0.83915386
277.27727728 2.49778442 0.83133843
278.27827828 2.47999160 0.82667298
279.27927928 2.46404732 0.82111592
280.28028028 2.45042811 0.82429913
281.28128128 2.43623538 0.81918770
282.28228228 2.41888835 0.81452009
283.28328328 2.40338622 0.81443176
284.28428428 2.38802229 0.81297789
285.28528529 2.36698653 0.80943357
286.28628629 2.35272183 0.80465678
287.28728729 2.33783399 0.80102626
288.28828829 2.32067448 0.79668409
289.28928929 2.30836112 0.79435894
290.29029029 2.29291267 0.79378004
291.29129129 2.28070926 0.79012723
292.29229229 2.26600942 0.78915455
293.29329329 2.25414277 0.78841146
294.29429429 2.23921033 0.78407190
295.29529530 2.22345706 0.78024577
296.29629630 2.20845488 0.77759474
297.29729730 2.19597417 0.77691560
298.29829830 2.18311207 0.77257336
299.29929930 2.16935510 0.77260735
300.30030030 2.15219666 0.76757087
301.30130130 2.13960326 0.76473267
302.30230230 2.12445967 0.76475084
303.30330330 2.11475837 0.76221580
304.30430430 2.10199981 0.75985098
305.30530531 2.08873398 0.75545180
306.30630631 2.07656665 0.75313605
307.30730731 2.06394112 0.75446037
308.30830831 2.05167593 0.75193491
309.30930931 2.04282222 0.75311576
310.31031031 2.02896841 0.74821108
311.31131131 2.01885843 0.74209398
312.31231231 2.00675422 0.73715260
313.31331331 1.99176618 0.73474156
314.31431431 1.98141424 0.73385251
315.31531532 1.96644141 0.72720823
316.31631632 1.95710477 0.72662868
317.31731732 1.94367034 0.72326599
318.31831832 1.92958197 0.72058570
319.31931932 1.91812540 0.71511370
320.32032032 1.90578231 0.71376224
321.32132132 1.89315963 0.70804577
322.32232232 1.88098887 0.70700816
323.32332332 1.87134210 0.70531216
324.32432432 1.86090130 0.70307956
325.32532533 1.85102409 0.70139784
326.32632633 1.83820443 0.69857755
327.32732733 1.82527352 0.69415588
328.32832833 1.81467645 0.69303332
329.32932933 1.80277868 0.68895040
330.33033033 1.79313537 0.68650900
331.33133133 1.78382713 0.68213862
332.33233233 1.77330274 0.67765359
333.33333333 1.76652203 0.67324609
334.33433433 1.75565875 0.67173868
335.33533534 1.74672012 0.67028824
336.33633634 1.73557136 0.66629709
337.33733734 1.72535799 0.66466664
338.33833834 1.71589988 0.66409599
339.33933934 1.70725469 0.66289492
340.34034034 1.69813013 0.65950127
341.34134134 1.68717505 0.65689807
342.34234234 1.67954228 0.65378717
343.34334334 1.66786096 0.65225201
344.34434434 1.65504731 0.64774218
345.34534535 1.64396923 0.64371232
346.34634635 1.63657825 0.64377300
347.34734735 1.62670592 0.64210451
348.34834835 1.61945885 0.63952555
349.34934935 1.60781286 0.63624946
350.35035035 1.59908882 0.63365371
351.35135135 1.59072549 0.63064769
352.35235235 1.58213706 0.62793978
353.35335335 1.57174008 0.62039340
354.35435435 1.56402394 0.61907423
355.35535536 1.55308103 0.61623660
356.35635636 1.54475230 0.61299980
357.35735736 1.53612012 0.61121645
358.35835836 1.52552520 0.60496577
359.35935936 1.51467519 0.60351874
360.36036036 1.50645680 0.60195658
361.36136136 1.49737224 0.59989336
362.36236236 1.48900911 0.59824585
363.36336336 1.48083753 0.59504408
364.36436436 1.47241324 0.59342297
365.36536537 1.46522531 0.59215764
366.36636637 1.45616761 0.58747420
367.36736737 1.44854673 0.58555214
368.36836837 1.44261850 0.58625167
369.36936937 1.43268768 0.58437945
370.37037037 1.42432136 0.58390686
371.37137137 1.41703878 0.58177541
372.37237237 1.40642428 0.57637832
373.37337337 1.39813941 0.57493875
374.37437437 1.38857720 0.57350438
375.37537538 1.38061498 0.56936370
376.37637638 1.37093660 0.56392922
377.37737738 1.36190042 0.55931307
378.37837838 1.35401511 0.55567916
379.37937938 1.34521668 0.55240070
380.38038038 1.33575432 0.55010679
381.38138138 1.33035358 0.54790369
382.38238238 1.32270549 0.54374763
383.38338338 1.31406631 0.54209269
384.38438438 1.30390183 0.54036193
385.38538539 1.29590052 0.53934780
386.38638639 1.28878876 0.53572993
387.38738739 1.28264802 0.53362536
388.38838839 1.27522579 0.53174765
389.38938939 1.26791683 0.53131333
390.39039039 1.26051981 0.53066831
391.39139139 1.25235093 0.52911034
392.39239239 1.24422027 0.52694593
393.39339339 1.23727326 0.52547545
394.39439439 1.23275014 0.52341901
395.39539540 1.22845828 0.52846896
396.39639640 1.22135683 0.52627234
397.39739740 1.21189846 0.52044392
398.39839840 1.20450334 0.51885151
399.39939940 1.19800294 0.51714381
400.40040040 1.19094886 0.51511136
401.40140140 1.18498725 0.51360462
402.40240240 1.17757190 0.51252762
403.40340340 1.16945958 0.50941855
404.40440440 1.16253667 0.50747945
405.40540541 1.15397082 0.50552368
406.40640641 1.14598210 0.50316568
407.40740741 1.13994082 0.50020992
408.40840841 1.13149877 0.49495412
409.40940941 1.12655190 0.49372712
410.41041041 1.11848804 0.49287993
411.41141141 1.10909004 0.49248926
412.41241241 1.10249877 0.49233881
413.41341341 1.09543815 0.48922025
414.41441441 1.08795028 0.48476632
415.41541542 1.08045225 0.48173857
416.41641642 1.07432182 0.48111789
417.41741742 1.06583691 0.47793592
418.41841842 1.05929446 0.47660712
419.41941942 1.05299314 0.47496983
420.42042042 1.04930973 0.47283837
421.42142142 1.04115049 0.47023940
422.42242242 1.03416703 0.46781490
423.42342342 1.02889277 0.46502663
424.42442442 1.02263888 0.46394631
425.42542543 1.01666372 0.46226964
426.42642643 1.01141512 0.45991442
427.42742743 1.00565661 0.45972139
428.42842843 0.99913371 0.45807864
429.42942943 0.99288897 0.45742359
430.43043043 0.98751688 0.45608842
431.43143143 0.98176758 0.45563741
432.43243243 0.97457330 0.45370023
433.43343343 0.96976623 0.45158589
434.43443443 0.96417471 0.45012793
435.43543544 0.95719317 0.44997787
436.43643644 0.95011803 0.44560084
437.43743744 0.94507111 0.44283277
438.43843844 0.93807406 0.44166261
439.43943944 0.93197639 0.43860568
440.44044044 0.92550431 0.43481522
441.44144144 0.91838197 0.43210965
442.44244244 0.91356734 0.43057844
443.44344344 0.90810107 0.42813077
444.44444444 0.90436032 0.42807944
445.44544545 0.89784814 0.42481975
446.44644645 0.89553248 0.42321412
447.44744745 0.88958051 0.42048819
448.44844845 0.88429090 0.42081720
449.44944945 0.88011720 0.41950509
450.45045045 0.87743564 0.41964631
451.45145145 0.87266432 0.41721899
452.45245245 0.86667966 0.41693603
453.45345345 0.86145358 0.41422920
454.45445445 0.85514103 0.41195505
455.45545546 0.85004496 0.40927100
456.45645646 0.84539585 0.40758818
457.45745746 0.83800427 0.40698689
458.45845846 0.83255533 0.40535169
459.45945946 0.82747205 0.40245070
460.46046046 0.82420438 0.40109655
461.46146146 0.81970914 0.39963518
462.46246246 0.81717469 0.39945989
463.46346346 0.81105246 0.39702811
464.46446446 0.80600765 0.39472555
465.46546547 0.79998641 0.39140225
466.46646647 0.79525466 0.38986765
467.46746747 0.79080009 0.38957176
468.46846847 0.78597917 0.38853599
469.46946947 0.77975941 0.38709041
470.47047047 0.77610898 0.38462344
471.47147147 0.77354230 0.38533144
472.47247247 0.77068953 0.38432049
473.47347347 0.76654984 0.38206735
474.47447447 0.76283477 0.38001105
475.47547548 0.75934644 0.37861350
476.47647648 0.75630733 0.37898608
477.47747748 0.75234620 0.37687316
478.47847848 0.74775220 0.37573588
479.47947948 0.74329891 0.37384118
480.48048048 0.73910269 0.37159584
481.48148148 0.73500386 0.37015112
482.48248248 0.73075272 0.37138146
483.48348348 0.72646029 0.36901018
484.48448448 0.72084811 0.36775489
485.48548549 0.71735360 0.36599495
486.48648649 0.71433265 0.36423773
487.48748749 0.70920820 0.36144553
488.48848849 0.70518931 0.36104925
489.48948949 0.70202563 0.36034126
490.49049049 0.69808568 0.35890813
491.49149149 0.69510320 0.35679674
492.49249249 0.69068321 0.35575985
493.49349349 0.68704756 0.35477168
494.49449449 0.68264286 0.35281404
495.49549550 0.67812074 0.35093559
496.49649650 0.67300321 0.34750555
497.49749750 0.66830304 0.34689532
498.49849850 0.66595215 0.34538166
499.49949950 0.66161811 0.34400117
500.50050050 0.65673113 0.34161714
501.50150150 0.65325811 0.34163456
502.50250250 0.65052835 0.34097924
503.50350350 0.64738879 0.34024514
504.50450450 0.64389049 0.33956640
505.50550551 0.64010396 0.33844345
506.50650651 0.63646850 0.33715857
507.50750751 0.63219924 0.33559574
508.50850851 0.62920788 0.33387025
509.50950951 0.62395140 0.33387678
510.51051051 0.61974420 0.33218784
511.51151151 0.61622549 0.33062306
512.51251251 0.61226042 0.32906443
513.51351351 0.60835260 0.32656437
514.51451451 0.60526003 0.32627032
515.51551552 0.60253170 0.32540006
516.51651652 0.59840654 0.32381801
517.51751752 0.59442942 0.32330980
518.51851852 0.58945415 0.31911798
519.51951952 0.58742991 0.31782332
520.52052052 0.58214598 0.31516795
521.52152152 0.57801913 0.31433064
522.52252252 0.57429277 0.31429262
523.52352352 0.57035167 0.31204933
524.52452452 0.56704553 0.31083701
525.52552553 0.56396060 0.31027623
526.52652653 0.55947688 0.30884064
527.52752753 0.55668250 0.30733559
528.52852853 0.55338023 0.30668494
529.52952953 0.55197403 0.30567913
530.53053053 0.54814396 0.30453569
531.53153153 0.54448755 0.30340439
532.53253253 0.54025200 0.30038951
533.53353353 0.53668705 0.29945482
534.53453453 0.53524188 0.30086124
535.53553554 0.53229743 0.29951852
536.53653654 0.53009877 0.29855735
537.53753754 0.52723134 0.29572569
538.53853854 0.52493498 0.29349534
539.53953954 0.52120760 0.29254042
540.54054054 0.51781196 0.29115966
541.54154154 0.51408476 0.28921812
542.54254254 0.51003745 0.28842675
543.54354354 0.50683374 0.28673117
544.54454454 0.50517376 0.28571829
545.54554555 0.50277182 0.28453636
546.54654655 0.50061764 0.28498374
547.54754755 0.49790819 0.28377392
548.54854855 0.49623228 0.28436985
549.54954955 0.49406422 0.28293926
550.55055055 0.49149774 0.28186938
551.55155155 0.48866745 0.28049739
552.55255255 0.48510645 0.27864553
553.55355355 0.48235463 0.27681836
554.55455455 0.47853987 0.27592245
555.55555556 0.47436561 0.27421566
556.55655656 0.47141647 0.27426614
557.55755756 0.47057984 0.27935824
558.55855856 0.46806271 0.27910068
559.55955956 0.46594708 0.27771084
560.56056056 0.46343624 0.27609418
561.56156156 0.46035316 0.27370669
562.56256256 0.45708614 0.27226775
563.56356356 0.45609122 0.27159357
564.56456456 0.45428826 0.27148697
565.56556557 0.45110038 0.27104062
566.56656657 0.44823177 0.26960411
567.56756757 0.44563215 0.26891627
568.56856857 0.44284316 0.26839731
569.56956957 0.44093657 0.26700298
570.57057057 0.43884451 0.26608597
571.57157157 0.43703882 0.26610470
572.57257257 0.43415751 0.26534611
573.57357357 0.43218310 0.26573557
574.57457457 0.43073305 0.26596863
575.57557558 0.42733577 0.26250041
576.57657658 0.42435653 0.26103814
577.57757758 0.42147300 0.25947000
578.57857858 0.41917578 0.25916488
579.57957958 0.41649592 0.25818141
580.58058058 0.41397222 0.25757292
581.58158158 0.41288194 0.25738917
582.58258258 0.41047219 0.25641885
583.58358358 0.40755730 0.25512299
584.58458458 0.40521444 0.25585253
585.58558559 0.40141422 0.25419091
586.58658659 0.39876847 0.25265811
587.58758759 0.39673486 0.25218552
588.58858859 0.39624977 0.25415566
589.58958959 0.39390408 0.25274807
590.59059059 0.39115892 0.25170147
591.59159159 0.38940240 0.25232978
592.59259259 0.38731828 0.25245141
593.59359359 0.38575478 0.25254843
594.59459459 0.38345929 0.25244213
595.59559560 0.38162102 0.25248470
596.59659660 0.38010741 0.25285770
597.59759760 0.37822359 0.25223012
598.59859860 0.37642106 0.25224323
599.59959960 0.37333974 0.25049279
600.60060060 0.37070688 0.24911596
601.60160160 0.36922222 0.24878488
602.60260260 0.36644176 0.24717746
603.60360360 0.36383176 0.24573075
604.60460460 0.36212411 0.24395832
605.60560561 0.35945846 0.24398168
606.60660661 0.35765209 0.24386479
607.60760761 0.35562227 0.24220090
608.60860861 0.35337909 0.24084887
609.60960961 0.35032778 0.23958826
610.61061061 0.34649394 0.23494228
611.61161161 0.34428409 0.23518777
612.61261261 0.34261366 0.23402864
613.61361361 0.34061257 0.23200398
614.61461461 0.33900613 0.23327515
615.61561562 0.33676679 0.23150671
616.61661662 0.33563152 0.23270638
617.61761762 0.33456192 0.23167179
618.61861862 0.33324755 0.23090934
619.61961962 0.33088067 0.22954975
620.62062062 0.32926788 0.22959818
621.62162162 0.32709131 0.22938826
622.62262262 0.32485907 0.22750001
623.62362362 0.32260063 0.22678450
624.62462462 0.32078838 0.22699496
625.62562563 0.32075760 0.22874094
626.62662663 0.31920031 0.22838110
627.62762763 0.31798829 0.22829650
628.62862863 0.31616323 0.22755865
629.62962963 0.31513467 0.22886267
630.63063063 0.31318655 0.22789415
631.63163163 0.31112071 0.22763930
632.63263263 0.30965677 0.22650441
633.63363363 0.30905330 0.22851328
634.63463463 0.30786544 0.22774935
635.63563564 0.30627772 0.22711280
636.63663664 0.30383232 0.22606869
637.63763764 0.30293362 0.22638468
638.63863864 0.30033309 0.22414803
639.63963964 0.30043354 0.22323699
640.64064064 0.29884356 0.22204852
641.64164164 0.29792766 0.22167302
642.64264264 0.29573461 0.22010608
643.64364364 0.29438565 0.21983203
644.64464464 0.29212718 0.21866121
645.64564565 0.29006768 0.21757048
646.64664665 0.28920810 0.21745095
647.64764765 0.28713222 0.21616815
648.64864865 0.28548278 0.21554814
649.64964965 0.28420892 0.21428345
650.65065065 0.28301506 0.21163813
651.65165165 0.28104100 0.21255328
652.65265265 0.28023946 0.21324108
653.65365365 0.27844160 0.21206221
654.65465465 0.27623190 0.21114936
655.65565566 0.27489772 0.21083748
656.65665666 0.27348128 0.21017529
657.65765766 0.27193761 0.21143116
658.65865866 0.27157775 0.21082450
659.65965966 0.26922859 0.20872486
660.66066066 0.26837406 0.20778389
661.66166166 0.26693896 0.20630803
662.66266266 0.26477948 0.20427046
663.66366366 0.26330057 0.20303834
664.66466466 0.26237711 0.20222663
665.66566567 0.26120457 0.20432835
666.66666667 0.25939581 0.20342016
667.66766767 0.25819650 0.20286815
668.66866867 0.25626043 0.20077754
669.66966967 0.25553533 0.20036663
670.67067067 0.25487579 0.20011577
671.67167167 0.25288074 0.19935063
672.67267267 0.25195538 0.19787928
673.67367367 0.25087969 0.19723698
674.67467467 0.25038989 0.19652761
675.67567568 0.24789645 0.19400235
676.67667668 0.24702864 0.19331491
677.67767768 0.24550465 0.19268752
678.67867868 0.24366120 0.19186923
679.67967968 0.24265691 0.19089576
680.68068068 0.24115542 0.18999356
681.68168168 0.24038704 0.19055364
682.68268268 0.23729402 0.18729408
683.68368368 0.23694224 0.18667505
684.68468468 0.23527169 0.18506966
685.68568569 0.23475238 0.18396087
686.68668669 0.23421528 0.18470420
687.68768769 0.23406146 0.18530267
688.68868869 0.23201726 0.18343351
689.68968969 0.23010967 0.18237646
690.69069069 0.22962040 0.18221933
691.69169169 0.22844033 0.18116860
692.69269269 0.22730632 0.18016958
693.69369369 0.22821777 0.18058066
694.69469469 0.22696628 0.17944310
695.69569570 0.22831871 0.18122270
696.69669670 0.22666367 0.17998881
697.69769770 0.22454448 0.17641537
698.69869870 0.22295473 0.17539913
699.69969970 0.22240588 0.17552827
700.70070070 0.22120008 0.17538376
701.70170170 0.22118522 0.17585471
702.70270270 0.22002123 0.17502327
703.70370370 0.21821876 0.17328744
704.70470470 0.21746069 0.17308568
705.70570571 0.21580209 0.17174168
706.70670671 0.21574633 0.17149049
707.70770771 0.21472985 0.17116148
708.70870871 0.21337655 0.17028138
709.70970971 0.21203155 0.16934806
710.71071071 0.21101543 0.16839797
711.71171171 0.20881589 0.16647746
712.71271271 0.20740657 0.16534818
713.71371371 0.20700749 0.16829934
714.71471471 0.20605163 0.16680893
715.71571572 0.20604485 0.16980178
716.71671672 0.20453138 0.16902983
717.71771772 0.20307369 0.16749143
718.71871872 0.20154766 0.16560513
719.71971972 0.20019379 0.16512348
720.72072072 0.19952485 0.16516445
721.72172172 0.19914920 0.16593554
722.72272272 0.19867482 0.16564463
723.72372372 0.19834582 0.16506898
724.72472472 0.19579595 0.16262599
725.72572573 0.19560676 0.16206931
726.72672673 0.19627741 0.16381470
727.72772773 0.19477288 0.16272510
728.72872873 0.19466144 0.16350916
729.72972973 0.19303237 0.16237453
730.73073073 0.19176914 0.16146141
731.73173173 0.19125084 0.16137017
732.73273273 0.19046871 0.16271039
733.73373373 0.18911545 0.16154231
734.73473473 0.18860256 0.16194971
735.73573574 0.18797700 0.16152879
736.73673674 0.18760683 0.16200116
737.73773774 0.18630609 0.16151359
738.73873874 0.18495775 0.16058603
739.73973974 0.18415192 0.16006523
740.74074074 0.18395745 0.16169592
741.74174174 0.18375919 0.16303530
742.74274274 0.18267254 0.16216323
743.74374374 0.18140433 0.16096777
744.74474474 0.18028832 0.15970553
745.74574575 0.18021450 0.16011086
746.74674675 0.18002210 0.16041180
747.74774775 0.17861100 0.15958216
748.74874875 0.17730438 0.15913677
749.74974975 0.17613743 0.15816042
750.75075075 0.17539480 0.15870251
751.75175175 0.17516689 0.15887908
752.75275275 0.17316756 0.15635554
753.75375375 0.17198084 0.15545937
754.75475475 0.17265207 0.15837852
755.75575576 0.17159226 0.15774472
756.75675676 0.17081710 0.15834264
757.75775776 0.16951728 0.15721374
758.75875876 0.16941467 0.15719908
759.75975976 0.16734354 0.15496118
760.76076076 0.16683670 0.15415155
761.76176176 0.16824512 0.15640089
762.76276276 0.16719759 0.15572038
763.76376376 0.16851182 0.16010838
764.76476476 0.16844669 0.16094282
765.76576577 0.16710617 0.15935535
766.76676677 0.16607332 0.15887260
767.76776777 0.16565178 0.15947569
768.76876877 0.16453064 0.15875047
769.76976977 0.16350745 0.15849159
770.77077077 0.16282097 0.15799820
771.77177177 0.16281549 0.15978632
772.77277277 0.16279541 0.16013717
773.77377377 0.16194478 0.15972242
774.77477477 0.16334840 0.16430181
775.77577578 0.16297442 0.16573088
776.77677678 0.16250813 0.16532446
777.77777778 0.16155558 0.16539219
778.77877878 0.16120746 0.16523369
779.77977978 0.16008419 0.16422651
780.78078078 0.15887551 0.16286322
781.78178178 0.15779820 0.16204088
782.78278278 0.15688444 0.16134915
783.78378378 0.15580972 0.16044486
784.78478478 0.15553094 0.16131793
785.78578579 0.15475728 0.16092130
786.78678679 0.15375584 0.16028952
787.78778779 0.15267919 0.15940243
788.78878879 0.15159521 0.15861421
789.78978979 0.15055948 0.15777963
790.79079079 0.15107955 0.15930665
791.79179179 0.15018434 0.15870296
792.79279279 0.15057398 0.16188315
793.79379379 0.15118602 0.16440071
794.79479479 0.15136945 0.16502846
795.79579580 0.15213844 0.16578289
796.79679680 0.15119206 0.16494820
797.79779780 0.14997344 0.16393892
798.79879880 0.14860413 0.16249592
799.79979980 0.14781609 0.16207992
800.80080080 0.14677108 0.16122117
801.80180180 0.14587850 0.16045628
802.80280280 0.14516387 0.16078099
803.80380380 0.14433311 0.16000725
804.80480480 0.14370185 0.15990127
805.80580581 0.14350510 0.16040632
806.80680681 0.14205766 0.15880100
807.80780781 0.14130218 0.15816589
808.80880881 0.14033387 0.15742366
809.80980981 0.13937610 0.15675075
810.81081081 0.13867489 0.15618787
811.81181181 0.13781950 0.15554036
812.81281281 0.13634995 0.15140362
813.81381381 0.13492619 0.14895224
814.81481481 0.13420989 0.14862674
815.81581582 0.13284447 0.14667067
816.81681682 0.13214645 0.14665685
817.81781782 0.13130475 0.14575451
818.81881882 0.13054809 0.14515739
819.81981982 0.13153806 0.15081935
820.82082082 0.13085362 0.15021786
821.82182182 0.12999841 0.14957195
822.82282282 0.12835591 0.14559266
823.82382382 0.12843786 0.14712490
824.82482482 0.12884780 0.14948396
825.82582583 0.13034031 0.15218340
826.82682683 0.12942291 0.15126982
827.82782783 0.12903146 0.15202438
828.82882883 0.13029348 0.15507779
829.82982983 0.12798356 0.14893267
830.83083083 0.12740918 0.14893154
831.83183183 0.12647968 0.14832486
832.83283283 0.12578494 0.14805072
833.83383383 0.12487343 0.14708520
834.83483483 0.12423589 0.14662025
835.83583584 0.12490011 0.14768610
836.83683684 0.12561173 0.15220770
837.83783784 0.12459528 0.15103588
838.83883884 0.12565881 0.15580609
839.83983984 0.12487983 0.15466789
840.84084084 0.12412295 0.15404534
841.84184184 0.12326179 0.15328899
842.84284284 0.12480366 0.15634170
843.84384384 0.12410846 0.15588559
844.84484484 0.12328224 0.15505182
845.84584585 0.12239518 0.15412568
846.84684685 0.12267474 0.15475693
847.84784785 0.12249272 0.15474337
848.84884885 0.12140303 0.15422024
849.84984985 0.12065419 0.15362453
850.85085085 0.12014351 0.15310886
851.85185185 0.12008698 0.15382652
852.85285285 0.11933776 0.15312224
853.85385385 0.11877965 0.15233146
854.85485485 0.11809719 0.15196891
855.85585586 0.11708575 0.15074104
856.85685686 0.11878930 0.15355867
857.85785786 0.11808993 0.15310000
858.85885886 0.12032497 0.15818325
859.85985986 0.12023029 0.15842359
860.86086086 0.12109147 0.15914988
861.86186186 0.12008794 0.15788103
862.86286286 0.12078750 0.15980488
863.86386386 0.11996651 0.15901177
864.86486486 0.12003337 0.15947452
865.86586587 0.11935384 0.15836343
866.86686687 0.12036670 0.15948424
867.86786787 0.11997741 0.15886149
868.86886887 0.11918403 0.15805786
869.86986987 0.11842268 0.15734766
870.87087087 0.11910317 0.15894612
871.87187187 0.11818369 0.15824579
872.87287287 0.11747044 0.15747098
873.87387387 0.11669238 0.15675589
874.87487487 0.11655994 0.16092740
875.87587588 0.11590171 0.16041093
876.87687688 0.11511978 0.15961219
877.87787788 0.11483253 0.15985279
878.87887888 0.11389303 0.15883973
879.87987988 0.11403916 0.15934110
880.88088088 0.11275816 0.15834782
881.88188188 0.11196816 0.15752971
882.88288288 0.11153920 0.15684134
883.88388388 0.11086139 0.15612608
884.88488488 0.11020692 0.15537723
885.88588589 0.11096552 0.15741172
886.88688689 0.11094839 0.15741758
887.88788789 0.11138279 0.15808095
888.88888889 0.11229872 0.15945583
889.88988989 0.11148831 0.15859102
890.89089089 0.11054343 0.15762628
891.89189189 0.10992162 0.15711201
892.89289289 0.11038786 0.15820950
893.89389389 0.10969461 0.15753840
894.89489489 0.11007973 0.15829789
895.89589590 0.10933160 0.15744231
896.89689690 0.10865297 0.15679001
897.89789790 0.10748496 0.15519514
898.89889890 0.10647024 0.15354450
899.89989990 0.10622387 0.15277367
900.90090090 0.10560900 0.15228265
901.90190190 0.10494704 0.15159786
902.90290290 0.10426373 0.15087191
903.90390390 0.10371676 0.15040083
904.90490490 0.10299262 0.14957830
905.90590591 0.10232128 0.14888094
906.90690691 0.10195669 0.14905349
907.90790791 0.10099801 0.14749244
908.90890891 0.10266582 0.15058580
909.90990991 0.10215339 0.15030755
910.91091091 0.10248052 0.15128357
911.91191191 0.10143967 0.14919801
912.91291291 0.10110061 0.14846735
913.91391391 0.10067543 0.14790613
914.91491491 0.10007794 0.14717016
915.91591592 0.09959390 0.14654072
916.91691692 0.10046624 0.14878892
917.91791792 0.10225068 0.15286710
918.91891892 0.10192897 0.15246431
919.91991992 0.10333643 0.15490415
920.92092092 0.10222426 0.15247877
921.92192192 0.10132977 0.15174110
922.92292292 0.10266792 0.15617797
923.92392392 0.10181070 0.15533809
924.92492492 0.10293651 0.15853994
925.92592593 0.10236274 0.15785830
926.92692693 0.10177557 0.15731008
927.92792793 0.10098273 0.15617897
928.92892893 0.10050827 0.15626195
929.92992993 0.10137705 0.15883463
930.93093093 0.10171779 0.15994951
931.93193193 0.10111603 0.15939482
932.93293293 0.10023296 0.15693441
933.93393393 0.09906830 0.15479992
934.93493493 0.09850521 0.15316047
935.93593594 0.09785601 0.15240174
936.93693694 0.09755718 0.15345759
937.93793794 0.09728520 0.15323184
938.93893894 0.09670664 0.15273303
939.93993994 0.09735142 0.15386221
940.94094094 0.09676164 0.15329793
941.94194194 0.09612788 0.15244735
942.94294294 0.09630213 0.15353137
943.94394394 0.09875943 0.15911830
944.94494494 0.09831657 0.15905969
945.94594595 0.09767447 0.15835083
946.94694695 0.09708096 0.15772547
947.94794795 0.09666349 0.15721691
948.94894895 0.09610996 0.15666507
949.94994995 0.09691093 0.15896116
950.95095095 0.09640494 0.15843381
951.95195195 0.09572082 0.15670235
952.95295295 0.09513099 0.15605898
953.95395395 0.09455564 0.15544040
954.95495495 0.09486810 0.15566192
955.95595596 0.09416899 0.15474695
956.95695696 0.09369553 0.15415706
957.95795796 0.09356231 0.15396713
958.95895896 0.09277898 0.15322361
959.95995996 0.09214333 0.15240452
960.96096096 0.09289683 0.15462061
961.96196196 0.09434056 0.15869406
962.96296296 0.09555746 0.16186911
963.96396396 0.09382223 0.15809234
964.96496496 0.09399255 0.16055199
965.96596597 0.09411953 0.16178991
966.96696697 0.09539401 0.16379330
967.96796797 0.09592875 0.16449141
968.96896897 0.09589052 0.16413866
969.96996997 0.09517005 0.16265743
970.97097097 0.09322614 0.15827516
971.97197197 0.09276151 0.15762823
972.97297297 0.09239515 0.15869667
973.97397397 0.09185649 0.15815424
974.97497497 0.09128486 0.15744884
975.97597598 0.09144199 0.15736709
976.97697698 0.09118087 0.15754409
977.97797798 0.09063183 0.15686921
978.97897898 0.09013882 0.15626949
979.97997998 0.08970031 0.15568488
980.98098098 0.08952947 0.15375556
981.98198198 0.09021521 0.15522423
982.98298298 0.09063871 0.15640519
983.98398398 0.09160765 0.15879499
984.98498498 0.09209167 0.15949818
985.98598599 0.09209897 0.15965996
986.98698699 0.09221897 0.15939109
987.98798799 0.09174516 0.15888803
988.98898899 0.09154795 0.15961542
989.98998999 0.09066217 0.15744171
990.99099099 0.09001843 0.15645730
991.99199199 0.08864025 0.15243956
992.99299299 0.08813943 0.15184812
993.99399399 0.08954563 0.15627531
994.99499499 0.08934499 0.15686517
995.99599600 0.09035672 0.15927698
996.99699700 0.08989023 0.15888029
997.99799800 0.08842241 0.15558795
998.99899900 0.08795259 0.15505230
1000.00000000 0.08744399 0.15444004
