0.00000000 11.00000000
0.05001250 11.00270660
0.10002501 11.00706361
0.15003751 11.00275253
0.20005001 10.99841464
0.25006252 10.99539759
0.30007502 10.99256993
0.35008752 10.98859029
0.40010003 10.98395389
0.45011253 10.98166180
0.50012503 10.97780641
0.55013753 10.97592522
0.60015004 10.97275690
0.65016254 10.96922948
0.70017504 10.96841059
0.75018755 10.96625028
0.80020005 10.96226613
0.85021255 10.95727842
0.90022506 10.95518737
0.95023756 10.94920204
1.00025006 10.94519344
1.05026257 10.93900294
1.10027507 10.93386005
1.15028757 10.93065314
1.20030008 10.92238636
1.25031258 10.91459296
1.30032508 10.91123646
1.35033758 10.90600492
1.40035009 10.89627341
1.45036259 10.89218062
1.50037509 10.88558646
1.55038760 10.87689642
1.60040010 10.87269771
1.65041260 10.86453053
1.70042511 10.85155341
1.75043761 10.84052809
1.80045011 10.83418665
1.85046262 10.82296935
1.90047512 10.81118575
1.95048762 10.80140239
2.00050013 10.79835656
2.05051263 10.79245580
2.10052513 10.79187939
2.15053763 10.78642237
2.20055014 10.77684978
2.25056264 10.76472990
2.30057514 10.75646051
2.35058765 10.74903290
2.40060015 10.74628183
2.45061265 10.73703170
2.50062516 10.72880536
2.55063766 10.72017346
2.60065016 10.71791416
2.65066267 10.70968386
2.70067517 10.69799067
2.75068767 10.69092668
2.80070018 10.68399821
2.85071268 10.67776919
2.90072518 10.66936647
2.95073768 10.66357825
3.00075019 10.65689613
3.05076269 10.64966327
3.10077519 10.64414495
3.15078770 10.63646018
3.20080020 10.62427467
3.25081270 10.61307228
3.30082521 10.60644040
3.35083771 10.59657882
3.40085021 10.59594283
3.45086272 10.58841488
3.50087522 10.57902061
3.55088772 10.56937648
3.60090023 10.56730427
3.65091273 10.56107848
3.70092523 10.54998018
3.75093773 10.53753643
3.80095024 10.53234180
3.85096274 10.52184705
3.90097524 10.51355089
3.95098775 10.50544634
4.00100025 10.49477032
4.05101275 10.48620788
4.10102526 10.47940015
4.15103776 10.47321974
4.20105026 10.46427158
4.25106277 10.45710522
4.30107527 10.44620807
4.35108777 10.44185691
4.40110028 10.43007165
4.45111278 10.42387337
4.50112528 10.41893060
4.55113778 10.41660738
4.60115029 10.40675432
4.65116279 10.40053724
4.70117529 10.39611958
4.75118780 10.38722452
4.80120030 10.37454758
4.85121280 10.37034276
4.90122531 10.36494310
4.95123781 10.35926374
5.00125031 10.34826849
5.05126282 10.34337398
5.10127532 10.33851816
5.15128782 10.32554741
5.20130033 10.31796426
5.25131283 10.31265621
5.30132533 10.30665899
5.35133783 10.29441523
5.40135034 10.28660482
5.45136284 10.28350965
5.50137534 10.27746723
5.55138785 10.27239915
5.60140035 10.26357403
5.65141285 10.25006658
5.70142536 10.24116976
5.75143786 10.22637830
5.80145036 10.21867189
5.85146287 10.20873173
5.90147537 10.19711714
5.95148787 10.18775928
6.00150038 10.17895284
6.05151288 10.17323866
6.10152538 10.16645928
6.15153788 10.15270488
6.20155039 10.14086462
6.25156289 10.13373928
6.30157539 10.12799382
6.35158790 10.12073059
6.40160040 10.11050668
6.45161290 10.10098299
6.50162541 10.09060510
6.55163791 10.08761877
6.60165041 10.08103423
6.65166292 10.08012975
6.70167542 10.07223814
6.75168792 10.06350881
6.80170043 10.05534182
6.85171293 10.04533773
6.90172543 10.04452611
6.95173793 10.03583069
7.00175044 10.03205951
7.05176294 10.02434273
7.10177544 10.01263370
7.15178795 10.00232827
7.20180045 9.99686425
7.25181295 9.98640983
7.30182546 9.98384565
7.35183796 9.97629291
7.40185046 9.96748864
7.45186297 9.96076074
7.50187547 9.95308993
7.55188797 9.93973888
7.60190048 9.93287874
7.65191298 9.92476158
7.70192548 9.91143941
7.75193798 9.90342729
7.80195049 9.89162805
7.85196299 9.88566114
7.90197549 9.87985614
7.95198800 9.86733633
8.00200050 9.85932109
8.05201300 9.85184373
8.10202551 9.84445598
8.15203801 9.83381509
8.20205051 9.81688285
8.25206302 9.81231465
8.30207552 9.80568775
8.35208802 9.79307268
8.40210053 9.77788847
8.45211303 9.77321719
8.50212553 9.76275389
8.55213803 9.75656228
8.60215054 9.74736088
8.65216304 9.73706957
8.70217554 9.73349893
8.75218805 9.72163914
8.80220055 9.71793596
8.85221305 9.70878045
8.90222556 9.69686647
8.95223806 9.68638194
9.00225056 9.67863099
9.05226307 9.66675781
9.10227557 9.65893121
9.15228807 9.65041233
9.20230058 9.64014875
9.25231308 9.63787312
9.30232558 9.62830621
9.35233808 9.61951825
9.40235059 9.61639511
9.45236309 9.60682572
9.50237559 9.60427483
9.55238810 9.59535401
9.60240060 9.58761294
9.65241310 9.57549809
9.70242561 9.56388315
9.75243811 9.55532117
9.80245061 9.55259287
9.85246312 9.53977772
9.90247562 9.52579613
9.95248812 9.51434700
10.00250063 9.49720341
10.05251313 9.48808882
10.10252563 9.47394047
10.15253813 9.46848491
10.20255064 9.45411512
10.25256314 9.45182652
10.30257564 9.44096044
10.35258815 9.43562323
10.40260065 9.42540059
10.45261315 9.41926304
10.50262566 9.40998854
10.55263816 9.40008930
10.60265066 9.39494132
10.65266317 9.38337039
10.70267567 9.36273115
10.75268817 9.35590554
10.80270068 9.35394099
10.85271318 9.34753207
10.90272568 9.34216627
10.95273818 9.33731187
11.00275069 9.32846324
11.05276319 9.32505343
11.10277569 9.31898397
11.15278820 9.31747369
11.20280070 9.30886014
11.25281320 9.29944409
11.30282571 9.28412205
11.35283821 9.27125181
11.40285071 9.25864707
11.45286322 9.25230327
11.50287572 9.24567930
11.55288822 9.23581515
11.60290073 9.23104110
11.65291323 9.22202417
11.70292573 9.21882420
11.75293823 9.20826374
11.80295074 9.19928546
11.85296324 9.18642531
11.90297574 9.17950203
11.95298825 9.17243773
12.00300075 9.16642273
12.05301325 9.15844482
12.10302576 9.14621224
12.15303826 9.13902052
12.20305076 9.12764712
12.25306327 9.11736571
12.30307577 9.10628349
12.35308827 9.10266080
12.40310078 9.08921821
12.45311328 9.08478521
12.50312578 9.07985224
12.55313828 9.06932283
12.60315079 9.05528682
12.65316329 9.04534938
12.70317579 9.03103235
12.75318830 9.02488261
12.80320080 9.02284333
12.85321330 9.01263819
12.90322581 9.00413120
12.95323831 8.99775082
13.00325081 8.98931344
13.05326332 8.98689947
13.10327582 8.97853242
13.15328832 8.97317875
13.20330083 8.96348159
13.25331333 8.95691364
13.30332583 8.94538063
13.35333833 8.93671016
13.40335084 8.93100820
13.45336334 8.91179358
13.50337584 8.90593858
13.55338835 8.89553099
13.60340085 8.88119615
13.65341335 8.87574096
13.70342586 8.86257065
13.75343836 8.85043664
13.80345086 8.83649739
13.85346337 8.82887350
13.90347587 8.81581775
13.95348837 8.80466521
14.00350088 8.79872306
14.05351338 8.78999969
14.10352588 8.78347159
14.15353838 8.77331306
14.20355089 8.76769732
14.25356339 8.76086478
14.30357589 8.75275061
14.35358840 8.74752673
14.40360090 8.73676293
14.45361340 8.72701498
14.50362591 8.71977322
14.55363841 8.71006465
14.60365091 8.69812585
14.65366342 8.68972559
14.70367592 8.68481393
14.75368842 8.67912272
14.80370093 8.67703883
14.85371343 8.66521424
14.90372593 8.65609905
14.95373843 8.64485258
15.00375094 8.64208126
15.05376344 8.63811199
15.10377594 8.62309675
15.15378845 8.62103237
15.20380095 8.61070227
15.25381345 8.60623282
15.30382596 8.59221897
15.35383846 8.58731034
15.40385096 8.58515746
15.45386347 8.57316019
15.50387597 8.56925236
15.55388847 8.56142987
15.60390098 8.55645040
15.65391348 8.54721617
15.70392598 8.54309133
15.75393848 8.53285037
15.80395099 8.52750109
15.85396349 8.51796336
15.90397599 8.50939964
15.95398850 8.50280451
16.00400100 8.49608420
16.05401350 8.48568435
16.10402601 8.47212987
16.15403851 8.46635320
16.20405101 8.45940931
16.25406352 8.45608470
16.30407602 8.45009461
16.35408852 8.44003256
16.40410103 8.43422753
16.45411353 8.42494351
16.50412603 8.41761255
16.55413853 8.40767285
16.60415104 8.40115507
16.65416354 8.39353371
16.70417604 8.38910994
16.75418855 8.37835568
16.80420105 8.36311755
16.85421355 8.35893333
16.90422606 8.34785763
16.95423856 8.34202348
17.00425106 8.33892248
17.05426357 8.33376275
17.10427607 8.32634374
17.15428857 8.31770309
17.20430108 8.30377892
17.25431358 8.29170756
17.30432608 8.27670056
17.35433858 8.27467272
17.40435109 8.26706638
17.45436359 8.26199346
17.50437609 8.25037284
17.55438860 8.24456677
17.60440110 8.23953439
17.65441360 8.22758789
17.70442611 8.21711166
17.75443861 8.20868817
17.80445111 8.20458032
17.85446362 8.19504005
17.90447612 8.18625253
17.95448862 8.18193642
18.00450113 8.17073987
18.05451363 8.16509166
18.10452613 8.16134040
18.15453863 8.14877905
18.20455114 8.13870424
18.25456364 8.13326835
18.30457614 8.12565377
18.35458865 8.11973840
18.40460115 8.11526732
18.45461365 8.10682866
18.50462616 8.10094825
18.55463866 8.09691381
18.60465116 8.09081115
18.65466367 8.08358679
18.70467617 8.07817553
18.75468867 8.06863818
18.80470118 8.06705181
18.85471368 8.06000459
18.90472618 8.04761927
18.95473868 8.03679528
19.00475119 8.03359957
19.05476369 8.02503062
19.10477619 8.01343472
19.15478870 8.00458130
19.20480120 7.99681466
19.25481370 7.98967560
19.30482621 7.97892484
19.35483871 7.97098172
19.40485121 7.96173899
19.45486372 7.94911417
19.50487622 7.94355279
19.55488872 7.93510186
19.60490123 7.92461520
19.65491373 7.91089732
19.70492623 7.90094916
19.75493873 7.89394374
19.80495124 7.88566779
19.85496374 7.87746909
19.90497624 7.87434132
19.95498875 7.87491338
20.00500125 7.86264377
20.05501375 7.85743259
20.10502626 7.85201691
20.15503876 7.84772597
20.20505126 7.84379959
20.25506377 7.83614041
20.30507627 7.83186583
20.35508877 7.82851648
20.40510128 7.81869014
20.45511378 7.80763848
20.50512628 7.79853398
20.55513878 7.79082410
20.60515129 7.77984860
20.65516379 7.77306710
20.70517629 7.76896951
20.75518880 7.76293551
20.80520130 7.75274367
20.85521380 7.74630175
20.90522631 7.74143764
20.95523881 7.73094943
21.00525131 7.72700138
21.05526382 7.71547006
21.10527632 7.70877077
21.15528882 7.70314957
21.20530133 7.69852113
21.25531383 7.69381397
21.30532633 7.68506048
21.35533883 7.67266809
21.40535134 7.65834951
21.45536384 7.64496247
21.50537634 7.64078576
21.55538885 7.63948818
21.60540135 7.62753950
21.65541385 7.62096344
21.70542636 7.60833354
21.75543886 7.60307284
21.80545136 7.59714570
21.85546387 7.58893610
21.90547637 7.58257697
21.95548887 7.57642390
22.00550138 7.57103287
22.05551388 7.55884946
22.10552638 7.54573687
22.15553888 7.54179400
22.20555139 7.53226405
22.25556389 7.52263611
22.30557639 7.51772097
22.35558890 7.51171769
22.40560140 7.50708799
22.45561390 7.49621346
22.50562641 7.48913119
22.55563891 7.48305717
22.60565141 7.47689888
22.65566392 7.46667186
22.70567642 7.46103862
22.75568892 7.45239048
22.80570143 7.44824272
22.85571393 7.44302121
22.90572643 7.43120804
22.95573893 7.42439184
23.00575144 7.41785880
23.05576394 7.41249405
23.10577644 7.40165570
23.15578895 7.39852302
23.20580145 7.39188617
23.25581395 7.38414443
23.30582646 7.37814845
23.35583896 7.37466683
23.40585146 7.36638422
23.45586397 7.35985496
23.50587647 7.35677518
23.55588897 7.34959088
23.60590148 7.34297323
23.65591398 7.33689838
23.70592648 7.32649283
23.75593898 7.31932203
23.80595149 7.31448901
23.85596399 7.30519687
23.90597649 7.29346305
23.95598900 7.28448167
24.00600150 7.27752250
24.05601400 7.26971175
24.10602651 7.25111133
24.15603901 7.24662509
24.20605151 7.24452735
24.25606402 7.23510513
24.30607652 7.22609123
24.35608902 7.21707759
24.40610153 7.20950252
24.45611403 7.20338466
24.50612653 7.19529335
24.55613903 7.18934978
24.60615154 7.17160904
24.65616404 7.16322514
24.70617654 7.15609195
24.75618905 7.14621265
24.80620155 7.14062994
24.85621405 7.13711294
24.90622656 7.12972711
24.95623906 7.12270060
25.00625156 7.11559789
25.05626407 7.10649778
25.10627657 7.10104804
25.15628907 7.08988730
25.20630158 7.08442871
25.25631408 7.07818279
25.30632658 7.07632016
25.35633908 7.06882949
25.40635159 7.05231899
25.45636409 7.04022662
25.50637659 7.03433295
25.55638910 7.03261966
25.60640160 7.02675583
25.65641410 7.01159944
25.70642661 7.00726564
25.75643911 7.00173476
25.80645161 6.99762516
25.85646412 6.99079593
25.90647662 6.98396215
25.95648912 6.97609791
26.00650163 6.96469045
26.05651413 6.95566471
26.10652663 6.94657542
26.15653913 6.94576381
26.20655164 6.94222603
26.25656414 6.93641763
26.30657664 6.92828075
26.35658915 6.92381792
26.40660165 6.91286189
26.45661415 6.90127945
26.50662666 6.89702788
26.55663916 6.89094767
26.60665166 6.88139263
26.65666417 6.87597764
26.70667667 6.86902732
26.75668917 6.86286234
26.80670168 6.84949707
26.85671418 6.84569258
26.90672668 6.84155156
26.95673918 6.83805390
27.00675169 6.82754641
27.05676419 6.81195550
27.10677669 6.80963167
27.15678920 6.80350905
27.20680170 6.79409426
27.25681420 6.79149449
27.30682671 6.78492363
27.35683921 6.77793747
27.40685171 6.77154088
27.45686422 6.76211828
27.50687672 6.75846938
27.55688922 6.74600933
27.60690173 6.74212003
27.65691423 6.74037556
27.70692673 6.73044203
27.75693923 6.72636087
27.80695174 6.71621024
27.85696424 6.71106314
27.90697674 6.69650996
27.95698925 6.69476201
28.00700175 6.68730387
28.05701425 6.68240597
28.10702676 6.67812005
28.15703926 6.66248455
28.20705176 6.64928184
28.25706427 6.64254830
28.30707677 6.63618093
28.35708927 6.63510281
28.40710178 6.62890199
28.45711428 6.62481643
28.50712678 6.61687566
28.55713928 6.60681867
28.60715179 6.59255754
28.65716429 6.58135021
28.70717679 6.57468135
28.75718930 6.56952879
28.80720180 6.55944954
28.85721430 6.54863505
28.90722681 6.53966615
28.95723931 6.53438436
29.00725181 6.52576371
29.05726432 6.52227947
29.10727682 6.51135238
29.15728932 6.50786804
29.20730183 6.49809839
29.25731433 6.48788845
29.30732683 6.48143107
29.35733933 6.47616996
29.40735184 6.46675111
29.45736434 6.45984280
29.50737684 6.45070326
29.55738935 6.44045314
29.60740185 6.43735388
29.65741435 6.43291898
29.70742686 6.42583844
29.75743936 6.42182047
29.80745186 6.41763264
29.85746437 6.40741537
29.90747687 6.40036237
29.95748937 6.39309722
30.00750188 6.38698279
30.05751438 6.37941603
30.10752688 6.36205452
30.15753938 6.35225313
30.20755189 6.33888525
30.25756439 6.32847167
30.30757689 6.32426330
30.35758940 6.31202104
30.40760190 6.30909918
30.45761440 6.30237661
30.50762691 6.29605419
30.55763941 6.28741219
30.60765191 6.28108104
30.65766442 6.27092934
30.70767692 6.26129723
30.75768942 6.25332854
30.80770193 6.24617057
30.85771443 6.24249542
30.90772693 6.23766385
30.95773943 6.22836651
31.00775194 6.22576185
31.05776444 6.21499127
31.10777694 6.20925634
31.15778945 6.20292237
31.20780195 6.19686534
31.25781445 6.19582993
31.30782696 6.18898691
31.35783946 6.18320978
31.40785196 6.17572570
31.45786447 6.17101409
31.50787697 6.16477641
31.55788947 6.15439551
31.60790198 6.14731419
31.65791448 6.13943306
31.70792698 6.13394509
31.75793948 6.12789461
31.80795199 6.12242338
31.85796449 6.11349247
31.90797699 6.11014312
31.95798950 6.10197131
32.00800200 6.09801910
32.05801450 6.09274700
32.10802701 6.08311465
32.15803951 6.07442522
32.20805201 6.06905129
32.25806452 6.05886711
32.30807702 6.05810673
32.35808952 6.04844347
32.40810203 6.03964132
32.45811453 6.03546924
32.50812703 6.02583519
32.55813953 6.02061019
32.60815204 6.01618175
32.65816454 6.01031011
32.70817704 6.00127635
32.75818955 5.99197071
32.80820205 5.98434518
32.85821455 5.97686778
32.90822706 5.97051489
32.95823956 5.96520754
33.00825206 5.95647625
33.05826457 5.94865397
33.10827707 5.94454510
33.15828957 5.93802735
33.20830208 5.93389966
33.25831458 5.93035401
33.30832708 5.92701925
33.35833958 5.92277549
33.40835209 5.91923671
33.45836459 5.91086796
33.50837709 5.90455291
33.55838960 5.89896197
33.60840210 5.89085875
33.65841460 5.88929842
33.70842711 5.87689454
33.75843961 5.86948648
33.80845211 5.86310652
33.85846462 5.85980462
33.90847712 5.85381721
33.95848962 5.84923122
34.00850213 5.83706288
34.05851463 5.83606147
34.10852713 5.82732499
34.15853963 5.82447842
34.20855214 5.81364709
34.25856464 5.80624807
34.30857714 5.79348203
34.35858965 5.78564071
34.40860215 5.77613281
34.45861465 5.77273093
34.50862716 5.76759326
34.55863966 5.76105521
34.60865216 5.75241312
34.65866467 5.74889930
34.70867717 5.74294991
34.75868967 5.73772083
34.80870218 5.73567061
34.85871468 5.72516887
34.90872718 5.71889718
34.95873968 5.70974742
35.00875219 5.70610981
35.05876469 5.70004063
35.10877719 5.69315697
35.15878970 5.68679430
35.20880220 5.67739285
35.25881470 5.66899790
35.30882721 5.66113212
35.35883971 5.65756820
35.40885221 5.65285380
35.45886472 5.64510313
35.50887722 5.63637713
35.55888972 5.62856144
35.60890223 5.62761449
35.65891473 5.62163517
35.70892723 5.61830391
35.75893973 5.60825936
35.80895224 5.60221217
35.85896474 5.59537310
35.90897724 5.59231804
35.95898975 5.59019214
36.00900225 5.58534947
36.05901475 5.58019904
36.10902726 5.57705810
36.15903976 5.57366028
36.20905226 5.56196805
36.25906477 5.55465285
36.30907727 5.54557101
36.35908977 5.53563467
36.40910228 5.52754002
36.45911478 5.52129579
36.50912728 5.51729613
36.55913978 5.51114945
36.60915229 5.50292014
36.65916479 5.48750746
36.70917729 5.48393868
36.75918980 5.47835526
36.80920230 5.47311357
36.85921480 5.47121323
36.90922731 5.46737099
36.95923981 5.46624479
37.00925231 5.46194683
37.05926482 5.45212781
37.10927732 5.44305054
37.15928982 5.43256526
37.20930233 5.42796197
37.25931483 5.42372875
37.30932733 5.42057892
37.35933983 5.41597324
37.40935234 5.41418729
37.45936484 5.41097173
37.50937734 5.40973592
37.55938985 5.40785163
37.60940235 5.40369931
37.65941485 5.39553819
37.70942736 5.38887363
37.75943986 5.38582476
37.80945236 5.37862213
37.85946487 5.37100286
37.90947737 5.35849616
37.95948987 5.35450519
38.00950238 5.34869923
38.05951488 5.34608944
38.10952738 5.33342307
38.15953988 5.32733510
38.20955239 5.31942285
38.25956489 5.31111196
38.30957739 5.30775257
38.35958990 5.30461186
38.40960240 5.29844585
38.45961490 5.29243400
38.50962741 5.28441709
38.55963991 5.27776568
38.60965241 5.27470350
38.65966492 5.26652994
38.70967742 5.26087188
38.75968992 5.25336118
38.80970243 5.24779531
38.85971493 5.24549353
38.90972743 5.23848615
38.95973993 5.23541712
39.00975244 5.23238488
39.05976494 5.22853537
39.10977744 5.22401039
39.15978995 5.21798159
39.20980245 5.21412418
39.25981495 5.20565672
39.30982746 5.19945480
39.35983996 5.19415397
39.40985246 5.18379093
39.45986497 5.17717733
39.50987747 5.17173312
39.55988997 5.16757740
39.60990248 5.16239119
39.65991498 5.15349811
39.70992748 5.14892713
39.75993998 5.14267618
39.80995249 5.13882632
39.85996499 5.13199781
39.90997749 5.12632159
39.95999000 5.11847953
40.01000250 5.11229089
40.06001500 5.10289245
40.11002751 5.09354441
40.16004001 5.08803293
40.21005251 5.08392740
40.26006502 5.07466999
40.31007752 5.06178024
40.36009002 5.05778991
40.41010253 5.05773567
40.46011503 5.04869288
40.51012753 5.04156914
40.56014004 5.03168790
40.61015254 5.02642650
40.66016504 5.01642073
40.71017754 5.01064884
40.76019005 5.00175737
40.81020255 4.99630270
40.86021505 4.98909166
40.91022756 4.98378241
40.96024006 4.98328080
41.01025256 4.98119355
41.06026507 4.97654838
41.11027757 4.97267290
41.16029007 4.97059233
41.21030258 4.96585253
41.26031508 4.96292272
41.31032758 4.95702883
41.36034009 4.95079685
41.41035259 4.94262701
41.46036509 4.93825634
41.51037759 4.93408599
41.56039010 4.92587389
41.61040260 4.92014254
41.66041510 4.91284418
41.71042761 4.90562084
41.76044011 4.89833008
41.81045261 4.89467269
41.86046512 4.89151917
41.91047762 4.88708439
41.96049012 4.88311198
42.01050263 4.87693254
42.06051513 4.86931865
42.11052763 4.85924288
42.16054014 4.85255289
42.21055264 4.85025335
42.26056514 4.84334196
42.31057764 4.83789256
42.36059015 4.83477389
42.41060265 4.82811224
42.46061515 4.82136882
42.51062766 4.81623141
42.56064016 4.81334623
42.61065266 4.80638401
42.66066517 4.80270919
42.71067767 4.79846402
42.76069017 4.79566878
42.81070268 4.79184464
42.86071518 4.78286823
42.91072768 4.78171154
42.96074019 4.77823629
43.01075269 4.77289874
43.06076519 4.76998844
43.11077769 4.76498275
43.16079020 4.76135570
43.21080270 4.75856929
43.26081520 4.75456704
43.31082771 4.74652655
43.36084021 4.74475433
43.41085271 4.74030807
43.46086522 4.73401630
43.51087772 4.72978557
43.56089022 4.72662951
43.61090273 4.72390501
43.66091523 4.71446828
43.71092773 4.71306123
43.76094024 4.71051920
43.81095274 4.70838587
43.86096524 4.70305356
43.91097774 4.69855005
43.96099025 4.69413937
44.01100275 4.68769722
44.06101525 4.68468089
44.11102776 4.68365822
44.16104026 4.67991236
44.21105276 4.67334736
44.26106527 4.66769866
44.31107777 4.66169909
44.36109027 4.65809253
44.41110278 4.65171668
44.46111528 4.64493033
44.51112778 4.63850688
44.56114029 4.63489881
44.61115279 4.63160039
44.66116529 4.62701820
44.71117779 4.62055201
44.76119030 4.61805564
44.81120280 4.60948771
44.86121530 4.60453861
44.91122781 4.59732430
44.96124031 4.59178687
45.01125281 4.58556472
45.06126532 4.58000644
45.11127782 4.57559127
45.16129032 4.57071058
45.21130283 4.56831050
45.26131533 4.56183739
45.31132783 4.55748072
45.36134034 4.55559895
45.41135284 4.54822741
45.46136534 4.54111481
45.51137784 4.53481280
45.56139035 4.52785357
45.61140285 4.52273513
45.66141535 4.51924307
45.71142786 4.51502438
45.76144036 4.50999146
45.81145286 4.50556127
45.86146537 4.49806294
45.91147787 4.49496417
45.96149037 4.48952412
46.01150288 4.48650079
46.06151538 4.48119213
46.11152788 4.47670116
46.16154039 4.47394321
46.21155289 4.47022034
46.26156539 4.46489944
46.31157789 4.45850055
46.36159040 4.45211860
46.41160290 4.44629299
46.46161540 4.44177993
46.51162791 4.43242271
46.56164041 4.42684162
46.61165291 4.42103584
46.66166542 4.41071294
46.71167792 4.40332259
46.76169042 4.39472665
46.81170293 4.39113548
46.86171543 4.38550262
46.91172793 4.37654463
46.96174044 4.37074564
47.01175294 4.36723125
47.06176544 4.35937571
47.11177794 4.35007603
47.16179045 4.34378662
47.21180295 4.33402575
47.26181545 4.32581050
47.31182796 4.32139217
47.36184046 4.31500083
47.41185296 4.30765119
47.46186547 4.30241117
47.51187797 4.29540543
47.56189047 4.28930999
47.61190298 4.28447829
47.66191548 4.28188228
47.71192798 4.27813941
47.76194049 4.27307535
47.81195299 4.27093118
47.86196549 4.26851450
47.91197799 4.26716627
47.96199050 4.25674747
48.01200300 4.25120551
48.06201550 4.24253902
48.11202801 4.23977841
48.16204051 4.23133714
48.21205301 4.22917489
48.26206552 4.22236489
48.31207802 4.21576715
48.36209052 4.21000519
48.41210303 4.20563388
48.46211553 4.20301309
48.51212803 4.19908881
48.56214054 4.19624022
48.61215304 4.19218598
48.66216554 4.18008492
48.71217804 4.17575458
48.76219055 4.17330430
48.81220305 4.16586513
48.86221555 4.15801482
48.91222806 4.15276610
48.96224056 4.14792656
49.01225306 4.14358538
49.06226557 4.14112316
49.11227807 4.13608345
49.16229057 4.13211383
49.21230308 4.12604386
49.26231558 4.12271015
49.31232808 4.11600112
49.36234059 4.11322551
49.41235309 4.11010860
49.46236559 4.10689255
49.51237809 4.10121775
49.56239060 4.09657782
49.61240310 4.09089431
49.66241560 4.08423518
49.71242811 4.07959897
49.76244061 4.07480677
49.81245311 4.06902160
49.86246562 4.06535042
49.91247812 4.06013659
49.96249062 4.05520264
50.01250313 4.05005334
50.06251563 4.04605437
50.11252813 4.04216582
50.16254064 4.03791361
50.21255314 4.03240404
50.26256564 4.02885193
50.31257814 4.02094066
50.36259065 4.01542102
50.41260315 4.01290180
50.46261565 4.00402733
50.51262816 4.00249485
50.56264066 3.99708945
50.61265316 3.99440165
50.66266567 3.98728609
50.71267817 3.98116807
50.76269067 3.97736611
50.81270318 3.97065993
50.86271568 3.96605863
50.91272818 3.96496017
50.96274069 3.96017364
51.01275319 3.95463981
51.06276569 3.94757621
51.11277819 3.94286874
51.16279070 3.93510070
51.21280320 3.93025833
51.26281570 3.92386894
51.31282821 3.91875574
51.36284071 3.91562753
51.41285321 3.90884057
51.46286572 3.90450472
51.51287822 3.89775155
51.56289072 3.89347019
51.61290323 3.88902520
51.66291573 3.88738809
51.71292823 3.88329145
51.76294074 3.87698538
51.81295324 3.87094715
51.86296574 3.86740145
51.91297824 3.86272485
51.96299075 3.85405258
52.01300325 3.85407195
52.06301575 3.85097060
52.11302826 3.84589103
52.16304076 3.84231443
52.21305326 3.83848876
52.26306577 3.83697621
52.31307827 3.82904426
52.36309077 3.82489321
52.41310328 3.81972520
52.46311578 3.81513238
52.51312828 3.80844845
52.56314079 3.80744439
52.61315329 3.80372118
52.66316579 3.79673656
52.71317829 3.78911439
52.76319080 3.78500150
52.81320330 3.77998993
52.86321580 3.77553451
52.91322831 3.77145777
52.96324081 3.76924243
53.01325331 3.76499678
53.06326582 3.75980632
53.11327832 3.75539126
53.16329082 3.75110936
53.21330333 3.74755784
53.26331583 3.74067928
53.31332833 3.73878758
53.36334084 3.73215453
53.41335334 3.72808910
53.46336584 3.72366111
53.51337834 3.71863740
53.56339085 3.71242376
53.61340335 3.70814953
53.66341585 3.70348601
53.71342836 3.70000063
53.76344086 3.69270865
53.81345336 3.68890093
53.86346587 3.68299973
53.91347837 3.68015746
53.96349087 3.67701548
54.01350338 3.67549746
54.06351588 3.66966784
54.11352838 3.66385603
54.16354089 3.65717567
54.21355339 3.65474295
54.26356589 3.64944994
54.31357839 3.64312485
54.36359090 3.63972058
54.41360340 3.63403089
54.46361590 3.62931942
54.51362841 3.62485334
54.56364091 3.62089386
54.61365341 3.61613041
54.66366592 3.60971344
54.71367842 3.60240180
54.76369092 3.59909374
54.81370343 3.59583401
54.86371593 3.58915944
54.91372843 3.58263119
54.96374094 3.57766338
55.01375344 3.57486449
55.06376594 3.56800400
55.11377844 3.56362987
55.16379095 3.55683357
55.21380345 3.55262227
55.26381595 3.54910634
55.31382846 3.54710732
55.36384096 3.53694058
55.41385346 3.53317931
55.46386597 3.53194671
55.51387847 3.52338511
55.56389097 3.52112159
55.61390348 3.51581110
55.66391598 3.50694788
55.71392848 3.50431743
55.76394099 3.50221795
55.81395349 3.49929579
55.86396599 3.49505686
55.91397849 3.48982818
55.96399100 3.48359497
56.01400350 3.47981941
56.06401600 3.47652105
56.11402851 3.47056478
56.16404101 3.46695076
56.21405351 3.46410060
56.26406602 3.46227714
56.31407852 3.45534586
56.36409102 3.45190580
56.41410353 3.45013480
56.46411603 3.44709834
56.51412853 3.44126192
56.56414104 3.43411148
56.61415354 3.42897569
56.66416604 3.42511662
56.71417854 3.42369664
56.76419105 3.42126355
56.81420355 3.41831535
56.86421605 3.41011791
56.91422856 3.40699120
56.96424106 3.40221631
57.01425356 3.39745290
57.06426607 3.39530511
57.11427857 3.39350760
57.16429107 3.39120498
57.21430358 3.38647298
57.26431608 3.38171832
57.31432858 3.37935702
57.36434109 3.37449227
57.41435359 3.37095524
57.46436609 3.36759099
57.51437859 3.36436161
57.56439110 3.35890145
57.61440360 3.35496223
57.66441610 3.35027091
57.71442861 3.34700162
57.76444111 3.34227298
57.81445361 3.33889245
57.86446612 3.33514878
57.91447862 3.33040326
57.96449112 3.32684404
58.01450363 3.32253133
58.06451613 3.31840056
58.11452863 3.31046291
58.16454114 3.30790709
58.21455364 3.30366411
58.26456614 3.30119617
58.31457864 3.29903682
58.36459115 3.29602273
58.41460365 3.28937598
58.46461615 3.28473881
58.51462866 3.28122157
58.56464116 3.27936745
58.61465366 3.27402067
58.66466617 3.26614257
58.71467867 3.26086227
58.76469117 3.25695341
58.81470368 3.25051617
58.86471618 3.24539960
58.91472868 3.23927765
58.96474119 3.23645699
59.01475369 3.23012672
59.06476619 3.22508380
59.11477869 3.22235390
59.16479120 3.21426907
59.21480370 3.20791738
59.26481620 3.20569564
59.31482871 3.19759858
59.36484121 3.19367221
59.41485371 3.19035097
59.46486622 3.18585471
59.51487872 3.18080981
59.56489122 3.17681308
59.61490373 3.17404814
59.66491623 3.17226325
59.71492873 3.17017697
59.76494124 3.16738785
59.81495374 3.16255869
59.86496624 3.15589358
59.91497874 3.15366924
59.96499125 3.15113294
60.01500375 3.14527334
60.06501625 3.14157441
60.11502876 3.13683955
60.16504126 3.13187787
60.21505376 3.12884686
60.26506627 3.12314407
60.31507877 3.11953761
60.36509127 3.11444616
60.41510378 3.11030333
60.46511628 3.10611705
60.51512878 3.10105247
60.56514129 3.09695171
60.61515379 3.09052830
60.66516629 3.08501303
60.71517879 3.08233192
60.76519130 3.07704739
60.81520380 3.07423366
60.86521630 3.06842865
60.91522881 3.06576503
60.96524131 3.06154523
61.01525381 3.05228997
61.06526632 3.04300358
61.11527882 3.03711280
61.16529132 3.03314783
61.21530383 3.02860324
61.26531633 3.02167981
61.31532883 3.01743535
61.36534134 3.01458481
61.41535384 3.01016390
61.46536634 3.00643019
61.51537884 3.00428550
61.56539135 3.00005514
61.61540385 2.99772601
61.66541635 2.99397628
61.71542886 2.99006871
61.76544136 2.98462205
61.81545386 2.98279502
61.86546637 2.98220122
61.91547887 2.98033244
61.96549137 2.97397863
62.01550388 2.97068044
62.06551638 2.96899559
62.11552888 2.96610683
62.16554139 2.96172544
62.21555389 2.95696796
62.26556639 2.94976612
62.31557889 2.94669797
62.36559140 2.93921414
62.41560390 2.93700008
62.46561640 2.93277830
62.51562891 2.93010961
62.56564141 2.92638342
62.61565391 2.92116480
62.66566642 2.91776836
62.71567892 2.91494559
62.76569142 2.91077291
62.81570393 2.90765890
62.86571643 2.90383151
62.91572893 2.90154764
62.96574144 2.89472254
63.01575394 2.88700649
63.06576644 2.88076447
63.11577894 2.87783765
63.16579145 2.87579864
63.21580395 2.87032009
63.26581645 2.86770844
63.31582896 2.86522662
63.36584146 2.86100611
63.41585396 2.85925631
63.46586647 2.85312565
63.51587897 2.84587918
63.56589147 2.83901771
63.61590398 2.83719121
63.66591648 2.83396587
63.71592898 2.82541735
63.76594149 2.82302295
63.81595399 2.81538643
63.86596649 2.81305159
63.91597899 2.81003279
63.96599150 2.80760680
64.01600400 2.80396122
64.06601650 2.80091072
64.11602901 2.79589478
64.16604151 2.79246539
64.21605401 2.78993280
64.26606652 2.78540371
64.31607902 2.78032297
64.36609152 2.77883618
64.41610403 2.77702406
64.46611653 2.77099641
64.51612903 2.76344070
64.56614154 2.75682547
64.61615404 2.75151113
64.66616654 2.74732390
64.71617904 2.74363736
64.76619155 2.74205830
64.81620405 2.73706620
64.86621655 2.73459507
64.91622906 2.72999643
64.96624156 2.72559491
65.01625406 2.72221905
65.06626657 2.71410342
65.11627907 2.71115343
65.16629157 2.70974438
65.21630408 2.70569343
65.26631658 2.70280518
65.31632908 2.69598165
65.36634159 2.68842769
65.41635409 2.68594542
65.46636659 2.68242284
65.51637909 2.67834992
65.56639160 2.67250135
65.61640410 2.66940549
65.66641660 2.66596076
65.71642911 2.66241744
65.76644161 2.65891663
65.81645411 2.65656212
65.86646662 2.65288045
65.91647912 2.64523348
65.96649162 2.64485779
66.01650413 2.64108648
66.06651663 2.63575238
66.11652913 2.63229029
66.16654164 2.62974051
66.21655414 2.62460694
66.26656664 2.62283253
66.31657914 2.61944994
66.36659165 2.61519605
66.41660415 2.61311941
66.46661665 2.60865208
66.51662916 2.60431471
66.56664166 2.60080319
66.61665416 2.59664275
66.66666667 2.59235862
66.71667917 2.58944259
66.76669167 2.58657964
66.81670418 2.58246763
66.86671668 2.57860427
66.91672918 2.57483994
66.96674169 2.57055346
67.01675419 2.56677602
67.06676669 2.56291399
67.11677919 2.56063135
67.16679170 2.55460092
67.21680420 2.55047218
67.26681670 2.54435430
67.31682921 2.54222734
67.36684171 2.54058525
67.41685421 2.53586406
67.46686672 2.53334005
67.51687922 2.52610529
67.56689172 2.52093816
67.61690423 2.51569098
67.66691673 2.51092619
67.71692923 2.50920317
67.76694174 2.50429216
67.81695424 2.50074300
67.86696674 2.49809902
67.91697924 2.49384505
67.96699175 2.49167109
68.01700425 2.48942642
68.06701675 2.48384290
68.11702926 2.48196567
68.16704176 2.47926008
68.21705426 2.47615793
68.26706677 2.47345360
68.31707927 2.46841260
68.36709177 2.46482703
68.41710428 2.45939203
68.46711678 2.45559363
68.51712928 2.45241848
68.56714179 2.45039556
68.61715429 2.44814144
68.66716679 2.44321312
68.71717929 2.43997025
68.76719180 2.43713567
68.81720430 2.43419357
68.86721680 2.42951345
68.91722931 2.42539080
68.96724181 2.42120034
69.01725431 2.41846024
69.06726682 2.41625770
69.11727932 2.40840611
69.16729182 2.40560158
69.21730433 2.40321750
69.26731683 2.40158911
69.31732933 2.39738720
69.36734184 2.39481272
69.41735434 2.39134728
69.46736684 2.38780795
69.51737934 2.38584749
69.56739185 2.38341532
69.61740435 2.38133192
69.66741685 2.37804158
69.71742936 2.37265761
69.76744186 2.36781078
69.81745436 2.36424275
69.86746687 2.36278309
69.91747937 2.35917389
69.96749187 2.35345885
70.01750438 2.35044395
70.06751688 2.34766167
70.11752938 2.34553684
70.16754189 2.34227321
70.21755439 2.33664797
70.26756689 2.33285429
70.31757939 2.32996520
70.36759190 2.32805395
70.41760440 2.32116511
70.46761690 2.31848903
70.51762941 2.31361651
70.56764191 2.31071833
70.61765441 2.30743687
70.66766692 2.30479110
70.71767942 2.30099995
70.76769192 2.29695217
70.81770443 2.29504705
70.86771693 2.29118692
70.91772943 2.28675532
70.96774194 2.28455925
71.01775444 2.28225309
71.06776694 2.28085401
71.11777944 2.27896391
71.16779195 2.27600562
71.21780445 2.27157706
71.26781695 2.26833990
71.31782946 2.26551572
71.36784196 2.26375146
71.41785446 2.25962855
71.46786697 2.25649670
71.51787947 2.25020261
71.56789197 2.24793464
71.61790448 2.24513716
71.66791698 2.24327220
71.71792948 2.23707326
71.76794199 2.23318835
71.81795449 2.23032437
71.86796699 2.22900583
71.91797949 2.22699177
71.96799200 2.22399639
72.01800450 2.22086612
72.06801700 2.21856106
72.11802951 2.21413062
72.16804201 2.20982953
72.21805451 2.20664443
72.26806702 2.20375591
72.31807952 2.20101618
72.36809202 2.19780279
72.41810453 2.19581123
72.46811703 2.19412688
72.51812953 2.18942858
72.56814204 2.18586717
72.61815454 2.18374840
72.66816704 2.18027811
72.71817954 2.17787829
72.76819205 2.17508780
72.81820455 2.17079035
72.86821705 2.16640351
72.91822956 2.16249001
72.96824206 2.16055484
73.01825456 2.15826555
73.06826707 2.15374268
73.11827957 2.15212214
73.16829207 2.15018996
73.21830458 2.14751709
73.26831708 2.14598642
73.31832958 2.14419008
73.36834209 2.14140334
73.41835459 2.13876281
73.46836709 2.13522033
73.51837959 2.13164633
73.56839210 2.12768690
73.61840460 2.12327282
73.66841710 2.11882349
73.71842961 2.11504967
73.76844211 2.11272428
73.81845461 2.10999512
73.86846712 2.10723236
73.91847962 2.10536214
73.96849212 2.10351783
74.01850463 2.09791358
74.06851713 2.09413466
74.11852963 2.09048538
74.16854214 2.08771303
74.21855464 2.08327790
74.26856714 2.08053441
74.31857964 2.07810723
74.36859215 2.07530392
74.41860465 2.07372984
74.46861715 2.07083167
74.51862966 2.06696493
74.56864216 2.06398116
74.61865466 2.06073149
74.66866717 2.05723187
74.71867967 2.05413003
74.76869217 2.05006510
74.81870468 2.04664796
74.86871718 2.04272462
74.91872968 2.04025507
74.96874219 2.03892784
75.01875469 2.03548287
75.06876719 2.03342409
75.11877969 2.02857024
75.16879220 2.02548828
75.21880470 2.02281570
75.26881720 2.02096687
75.31882971 2.01753158
75.36884221 2.01424851
75.41885471 2.01265053
75.46886722 2.00860358
75.51887972 2.00558427
75.56889222 2.00149190
75.61890473 1.99695019
75.66891723 1.99625721
75.71892973 1.99464450
75.76894224 1.99184408
75.81895474 1.98831177
75.86896724 1.98685645
75.91897974 1.98345646
75.96899225 1.97855616
76.01900475 1.97582149
76.06901725 1.97269567
76.11902976 1.96701285
76.16904226 1.96407524
76.21905476 1.96230493
76.26906727 1.96021095
76.31907977 1.95731955
76.36909227 1.95561694
76.41910478 1.95342763
76.46911728 1.95065462
76.51912978 1.94979186
76.56914229 1.94706495
76.61915479 1.94498644
76.66916729 1.94317232
76.71917979 1.94154355
76.76919230 1.93937003
76.81920480 1.93690709
76.86921730 1.93408555
76.91922981 1.92991363
76.96924231 1.92613714
77.01925481 1.92429044
77.06926732 1.92235368
77.11927982 1.91966424
77.16929232 1.91704079
77.21930483 1.91468384
77.26931733 1.91245885
77.31932983 1.90974100
77.36934234 1.90567817
77.41935484 1.90180262
77.46936734 1.90038553
77.51937984 1.89692464
77.56939235 1.89514728
77.61940485 1.88906979
77.66941735 1.88763400
77.71942986 1.88381548
77.76944236 1.88153042
77.81945486 1.87789376
77.86946737 1.87534386
77.91947987 1.87337709
77.96949237 1.86924795
78.01950488 1.86664474
78.06951738 1.86384006
78.11952988 1.85993502
78.16954239 1.85814218
78.21955489 1.85591244
78.26956739 1.85187258
78.31957989 1.84915797
78.36959240 1.84705125
78.41960490 1.84531634
78.46961740 1.84140958
78.51962991 1.83914027
78.56964241 1.83652998
78.61965491 1.83445080
78.66966742 1.83219844
78.71967992 1.82893943
78.76969242 1.82613755
78.81970493 1.82219803
78.86971743 1.81981034
78.91972993 1.81549502
78.96974244 1.81179769
79.01975494 1.80848307
79.06976744 1.80481487
79.11977994 1.80115544
79.16979245 1.79838856
79.21980495 1.79546806
79.26981745 1.79217764
79.31982996 1.78842071
79.36984246 1.78551388
79.41985496 1.78282796
79.46986747 1.77866832
79.51987997 1.77709575
79.56989247 1.77548735
79.61990498 1.77393298
79.66991748 1.77261163
79.71992998 1.77076685
79.76994249 1.76792986
79.81995499 1.76576349
79.86996749 1.76178040
79.91997999 1.75956303
79.96999250 1.75743373
80.02000500 1.75479695
80.07001750 1.75304482
80.12003001 1.74929667
80.17004251 1.74654390
80.22005501 1.74415507
80.27006752 1.74015999
80.32008002 1.73809263
80.37009252 1.73505477
80.42010503 1.73224317
80.47011753 1.72897903
80.52013003 1.72510183
80.57014254 1.72307026
80.62015504 1.71962221
80.67016754 1.71588898
80.72018005 1.71427677
80.77019255 1.71350476
80.82020505 1.70983178
80.87021755 1.70781384
80.92023006 1.70562904
80.97024256 1.70346225
81.02025506 1.70021373
81.07026757 1.69876685
81.12028007 1.69714678
81.17029257 1.69485111
81.22030508 1.69165579
81.27031758 1.68969027
81.32033008 1.68625996
81.37034259 1.68408273
81.42035509 1.68198221
81.47036759 1.68080989
81.52038010 1.67960927
81.57039260 1.67846125
81.62040510 1.67608363
81.67041760 1.67328346
81.72043011 1.67156339
81.77044261 1.66787356
81.82045511 1.66705878
81.87046762 1.66595058
81.92048012 1.66392937
81.97049262 1.66007498
82.02050513 1.65771639
82.07051763 1.65616750
82.12053013 1.65128467
82.17054264 1.64925066
82.22055514 1.64695272
82.27056764 1.64526666
82.32058015 1.64400314
82.37059265 1.64003018
82.42060515 1.63677945
82.47061765 1.63510118
82.52063016 1.63141741
82.57064266 1.62978585
82.62065516 1.62906076
82.67066767 1.62593460
82.72068017 1.62461391
82.77069267 1.62183743
82.82070518 1.62001652
82.87071768 1.61755498
82.92073018 1.61486999
82.97074269 1.61269384
83.02075519 1.60993733
83.07076769 1.60887435
83.12078020 1.60711148
83.17079270 1.60403311
83.22080520 1.60213574
83.27081770 1.59962574
83.32083021 1.59855025
83.37084271 1.59577416
83.42085521 1.59269093
83.47086772 1.58835077
83.52088022 1.58662322
83.57089272 1.58439660
83.62090523 1.58267939
83.67091773 1.58085994
83.72093023 1.57927760
83.77094274 1.57712753
83.82095524 1.57443895
83.87096774 1.57352531
83.92098025 1.57224753
83.97099275 1.56929737
84.02100525 1.56767538
84.07101775 1.56585418
84.12103026 1.56402696
84.17104276 1.56243223
84.22105526 1.56017557
84.27106777 1.55741743
84.32108027 1.55498819
84.37109277 1.55329321
84.42110528 1.55221754
84.47111778 1.54804041
84.52113028 1.54233259
84.57114279 1.53805397
84.62115529 1.53409541
84.67116779 1.53166328
84.72118030 1.52977603
84.77119280 1.52864190
84.82120530 1.52522530
84.87121780 1.52370272
84.92123031 1.51933861
84.97124281 1.51691155
85.02125531 1.51274123
85.07126782 1.51057460
85.12128032 1.50914662
85.17129282 1.50726586
85.22130533 1.50538015
85.27131783 1.50257997
85.32133033 1.50096908
85.37134284 1.49826904
85.42135534 1.49626786
85.47136784 1.49464486
85.52138035 1.49279940
85.57139285 1.49003715
85.62140535 1.48861798
85.67141785 1.48567504
85.72143036 1.48300861
85.77144286 1.48113842
85.82145536 1.47969204
85.87146787 1.47804086
85.92148037 1.47584660
85.97149287 1.47461283
86.02150538 1.47318370
86.07151788 1.47196924
86.12153038 1.47029076
86.17154289 1.46733023
86.22155539 1.46503826
86.27156789 1.46284127
86.32158040 1.46059334
86.37159290 1.45534299
86.42160540 1.45191495
86.47161790 1.44810241
86.52163041 1.44610836
86.57164291 1.44464493
86.62165541 1.44242341
86.67166792 1.44093665
86.72168042 1.43969363
86.77169292 1.43689052
86.82170543 1.43483649
86.87171793 1.43356380
86.92173043 1.43151940
86.97174294 1.43021930
87.02175544 1.42924679
87.07176794 1.42676045
87.12178045 1.42568817
87.17179295 1.42329908
87.22180545 1.42301326
87.27181795 1.41900777
87.32183046 1.41472324
87.37184296 1.41329004
87.42185546 1.41204023
87.47186797 1.40863128
87.52188047 1.40699431
87.57189297 1.40546253
87.62190548 1.40066747
87.67191798 1.39828328
87.72193048 1.39531263
87.77194299 1.39376330
87.82195549 1.39114939
87.87196799 1.38826947
87.92198050 1.38626727
87.97199300 1.38482078
88.02200550 1.38152216
88.07201800 1.37873197
88.12203051 1.37726433
88.17204301 1.37537146
88.22205551 1.37284227
88.27206802 1.37069209
88.32208052 1.36910329
88.37209302 1.36692547
88.42210553 1.36507491
88.47211803 1.36247056
88.52213053 1.35884518
88.57214304 1.35622145
88.62215554 1.35504944
88.67216804 1.35090149
88.72218055 1.34888638
88.77219305 1.34703143
88.82220555 1.34527416
88.87221805 1.34389781
88.92223056 1.34241223
88.97224306 1.34041981
89.02225556 1.33853351
89.07226807 1.33651223
89.12228057 1.33555628
89.17229307 1.33477865
89.22230558 1.33078732
89.27231808 1.32796063
89.32233058 1.32595491
89.37234309 1.32422342
89.42235559 1.32277651
89.47236809 1.32058981
89.52238060 1.31860620
89.57239310 1.31737968
89.62240560 1.31713410
89.67241810 1.31588860
89.72243061 1.31399983
89.77244311 1.31246454
89.82245561 1.31078975
89.87246812 1.30835999
89.92248062 1.30633627
89.97249312 1.30475211
90.02250563 1.30190985
90.07251813 1.30006620
90.12253063 1.29798435
90.17254314 1.29583168
90.22255564 1.29444434
90.27256814 1.29132371
90.32258065 1.28873991
90.37259315 1.28544152
90.42260565 1.28286530
90.47261815 1.28107384
90.52263066 1.27948965
90.57264316 1.27841053
90.62265566 1.27679940
90.67266817 1.27472530
90.72268067 1.27289924
90.77269317 1.27085991
90.82270568 1.26943943
90.87271818 1.26779340
90.92273068 1.26552543
90.97274319 1.26551934
91.02275569 1.26379513
91.07276819 1.26210592
91.12278070 1.26097502
91.17279320 1.25833329
91.22280570 1.25709687
91.27281820 1.25561035
91.32283071 1.25455625
91.37284321 1.25247453
91.42285571 1.25054306
91.47286822 1.24879915
91.52288072 1.24678203
91.57289322 1.24504888
91.62290573 1.24272630
91.67291823 1.24113754
91.72293073 1.23854173
91.77294324 1.23682114
91.82295574 1.23540812
91.87296824 1.23296711
91.92298075 1.23134514
91.97299325 1.23003904
92.02300575 1.22763265
92.07301825 1.22552906
92.12303076 1.22327156
92.17304326 1.22181821
92.22305576 1.21989536
92.27306827 1.21834711
92.32308077 1.21698304
92.37309327 1.21558765
92.42310578 1.21407411
92.47311828 1.21159799
92.52313078 1.20993829
92.57314329 1.20853350
92.62315579 1.20618967
92.67316829 1.20486732
92.72318080 1.20219450
92.77319330 1.19874663
92.82320580 1.19700342
92.87321830 1.19563878
92.92323081 1.19494967
92.97324331 1.19326254
93.02325581 1.19157674
93.07326832 1.18943946
93.12328082 1.18814747
93.17329332 1.18587843
93.22330583 1.18418853
93.27331833 1.18236269
93.32333083 1.18127456
93.37334334 1.17862107
93.42335584 1.17704549
93.47336834 1.17574287
93.52338085 1.17246976
93.57339335 1.17068771
93.62340585 1.16812848
93.67341835 1.16596753
93.72343086 1.16367371
93.77344336 1.16190947
93.82345586 1.15898426
93.87346837 1.15760898
93.92348087 1.15598583
93.97349337 1.15329234
94.02350588 1.15119759
94.07351838 1.14955262
94.12353088 1.14773384
94.17354339 1.14588437
94.22355589 1.14436100
94.27356839 1.14278765
94.32358090 1.14077886
94.37359340 1.13924480
94.42360590 1.13679367
94.47361840 1.13432959
94.52363091 1.13201723
94.57364341 1.12972618
94.62365591 1.12823915
94.67366842 1.12692013
94.72368092 1.12545578
94.77369342 1.12371112
94.82370593 1.12170804
94.87371843 1.12054973
94.92373093 1.11913502
94.97374344 1.11607317
95.02375594 1.11468638
95.07376844 1.11251584
95.12378095 1.11128246
95.17379345 1.11004719
95.22380595 1.10827002
95.27381845 1.10718070
95.32383096 1.10566890
95.37384346 1.10382998
95.42385596 1.10244798
95.47386847 1.10153464
95.52388097 1.09957502
95.57389347 1.09799954
95.62390598 1.09623661
95.67391848 1.09498210
95.72393098 1.09387710
95.77394349 1.09249324
95.82395599 1.09108135
95.87396849 1.08869403
95.92398100 1.08724185
95.97399350 1.08566358
96.02400600 1.08476397
96.07401850 1.08376144
96.12403101 1.08430065
96.17404351 1.08202214
96.22405601 1.07978872
96.27406852 1.07847118
96.32408102 1.07697223
96.37409352 1.07416185
96.42410603 1.07267033
96.47411853 1.07106816
96.52413103 1.07014538
96.57414354 1.06842660
96.62415604 1.06727044
96.67416854 1.06437686
96.72418105 1.06245842
96.77419355 1.06117855
96.82420605 1.05939948
96.87421855 1.05746263
96.92423106 1.05450939
96.97424356 1.05351717
97.02425606 1.05229051
97.07426857 1.05124997
97.12428107 1.04955097
97.17429357 1.04730340
97.22430608 1.04609321
97.27431858 1.04347905
97.32433108 1.04096027
97.37434359 1.03871547
97.42435609 1.03663909
97.47436859 1.03428718
97.52438110 1.03308243
97.57439360 1.03178719
97.62440610 1.02951111
97.67441860 1.02807083
97.72443111 1.02669143
97.77444361 1.02480774
97.82445611 1.02225664
97.87446862 1.02068626
97.92448112 1.01896028
97.97449362 1.01708597
98.02450613 1.01576948
98.07451863 1.01470308
98.12453113 1.01265155
98.17454364 1.01102751
98.22455614 1.00908515
98.27456864 1.00775498
98.32458115 1.00642400
98.37459365 1.00474849
98.42460615 1.00317325
98.47461865 1.00103321
98.52463116 1.00012822
98.57464366 0.99859233
98.62465616 0.99675965
98.67466867 0.99487698
98.72468117 0.99405197
98.77469367 0.99226180
98.82470618 0.98904616
98.87471868 0.98791822
98.92473118 0.98624603
98.97474369 0.98508737
99.02475619 0.98359089
99.07476869 0.98255756
99.12478120 0.98086251
99.17479370 0.97934728
99.22480620 0.97711805
99.27481870 0.97524528
99.32483121 0.97359287
99.37484371 0.97263142
99.42485621 0.97168586
99.47486872 0.97059157
99.52488122 0.96769106
99.57489372 0.96768780
99.62490623 0.96657377
99.67491873 0.96539447
99.72493123 0.96378771
99.77494374 0.96253277
99.82495624 0.96098697
99.87496874 0.96000638
99.92498125 0.95868033
99.97499375 0.95518068
100.02500625 0.95366332
100.07501875 0.95292427
100.12503126 0.95199665
100.17504376 0.95025051
100.22505626 0.94868923
100.27506877 0.94694227
100.32508127 0.94581266
100.37509377 0.94385321
100.42510628 0.94251015
100.47511878 0.94054290
100.52513128 0.93913490
100.57514379 0.93809680
100.62515629 0.93715402
100.67516879 0.93548008
100.72518130 0.93415774
100.77519380 0.93280210
100.82520630 0.93164652
100.87521880 0.93033377
100.92523131 0.92821760
100.97524381 0.92600319
101.02525631 0.92408694
101.07526882 0.92227852
101.12528132 0.92130044
101.17529382 0.92048087
101.22530633 0.91796300
101.27531883 0.91481702
101.32533133 0.91328645
101.37534384 0.91161068
101.42535634 0.90937130
101.47536884 0.90685328
101.52538135 0.90456420
101.57539385 0.90309046
101.62540635 0.90138690
101.67541885 0.90020617
101.72543136 0.89923707
101.77544386 0.89756441
101.82545636 0.89618190
101.87546887 0.89488956
101.92548137 0.89432683
101.97549387 0.89266707
102.02550638 0.89141155
102.07551888 0.89015744
102.12553138 0.88871552
102.17554389 0.88788114
102.22555639 0.88594560
102.27556889 0.88325182
102.32558140 0.88187570
102.37559390 0.88058365
102.42560640 0.87951813
102.47561890 0.87838540
102.52563141 0.87753598
102.57564391 0.87622183
102.62565641 0.87499034
102.67566892 0.87368913
102.72568142 0.87319083
102.77569392 0.87083880
102.82570643 0.86929127
102.87571893 0.86738841
102.92573143 0.86612492
102.97574394 0.86459431
103.02575644 0.86339816
103.07576894 0.86227226
103.12578145 0.86075793
103.17579395 0.85958755
103.22580645 0.85860110
103.27581895 0.85723726
103.32583146 0.85553693
103.37584396 0.85402042
103.42585646 0.85293233
103.47586897 0.85235339
103.52588147 0.85120988
103.57589397 0.85011076
103.62590648 0.84815829
103.67591898 0.84688645
103.72593148 0.84439319
103.77594399 0.84214217
103.82595649 0.83992966
103.87596899 0.83896050
103.92598150 0.83749663
103.97599400 0.83611728
104.02600650 0.83447794
104.07601900 0.83353155
104.12603151 0.83220229
104.17604401 0.83105038
104.22605651 0.82799320
104.27606902 0.82682798
104.32608152 0.82470535
104.37609402 0.82349397
104.42610653 0.82220492
104.47611903 0.82105340
104.52613153 0.81990277
104.57614404 0.81803223
104.62615654 0.81725270
104.67616904 0.81552306
104.72618155 0.81336619
104.77619405 0.81212794
104.82620655 0.81095468
104.87621905 0.80981624
104.92623156 0.80846413
104.97624406 0.80734932
105.02625656 0.80713279
105.07626907 0.80556729
105.12628157 0.80457297
105.17629407 0.80321623
105.22630658 0.80153669
105.27631908 0.80042329
105.32633158 0.79980795
105.37634409 0.79827355
105.42635659 0.79699595
105.47636909 0.79586639
105.52638160 0.79472391
105.57639410 0.79394755
105.62640660 0.79217618
105.67641910 0.79131951
105.72643161 0.79059854
105.77644411 0.78944094
105.82645661 0.78844818
105.87646912 0.78713059
105.92648162 0.78594677
105.97649412 0.78500100
106.02650663 0.78389911
106.07651913 0.78292994
106.12653163 0.78121022
106.17654414 0.78040450
106.22655664 0.77912730
106.27656914 0.77768804
106.32658165 0.77675032
106.37659415 0.77592438
106.42660665 0.77463247
106.47661915 0.77268681
106.52663166 0.77058882
106.57664416 0.76906439
106.62665666 0.76772697
106.67666917 0.76616216
106.72668167 0.76513912
106.77669417 0.76396656
106.82670668 0.76278949
106.87671918 0.76050743
106.92673168 0.75957121
106.97674419 0.75736694
107.02675669 0.75699614
107.07676919 0.75596497
107.12678170 0.75424533
107.17679420 0.75355487
107.22680670 0.75306932
107.27681920 0.75218362
107.32683171 0.75133361
107.37684421 0.74996065
107.42685671 0.74880608
107.47686922 0.74751632
107.52688172 0.74633379
107.57689422 0.74483663
107.62690673 0.74269155
107.67691923 0.74195147
107.72693173 0.74163877
107.77694424 0.73918186
107.82695674 0.73824303
107.87696924 0.73697503
107.92698175 0.73561198
107.97699425 0.73447904
108.02700675 0.73324407
108.07701925 0.73204003
108.12703176 0.73120005
108.17704426 0.72998662
108.22705676 0.72964113
108.27706927 0.72892548
108.32708177 0.72804045
108.37709427 0.72696777
108.42710678 0.72586375
108.47711928 0.72531427
108.52713178 0.72351822
108.57714429 0.72205468
108.62715679 0.72146821
108.67716929 0.72013451
108.72718180 0.71818844
108.77719430 0.71727791
108.82720680 0.71600453
108.87721930 0.71433584
108.92723181 0.71276962
108.97724431 0.71088893
109.02725681 0.70984035
109.07726932 0.70847043
109.12728182 0.70746961
109.17729432 0.70690803
109.22730683 0.70621325
109.27731933 0.70610423
109.32733183 0.70426428
109.37734434 0.70330306
109.42735684 0.70235245
109.47736934 0.70113456
109.52738185 0.70013107
109.57739435 0.69926017
109.62740685 0.69819860
109.67741935 0.69732065
109.72743186 0.69645082
109.77744436 0.69544242
109.82745686 0.69483476
109.87746937 0.69365928
109.92748187 0.69278505
109.97749437 0.69138403
110.02750688 0.69050258
110.07751938 0.68956699
110.12753188 0.68868893
110.17754439 0.68784236
110.22755689 0.68660861
110.27756939 0.68626909
110.32758190 0.68543426
110.37759440 0.68434800
110.42760690 0.68281488
110.47761940 0.68122508
110.52763191 0.67911238
110.57764441 0.67826744
110.62765691 0.67698649
110.67766942 0.67595543
110.72768192 0.67514532
110.77769442 0.67407794
110.82770693 0.67307063
110.87771943 0.67215852
110.92773193 0.67081687
110.97774444 0.66856864
111.02775694 0.66765671
111.07776944 0.66675957
111.12778195 0.66556483
111.17779445 0.66483773
111.22780695 0.66365199
111.27781945 0.66279035
111.32783196 0.66154132
111.37784446 0.66036348
111.42785696 0.65860365
111.47786947 0.65739713
111.52788197 0.65749235
111.57789447 0.65659469
111.62790698 0.65539217
111.67791948 0.65445590
111.72793198 0.65332036
111.77794449 0.65185525
111.82795699 0.65050696
111.87796949 0.64879350
111.92798200 0.64804386
111.97799450 0.64712304
112.02800700 0.64483817
112.07801950 0.64421262
112.12803201 0.64321182
112.17804451 0.64240530
112.22805701 0.64173621
112.27806952 0.64070993
112.32808202 0.63912289
112.37809452 0.63816683
112.42810703 0.63700595
112.47811953 0.63582681
112.52813203 0.63495410
112.57814454 0.63418013
112.62815704 0.63287620
112.67816954 0.63213144
112.72818205 0.63125289
112.77819455 0.63065482
112.82820705 0.62863180
112.87821955 0.62779413
112.92823206 0.62660505
112.97824456 0.62625550
113.02825706 0.62576856
113.07826957 0.62448135
113.12828207 0.62330960
113.17829457 0.62210513
113.22830708 0.62098759
113.27831958 0.62014693
113.32833208 0.61912989
113.37834459 0.61806636
113.42835709 0.61672068
113.47836959 0.61561928
113.52838210 0.61451424
113.57839460 0.61371244
113.62840710 0.61243910
113.67841960 0.61167702
113.72843211 0.61110254
113.77844461 0.60968696
113.82845711 0.60867900
113.87846962 0.60775792
113.92848212 0.60636302
113.97849462 0.60511643
114.02850713 0.60412740
114.07851963 0.60362701
114.12853213 0.60321558
114.17854464 0.60221606
114.22855714 0.60048121
114.27856964 0.59887666
114.32858215 0.59777980
114.37859465 0.59697757
114.42860715 0.59605847
114.47861965 0.59516978
114.52863216 0.59419485
114.57864466 0.59350518
114.62865716 0.59203965
114.67866967 0.59089140
114.72868217 0.59018422
114.77869467 0.58934922
114.82870718 0.58839788
114.87871968 0.58759995
114.92873218 0.58621979
114.97874469 0.58524375
115.02875719 0.58364780
115.07876969 0.58234022
115.12878220 0.58076782
115.17879470 0.57984617
115.22880720 0.57934905
115.27881970 0.57842720
115.32883221 0.57715937
115.37884471 0.57617051
115.42885721 0.57539770
115.47886972 0.57488803
115.52888222 0.57396133
115.57889472 0.57301305
115.62890723 0.57200161
115.67891973 0.57109837
115.72893223 0.57018629
115.77894474 0.56897842
115.82895724 0.56816055
115.87896974 0.56783386
115.92898225 0.56763711
115.97899475 0.56681529
116.02900725 0.56583828
116.07901975 0.56567844
116.12903226 0.56581539
116.17904476 0.56536091
116.22905726 0.56431427
116.27906977 0.56328762
116.32908227 0.56252201
116.37909477 0.56135060
116.42910728 0.56100120
116.47911978 0.56012009
116.52913228 0.55820330
116.57914479 0.55722456
116.62915729 0.55622785
116.67916979 0.55521449
116.72918230 0.55405471
116.77919480 0.55317430
116.82920730 0.55233069
116.87921980 0.55152137
116.92923231 0.55072247
116.97924481 0.55063815
117.02925731 0.55015188
117.07926982 0.54893785
117.12928232 0.54818667
117.17929482 0.54714638
117.22930733 0.54670400
117.27931983 0.54586380
117.32933233 0.54518691
117.37934484 0.54378424
117.42935734 0.54279374
117.47936984 0.54228408
117.52938235 0.54142783
117.57939485 0.54074019
117.62940735 0.53959551
117.67941985 0.53879718
117.72943236 0.53813630
117.77944486 0.53735457
117.82945736 0.53628512
117.87946987 0.53510547
117.92948237 0.53432964
117.97949487 0.53340042
118.02950738 0.53280949
118.07951988 0.53181181
118.12953238 0.52970885
118.17954489 0.52893966
118.22955739 0.52758767
118.27956989 0.52685306
118.32958240 0.52559294
118.37959490 0.52506626
118.42960740 0.52461897
118.47961990 0.52374655
118.52963241 0.52295636
118.57964491 0.52214007
118.62965741 0.52071788
118.67966992 0.51974452
118.72968242 0.51882481
118.77969492 0.51824876
118.82970743 0.51747196
118.87971993 0.51607449
118.92973243 0.51524141
118.97974494 0.51443671
119.02975744 0.51382529
119.07976994 0.51306832
119.12978245 0.51229610
119.17979495 0.51137816
119.22980745 0.51020369
119.27981995 0.50972738
119.32983246 0.50904596
119.37984496 0.50852417
119.42985746 0.50792821
119.47986997 0.50682936
119.52988247 0.50612828
119.57989497 0.50477796
119.62990748 0.50403717
119.67991998 0.50290694
119.72993248 0.50204863
119.77994499 0.50109376
119.82995749 0.50043202
119.87996999 0.49983157
119.92998250 0.49909871
119.97999500 0.49831662
120.03000750 0.49727178
120.08002001 0.49639074
120.13003251 0.49541186
120.18004501 0.49372298
120.23005751 0.49317857
120.28007002 0.49237105
120.33008252 0.49162248
120.38009502 0.48996149
120.43010753 0.48940024
120.48012003 0.48861506
120.53013253 0.48778604
120.58014504 0.48707977
120.63015754 0.48616503
120.68017004 0.48499362
120.73018255 0.48418189
120.78019505 0.48339259
120.83020755 0.48227999
120.88022006 0.48021363
120.93023256 0.47965640
120.98024506 0.47904657
121.03025756 0.47780138
121.08027007 0.47737295
121.13028257 0.47661689
121.18029507 0.47543754
121.23030758 0.47427880
121.28032008 0.47328220
121.33033258 0.47331772
121.38034509 0.47302209
121.43035759 0.47223821
121.48037009 0.47164284
121.53038260 0.47102261
121.58039510 0.47032422
121.63040760 0.46977142
121.68042011 0.46891893
121.73043261 0.46830458
121.78044511 0.46752107
121.83045761 0.46672984
121.88047012 0.46604684
121.93048262 0.46588667
121.98049512 0.46520763
122.03050763 0.46476882
122.08052013 0.46385419
122.13053263 0.46342506
122.18054514 0.46294286
122.23055764 0.46217898
122.28057014 0.46132154
122.33058265 0.46071517
122.38059515 0.45978604
122.43060765 0.45963294
122.48062016 0.45877701
122.53063266 0.45698599
122.58064516 0.45663978
122.63065766 0.45624340
122.68067017 0.45716343
122.73068267 0.45649390
122.78069517 0.45568896
122.83070768 0.45425485
122.88072018 0.45383212
122.93073268 0.45308944
122.98074519 0.45282315
123.03075769 0.45174092
123.08077019 0.45101404
123.13078270 0.45036559
123.18079520 0.44968737
123.23080770 0.44886883
123.28082021 0.44728601
123.33083271 0.44652354
123.38084521 0.44575256
123.43085771 0.44513027
123.48087022 0.44425439
123.53088272 0.44332196
123.58089522 0.44259885
123.63090773 0.44197766
123.68092023 0.44086385
123.73093273 0.44018682
123.78094524 0.43922767
123.83095774 0.43854788
123.88097024 0.43775361
123.93098275 0.43649120
123.98099525 0.43570626
124.03100775 0.43508854
124.08102026 0.43426954
124.13103276 0.43381027
124.18104526 0.43307682
124.23105776 0.43216621
124.28107027 0.43132646
124.33108277 0.43044505
124.38109527 0.42984298
124.43110778 0.42888676
124.48112028 0.42811971
124.53113278 0.42756953
124.58114529 0.42675723
124.63115779 0.42594529
124.68117029 0.42530546
124.73118280 0.42420646
124.78119530 0.42297707
124.83120780 0.42240433
124.88122031 0.42123754
124.93123281 0.42064241
124.98124531 0.41998953
125.03125781 0.41950095
125.08127032 0.41886762
125.13128282 0.41919856
125.18129532 0.41842296
125.23130783 0.41760503
125.28132033 0.41694457
125.33133283 0.41595514
125.38134534 0.41536454
125.43135784 0.41446458
125.48137034 0.41384276
125.53138285 0.41325984
125.58139535 0.41254519
125.63140785 0.41145772
125.68142036 0.41100835
125.73143286 0.41028729
125.78144536 0.40955441
125.83145786 0.40899234
125.88147037 0.40830667
125.93148287 0.40759616
125.98149537 0.40700916
126.03150788 0.40627477
126.08152038 0.40545562
126.13153288 0.40457327
126.18154539 0.40417670
126.23155789 0.40364793
126.28157039 0.40327934
126.33158290 0.40266707
126.38159540 0.40193285
126.43160790 0.40108642
126.48162041 0.40010684
126.53163291 0.39951831
126.58164541 0.39835061
126.63165791 0.39732443
126.68167042 0.39645685
126.73168292 0.39581846
126.78169542 0.39504891
126.83170793 0.39366974
126.88172043 0.39301650
126.93173293 0.39252142
126.98174544 0.39185644
127.03175794 0.39117255
127.08177044 0.38997757
127.13178295 0.38931547
127.18179545 0.38847642
127.23180795 0.38785145
127.28182046 0.38667817
127.33183296 0.38599218
127.38184546 0.38539743
127.43185796 0.38512963
127.48187047 0.38455531
127.53188297 0.38412500
127.58189547 0.38344281
127.63190798 0.38296292
127.68192048 0.38224067
127.73193298 0.38140684
127.78194549 0.38059504
127.83195799 0.37946559
127.88197049 0.37871248
127.93198300 0.37811423
127.98199550 0.37723361
128.03200800 0.37636818
128.08202051 0.37575075
128.13203301 0.37513846
128.18204551 0.37356533
128.23205801 0.37309440
128.28207052 0.37245614
128.33208302 0.37185773
128.38209552 0.37119557
128.43210803 0.37051828
128.48212053 0.36983599
128.53213303 0.36966849
128.58214554 0.36954498
128.63215804 0.36828718
128.68217054 0.36764912
128.73218305 0.36792118
128.78219555 0.36743421
128.83220805 0.36712996
128.88222056 0.36650172
128.93223306 0.36579391
128.98224556 0.36510464
129.03225806 0.36463343
129.08227057 0.36443711
129.13228307 0.36310454
129.18229557 0.36240371
129.23230808 0.36215399
129.28232058 0.36181459
129.33233308 0.36111197
129.38234559 0.36054236
129.43235809 0.35992937
129.48237059 0.35914190
129.53238310 0.35860443
129.58239560 0.35792737
129.63240810 0.35737726
129.68242061 0.35693772
129.73243311 0.35666902
129.78244561 0.35614048
129.83245811 0.35559636
129.88247062 0.35502098
129.93248312 0.35441769
129.98249562 0.35381009
130.03250813 0.35298214
130.08252063 0.35245115
130.13253313 0.35187899
130.18254564 0.35139351
130.23255814 0.35080441
130.28257064 0.34947369
130.33258315 0.34891345
130.38259565 0.34858511
130.43260815 0.34787346
130.48262066 0.34707161
130.53263316 0.34572541
130.58264566 0.34516413
130.63265816 0.34434532
130.68267067 0.34375666
130.73268317 0.34333524
130.78269567 0.34267495
130.83270818 0.34199870
130.88272068 0.34137477
130.93273318 0.34074341
130.98274569 0.34010908
131.03275819 0.33955059
131.08277069 0.33917307
131.13278320 0.33877103
131.18279570 0.33819610
131.23280820 0.33765457
131.28282071 0.33726816
131.33283321 0.33708297
131.38284571 0.33663321
131.43285821 0.33611831
131.48287072 0.33545564
131.53288322 0.33497280
131.58289572 0.33466846
131.63290823 0.33363587
131.68292073 0.33321928
131.73293323 0.33254631
131.78294574 0.33183324
131.83295824 0.33147935
131.88297074 0.33065521
131.93298325 0.32964053
131.98299575 0.32910137
132.03300825 0.32855673
132.08302076 0.32828045
132.13303326 0.32752882
132.18304576 0.32699175
132.23305826 0.32633316
132.28307077 0.32562336
132.33308327 0.32465213
132.38309577 0.32405348
132.43310828 0.32409467
132.48312078 0.32369416
132.53313328 0.32321977
132.58314579 0.32259439
132.63315829 0.32210240
132.68317079 0.32144226
132.73318330 0.32094712
132.78319580 0.31988350
132.83320830 0.31932313
132.88322081 0.31880764
132.93323331 0.31766302
132.98324581 0.31706478
133.03325831 0.31646861
133.08327082 0.31578016
133.13328332 0.31518374
133.18329582 0.31446650
133.23330833 0.31330312
133.28332083 0.31285082
133.33333333 0.31255688
133.38334584 0.31151263
133.43335834 0.31130545
133.48337084 0.31043505
133.53338335 0.30988120
133.58339585 0.30946223
133.63340835 0.30891696
133.68342086 0.30841128
133.73343336 0.30783857
133.78344586 0.30732274
133.83345836 0.30672261
133.88347087 0.30612071
133.93348337 0.30564862
133.98349587 0.30515730
134.03350838 0.30462425
134.08352088 0.30401616
134.13353338 0.30343458
134.18354589 0.30383936
134.23355839 0.30313227
134.28357089 0.30250625
134.33358340 0.30206056
134.38359590 0.30139035
134.43360840 0.29977565
134.48362091 0.29962812
134.53363341 0.29908513
134.58364591 0.29856539
134.63365841 0.29803579
134.68367092 0.29736163
134.73368342 0.29675167
134.78369592 0.29611202
134.83370843 0.29554097
134.88372093 0.29499650
134.93373343 0.29472656
134.98374594 0.29427337
135.03375844 0.29380446
135.08377094 0.29318831
135.13378345 0.29258228
135.18379595 0.29219789
135.23380845 0.29213717
135.28382096 0.29206324
135.33383346 0.29142881
135.38384596 0.29104549
135.43385846 0.29095954
135.48387097 0.29028490
135.53388347 0.28979224
135.58389597 0.28932490
135.63390848 0.28874201
135.68392098 0.28807694
135.73393348 0.28753131
135.78394599 0.28704317
135.83395849 0.28664203
135.88397099 0.28585354
135.93398350 0.28671414
135.98399600 0.28613123
136.03400850 0.28577856
136.08402101 0.28528621
136.13403351 0.28485495
136.18404601 0.28445487
136.23405851 0.28373235
136.28407102 0.28368188
136.33408352 0.28323421
136.38409602 0.28278982
136.43410853 0.28234354
136.48412103 0.28212570
136.53413353 0.28169082
136.58414604 0.28117861
136.63415854 0.28116070
136.68417104 0.28035372
136.73418355 0.28015950
136.78419605 0.27957859
136.83420855 0.27902241
136.88422106 0.27855930
136.93423356 0.27809363
136.98424606 0.27738801
137.03425856 0.27671210
137.08427107 0.27609724
137.13428357 0.27538101
137.18429607 0.27486335
137.23430858 0.27404997
137.28432108 0.27368662
137.33433358 0.27337944
137.38434609 0.27291607
137.43435859 0.27239324
137.48437109 0.27190027
137.53438360 0.27158883
137.58439610 0.27119030
137.63440860 0.27043102
137.68442111 0.26997587
137.73443361 0.26939824
137.78444611 0.26869922
137.83445861 0.26820774
137.88447112 0.26772517
137.93448362 0.26738813
137.98449612 0.26689517
138.03450863 0.26642990
138.08452113 0.26597110
138.13453363 0.26548636
138.18454614 0.26487604
138.23455864 0.26442856
138.28457114 0.26396726
138.33458365 0.26341779
138.38459615 0.26358483
138.43460865 0.26303854
138.48462116 0.26247885
138.53463366 0.26190043
138.58464616 0.26151051
138.63465866 0.26110579
138.68467117 0.26070188
138.73468367 0.26026512
138.78469617 0.25979067
138.83470868 0.25877272
138.88472118 0.25836537
138.93473368 0.25798119
138.98474619 0.25762033
139.03475869 0.25725608
139.08477119 0.25684443
139.13478370 0.25636922
139.18479620 0.25594355
139.23480870 0.25577543
139.28482121 0.25514129
139.33483371 0.25472520
139.38484621 0.25433228
139.43485871 0.25408939
139.48487122 0.25360955
139.53488372 0.25318718
139.58489622 0.25275054
139.63490873 0.25231084
139.68492123 0.25187324
139.73493373 0.25143881
139.78494624 0.25099392
139.83495874 0.25054382
139.88497124 0.24994861
139.93498375 0.24939797
139.98499625 0.24870120
140.03500875 0.24826236
140.08502126 0.24766026
140.13503376 0.24721520
140.18504626 0.24683968
140.23505876 0.24623618
140.28507127 0.24581336
140.33508377 0.24539361
140.38509627 0.24499974
140.43510878 0.24456629
140.48512128 0.24419928
140.53513378 0.24393074
140.58514629 0.24350559
140.63515879 0.24308091
140.68517129 0.24265825
140.73518380 0.24228497
140.78519630 0.24181472
140.83520880 0.24138601
140.88522131 0.24127707
140.93523381 0.24045496
140.98524631 0.24004186
141.03525881 0.23954152
141.08527132 0.23917542
141.13528382 0.23867034
141.18529632 0.23812217
141.23530883 0.23767108
141.28532133 0.23719171
141.33533383 0.23673634
141.38534634 0.23633690
141.43535884 0.23612301
141.48537134 0.23557348
141.53538385 0.23525541
141.58539635 0.23502613
141.63540885 0.23468561
141.68542136 0.23446503
141.73543386 0.23407433
141.78544636 0.23331397
141.83545886 0.23289474
141.88547137 0.23226332
141.93548387 0.23182117
141.98549637 0.23144756
142.03550888 0.23103287
142.08552138 0.23069205
142.13553388 0.23041715
142.18554639 0.22999164
142.23555889 0.22963811
142.28557139 0.22923640
142.33558390 0.22885401
142.38559640 0.22874280
142.43560890 0.22845813
142.48562141 0.22816242
142.53563391 0.22783882
142.58564641 0.22768218
142.63565891 0.22726158
142.68567142 0.22673148
142.73568392 0.22621500
142.78569642 0.22580727
142.83570893 0.22544835
142.88572143 0.22510174
142.93573393 0.22477732
142.98574644 0.22456627
143.03575894 0.22421652
143.08577144 0.22412480
143.13578395 0.22369146
143.18579645 0.22329464
143.23580895 0.22298643
143.28582146 0.22261864
143.33583396 0.22218538
143.38584646 0.22183028
143.43585896 0.22151513
143.48587147 0.22118975
143.53588397 0.22097013
143.58589647 0.22080155
143.63590898 0.22099906
143.68592148 0.22063110
143.73593398 0.22031783
143.78594649 0.22021791
143.83595899 0.21980792
143.88597149 0.21918539
143.93598400 0.21915753
143.98599650 0.21874138
144.03600900 0.21834540
144.08602151 0.21796116
144.13603401 0.21760962
144.18604651 0.21701862
144.23605901 0.21689866
144.28607152 0.21654460
144.33608402 0.21617318
144.38609652 0.21588368
144.43610903 0.21534121
144.48612153 0.21501998
144.53613403 0.21466395
144.58614654 0.21430489
144.63615904 0.21385979
144.68617154 0.21353509
144.73618405 0.21315841
144.78619655 0.21273660
144.83620905 0.21237724
144.88622156 0.21201752
144.93623406 0.21165441
144.98624656 0.21118547
145.03625906 0.21076500
145.08627157 0.21037028
145.13628407 0.20988752
145.18629657 0.20950161
145.23630908 0.20897237
145.28632158 0.20861044
145.33633408 0.20823987
145.38634659 0.20750534
145.43635909 0.20714886
145.48637159 0.20737745
145.53638410 0.20700699
145.58639660 0.20713661
145.63640910 0.20684310
145.68642161 0.20620893
145.73643411 0.20578474
145.78644661 0.20579982
145.83645911 0.20547966
145.88647162 0.20520428
145.93648412 0.20507126
145.98649662 0.20454254
146.03650913 0.20465905
146.08652163 0.20453172
146.13653413 0.20414241
146.18654664 0.20390848
146.23655914 0.20356187
146.28657164 0.20321702
146.33658415 0.20283245
146.38659665 0.20248424
146.43660915 0.20246517
146.48662166 0.20235170
146.53663416 0.20199945
146.58664666 0.20165624
146.63665916 0.20130157
146.68667167 0.20094458
146.73668417 0.20059630
146.78669667 0.20003607
146.83670918 0.19996701
146.88672168 0.19963552
146.93673418 0.19927472
146.98674669 0.19931257
147.03675919 0.19898221
147.08677169 0.19867176
147.13678420 0.19824624
147.18679670 0.19840452
147.23680920 0.19797073
147.28682171 0.19766996
147.33683421 0.19725999
147.38684671 0.19692609
147.43685921 0.19712279
147.48687172 0.19675647
147.53688422 0.19645369
147.58689672 0.19629209
147.63690923 0.19595226
147.68692173 0.19561637
147.73693423 0.19528399
147.78694674 0.19452216
147.83695924 0.19420811
147.88697174 0.19386486
147.93698425 0.19340913
147.98699675 0.19308482
148.03700925 0.19272803
148.08702176 0.19244584
148.13703426 0.19211504
148.18704676 0.19181616
148.23705926 0.19148195
148.28707177 0.19118135
148.33708427 0.19041929
148.38709677 0.19000110
148.43710928 0.18968898
148.48712178 0.18934213
148.53713428 0.18909762
148.58714679 0.18853087
148.63715929 0.18808135
148.68717179 0.18791664
148.73718430 0.18765442
148.78719680 0.18703662
148.83720930 0.18672058
148.88722181 0.18638239
148.93723431 0.18596737
148.98724681 0.18601516
149.03725931 0.18567473
149.08727182 0.18505004
149.13728432 0.18476499
149.18729682 0.18447815
149.23730933 0.18403744
149.28732183 0.18424705
149.33733433 0.18389457
149.38734684 0.18364389
149.43735934 0.18339508
149.48737184 0.18333536
149.53738435 0.18317877
149.58739685 0.18299014
149.63740935 0.18288376
149.68742186 0.18265169
149.73743436 0.18238821
149.78744686 0.18224785
149.83745936 0.18187901
149.88747187 0.18205638
149.93748437 0.18178620
149.98749687 0.18157268
150.03750938 0.18139488
150.08752188 0.18118261
150.13753438 0.18081904
150.18754689 0.18060938
150.23755939 0.18034550
150.28757189 0.18001132
150.33758440 0.18023147
150.38759690 0.17998032
150.43760940 0.17970754
150.48762191 0.17933622
150.53763441 0.17923040
150.58764691 0.17891875
150.63765941 0.17855521
150.68767192 0.17830404
150.73768442 0.17801067
150.78769692 0.17794328
150.83770943 0.17754217
150.88772193 0.17726458
150.93773443 0.17692372
150.98774694 0.17675352
151.03775944 0.17629971
151.08777194 0.17636510
151.13778445 0.17592135
151.18779695 0.17567748
151.23780945 0.17520294
151.28782196 0.17485840
151.33783446 0.17449913
151.38784696 0.17413900
151.43785946 0.17381906
151.48787197 0.17347331
151.53788447 0.17310500
151.58789697 0.17279601
151.63790948 0.17247352
151.68792198 0.17233446
151.73793448 0.17216496
151.78794699 0.17193767
151.83795949 0.17163526
151.88797199 0.17139458
151.93798450 0.17103113
151.98799700 0.17088256
152.03800950 0.17056393
152.08802201 0.17027506
152.13803451 0.16977405
152.18804701 0.16946706
152.23805951 0.16915167
152.28807202 0.16870615
152.33808452 0.16885181
152.38809702 0.16853369
152.43810953 0.16827317
152.48812203 0.16792433
152.53813453 0.16766027
152.58814704 0.16739368
152.63815954 0.16673933
152.68817204 0.16644723
152.73818455 0.16615288
152.78819705 0.16587092
152.83820955 0.16567081
152.88822206 0.16545764
152.93823456 0.16428495
152.98824706 0.16401290
153.03825956 0.16371973
153.08827207 0.16340429
153.13828457 0.16279291
153.18829707 0.16256650
153.23830958 0.16229297
153.28832208 0.16203448
153.33833458 0.16177832
153.38834709 0.16175671
153.43835959 0.16140834
153.48837209 0.16103801
153.53838460 0.16079575
153.58839710 0.16052924
153.63840960 0.16025285
153.68842211 0.16014112
153.73843461 0.15983699
153.78844711 0.15956187
153.83845961 0.15925147
153.88847212 0.15896310
153.93848462 0.15867324
153.98849712 0.15839631
154.03850963 0.15812284
154.08852213 0.15772467
154.13853463 0.15732632
154.18854714 0.15719142
154.23855964 0.15703259
154.28857214 0.15693487
154.33858465 0.15705366
154.38859715 0.15678332
154.43860965 0.15624482
154.48862216 0.15572402
154.53863466 0.15545277
154.58864716 0.15521980
154.63865966 0.15512243
154.68867217 0.15503135
154.73868467 0.15478001
154.78869717 0.15450771
154.83870968 0.15400183
154.88872218 0.15364632
154.93873468 0.15341184
154.98874719 0.15322436
155.03875969 0.15263192
155.08877219 0.15233478
155.13878470 0.15212113
155.18879720 0.15202861
155.23880970 0.15167452
155.28882221 0.15115969
155.33883471 0.15098290
155.38884721 0.15072348
155.43885971 0.15070472
155.48887222 0.15053057
155.53888472 0.15022798
155.58889722 0.14995216
155.63890973 0.14968453
155.68892223 0.14939952
155.73893473 0.14895984
155.78894724 0.14870244
155.83895974 0.14863906
155.88897224 0.14829317
155.93898475 0.14795234
155.98899725 0.14771453
156.03900975 0.14750819
156.08902226 0.14725121
156.13903476 0.14687751
156.18904726 0.14656881
156.23905976 0.14625939
156.28907227 0.14596661
156.33908477 0.14568909
156.38909727 0.14583248
156.43910978 0.14559860
156.48912228 0.14538025
156.53913478 0.14514877
156.58914729 0.14493849
156.63915979 0.14455414
156.68917229 0.14428897
156.73918480 0.14400757
156.78919730 0.14375777
156.83920980 0.14352597
156.88922231 0.14360018
156.93923481 0.14343296
156.98924731 0.14318355
157.03925981 0.14278412
157.08927232 0.14277431
157.13928482 0.14250087
157.18929732 0.14217250
157.23930983 0.14191484
157.28932233 0.14167577
157.33933483 0.14145403
157.38934734 0.14128424
157.43935984 0.14105518
157.48937234 0.14081077
157.53938485 0.14055035
157.58939735 0.14027524
157.63940985 0.13966334
157.68942236 0.13938190
157.73943486 0.13910143
157.78944736 0.13883408
157.83945986 0.13857853
157.88947237 0.13832214
157.93948487 0.13806127
157.98949737 0.13779407
158.03950988 0.13760584
158.08952238 0.13931798
158.13953488 0.13914913
158.18954739 0.13890916
158.23955989 0.13865309
158.28957239 0.13842401
158.33958490 0.13816040
158.38959740 0.13795728
158.43960990 0.13768847
158.48962241 0.13745037
158.53963491 0.13720864
158.58964741 0.13696387
158.63965991 0.13667651
158.68967242 0.13689233
158.73968492 0.13665785
158.78969742 0.13628039
158.83970993 0.13625553
158.88972243 0.13606358
158.93973493 0.13583579
158.98974744 0.13560336
159.03975994 0.13536034
159.08977244 0.13545195
159.13978495 0.13537168
159.18979745 0.13513089
159.23980995 0.13495918
159.28982246 0.13473808
159.33983496 0.13489566
159.38984746 0.13467949
159.43985996 0.13450477
159.48987247 0.13423103
159.53988497 0.13403363
159.58989747 0.13394331
159.63990998 0.13373889
159.68992248 0.13369929
159.73993498 0.13340177
159.78994749 0.13320954
159.83995999 0.13306160
159.88997249 0.13280850
159.93998500 0.13269654
159.98999750 0.13219921
160.04001000 0.13192773
160.09002251 0.13140150
160.14003501 0.13116756
160.19004751 0.13097694
160.24006002 0.13079669
160.29007252 0.13056988
160.34008502 0.13035597
160.39009752 0.13014246
160.44011003 0.12989973
160.49012253 0.12965270
160.54013503 0.12927213
160.59014754 0.12902540
160.64016004 0.12889412
160.69017254 0.12866880
160.74018505 0.12851762
160.79019755 0.12834048
160.84021005 0.12679130
160.89022256 0.12661699
160.94023506 0.12638521
160.99024756 0.12613579
161.04026007 0.12591016
161.09027257 0.12574593
161.14028507 0.12549730
161.19029757 0.12523119
161.24031008 0.12495658
161.29032258 0.12460247
161.34033508 0.12436140
161.39034759 0.12408920
161.44036009 0.12385263
161.49037259 0.12360990
161.54038510 0.12435999
161.59039760 0.12412001
161.64041010 0.12397639
161.69042261 0.12359047
161.74043511 0.12353192
161.79044761 0.12330806
161.84046012 0.12309098
161.89047262 0.12285920
161.94048512 0.12264246
161.99049762 0.12264736
162.04051013 0.12243646
162.09052263 0.12222503
162.14053513 0.12201512
162.19054764 0.12180168
162.24056014 0.12146405
162.29057264 0.12123683
162.34058515 0.12085679
162.39059765 0.12064099
162.44061015 0.12044664
162.49062266 0.12112388
162.54063516 0.12093787
162.59064766 0.12077932
162.64066017 0.12056321
162.69067267 0.12070169
162.74068517 0.12034552
162.79069767 0.12017480
162.84071018 0.11998502
162.89072268 0.12003721
162.94073518 0.11978826
162.99074769 0.12059198
163.04076019 0.12039670
163.09077269 0.12019155
163.14078520 0.11965248
163.19079770 0.11939322
163.24081020 0.11915720
163.29082271 0.11902584
163.34083521 0.11873880
163.39084771 0.11910978
163.44086022 0.11886825
163.49087272 0.11878926
163.54088522 0.11834509
163.59089772 0.11786742
163.64091023 0.11766493
163.69092273 0.11746898
163.74093523 0.11712632
163.79094774 0.11686509
163.84096024 0.11669027
163.89097274 0.11651006
163.94098525 0.11636530
163.99099775 0.11609712
164.04101025 0.11595191
164.09102276 0.11607518
164.14103526 0.11556998
164.19104776 0.11542279
164.24106027 0.11523400
164.29107277 0.11501440
164.34108527 0.11481634
164.39109777 0.11458671
164.44111028 0.11435241
164.49112278 0.11423556
164.54113528 0.11405723
164.59114779 0.11387693
164.64116029 0.11373294
164.69117279 0.11365383
164.74118530 0.11337739
164.79119780 0.11316701
164.84121030 0.11298112
164.89122281 0.11293399
164.94123531 0.11274529
164.99124781 0.11254530
165.04126032 0.11240702
165.09127282 0.11220882
165.14128532 0.11199258
165.19129782 0.11178700
165.24131033 0.11169543
165.29132283 0.11145785
165.34133533 0.11116619
165.39134784 0.11098898
165.44136034 0.11080661
165.49137284 0.11059884
165.54138535 0.11039950
165.59139785 0.11033018
165.64141035 0.11017385
165.69142286 0.11001730
165.74143536 0.10980577
165.79144786 0.10978019
165.84146037 0.10954100
165.89147287 0.10936826
165.94148537 0.10918814
165.99149787 0.10901118
166.04151038 0.10877505
166.09152288 0.10841108
166.14153538 0.10819985
166.19154789 0.10804514
166.24156039 0.10783387
166.29157289 0.10764992
166.34158540 0.10742035
166.39159790 0.10720128
166.44161040 0.10695753
166.49162291 0.10678390
166.54163541 0.10647336
166.59164791 0.10615220
166.64166042 0.10604180
166.69167292 0.10597529
166.74168542 0.10754951
166.79169792 0.10729365
166.84171043 0.10711410
166.89172293 0.10689905
166.94173543 0.10669762
166.99174794 0.10649062
167.04176044 0.10625990
167.09177294 0.10605866
167.14178545 0.10588097
167.19179795 0.10564128
167.24181045 0.10541287
167.29182296 0.10523593
167.34183546 0.10503914
167.39184796 0.10484191
167.44186047 0.10496644
167.49187297 0.10468358
167.54188547 0.10449565
167.59189797 0.10452913
167.64191048 0.10437622
167.69192298 0.10425611
167.74193548 0.10411410
167.79194799 0.10395264
167.84196049 0.10376811
167.89197299 0.10344301
167.94198550 0.10365235
167.99199800 0.10346444
168.04201050 0.10325982
168.09202301 0.10302085
168.14203551 0.10281933
168.19204801 0.10261966
168.24206052 0.10245633
168.29207302 0.10292328
168.34208552 0.10273826
168.39209802 0.10246256
168.44211053 0.10222977
168.49212303 0.10240839
168.54213553 0.10219707
168.59214804 0.10216171
168.64216054 0.10194866
168.69217304 0.10175231
168.74218555 0.10156444
168.79219805 0.10126392
168.84221055 0.10105042
168.89222306 0.10088056
168.94223556 0.10142975
168.99224806 0.10128518
169.04226057 0.10107372
169.09227307 0.10088799
169.14228557 0.10067796
169.19229807 0.10013261
169.24231058 0.09997474
169.29232308 0.09992145
169.34233558 0.09962678
169.39234809 0.09943619
169.44236059 0.09924818
169.49237309 0.09908048
169.54238560 0.09892449
169.59239810 0.09877206
169.64241060 0.09870094
169.69242311 0.09851011
169.74243561 0.09822711
169.79244811 0.09821308
169.84246062 0.09806830
169.89247312 0.09816452
169.94248562 0.09810303
169.99249812 0.09801253
170.04251063 0.09782594
170.09252313 0.09759727
170.14253563 0.09743130
170.19254814 0.09742401
170.24256064 0.09726281
170.29257314 0.09718434
170.34258565 0.09702369
170.39259815 0.09724532
170.44261065 0.09735033
170.49262316 0.09727142
170.54263566 0.09732811
170.59264816 0.09753002
170.64266067 0.09738773
170.69267317 0.09718861
170.74268567 0.09743109
170.79269817 0.09728303
170.84271068 0.09712520
170.89272318 0.09685644
170.94273568 0.09668503
170.99274819 0.09651207
171.04276069 0.09633393
171.09277319 0.09629004
171.14278570 0.09610982
171.19279820 0.09589002
171.24281070 0.09569486
171.29282321 0.09554917
171.34283571 0.09533041
171.39284821 0.09498955
171.44286072 0.09480950
171.49287322 0.09475245
171.54288572 0.09463484
171.59289822 0.09444656
171.64291073 0.09426934
171.69292323 0.09399479
171.74293573 0.09397121
171.79294824 0.09393669
171.84296074 0.09380022
171.89297324 0.09370883
171.94298575 0.09382172
171.99299825 0.09368427
172.04301075 0.09349081
172.09302326 0.09338335
172.14303576 0.09323876
172.19304826 0.09309150
172.24306077 0.09298119
172.29307327 0.09289136
172.34308577 0.09263071
172.39309827 0.09254875
172.44311078 0.09243056
172.49312328 0.09223757
172.54313578 0.09202932
172.59314829 0.09203170
172.64316079 0.09205295
172.69317329 0.09192354
172.74318580 0.09175547
172.79319830 0.09197918
172.84321080 0.09181926
172.89322331 0.09162076
172.94323581 0.09151951
172.99324831 0.09127973
173.04326082 0.09113156
173.09327332 0.09099858
173.14328582 0.09077554
173.19329832 0.09064275
173.24331083 0.09051575
173.29332333 0.09033230
173.34333583 0.09031632
173.39334834 0.09024464
173.44336084 0.08999340
173.49337334 0.09011404
173.54338585 0.08997799
173.59339835 0.08986207
173.64341085 0.08981706
173.69342336 0.08965756
173.74343586 0.09010551
173.79344836 0.08983402
173.84346087 0.08984913
173.89347337 0.08980278
173.94348587 0.08978184
173.99349837 0.08959246
174.04351088 0.08946904
174.09352338 0.08932326
174.14353588 0.08923691
174.19354839 0.08892336
174.24356089 0.08868556
174.29357339 0.08875563
174.34358590 0.08861786
174.39359840 0.08847587
174.44361090 0.08833393
174.49362341 0.08819148
174.54363591 0.08815567
174.59364841 0.08802537
174.64366092 0.08790309
174.69367342 0.08779109
174.74368592 0.08761632
174.79369842 0.08803171
174.84371093 0.08794841
174.89372343 0.08786583
174.94373593 0.08775390
174.99374844 0.08761438
175.04376094 0.08801115
175.09377344 0.08787853
175.14378595 0.08802893
175.19379845 0.08789305
175.24381095 0.08773455
175.29382346 0.08742879
175.34383596 0.08717080
175.39384846 0.08754884
175.44386097 0.08749795
175.49387347 0.08737779
175.54388597 0.08753636
175.59389847 0.08726719
175.64391098 0.08711672
175.69392348 0.08692247
175.74393598 0.08678379
175.79394849 0.08662118
175.84396099 0.08645464
175.89397349 0.08647797
175.94398600 0.08617101
175.99399850 0.08597055
176.04401100 0.08582768
176.09402351 0.08566174
176.14403601 0.08547109
176.19404851 0.08528619
176.24406102 0.08528501
176.29407352 0.08531968
176.34408602 0.08518825
176.39409852 0.08506909
176.44411103 0.08495189
176.49412353 0.08479161
176.54413603 0.08453115
176.59414854 0.08438430
176.64416104 0.08424785
176.69417354 0.08408639
176.74418605 0.08415755
176.79419855 0.08475599
176.84421105 0.08461390
176.89422356 0.08474315
176.94423606 0.08458672
176.99424856 0.08441546
177.04426107 0.08424373
177.09427357 0.08407847
177.14428607 0.08392993
177.19429857 0.08378027
177.24431108 0.08363416
177.29432358 0.08345282
177.34433608 0.08331439
177.39434859 0.08316309
177.44436109 0.08308480
177.49437359 0.08294071
177.54438610 0.08279490
177.59439860 0.08264594
177.64441110 0.08249215
177.69442361 0.08233789
177.74443611 0.08218852
177.79444861 0.08214883
177.84446112 0.08201013
177.89447362 0.08187356
177.94448612 0.08173406
177.99449862 0.08158667
178.04451113 0.08143124
178.09452363 0.08127244
178.14453613 0.08119642
178.19454864 0.08128950
178.24456114 0.08113858
178.29457364 0.08105490
178.34458615 0.08091793
178.39459865 0.08087142
178.44461115 0.08066624
178.49462366 0.08046612
178.54463616 0.08079030
178.59464866 0.08116044
178.64466117 0.08129183
178.69467367 0.08117285
178.74468617 0.08095310
178.79469867 0.08093557
178.84471118 0.08079615
178.89472368 0.08065243
178.94473618 0.08051259
178.99474869 0.08036484
179.04476119 0.08020463
179.09477369 0.08004262
179.14478620 0.07987760
179.19479870 0.07987751
179.24481120 0.07992860
179.29482371 0.07981805
179.34483621 0.07989154
179.39484871 0.07976881
179.44486122 0.07978624
179.49487372 0.07968349
179.54488622 0.07957823
179.59489872 0.07984020
179.64491123 0.07968448
179.69492373 0.07935082
179.74493623 0.07923283
179.79494874 0.07909604
179.84496124 0.07889917
179.89497374 0.07870105
179.94498625 0.07861901
179.99499875 0.07847343
180.04501125 0.07883422
180.09502376 0.07868440
180.14503626 0.07851679
180.19504876 0.07834430
180.24506127 0.07817755
180.29507377 0.07801884
180.34508627 0.07829785
180.39509877 0.07821876
180.44511128 0.07806419
180.49512378 0.07826085
180.54513628 0.07810141
180.59514879 0.07797497
180.64516129 0.07792954
180.69517379 0.07781530
180.74518630 0.07771038
180.79519880 0.07761027
180.84521130 0.07752755
180.89522381 0.07743459
180.94523631 0.07730880
180.99524881 0.07724493
181.04526132 0.07716413
181.09527382 0.07709289
181.14528632 0.07697846
181.19529882 0.07683481
181.24531133 0.07675271
181.29532383 0.07668765
181.34533633 0.07679869
181.39534884 0.07660789
181.44536134 0.07635723
181.49537384 0.07622040
181.54538635 0.07609632
181.59539885 0.07598250
181.64541135 0.07587450
181.69542386 0.07573025
181.74543636 0.07559908
181.79544886 0.07546805
181.84546137 0.07532328
181.89547387 0.07516679
181.94548637 0.07492351
181.99549887 0.07482885
182.04551138 0.07476318
182.09552388 0.07464418
182.14553638 0.07454092
182.19554889 0.07442807
182.24556139 0.07430977
182.29557389 0.07400884
182.34558640 0.07388949
182.39559890 0.07363182
182.44561140 0.07349802
182.49562391 0.07336339
182.54563641 0.07322755
182.59564891 0.07416044
182.64566142 0.07403306
182.69567392 0.07389830
182.74568642 0.07376995
182.79569892 0.07364911
182.84571143 0.07354739
182.89572393 0.07335317
182.94573643 0.07322454
182.99574894 0.07307960
183.04576144 0.07293456
183.09577394 0.07279420
183.14578645 0.07266183
183.19579895 0.07267637
183.24581145 0.07264170
183.29582396 0.07250876
183.34583646 0.07240184
183.39584896 0.07228670
183.44586147 0.07224663
183.49587397 0.07207916
183.54588647 0.07201429
183.59589897 0.07188166
183.64591148 0.07174878
183.69592398 0.07161329
183.74593648 0.07158998
183.79594899 0.07145452
183.84596149 0.07149476
183.89597399 0.07133540
183.94598650 0.07121060
183.99599900 0.07106203
184.04601150 0.07104245
184.09602401 0.07097820
184.14603651 0.07079785
184.19604901 0.07062145
184.24606152 0.07046683
184.29607402 0.07073457
184.34608652 0.07060815
184.39609902 0.07045263
184.44611153 0.07033634
184.49612403 0.06979650
184.54613653 0.06968111
184.59614904 0.06963667
184.64616154 0.06943753
184.69617404 0.06936512
184.74618655 0.06923467
184.79619905 0.06897225
184.84621155 0.06883062
184.89622406 0.06885798
184.94623656 0.06874882
184.99624906 0.06869824
185.04626157 0.06867574
185.09627407 0.06855350
185.14628657 0.06978530
185.19629907 0.06965433
185.24631158 0.06952756
185.29632408 0.06941275
185.34633658 0.06961762
185.39634909 0.06959161
185.44636159 0.06948977
185.49637409 0.06942261
185.54638660 0.06933250
185.59639910 0.06923545
185.64641160 0.06913986
185.69642411 0.06901823
185.74643661 0.06890000
185.79644911 0.06877879
185.84646162 0.06872651
185.89647412 0.06860289
185.94648662 0.06847881
185.99649912 0.06835081
186.04651163 0.06823842
186.09652413 0.06815130
186.14653663 0.06805584
186.19654914 0.06795889
186.24656164 0.06784146
186.29657414 0.06768152
186.34658665 0.06770779
186.39659915 0.06749146
186.44661165 0.06737129
186.49662416 0.06724619
186.54663666 0.06718246
186.59664916 0.06703950
186.64666167 0.06737820
186.69667417 0.06724853
186.74668667 0.06714895
186.79669917 0.06705852
186.84671168 0.06696207
186.89672418 0.06686242
186.94673668 0.06674885
186.99674919 0.06719899
187.04676169 0.06691689
187.09677419 0.06695518
187.14678670 0.06684193
187.19679920 0.06674448
187.24681170 0.06664991
187.29682421 0.06655540
187.34683671 0.06645453
187.39684921 0.06634654
187.44686172 0.06623631
187.49687422 0.06612947
187.54688672 0.06602628
187.59689922 0.06592159
187.64691173 0.06580944
187.69692423 0.06568742
187.74693673 0.06561218
187.79694924 0.06547846
187.84696174 0.06536653
187.89697424 0.06517736
187.94698675 0.06505666
187.99699925 0.06494222
188.04701175 0.06484720
188.09702426 0.06465561
188.14703676 0.06454048
188.19704926 0.06444326
188.24706177 0.06437794
188.29707427 0.06441235
188.34708677 0.06436221
188.39709927 0.06428866
188.44711178 0.06418772
188.49712428 0.06406799
188.54713678 0.06394120
188.59714929 0.06381553
188.64716179 0.06369385
188.69717429 0.06357565
188.74718680 0.06345929
188.79719930 0.06334412
188.84721180 0.06323049
188.89722431 0.06314917
188.94723681 0.06304349
188.99724931 0.06293008
189.04726182 0.06281383
189.09727432 0.06269114
189.14728682 0.06256743
189.19729932 0.06244503
189.24731183 0.06230125
189.29732433 0.06212951
189.34733683 0.06230311
189.39734934 0.06213921
189.44736184 0.06223049
189.49737434 0.06219872
189.54738685 0.06208987
189.59739935 0.06195384
189.64741185 0.06160287
189.69742436 0.06148678
189.74743686 0.06142712
189.79744936 0.06129829
189.84746187 0.06114309
189.89747437 0.06102465
189.94748687 0.06091249
189.99749937 0.06086415
190.04751188 0.06069665
190.09752438 0.06068478
190.14753688 0.06057305
190.19754939 0.06046007
190.24756189 0.06035650
190.29757439 0.06045087
190.34758690 0.06035097
190.39759940 0.06024053
190.44761190 0.06013473
190.49762441 0.06006622
190.54763691 0.05995887
190.59764941 0.05984569
190.64766192 0.05973021
190.69767442 0.05987505
190.74768692 0.05977887
190.79769942 0.05978574
190.84771193 0.05967013
190.89772443 0.05975226
190.94773693 0.05963513
190.99774944 0.05952942
191.04776194 0.05940885
191.09777444 0.05933252
191.14778695 0.05921242
191.19779945 0.05914207
191.24781195 0.05905483
191.29782446 0.05894912
191.34783696 0.05929440
191.39784946 0.05920096
191.44786197 0.05913787
191.49787447 0.05903721
191.54788697 0.05893595
191.59789947 0.05883765
191.64791198 0.05874128
191.69792448 0.05862111
191.74793698 0.05846582
191.79794949 0.05831193
191.84796199 0.05820231
191.89797449 0.05900578
191.94798700 0.05889369
191.99799950 0.05876950
192.04801200 0.05863687
192.09802451 0.05850693
192.14803701 0.05838782
192.19804951 0.05829183
192.24806202 0.05818192
192.29807452 0.05807705
192.34808702 0.05796992
192.39809952 0.05786504
192.44811203 0.05819302
192.49812453 0.05796818
192.54813703 0.05785897
192.59814954 0.05777818
192.64816204 0.05754826
192.69817454 0.05733897
192.74818705 0.05727057
192.79819955 0.05714642
192.84821205 0.05705470
192.89822456 0.05687567
192.94823706 0.05679500
192.99824956 0.05654553
193.04826207 0.05656064
193.09827457 0.05644414
193.14828707 0.05632527
193.19829957 0.05621468
193.24831208 0.05610982
193.29832458 0.05597148
193.34833708 0.05603709
193.39834959 0.05586568
193.44836209 0.05564508
193.49837459 0.05555674
193.54838710 0.05545440
193.59839960 0.05492271
193.64841210 0.05466065
193.69842461 0.05451681
193.74843711 0.05454417
193.79844961 0.05446389
193.84846212 0.05438769
193.89847462 0.05431221
193.94848712 0.05424041
193.99849962 0.05418137
194.04851213 0.05412312
194.09852463 0.05404242
194.14853713 0.05394415
194.19854964 0.05381090
194.24856214 0.05373894
194.29857464 0.05363782
194.34858715 0.05355552
194.39859965 0.05348500
194.44861215 0.05340519
194.49862466 0.05370933
194.54863716 0.05361008
194.59864966 0.05351406
194.64866217 0.05343196
194.69867467 0.05351040
194.74868717 0.05349288
194.79869967 0.05342703
194.84871218 0.05328606
194.89872468 0.05317430
194.94873718 0.05321224
194.99874969 0.05312527
195.04876219 0.05309680
195.09877469 0.05306252
195.14878720 0.05288398
195.19879970 0.05285676
195.24881220 0.05264762
195.29882471 0.05256455
195.34883721 0.05250029
195.39884971 0.05245741
195.44886222 0.05241981
195.49887472 0.05236734
195.54888722 0.05228945
195.59889972 0.05218898
195.64891223 0.05207759
195.69892473 0.05193010
195.74893723 0.05183779
195.79894974 0.05175658
195.84896224 0.05167722
195.89897474 0.05161255
195.94898725 0.05152438
195.99899975 0.05143229
196.04901225 0.05134296
196.09902476 0.05106748
196.14903726 0.05102180
196.19904976 0.05092559
196.24906227 0.05087836
196.29907477 0.05080989
196.34908727 0.05072626
196.39909977 0.05066400
196.44911228 0.05059449
196.49912478 0.05047565
196.54913728 0.05040700
196.59914979 0.05032756
196.64916229 0.05024540
196.69917479 0.05015639
196.74918730 0.05007024
196.79919980 0.04998615
196.84921230 0.04980398
196.89922481 0.04975973
196.94923731 0.04983620
196.99924981 0.04997105
197.04926232 0.04982553
197.09927482 0.04971976
197.14928732 0.04964391
197.19929982 0.04960762
197.24931233 0.04943601
197.29932483 0.04967824
197.34933733 0.04954135
197.39934984 0.04945323
197.44936234 0.04936824
197.49937484 0.04928868
197.54938735 0.04921266
197.59939985 0.04913186
197.64941235 0.04903343
197.69942486 0.04898019
197.74943736 0.04911236
197.79944986 0.04906220
197.84946237 0.04901624
197.89947487 0.04897377
197.94948737 0.04896309
197.99949987 0.04886587
198.04951238 0.04878051
198.09952488 0.04859220
198.14953738 0.04848704
198.19954989 0.04834867
198.24956239 0.04833281
198.29957489 0.04826070
198.34958740 0.04817157
198.39959990 0.04807751
198.44961240 0.04797150
198.49962491 0.04849553
198.54963741 0.04841049
198.59964991 0.04833398
198.64966242 0.04834009
198.69967492 0.04825152
198.74968742 0.04815348
198.79969992 0.04805600
198.84971243 0.04796894
198.89972493 0.04795143
198.94973743 0.04793317
198.99974994 0.04786365
199.04976244 0.04778157
199.09977494 0.04768314
199.14978745 0.04757145
199.19979995 0.04746260
199.24981245 0.04737537
199.29982496 0.04728505
199.34983746 0.04719431
199.39984996 0.04710502
199.44986247 0.04701702
199.49987497 0.04692912
199.54988747 0.04684109
199.59989997 0.04675369
199.64991248 0.04666742
199.69992498 0.04658140
199.74993748 0.04649449
199.79994999 0.04640681
199.84996249 0.04632020
199.89997499 0.04623693
199.94998750 0.04615703
200.00000000 0.04607789
