0.00000000 12.00000000
2.00200200 11.88943340
4.00400400 11.70426849
6.00600601 11.57127947
8.00800801 11.39653374
10.01001001 11.22591257
12.01201201 11.09384768
14.01401401 10.93407439
16.01601602 10.75749989
18.01801802 10.60969076
20.02002002 10.42822131
22.02202202 10.26852816
24.02402402 10.12316763
26.02602603 9.95784190
28.02802803 9.81911162
30.03003003 9.64949594
32.03203203 9.49632150
34.03403403 9.35767943
36.03603604 9.23540111
38.03803804 9.10104463
40.04004004 8.93339723
42.04204204 8.78161630
44.04404404 8.62487119
46.04604605 8.48021951
48.04804805 8.35849812
50.05005005 8.16994807
52.05205205 8.00869357
54.05405405 7.84022661
56.05605606 7.70201409
58.05805806 7.56131146
60.06006006 7.43213357
62.06206206 7.31491284
64.06406406 7.18107652
66.06606607 7.01757085
68.06806807 6.88008531
70.07007007 6.76155376
72.07207207 6.61160034
74.07407407 6.49827522
76.07607608 6.35623481
78.07807808 6.23157510
80.08008008 6.09113917
82.08208208 5.96730393
84.08408408 5.86113558
86.08608609 5.72638038
88.08808809 5.60714876
90.09009009 5.48382447
92.09209209 5.37255417
94.09409409 5.25434641
96.09609610 5.11754523
98.09809810 5.01685916
100.10010010 4.90027950
102.10210210 4.77271903
104.10410410 4.66500416
106.10610611 4.55558995
108.10810811 4.45769173
110.11011011 4.36768111
112.11211211 4.25450495
114.11411411 4.16949696
116.11611612 4.05562782
118.11811812 3.94864712
120.12012012 3.85042570
122.12212212 3.74651729
124.12412412 3.66471292
126.12612613 3.57430208
128.12812813 3.48352009
130.13013013 3.39104282
132.13213213 3.30164165
134.13413413 3.21764976
136.13613614 3.14575870
138.13813814 3.05307910
140.14014014 2.95217243
142.14214214 2.86923558
144.14414414 2.80856483
146.14614615 2.73537083
148.14814815 2.66622835
150.15015015 2.58196635
152.15215215 2.52504232
154.15415415 2.45088186
156.15615616 2.38504534
158.15815816 2.31814391
160.16016016 2.24577282
162.16216216 2.18495863
164.16416416 2.12386304
166.16616617 2.05546901
168.16816817 2.00403233
170.17017017 1.94704724
172.17217217 1.88227213
174.17417417 1.83825074
176.17617618 1.78537992
178.17817818 1.72683429
180.18018018 1.67958958
182.18218218 1.62683696
184.18418418 1.57456228
186.18618619 1.52826813
188.18818819 1.47897830
190.19019019 1.43200424
192.19219219 1.39003124
194.19419419 1.35162984
196.19619620 1.30428443
198.19819820 1.27122074
200.20020020 1.22880708
202.20220220 1.18282564
204.20420420 1.13747672
206.20620621 1.10077951
208.20820821 1.06927620
210.21021021 1.03486989
212.21221221 1.00513573
214.21421421 0.97284418
216.21621622 0.93928425
218.21821822 0.91081834
220.22022022 0.87580134
222.22222222 0.84975454
224.22422422 0.81824218
226.22622623 0.79677785
228.22822823 0.76989307
230.23023023 0.74397297
232.23223223 0.71283129
234.23423423 0.69027811
236.23623624 0.67045430
238.23823824 0.64874365
240.24024024 0.63020868
242.24224224 0.61092973
244.24424424 0.59144138
246.24624625 0.57530631
248.24824825 0.55455535
250.25025025 0.53816451
252.25225225 0.52013497
254.25425425 0.50569088
256.25625626 0.48614779
258.25825826 0.47126931
260.26026026 0.45430370
262.26226226 0.43819672
264.26426426 0.42209939
266.26626627 0.40822779
268.26826827 0.39589054
270.27027027 0.38223266
272.27227227 0.36802997
274.27427427 0.35549896
276.27627628 0.34347777
278.27827828 0.33296653
280.28028028 0.32136301
282.28228228 0.30885332
284.28428428 0.29898471
286.28628629 0.28939397
288.28828829 0.28060134
290.29029029 0.26845929
292.29229229 0.25763579
294.29429429 0.24407499
296.29629630 0.23612573
298.29829830 0.22729757
300.30030030 0.21849542
302.30230230 0.20869062
304.30430430 0.20274663
306.30630631 0.19519829
308.30830831 0.18857645
310.31031031 0.18249911
312.31231231 0.17634204
314.31431431 0.17026018
316.31631632 0.16262028
318.31831832 0.15898999
320.32032032 0.15352541
322.32232232 0.14910251
324.32432432 0.14386353
326.32632633 0.13879574
328.32832833 0.13349100
330.33033033 0.12991934
332.33233233 0.12670333
334.33433433 0.12233005
336.33633634 0.11885137
338.33833834 0.11428120
340.34034034 0.11057663
342.34234234 0.10777701
344.34434434 0.10520991
346.34634635 0.10023235
348.34834835 0.09702193
350.35035035 0.09344519
352.35235235 0.08991188
354.35435435 0.08700776
356.35635636 0.08432199
358.35835836 0.08116253
360.36036036 0.07900031
362.36236236 0.07428855
364.36436436 0.07187388
366.36636637 0.06882385
368.36836837 0.06684149
370.37037037 0.06539472
372.37237237 0.06419660
374.37437437 0.06195335
376.37637638 0.06010721
378.37837838 0.05805638
380.38038038 0.05698438
382.38238238 0.05536383
384.38438438 0.05337147
386.38638639 0.05227162
388.38838839 0.05033448
390.39039039 0.04886367
392.39239239 0.04740221
394.39439439 0.04632553
396.39639640 0.04513810
398.39839840 0.04427430
400.40040040 0.04313135
402.40240240 0.04381200
404.40440440 0.04162290
406.40640641 0.03992147
408.40840841 0.04031170
410.41041041 0.03894479
412.41241241 0.03722245
414.41441441 0.03602205
416.41641642 0.03552875
418.41841842 0.03424806
420.42042042 0.03276696
422.42242242 0.03286717
424.42442442 0.03151231
426.42642643 0.03111574
428.42842843 0.03122941
430.43043043 0.02973219
432.43243243 0.02961499
434.43443443 0.02869430
436.43643644 0.02771439
438.43843844 0.02881728
440.44044044 0.02784967
442.44244244 0.02703260
444.44444444 0.02736525
446.44644645 0.02631350
448.44844845 0.02568615
450.45045045 0.02499706
452.45245245 0.02427713
454.45445445 0.02371067
456.45645646 0.02356954
458.45845846 0.02455636
460.46046046 0.02368048
462.46246246 0.02285468
464.46446446 0.02222195
466.46646647 0.02166878
468.46846847 0.02145837
470.47047047 0.02449941
472.47247247 0.02324812
474.47447447 0.02249782
476.47647648 0.02231450
478.47847848 0.02342329
480.48048048 0.02283093
482.48248248 0.02262628
484.48448448 0.02465867
486.48648649 0.02437526
488.48848849 0.02411513
490.49049049 0.02424502
492.49249249 0.02368573
494.49449449 0.02314172
496.49649650 0.02275525
498.49849850 0.02219972
500.50050050 0.02182238
502.50250250 0.02131192
504.50450450 0.02082191
506.50650651 0.02030138
508.50850851 0.01993539
510.51051051 0.01946851
512.51251251 0.02112956
514.51451451 0.02070801
516.51651652 0.02046357
518.51851852 0.01992423
520.52052052 0.01934282
522.52252252 0.01832697
524.52452452 0.01919320
526.52652653 0.02002635
528.52852853 0.01954260
530.53053053 0.01986488
532.53253253 0.01980958
534.53453453 0.02002114
536.53653654 0.02073429
538.53853854 0.02042348
540.54054054 0.02065261
542.54254254 0.01932996
544.54454454 0.02033708
546.54654655 0.02044629
548.54854855 0.02005443
550.55055055 0.01945827
552.55255255 0.02139157
554.55455455 0.02104870
556.55655656 0.02048078
558.55855856 0.01954455
560.56056056 0.01946469
562.56256256 0.01908256
564.56456456 0.02062309
566.56656657 0.01862396
568.56856857 0.01838663
570.57057057 0.01980109
572.57257257 0.01900857
574.57457457 0.01862446
576.57657658 0.01840231
578.57857858 0.02019957
580.58058058 0.01990387
582.58258258 0.02131514
584.58458458 0.02116008
586.58658659 0.02071278
588.58858859 0.01941418
590.59059059 0.01859569
592.59259259 0.02017248
594.59459459 0.02407677
596.59659660 0.02325525
598.59859860 0.02358965
600.60060060 0.02354766
602.60260260 0.02301120
604.60460460 0.02104734
606.60660661 0.02094735
608.60860861 0.02018244
610.61061061 0.01969518
612.61261261 0.01961621
614.61461461 0.02083467
616.61661662 0.02224540
618.61861862 0.02125505
620.62062062 0.02313365
622.62262262 0.02310655
624.62462462 0.02250491
626.62662663 0.02207177
628.62862863 0.02177180
630.63063063 0.02118184
632.63263263 0.02055826
634.63463463 0.02176554
636.63663664 0.02106610
638.63863864 0.02037110
640.64064064 0.01987325
642.64264264 0.02072047
644.64464464 0.02237069
646.64664665 0.02191224
648.64864865 0.02138749
650.65065065 0.02083471
652.65265265 0.01932511
654.65465465 0.01774470
656.65665666 0.01735521
658.65865866 0.01854888
660.66066066 0.01931123
662.66266266 0.01898968
664.66466466 0.01857921
666.66666667 0.02132860
668.66866867 0.02090987
670.67067067 0.02050855
672.67267267 0.01999550
674.67467467 0.01931079
676.67667668 0.01840895
678.67867868 0.01903925
680.68068068 0.02016638
682.68268268 0.01842758
684.68468468 0.01791948
686.68668669 0.01820861
688.68868869 0.01776687
690.69069069 0.01774327
692.69269269 0.01730474
694.69469469 0.01664020
696.69669670 0.01624059
698.69869870 0.01580395
700.70070070 0.01575433
702.70270270 0.01532191
704.70470470 0.01658980
706.70670671 0.01617283
708.70870871 0.01576077
710.71071071 0.01502714
712.71271271 0.01470447
714.71471471 0.01304666
716.71671672 0.01274909
718.71871872 0.01236761
720.72072072 0.01188518
722.72272272 0.01171380
724.72472472 0.01137250
726.72672673 0.01108799
728.72872873 0.01119888
730.73073073 0.01124682
732.73273273 0.01074887
734.73473473 0.01031767
736.73673674 0.01011950
738.73873874 0.01111208
740.74074074 0.01089041
742.74274274 0.01068563
744.74474474 0.01042682
746.74674675 0.01175684
748.74874875 0.01148512
750.75075075 0.01121234
752.75275275 0.01091795
754.75475475 0.01229361
756.75675676 0.01255744
758.75875876 0.01226025
760.76076076 0.01324943
762.76276276 0.01284899
764.76476476 0.01261020
766.76676677 0.01288816
768.76876877 0.01269177
770.77077077 0.01127205
772.77277277 0.01054192
774.77477477 0.01057864
776.77677678 0.01048477
778.77877878 0.01356792
780.78078078 0.01326831
782.78278278 0.01467310
784.78478478 0.01386864
786.78678679 0.01407198
788.78878879 0.01381886
790.79079079 0.01374968
792.79279279 0.01334718
794.79479479 0.01297997
796.79679680 0.01299362
798.79879880 0.01288015
800.80080080 0.01225727
802.80280280 0.01205704
804.80480480 0.01172526
806.80680681 0.01196491
808.80880881 0.01123922
810.81081081 0.01096278
812.81281281 0.01079525
814.81481481 0.01171194
816.81681682 0.01137659
818.81881882 0.01269316
820.82082082 0.01194498
822.82282282 0.01210374
824.82482482 0.01204090
826.82682683 0.01226671
828.82882883 0.01559691
830.83083083 0.01558116
832.83283283 0.01524432
834.83483483 0.01554064
836.83683684 0.01478847
838.83883884 0.01380450
840.84084084 0.01349167
842.84284284 0.01310825
844.84484484 0.01278265
846.84684685 0.01286545
848.84884885 0.01264105
850.85085085 0.01428100
852.85285285 0.01558097
854.85485485 0.01721516
856.85685686 0.01697581
858.85885886 0.01839918
860.86086086 0.01578897
862.86286286 0.01744306
864.86486486 0.01602486
866.86686687 0.01537229
868.86886887 0.01517879
870.87087087 0.01470115
872.87287287 0.01415038
874.87487487 0.01396954
876.87687688 0.01367746
878.87887888 0.01352435
880.88088088 0.01313124
882.88288288 0.01450073
884.88488488 0.01593245
886.88688689 0.01682428
888.88888889 0.01659663
890.89089089 0.01712118
892.89289289 0.01641408
894.89489489 0.01779484
896.89689690 0.01683066
898.89889890 0.01347297
900.90090090 0.01331893
902.90290290 0.01305645
904.90490490 0.01277956
906.90690691 0.01247175
908.90890891 0.01359469
910.91091091 0.01329680
912.91291291 0.01478489
914.91491491 0.01351949
916.91691692 0.01653398
918.91891892 0.01995084
920.92092092 0.01926100
922.92292292 0.02025719
924.92492492 0.01994480
926.92692693 0.01957524
928.92892893 0.01931885
930.93093093 0.01979187
932.93293293 0.01782296
934.93493493 0.01748779
936.93693694 0.01763367
938.93893894 0.01723931
940.94094094 0.01688523
942.94294294 0.02025190
944.94494494 0.02023078
946.94694695 0.01875690
948.94894895 0.02000269
950.95095095 0.02130123
952.95295295 0.02054690
954.95495495 0.01982287
956.95695696 0.02058791
958.95895896 0.01868156
960.96096096 0.01777105
962.96296296 0.01907258
964.96496496 0.02070221
966.96696697 0.02029451
968.96896897 0.02162699
970.97097097 0.02292565
972.97297297 0.02226093
974.97497497 0.02253914
976.97697698 0.02247715
978.97897898 0.02219114
980.98098098 0.02049370
982.98298298 0.01958991
984.98498498 0.01930474
986.98698699 0.01893388
988.98898899 0.01857019
990.99099099 0.01943786
992.99299299 0.01895515
994.99499499 0.01965671
996.99699700 0.02120904
998.99899900 0.02062117
1001.00100100 0.02002047
1003.00300300 0.02146683
1005.00500501 0.02144659
1007.00700701 0.02144536
1009.00900901 0.02098384
1011.01101101 0.02054365
1013.01301301 0.02022954
1015.01501502 0.01915599
1017.01701702 0.01879811
1019.01901902 0.01803313
1021.02102102 0.01756300
1023.02302302 0.01795605
1025.02502503 0.01763118
1027.02702703 0.01743331
1029.02902903 0.01882472
1031.03103103 0.01860837
1033.03303303 0.02013488
1035.03503504 0.01995523
1037.03703704 0.01985442
1039.03903904 0.02148366
1041.04104104 0.02109254
1043.04304304 0.02111011
1045.04504505 0.02226705
1047.04704705 0.02215018
1049.04904905 0.02159640
1051.05105105 0.02122669
1053.05305305 0.01987959
1055.05505506 0.01989924
1057.05705706 0.01956965
1059.05905906 0.01912981
1061.06106106 0.01824439
1063.06306306 0.01825207
1065.06506507 0.01792351
1067.06706707 0.01751479
1069.06906907 0.01745786
1071.07107107 0.01707673
1073.07307307 0.01594851
1075.07507508 0.01556712
1077.07707708 0.01723956
1079.07907908 0.01706533
1081.08108108 0.01574022
1083.08308308 0.01548448
1085.08508509 0.01531618
1087.08708709 0.01490212
1089.08908909 0.01421794
1091.09109109 0.01384319
1093.09309309 0.01365155
1095.09509510 0.01350134
1097.09709710 0.01320511
1099.09909910 0.01361078
1101.10110110 0.01317661
1103.10310310 0.01260525
1105.10510511 0.01128620
1107.10710711 0.01039291
1109.10910911 0.01226180
1111.11111111 0.01104013
1113.11311311 0.01067607
1115.11511512 0.01045457
1117.11711712 0.01051203
1119.11911912 0.01040697
1121.12112112 0.01030707
1123.12312312 0.01003324
1125.12512513 0.00963600
1127.12712713 0.01132428
1129.12912913 0.01096144
1131.13113113 0.00982695
1133.13313313 0.00958163
1135.13513514 0.01109247
1137.13713714 0.01085010
1139.13913914 0.01247904
1141.14114114 0.01383468
1143.14314314 0.01352446
1145.14514515 0.01532653
1147.14714715 0.01404593
1149.14914915 0.01403144
1151.15115115 0.01423967
1153.15315315 0.01392161
1155.15515516 0.01544267
1157.15715716 0.01464632
1159.15915916 0.01453373
1161.16116116 0.01422028
1163.16316316 0.01454300
1165.16516517 0.01455355
1167.16716717 0.01798990
1169.16916917 0.01760653
1171.17117117 0.01730036
1173.17317317 0.01993630
1175.17517518 0.01974681
1177.17717718 0.01926726
1179.17917918 0.01892746
1181.18118118 0.01865104
1183.18318318 0.01925866
1185.18518519 0.01901680
1187.18718719 0.01638199
1189.18918919 0.01612496
1191.19119119 0.01428577
1193.19319319 0.01580433
1195.19519520 0.01565266
1197.19719720 0.01552711
1199.19919920 0.01410150
1201.20120120 0.01382221
1203.20320320 0.01211043
1205.20520521 0.01171930
1207.20720721 0.01163870
1209.20920921 0.01286702
1211.21121121 0.01269677
1213.21321321 0.01244543
1215.21521522 0.01231804
1217.21721722 0.01216097
1219.21921922 0.01418107
1221.22122122 0.01317088
1223.22322322 0.01388182
1225.22522523 0.01530749
1227.22722723 0.01488748
1229.22922923 0.01324183
1231.23123123 0.01423633
1233.23323323 0.01392399
1235.23523524 0.01366372
1237.23723724 0.01342202
1239.23923924 0.01315479
1241.24124124 0.01332130
1243.24324324 0.01338200
1245.24524525 0.01325928
1247.24724725 0.01317487
1249.24924925 0.01293218
1251.25125125 0.01260749
1253.25325325 0.01236342
1255.25525526 0.01121576
1257.25725726 0.01181563
1259.25925926 0.01178660
1261.26126126 0.00995333
1263.26326326 0.00999843
1265.26526527 0.00997212
1267.26726727 0.00973889
1269.26926927 0.00915801
1271.27127127 0.00926753
1273.27327327 0.00976437
1275.27527528 0.00998202
1277.27727728 0.01154639
1279.27927928 0.01116993
1281.28128128 0.01482750
1283.28328328 0.01382880
1285.28528529 0.01321310
1287.28728729 0.01296872
1289.28928929 0.01273644
1291.29129129 0.01059372
1293.29329329 0.00982366
1295.29529530 0.00928728
1297.29729730 0.00908896
1299.29929930 0.00732342
1301.30130130 0.00760016
1303.30330330 0.00731464
1305.30530531 0.00721062
1307.30730731 0.00708026
1309.30930931 0.00656135
1311.31131131 0.00758168
1313.31331331 0.00739702
1315.31531532 0.01077552
1317.31731732 0.01230573
1319.31931932 0.01040755
1321.32132132 0.01023366
1323.32332332 0.00833158
1325.32532533 0.00832163
1327.32732733 0.00885150
1329.32932933 0.00860494
1331.33133133 0.01256772
1333.33333333 0.01223547
1335.33533534 0.01384181
1337.33733734 0.01367917
1339.33933934 0.01291779
1341.34134134 0.01263858
1343.34334334 0.01240625
1345.34534535 0.01556873
1347.34734735 0.01651488
1349.34934935 0.01684193
1351.35135135 0.01659983
1353.35335335 0.01633037
1355.35535536 0.01629362
1357.35735736 0.01773230
1359.35935936 0.01720651
1361.36136136 0.01780004
1363.36336336 0.01778538
1365.36536537 0.01776953
1367.36736737 0.01749959
1369.36936937 0.01754794
1371.37137137 0.01738042
1373.37337337 0.01700116
1375.37537538 0.01668254
1377.37737738 0.01593113
1379.37937938 0.01472314
1381.38138138 0.01418470
1383.38338338 0.01390420
1385.38538539 0.01361974
1387.38738739 0.01354393
1389.38938939 0.01329626
1391.39139139 0.01518011
1393.39339339 0.01442682
1395.39539540 0.01424878
1397.39739740 0.01398000
1399.39939940 0.01566866
1401.40140140 0.01542731
1403.40340340 0.01523893
1405.40540541 0.01531436
1407.40740741 0.01514017
1409.40940941 0.01673618
1411.41141141 0.01653797
1413.41341341 0.01620003
1415.41541542 0.01592458
1417.41741742 0.01573860
1419.41941942 0.01547725
1421.42142142 0.01526692
1423.42342342 0.01499201
1425.42542543 0.01650348
1427.42742743 0.01864560
1429.42942943 0.01738503
1431.43143143 0.01554856
1433.43343343 0.01716108
1435.43543544 0.01665549
1437.43743744 0.01823899
1439.43943944 0.02023278
1441.44144144 0.02132186
1443.44344344 0.02147803
1445.44544545 0.02276807
1447.44744745 0.02258826
1449.44944945 0.02216520
1451.45145145 0.02188234
1453.45345345 0.02160713
1455.45545546 0.02285441
1457.45745746 0.02245862
1459.45945946 0.02104912
1461.46146146 0.02079976
1463.46346346 0.01942854
1465.46546547 0.01928658
1467.46746747 0.02061279
1469.46946947 0.02226949
1471.47147147 0.02199050
1473.47347347 0.02181460
1475.47547548 0.02002710
1477.47747748 0.01813888
1479.47947948 0.01722928
1481.48148148 0.01703884
1483.48348348 0.01689715
1485.48548549 0.01664950
1487.48748749 0.01657741
1489.48948949 0.01604140
1491.49149149 0.01576239
1493.49349349 0.01733762
1495.49549550 0.01712181
1497.49749750 0.01511935
1499.49949950 0.01414557
1501.50150150 0.01476826
1503.50350350 0.01469384
1505.50550551 0.01651607
1507.50750751 0.01726047
1509.50950951 0.01730710
1511.51151151 0.01695454
1513.51351351 0.02074017
1515.51551552 0.02012477
1517.51751752 0.01997892
1519.51951952 0.01886828
1521.52152152 0.01844903
1523.52352352 0.01795814
1525.52552553 0.01969804
1527.52752753 0.01981194
1529.52952953 0.01806972
1531.53153153 0.02048417
1533.53353353 0.01943473
1535.53553554 0.02079207
1537.53753754 0.02291809
1539.53953954 0.02241516
1541.54154154 0.02027357
1543.54354354 0.01959032
1545.54554555 0.01918034
1547.54754755 0.01841884
1549.54954955 0.01812993
1551.55155155 0.01784034
1553.55355355 0.01760301
1555.55555556 0.01637155
1557.55755756 0.01975090
1559.55955956 0.02005652
1561.56156156 0.01976462
1563.56356356 0.01786473
1565.56556557 0.01745294
1567.56756757 0.01721420
1569.56956957 0.01710015
1571.57157157 0.01560084
1573.57357357 0.01519881
1575.57557558 0.01364887
1577.57757758 0.01354585
1579.57957958 0.01330954
1581.58158158 0.01844836
1583.58358358 0.01831939
1585.58558559 0.01805562
1587.58758759 0.01781996
1589.58958959 0.01762841
1591.59159159 0.01739103
1593.59359359 0.01710691
1595.59559560 0.01838255
1597.59759760 0.02160499
1599.59959960 0.02200570
1601.60160160 0.02288547
1603.60360360 0.02242663
1605.60560561 0.01946564
1607.60760761 0.02124889
1609.60960961 0.02083160
1611.61161161 0.01951967
1613.61361361 0.01978651
1615.61561562 0.01901856
1617.61761762 0.01896029
1619.61961962 0.01869497
1621.62162162 0.01734596
1623.62362362 0.01678932
1625.62562563 0.01840676
1627.62762763 0.01969539
1629.62962963 0.01968075
1631.63163163 0.01925440
1633.63363363 0.02018006
1635.63563564 0.02146958
1637.63763764 0.02137100
1639.63963964 0.02164501
1641.64164164 0.02122674
1643.64364364 0.02005184
1645.64564565 0.02166205
1647.64764765 0.02031837
1649.64964965 0.01985759
1651.65165165 0.01953683
1653.65365365 0.01965861
1655.65565566 0.02136452
1657.65765766 0.01970870
1659.65965966 0.01896621
1661.66166166 0.01912194
1663.66366366 0.01870074
1665.66566567 0.01856149
1667.66766767 0.01860192
1669.66966967 0.01832219
1671.67167167 0.01846102
1673.67367367 0.01833813
1675.67567568 0.02137635
1677.67767768 0.02106514
1679.67967968 0.01945073
1681.68168168 0.01851588
1683.68368368 0.01868866
1685.68568569 0.01796468
1687.68768769 0.01773575
1689.68968969 0.01749682
1691.69169169 0.01639677
1693.69369369 0.01601098
1695.69569570 0.01573016
1697.69769770 0.01776488
1699.69969970 0.02126543
1701.70170170 0.02085570
1703.70370370 0.02062522
1705.70570571 0.01877792
1707.70770771 0.01715433
1709.70970971 0.01663426
1711.71171171 0.01633726
1713.71371371 0.02122942
1715.71571572 0.02008531
1717.71771772 0.01978555
1719.71971972 0.02121362
1721.72172172 0.02087185
1723.72372372 0.02014205
1725.72572573 0.01986617
1727.72772773 0.01956109
1729.72972973 0.01747777
1731.73173173 0.01787707
1733.73373373 0.01750510
1735.73573574 0.01531196
1737.73773774 0.01634298
1739.73973974 0.01545353
1741.74174174 0.01663625
1743.74374374 0.01470252
1745.74574575 0.01393665
1747.74774775 0.01530540
1749.74974975 0.01436599
1751.75175175 0.01396740
1753.75375375 0.01394123
1755.75575576 0.01338452
1757.75775776 0.01325333
1759.75975976 0.01475615
1761.76176176 0.01459875
1763.76376376 0.01404740
1765.76576577 0.01384547
1767.76776777 0.01338664
1769.76976977 0.01313494
1771.77177177 0.01309687
1773.77377377 0.01293194
1775.77577578 0.01262144
1777.77777778 0.01231730
1779.77977978 0.01200407
1781.78178178 0.01344683
1783.78378378 0.01315359
1785.78578579 0.01282897
1787.78778779 0.01274164
1789.78978979 0.01223826
1791.79179179 0.01201257
1793.79379379 0.01383499
1795.79579580 0.01592055
1797.79779780 0.01560778
1799.79979980 0.01559468
1801.80180180 0.01540494
1803.80380380 0.01523557
1805.80580581 0.01514247
1807.80780781 0.01306620
1809.80980981 0.01285419
1811.81181181 0.01449176
1813.81381381 0.01489215
1815.81581582 0.01329505
1817.81781782 0.01313657
1819.81981982 0.01332798
1821.82182182 0.01275336
1823.82382382 0.01439491
1825.82582583 0.01770675
1827.82782783 0.01573718
1829.82982983 0.01561662
1831.83183183 0.01535940
1833.83383383 0.01536588
1835.83583584 0.01603251
1837.83783784 0.01478873
1839.83983984 0.01448827
1841.84184184 0.01567795
1843.84384384 0.01722533
1845.84584585 0.01879195
1847.84784785 0.01830493
1849.84984985 0.01996180
1851.85185185 0.01948026
1853.85385385 0.01916971
1855.85585586 0.01841364
1857.85785786 0.01836713
1859.85985986 0.02005523
1861.86186186 0.01947540
1863.86386386 0.01934951
1865.86586587 0.01893393
1867.86786787 0.01831565
1869.86986987 0.01813932
1871.87187187 0.01798921
1873.87387387 0.01766980
1875.87587588 0.01729823
1877.87787788 0.01701874
1879.87987988 0.01649175
1881.88188188 0.01677823
1883.88388388 0.01699147
1885.88588589 0.01681097
1887.88788789 0.01649486
1889.88988989 0.01641426
1891.89189189 0.01498051
1893.89389389 0.01451847
1895.89589590 0.01442797
1897.89789790 0.01426990
1899.89989990 0.01398373
1901.90190190 0.01407056
1903.90390390 0.01372903
1905.90590591 0.01690508
1907.90790791 0.01440262
1909.90990991 0.01431829
1911.91191191 0.01257464
1913.91391391 0.01211962
1915.91591592 0.01173274
1917.91791792 0.01152105
1919.91991992 0.01095119
1921.92192192 0.01078359
1923.92392392 0.01250866
1925.92592593 0.01217016
1927.92792793 0.01192294
1929.92992993 0.01257353
1931.93193193 0.01213241
1933.93393393 0.01204447
1935.93593594 0.01171948
1937.93793794 0.01269047
1939.93993994 0.01237365
1941.94194194 0.01213042
1943.94394394 0.01384035
1945.94594595 0.01552459
1947.94794795 0.01523010
1949.94994995 0.01530064
1951.95195195 0.01471212
1953.95395395 0.01442152
1955.95595596 0.01416170
1957.95795796 0.01587630
1959.95995996 0.01390502
1961.96196196 0.01369207
1963.96396396 0.01191786
1965.96596597 0.01155263
1967.96796797 0.01216201
1969.96996997 0.01445429
1971.97197197 0.01376926
1973.97397397 0.01544106
1975.97597598 0.01476105
1977.97797798 0.01500270
1979.97997998 0.01463017
1981.98198198 0.01818533
1983.98398398 0.01784408
1985.98598599 0.01636929
1987.98798799 0.01600444
1989.98998999 0.01578625
1991.99199199 0.01466648
1993.99399399 0.01495629
1995.99599600 0.01419758
1997.99799800 0.01587199
2000.00000000 0.01466476
