0.00000000 13.00000000 0.00000174
1.00050025 13.01129941 0.01037756
2.00100050 13.01562691 0.01937211
3.00150075 13.00106964 0.04555712
4.00200100 12.98507425 0.07780183
5.00250125 12.98306051 0.10507817
6.00300150 12.97644111 0.14254173
7.00350175 12.95103993 0.19194876
8.00400200 12.93546562 0.22188416
9.00450225 12.92442860 0.25331652
10.00500250 12.89886823 0.28674610
11.00550275 12.88566725 0.30269308
12.00600300 12.86011662 0.33365736
13.00650325 12.84956246 0.34671460
14.00700350 12.83858960 0.36328453
15.00750375 12.81218522 0.38360080
16.00800400 12.79253589 0.39603791
17.00850425 12.78489138 0.40488716
18.00900450 12.77653248 0.41505573
19.00950475 12.76434484 0.43235569
20.01000500 12.75438640 0.44856165
21.01050525 12.72877196 0.46987909
22.01100550 12.71799470 0.49254037
23.01150575 12.70189078 0.50535738
24.01200600 12.67255273 0.52722472
25.01250625 12.65903646 0.54280247
26.01300650 12.63818589 0.56054793
27.01350675 12.61439449 0.57531388
28.01400700 12.60094509 0.58316584
29.01450725 12.57518509 0.61335899
30.01500750 12.55839563 0.62972647
31.01550775 12.54066883 0.64056598
32.01600800 12.53050889 0.64782842
33.01650825 12.50322344 0.66701016
34.01700850 12.49244575 0.67168769
35.01750875 12.47356991 0.68760788
36.01800900 12.46584764 0.69195149
37.01850925 12.45444206 0.70007858
38.01900950 12.44204827 0.71096620
39.01950975 12.42091160 0.72302178
40.02001001 12.41351230 0.73762577
41.02051026 12.38942137 0.75266400
42.02101051 12.37291010 0.77622643
43.02151076 12.36218680 0.78811171
44.02201101 12.33946942 0.80417329
45.02251126 12.32339844 0.81291177
46.02301151 12.31202425 0.81401875
47.02351176 12.28908309 0.82581832
48.02401201 12.27245823 0.83007723
49.02451226 12.24781495 0.84383571
50.02501251 12.23179319 0.85666825
51.02551276 12.20992200 0.87037691
52.02601301 12.19383980 0.87960459
53.02651326 12.17367520 0.89995062
54.02701351 12.15761105 0.91345893
55.02751376 12.13503807 0.92348315
56.02801401 12.12244894 0.92503866
57.02851426 12.10860676 0.93364286
58.02901451 12.08808584 0.94518799
59.02951476 12.06524469 0.96524978
60.03001501 12.04670273 0.98177871
61.03051526 12.01715452 1.00328003
62.03101551 12.00753337 1.00646832
63.03151576 11.98462910 1.01007378
64.03201601 11.96948403 1.01806134
65.03251626 11.95852306 1.02445929
66.03301651 11.93386282 1.03551065
67.03351676 11.91800580 1.04470690
68.03401701 11.90508766 1.05687697
69.03451726 11.87640030 1.07020660
70.03501751 11.86437931 1.07331465
71.03551776 11.85179721 1.08376873
72.03601801 11.82977320 1.09557211
73.03651826 11.80670814 1.10706967
74.03701851 11.78639449 1.11824542
75.03751876 11.76618685 1.12974156
76.03801901 11.74280602 1.13952810
77.03851926 11.71976338 1.14393225
78.03901951 11.70195072 1.14804077
79.03951976 11.68281989 1.15855241
80.04002001 11.67039624 1.16469319
81.04052026 11.65548212 1.17695849
82.04102051 11.63456189 1.19416814
83.04152076 11.61461975 1.20098855
84.04202101 11.60365196 1.20728401
85.04252126 11.59257231 1.21317257
86.04302151 11.57578705 1.22416921
87.04352176 11.55690355 1.24210955
88.04402201 11.53773826 1.24920104
89.04452226 11.51962545 1.25660633
90.04502251 11.50355178 1.26716382
91.04552276 11.49456078 1.26928890
92.04602301 11.47656588 1.27208178
93.04652326 11.45392943 1.27064606
94.04702351 11.43355688 1.27997926
95.04752376 11.42152163 1.29342323
96.04802401 11.40873189 1.29988715
97.04852426 11.38479560 1.30737337
98.04902451 11.36558642 1.31496051
99.04952476 11.35395147 1.32297916
100.05002501 11.33606709 1.33052310
101.05052526 11.32003892 1.34414927
102.05102551 11.30110491 1.36031192
103.05152576 11.28156329 1.37112000
104.05202601 11.26733652 1.37148324
105.05252626 11.25013109 1.37645762
106.05302651 11.22839472 1.38133887
107.05352676 11.21001592 1.39202229
108.05402701 11.19475931 1.39914742
109.05452726 11.18099954 1.40545087
110.05502751 11.16305700 1.41296188
111.05552776 11.14761192 1.42365915
112.05602801 11.12612330 1.43311731
113.05652826 11.09876659 1.45717964
114.05702851 11.07492623 1.46339840
115.05752876 11.05356263 1.47859215
116.05802901 11.03669248 1.48877471
117.05852926 11.02339627 1.49561488
118.05902951 11.01027982 1.49871470
119.05952976 10.99984389 1.50351957
120.06003002 10.98238877 1.50537552
121.06053027 10.96966854 1.50991630
122.06103052 10.95488405 1.51575747
123.06153077 10.93555264 1.53465698
124.06203102 10.90907347 1.54291949
125.06253127 10.89305113 1.54847882
126.06303152 10.87660232 1.55490351
127.06353177 10.86240616 1.56208839
128.06403202 10.83748945 1.57884210
129.06453227 10.82218534 1.58197456
130.06503252 10.80025024 1.57589531
131.06553277 10.77627140 1.58264894
132.06603302 10.76037078 1.58928064
133.06653327 10.74823517 1.59912883
134.06703352 10.72812698 1.60601652
135.06753377 10.71477544 1.61570003
136.06803402 10.69144547 1.62145457
137.06853427 10.67170962 1.62423784
138.06903452 10.66003470 1.63039108
139.06953477 10.64126470 1.64148685
140.07003502 10.62007619 1.64686312
141.07053527 10.60544322 1.64458859
142.07103552 10.58864211 1.65626282
143.07153577 10.57743920 1.65935958
144.07203602 10.56943506 1.66297325
145.07253627 10.54703585 1.67951984
146.07303652 10.53389820 1.68042587
147.07353677 10.52086616 1.68289416
148.07403702 10.50807598 1.68739920
149.07453727 10.49984632 1.69132723
150.07503752 10.48290055 1.70223141
151.07553777 10.46838658 1.70459786
152.07603802 10.45195608 1.71279736
153.07653827 10.43152046 1.71804813
154.07703852 10.41480225 1.71565547
155.07753877 10.40031142 1.72012281
156.07803902 10.37398695 1.72503249
157.07853927 10.35745884 1.72283639
158.07903952 10.34204042 1.71763237
159.07953977 10.33354741 1.72097349
160.08004002 10.31864606 1.72481465
161.08054027 10.30788845 1.72380488
162.08104052 10.29838250 1.72776124
163.08154077 10.28344358 1.73637996
164.08204102 10.27080483 1.74151671
165.08254127 10.25786991 1.74267046
166.08304152 10.23788206 1.75039653
167.08354177 10.22435450 1.75501040
168.08404202 10.21022139 1.75712583
169.08454227 10.19458038 1.75984733
170.08504252 10.17843643 1.76043143
171.08554277 10.16235963 1.75873686
172.08604302 10.14184923 1.76317955
173.08654327 10.13013240 1.76748528
174.08704352 10.11642040 1.76967479
175.08754377 10.10042460 1.77361194
176.08804402 10.08637687 1.77831217
177.08854427 10.06967847 1.77601349
178.08904452 10.05692530 1.77833075
179.08954477 10.03350446 1.78732916
180.09004502 10.02031704 1.79546917
181.09054527 10.00647055 1.80245240
182.09104552 9.98916318 1.80762059
183.09154577 9.96882160 1.81134881
184.09204602 9.95294768 1.81459324
185.09254627 9.93947639 1.81064310
186.09304652 9.92368953 1.81560017
187.09354677 9.90748866 1.82303705
188.09404702 9.88643970 1.82793853
189.09454727 9.86937958 1.83033193
190.09504752 9.85681389 1.83725600
191.09554777 9.84945658 1.83767951
192.09604802 9.83134418 1.84295440
193.09654827 9.81299267 1.84740732
194.09704852 9.79821788 1.85510273
195.09754877 9.77908431 1.86374028
196.09804902 9.76845452 1.86377128
197.09854927 9.75173935 1.86728614
198.09904952 9.74257039 1.86707765
199.09954977 9.72030025 1.87561970
200.10005003 9.70230873 1.87922758
201.10055028 9.68111320 1.88524385
202.10105053 9.67195014 1.88625894
203.10155078 9.65872815 1.88761309
204.10205103 9.63098646 1.88357219
205.10255128 9.61669256 1.88249529
206.10305153 9.60023045 1.88563567
207.10355178 9.58465001 1.89056684
208.10405203 9.56563846 1.89747525
209.10455228 9.55017143 1.90242226
210.10505253 9.53050906 1.90762916
211.10555278 9.50789028 1.91655833
212.10605303 9.49390355 1.92294437
213.10655328 9.47734448 1.93076101
214.10705353 9.45446462 1.93205389
215.10755378 9.44107573 1.93505512
216.10805403 9.42384840 1.93512930
217.10855428 9.40765197 1.93730918
218.10905453 9.39298233 1.94214056
219.10955478 9.37724306 1.95329545
220.11005503 9.36028013 1.96472493
221.11055528 9.34020808 1.97314788
222.11105553 9.32548209 1.98063367
223.11155578 9.31257979 1.98858620
224.11205603 9.29174369 1.98962268
225.11255628 9.28293836 1.99290687
226.11305653 9.26491769 1.99435747
227.11355678 9.24912450 2.00086613
228.11405703 9.23374746 2.00083383
229.11455728 9.22537994 2.00389140
230.11505753 9.21591253 2.00573182
231.11555778 9.19547723 2.01027640
232.11605803 9.18255766 2.01116292
233.11655828 9.17081150 2.01047220
234.11705853 9.14683286 2.01125779
235.11755878 9.12902445 2.00951615
236.11805903 9.11486471 2.00826495
237.11855928 9.10201486 2.00983182
238.11905953 9.09094753 2.01500980
239.11955978 9.07358149 2.01603983
240.12006003 9.05004286 2.02350892
241.12056028 9.03027228 2.02395985
242.12106053 9.01612959 2.02936210
243.12156078 9.00264187 2.02842648
244.12206103 8.98333960 2.03510670
245.12256128 8.96753027 2.03809126
246.12306153 8.95272960 2.03208243
247.12356178 8.93360437 2.03226596
248.12406203 8.91603079 2.02611199
249.12456228 8.89574651 2.03463200
250.12506253 8.87586739 2.03616232
251.12556278 8.86017668 2.02895828
252.12606303 8.85075519 2.02648850
253.12656328 8.83547123 2.02736706
254.12706353 8.82063432 2.03509406
255.12756378 8.80540049 2.03786853
256.12806403 8.78936518 2.03979167
257.12856428 8.77186236 2.04687367
258.12906453 8.75465852 2.04944141
259.12956478 8.74685013 2.04732440
260.13006503 8.72695380 2.04775586
261.13056528 8.71186623 2.05599438
262.13106553 8.69264435 2.06665149
263.13156578 8.67716208 2.06797453
264.13206603 8.66605515 2.06796952
265.13256628 8.65306142 2.06162093
266.13306653 8.64000880 2.06315994
267.13356678 8.62828279 2.06221036
268.13406703 8.61915910 2.06297644
269.13456728 8.60570755 2.05911108
270.13506753 8.59425688 2.06764415
271.13556778 8.58455859 2.06818889
272.13606803 8.57493961 2.06681981
273.13656828 8.56541066 2.06669189
274.13706853 8.55126529 2.07157537
275.13756878 8.53684950 2.06848524
276.13806903 8.52058982 2.06943745
277.13856928 8.50989597 2.07054358
278.13906953 8.50111656 2.07220224
279.13956978 8.48140396 2.07188977
280.14007004 8.46636585 2.06896055
281.14057029 8.45235840 2.07225426
282.14107054 8.44082401 2.07668100
283.14157079 8.43393160 2.07763432
284.14207104 8.41969102 2.07085203
285.14257129 8.40779568 2.07475411
286.14307154 8.39199402 2.07410610
287.14357179 8.36408742 2.08608069
288.14407204 8.35257453 2.08496728
289.14457229 8.33675505 2.08421298
290.14507254 8.32163041 2.08298516
291.14557279 8.30596759 2.08336696
292.14607304 8.28322542 2.09055485
293.14657329 8.26430797 2.09922686
294.14707354 8.24590924 2.09876393
295.14757379 8.22741773 2.09953403
296.14807404 8.20743750 2.09575873
297.14857429 8.19396265 2.09709396
298.14907454 8.18348066 2.09981090
299.14957479 8.16907523 2.10242840
300.15007504 8.16306349 2.10244323
301.15057529 8.15345674 2.10632126
302.15107554 8.13233667 2.10545458
303.15157579 8.12265672 2.10841910
304.15207604 8.10821793 2.10668157
305.15257629 8.09203690 2.10104979
306.15307654 8.07362157 2.10254888
307.15357679 8.05549806 2.10254903
308.15407704 8.03950775 2.10783365
309.15457729 8.03109946 2.10938711
310.15507754 8.01669852 2.11050381
311.15557779 7.99767921 2.11452387
312.15607804 7.98638175 2.11601631
313.15657829 7.97121081 2.11280029
314.15707854 7.95889297 2.11527059
315.15757879 7.94169036 2.10717520
316.15807904 7.92867785 2.11307516
317.15857929 7.91737370 2.11683077
318.15907954 7.90130261 2.11570534
319.15957979 7.88308491 2.11227280
320.16008004 7.86302524 2.10771631
321.16058029 7.85206912 2.10906548
322.16108054 7.83782471 2.11066426
323.16158079 7.82729768 2.10707014
324.16208104 7.80871181 2.10633839
325.16258129 7.78540051 2.11810636
326.16308154 7.77739697 2.12135644
327.16358179 7.75954668 2.12012687
328.16408204 7.74435057 2.12281264
329.16458229 7.72442578 2.11954359
330.16508254 7.71226949 2.11990045
331.16558279 7.69771466 2.12083907
332.16608304 7.67971214 2.12387435
333.16658329 7.67120374 2.12151873
334.16708354 7.65780736 2.13410403
335.16758379 7.64295544 2.14218287
336.16808404 7.62471364 2.14340843
337.16858429 7.61215386 2.13988931
338.16908454 7.60028705 2.14272863
339.16958479 7.58701319 2.14559908
340.17008504 7.57152822 2.14286312
341.17058529 7.55704235 2.14086936
342.17108554 7.54815512 2.14145503
343.17158579 7.54046560 2.14136844
344.17208604 7.52589688 2.14190031
345.17258629 7.51333251 2.14945216
346.17308654 7.49696664 2.15465975
347.17358679 7.48432161 2.15674750
348.17408704 7.47128958 2.15626754
349.17458729 7.45858872 2.15468797
350.17508754 7.45348921 2.15356469
351.17558779 7.43096757 2.15582170
352.17608804 7.42150611 2.15683881
353.17658829 7.40248525 2.15813349
354.17708854 7.38859870 2.16351367
355.17758879 7.36421680 2.17315523
356.17808904 7.34759484 2.16512611
357.17858929 7.33465930 2.17039558
358.17908954 7.32495357 2.17429035
359.17958979 7.31672840 2.17493184
360.18009005 7.30880233 2.17266324
361.18059030 7.29510600 2.17387527
362.18109055 7.28317348 2.17546280
363.18159080 7.27428455 2.17326264
364.18209105 7.24774847 2.18837897
365.18259130 7.23431462 2.19079867
366.18309155 7.22601525 2.18990063
367.18359180 7.21638904 2.18582344
368.18409205 7.20050159 2.18084952
369.18459230 7.17981497 2.18083615
370.18509255 7.16736368 2.18988463
371.18559280 7.14952346 2.19287716
372.18609305 7.13692681 2.19677407
373.18659330 7.12414585 2.19963291
374.18709355 7.11462819 2.20323080
375.18759380 7.09755362 2.20737369
376.18809405 7.08216075 2.20901466
377.18859430 7.07147102 2.20825135
378.18909455 7.06278795 2.20471245
379.18959480 7.04993851 2.20660247
380.19009505 7.03088445 2.20493344
381.19059530 7.01805292 2.20452218
382.19109555 6.99830515 2.20606186
383.19159580 6.99122357 2.20776236
384.19209605 6.97886103 2.20557030
385.19259630 6.96955391 2.20812506
386.19309655 6.95841816 2.20873602
387.19359680 6.95490230 2.21046866
388.19409705 6.94621185 2.20573173
389.19459730 6.93547614 2.20617673
390.19509755 6.92440989 2.20566190
391.19559780 6.90990638 2.20846629
392.19609805 6.89993343 2.20817342
393.19659830 6.88510571 2.20691066
394.19709855 6.87275135 2.20797861
395.19759880 6.86407334 2.21082540
396.19809905 6.85784929 2.21116955
397.19859930 6.84451744 2.21349559
398.19909955 6.83042124 2.21142681
399.19959980 6.82014577 2.20649355
400.20010005 6.81120021 2.20193800
401.20060030 6.78936972 2.19581698
402.20110055 6.77364689 2.19663237
403.20160080 6.76118516 2.20183567
404.20210105 6.74482253 2.20172029
405.20260130 6.73232458 2.20348261
406.20310155 6.72366741 2.20218847
407.20360180 6.71584843 2.20243181
408.20410205 6.70843672 2.20151158
409.20460230 6.68943433 2.19404236
410.20510255 6.67178489 2.19307007
411.20560280 6.65931357 2.19609753
412.20610305 6.65194321 2.20108976
413.20660330 6.63481241 2.19249773
414.20710355 6.61771034 2.19725226
415.20760380 6.60604101 2.19821542
416.20810405 6.59573717 2.19832312
417.20860430 6.58711593 2.19800072
418.20910455 6.56402371 2.18889434
419.20960480 6.55373635 2.19269341
420.21010505 6.53483500 2.19450306
421.21060530 6.52528801 2.19363691
422.21110555 6.50928655 2.19841481
423.21160580 6.49026766 2.20713907
424.21210605 6.47343965 2.20789084
425.21260630 6.46504585 2.20680529
426.21310655 6.44576591 2.21198987
427.21360680 6.43523369 2.20892136
428.21410705 6.42143195 2.20213285
429.21460730 6.40695479 2.20160536
430.21510755 6.39506422 2.20188617
431.21560780 6.38407485 2.20239698
432.21610805 6.37711085 2.20339745
433.21660830 6.36213256 2.20969305
434.21710855 6.34453818 2.21006885
435.21760880 6.33255954 2.20935425
436.21810905 6.31899974 2.20838779
437.21860930 6.30520546 2.20830950
438.21910955 6.29283919 2.20718023
439.21960980 6.28449850 2.21041726
440.22011006 6.27647873 2.20925584
441.22061031 6.26031895 2.20782236
442.22111056 6.24714152 2.21097530
443.22161081 6.23049645 2.20259149
444.22211106 6.20930725 2.20969846
445.22261131 6.19794953 2.21362810
446.22311156 6.18785567 2.21377113
447.22361181 6.17765152 2.21916434
448.22411206 6.16219579 2.22047548
449.22461231 6.15119526 2.22171045
450.22511256 6.14022343 2.22043164
451.22561281 6.12916309 2.22093657
452.22611306 6.11366117 2.22004441
453.22661331 6.10484712 2.22246804
454.22711356 6.09414990 2.22394573
455.22761381 6.08196821 2.22677299
456.22811406 6.06794323 2.22441042
457.22861431 6.05229763 2.22244059
458.22911456 6.04207904 2.22187077
459.22961481 6.02415020 2.22666718
460.23011506 6.01411530 2.22272096
461.23061531 6.00523953 2.22522083
462.23111556 5.99115044 2.22774307
463.23161581 5.97673869 2.22277645
464.23211606 5.96235867 2.22215650
465.23261631 5.94339007 2.21404868
466.23311656 5.93055367 2.21524073
467.23361681 5.91874583 2.21965978
468.23411706 5.91093477 2.22311153
469.23461731 5.90393955 2.22616103
470.23511756 5.89437390 2.22063098
471.23561781 5.88345360 2.21774035
472.23611806 5.87263112 2.22141271
473.23661831 5.85702450 2.22020766
474.23711856 5.84334816 2.21585507
475.23761881 5.83110547 2.21770614
476.23811906 5.81742571 2.21135289
477.23861931 5.79952223 2.21633494
478.23911956 5.78815534 2.21680333
479.23961981 5.77139120 2.21792199
480.24012006 5.75861254 2.22128635
481.24062031 5.74891126 2.21941132
482.24112056 5.73695825 2.22126773
483.24162081 5.72887163 2.22051487
484.24212106 5.72089548 2.21748034
485.24262131 5.71023575 2.21771639
486.24312156 5.69864618 2.21369759
487.24362181 5.68400904 2.21395809
488.24412206 5.66272191 2.20773197
489.24462231 5.64971947 2.20777971
490.24512256 5.63445030 2.20690656
491.24562281 5.62603084 2.20457347
492.24612306 5.61533812 2.20843030
493.24662331 5.59872563 2.20413824
494.24712356 5.58426507 2.20661905
495.24762381 5.57035959 2.19906067
496.24812406 5.55642946 2.19908759
497.24862431 5.54532382 2.19960864
498.24912456 5.53160709 2.20080971
499.24962481 5.51986150 2.19656178
500.25012506 5.50342392 2.19253168
501.25062531 5.49571201 2.19537034
502.25112556 5.48301164 2.18951153
503.25162581 5.46812747 2.19114960
504.25212606 5.45216431 2.19764894
505.25262631 5.43494500 2.20323540
506.25312656 5.42792544 2.20720303
507.25362681 5.41778177 2.20948976
508.25412706 5.40820110 2.21171728
509.25462731 5.40254410 2.21463187
510.25512756 5.38870178 2.21794521
511.25562781 5.37583909 2.21453445
512.25612806 5.36150702 2.20974856
513.25662831 5.34267153 2.21116694
514.25712856 5.33155781 2.21286185
515.25762881 5.31692237 2.21806265
516.25812906 5.30307863 2.21648067
517.25862931 5.29236654 2.21677716
518.25912956 5.28126405 2.22027524
519.25962981 5.26572481 2.22524654
520.26013007 5.25286653 2.22762624
521.26063032 5.24411457 2.22762150
522.26113057 5.23558758 2.22823865
523.26163082 5.22112041 2.22489233
524.26213107 5.20652462 2.22948609
525.26263132 5.19380093 2.23389633
526.26313157 5.18366745 2.23515742
527.26363182 5.17435209 2.23219803
528.26413207 5.16267111 2.23226229
529.26463232 5.15256742 2.23114753
530.26513257 5.13629843 2.23074978
531.26563282 5.12526643 2.22878419
532.26613307 5.11280794 2.22319640
533.26663332 5.10317817 2.22541021
534.26713357 5.09148410 2.22264232
535.26763382 5.08159847 2.22216711
536.26813407 5.06790299 2.22005938
537.26863432 5.05892731 2.21906900
538.26913457 5.04723643 2.22278716
539.26963482 5.04013336 2.22019174
540.27013507 5.02907232 2.21903030
541.27063532 5.01859738 2.21953290
542.27113557 5.00376369 2.21857491
543.27163582 4.98995468 2.20798355
544.27213607 4.97527162 2.21274527
545.27263632 4.96340120 2.21603629
546.27313657 4.95152228 2.20694572
547.27363682 4.94393347 2.20380002
548.27413707 4.93360697 2.20593374
549.27463732 4.92169872 2.20332422
550.27513757 4.91013278 2.20177288
551.27563782 4.89682712 2.19796986
552.27613807 4.88795098 2.19476349
553.27663832 4.87630790 2.19717031
554.27713857 4.86949353 2.19961762
555.27763882 4.86191719 2.20216662
556.27813907 4.85052341 2.20382015
557.27863932 4.83613170 2.20360334
558.27913957 4.82605132 2.20900233
559.27963982 4.80986286 2.20240175
560.28014007 4.79985002 2.20106911
561.28064032 4.79004941 2.20017768
562.28114057 4.78146848 2.19342486
563.28164082 4.77306681 2.19654938
564.28214107 4.75906291 2.19721670
565.28264132 4.74456094 2.19384157
566.28314157 4.73899211 2.19529541
567.28364182 4.72803270 2.19132075
568.28414207 4.71881515 2.19228369
569.28464232 4.70976530 2.19237325
570.28514257 4.69972073 2.19446889
571.28564282 4.68914088 2.19714013
572.28614307 4.67793950 2.19350962
573.28664332 4.67265497 2.19748013
574.28714357 4.66687937 2.20072121
575.28764382 4.65718051 2.19989944
576.28814407 4.64767571 2.20150368
577.28864432 4.63671799 2.19481925
578.28914457 4.62436101 2.19283099
579.28964482 4.61589590 2.19040719
580.29014507 4.60171504 2.18778226
581.29064532 4.59352881 2.19051405
582.29114557 4.58514700 2.19387396
583.29164582 4.57919456 2.19183996
584.29214607 4.56314031 2.19093547
585.29264632 4.55392564 2.19329853
586.29314657 4.54606364 2.19457627
587.29364682 4.53647319 2.19437577
588.29414707 4.52051775 2.19078183
589.29464732 4.50377806 2.18721192
590.29514757 4.49683500 2.18693052
591.29564782 4.48122784 2.18440111
592.29614807 4.46858949 2.18372786
593.29664832 4.45572599 2.18287784
594.29714857 4.43702474 2.18079986
595.29764882 4.42843284 2.17715196
596.29814907 4.41756251 2.17864758
597.29864932 4.40541140 2.18330836
598.29914957 4.39670953 2.18657896
599.29964982 4.38808990 2.18578211
600.30015008 4.37914025 2.18507415
601.30065033 4.36532039 2.18447913
602.30115058 4.35553882 2.18129009
603.30165083 4.34607971 2.17814476
604.30215108 4.33422789 2.17506319
605.30265133 4.32134648 2.17193224
606.30315158 4.31127311 2.17642915
607.30365183 4.30213447 2.17496130
608.30415208 4.28810189 2.17354312
609.30465233 4.27789399 2.17081370
610.30515258 4.26863610 2.17085615
611.30565283 4.25458236 2.17231103
612.30615308 4.24722908 2.17631427
613.30665333 4.23966876 2.17889087
614.30715358 4.22354187 2.17573948
615.30765383 4.21615664 2.17502192
616.30815408 4.20324205 2.17122274
617.30865433 4.18738883 2.16943210
618.30915458 4.17418698 2.16519787
619.30965483 4.16440845 2.16380444
620.31015508 4.14928696 2.15880605
621.31065533 4.13706135 2.16104905
622.31115558 4.12556522 2.16174996
623.31165583 4.11576793 2.16174576
624.31215608 4.10102188 2.16107462
625.31265633 4.08744753 2.15441752
626.31315658 4.07709335 2.15150651
627.31365683 4.06726056 2.15312357
628.31415708 4.05928447 2.15067256
629.31465733 4.04524118 2.15017844
630.31515758 4.03267362 2.14855546
631.31565783 4.02090351 2.14792212
632.31615808 4.00321287 2.14400155
633.31665833 3.99821138 2.14415662
634.31715858 3.98583591 2.14360768
635.31765883 3.97963777 2.14399018
636.31815908 3.97327982 2.14272256
637.31865933 3.96295922 2.14924044
638.31915958 3.95705661 2.14949334
639.31965983 3.94058537 2.14685658
640.32016008 3.93259486 2.14287419
641.32066033 3.92530416 2.14099042
642.32116058 3.91596558 2.14012677
643.32166083 3.90909631 2.13922518
644.32216108 3.89781539 2.14054850
645.32266133 3.88922742 2.13341643
646.32316158 3.87709967 2.13469142
647.32366183 3.86879139 2.13301496
648.32416208 3.86146928 2.13188922
649.32466233 3.84385868 2.12482320
650.32516258 3.82938039 2.12495991
651.32566283 3.82279889 2.12542240
652.32616308 3.81699931 2.12752374
653.32666333 3.80452570 2.12498395
654.32716358 3.79114546 2.12039638
655.32766383 3.78123055 2.12079116
656.32816408 3.77469694 2.11829109
657.32866433 3.76377760 2.11571581
658.32916458 3.75332045 2.11288227
659.32966483 3.74506438 2.11300485
660.33016508 3.73263873 2.11008836
661.33066533 3.72725423 2.11090168
662.33116558 3.72086596 2.11116721
663.33166583 3.71409573 2.11076851
664.33216608 3.70946759 2.11342154
665.33266633 3.70136235 2.11342917
666.33316658 3.68800141 2.11185416
667.33366683 3.68260443 2.11217496
668.33416708 3.67325581 2.11176085
669.33466733 3.66708032 2.10997550
670.33516758 3.65822598 2.10612397
671.33566783 3.64463804 2.10113653
672.33616808 3.63670129 2.10096030
673.33666833 3.62730858 2.09808824
674.33716858 3.61641180 2.09774743
675.33766883 3.60228929 2.09629116
676.33816908 3.59498347 2.09755778
677.33866933 3.58618176 2.09545300
678.33916958 3.57530955 2.09274707
679.33966983 3.56668388 2.08699909
680.34017009 3.55366666 2.08150662
681.34067034 3.54518002 2.08111536
682.34117059 3.53752424 2.07897448
683.34167084 3.52490139 2.08022966
684.34217109 3.51998805 2.08019061
685.34267134 3.50803508 2.08077789
686.34317159 3.49953867 2.08309506
687.34367184 3.48929430 2.08061131
688.34417209 3.48255081 2.08032768
689.34467234 3.47704223 2.07912620
690.34517259 3.46990084 2.08088859
691.34567284 3.46384802 2.08039765
692.34617309 3.45530597 2.07923402
693.34667334 3.44819605 2.07693506
694.34717359 3.43692767 2.07660202
695.34767384 3.42767020 2.07268726
696.34817409 3.41869153 2.07056520
697.34867434 3.40862850 2.07150353
698.34917459 3.39638202 2.07124983
699.34967484 3.38834540 2.07401825
700.35017509 3.37920145 2.06680013
701.35067534 3.37171681 2.06448867
702.35117559 3.36045036 2.06584324
703.35167584 3.35046162 2.06695683
704.35217609 3.33692022 2.06231322
705.35267634 3.32792724 2.06299682
706.35317659 3.32049197 2.06013519
707.35367684 3.31103349 2.05491422
708.35417709 3.30062094 2.05537844
709.35467734 3.29512023 2.05354248
710.35517759 3.28915317 2.05053649
711.35567784 3.28035415 2.04464046
712.35617809 3.26272943 2.03865457
713.35667834 3.25287711 2.04017072
714.35717859 3.24227024 2.03407877
715.35767884 3.23357914 2.02966246
716.35817909 3.22092253 2.02427179
717.35867934 3.20615879 2.01110046
718.35917959 3.19997199 2.00863041
719.35967984 3.19136895 2.00613333
720.36018009 3.18690898 2.00940866
721.36068034 3.17875302 2.00823445
722.36118059 3.17228916 2.00858563
723.36168084 3.16586397 2.00673175
724.36218109 3.15968057 2.00441465
725.36268134 3.15118462 2.00252276
726.36318159 3.14255526 2.00065437
727.36368184 3.13436748 1.99856383
728.36418209 3.12353863 1.99650144
729.36468234 3.11317823 1.99478432
730.36518259 3.10464718 1.99288011
731.36568284 3.10062708 1.99382671
732.36618309 3.09184202 1.99076282
733.36668334 3.08644547 1.99014764
734.36718359 3.07782205 1.98264824
735.36768384 3.06859451 1.97579627
736.36818409 3.06287529 1.97465415
737.36868434 3.05230503 1.97494923
738.36918459 3.04436295 1.97608251
739.36968484 3.03800237 1.97568897
740.37018509 3.03316592 1.97523143
741.37068534 3.02489242 1.97316838
742.37118559 3.02134754 1.97672460
743.37168584 3.01282191 1.97378601
744.37218609 3.00457544 1.96674120
745.37268634 2.99395276 1.95819311
746.37318659 2.98723232 1.95409115
747.37368684 2.97793431 1.95352413
748.37418709 2.97203813 1.95377016
749.37468734 2.96207824 1.95426826
750.37518759 2.95039314 1.95152993
751.37568784 2.94188202 1.95102011
752.37618809 2.93295460 1.95019738
753.37668834 2.92609728 1.95201327
754.37718859 2.91661207 1.94915568
755.37768884 2.90766552 1.94486100
756.37818909 2.90079020 1.94249770
757.37868934 2.89399554 1.94056912
758.37918959 2.88338575 1.93620318
759.37968984 2.87574204 1.93451796
760.38019010 2.86806604 1.93290107
761.38069035 2.85884136 1.92923141
762.38119060 2.85015815 1.92681314
763.38169085 2.84742689 1.92937445
764.38219110 2.83803331 1.92737377
765.38269135 2.83119349 1.92243973
766.38319160 2.82176490 1.91697252
767.38369185 2.81684414 1.91548049
768.38419210 2.80979725 1.91603788
769.38469235 2.80149113 1.91514574
770.38519260 2.79183105 1.91348174
771.38569285 2.78347121 1.91200447
772.38619310 2.77674658 1.91046348
773.38669335 2.77027288 1.90713876
774.38719360 2.76177508 1.90394773
775.38769385 2.75663276 1.90261388
776.38819410 2.74578113 1.89916846
777.38869435 2.73993200 1.89906794
778.38919460 2.73315963 1.89797012
779.38969485 2.72515847 1.89540633
780.39019510 2.71592472 1.88833039
781.39069535 2.70972982 1.88875047
782.39119560 2.70118630 1.88641613
783.39169585 2.69218346 1.88244494
784.39219610 2.68220138 1.87963962
785.39269635 2.67539723 1.88037305
786.39319660 2.67164374 1.88238441
787.39369685 2.66680812 1.88326773
788.39419710 2.66372138 1.88411753
789.39469735 2.65742421 1.88402137
790.39519760 2.64817525 1.88180084
791.39569785 2.64384176 1.88259653
792.39619810 2.63679061 1.88443470
793.39669835 2.62907192 1.87991746
794.39719860 2.62176292 1.87549316
795.39769885 2.61308448 1.87026086
796.39819910 2.60800767 1.87056139
797.39869935 2.59230455 1.86924269
798.39919960 2.58522140 1.86309798
799.39969985 2.58008883 1.86534407
800.40020010 2.57269399 1.86248437
801.40070035 2.56176101 1.85886119
802.40120060 2.55525627 1.85916430
803.40170085 2.54809945 1.85522988
804.40220110 2.54089347 1.85470822
805.40270135 2.53474898 1.85592553
806.40320160 2.52826504 1.85311956
807.40370185 2.52162181 1.84795543
808.40420210 2.50892548 1.83417495
809.40470235 2.49955247 1.83467386
810.40520260 2.49271762 1.83478932
811.40570285 2.48567309 1.83295531
812.40620310 2.47400255 1.82362164
813.40670335 2.46808452 1.82185631
814.40720360 2.46253462 1.81505190
815.40770385 2.45657480 1.81019692
816.40820410 2.44734961 1.80694491
817.40870435 2.44302588 1.80491871
818.40920460 2.43802593 1.80142180
819.40970485 2.43132820 1.79703460
820.41020510 2.42459241 1.78932329
821.41070535 2.41978614 1.78991214
822.41120560 2.41474121 1.79127940
823.41170585 2.40956719 1.79043117
824.41220610 2.40390944 1.78930738
825.41270635 2.39807267 1.78804361
826.41320660 2.39163337 1.78691719
827.41370685 2.38400466 1.78286961
828.41420710 2.37685435 1.78155925
829.41470735 2.36967776 1.78150970
830.41520760 2.36064322 1.78220635
831.41570785 2.35447954 1.77827773
832.41620810 2.34737685 1.77822234
833.41670835 2.34035001 1.77505834
834.41720860 2.33509025 1.77337416
835.41770885 2.32528405 1.76609269
836.41820910 2.31279757 1.76010880
837.41870935 2.30584422 1.75768774
838.41920960 2.29987380 1.75565971
839.41970985 2.29321580 1.75395700
840.42021011 2.28864576 1.75255016
841.42071036 2.27850250 1.74782624
842.42121061 2.27140381 1.74440071
843.42171086 2.26175338 1.74184547
844.42221111 2.25593151 1.74233645
845.42271136 2.25023635 1.74501303
846.42321161 2.24459436 1.74317126
847.42371186 2.23638112 1.74001803
848.42421211 2.22489222 1.73429915
849.42471236 2.21346487 1.73126338
850.42521261 2.20512806 1.72827310
851.42571286 2.19810810 1.72290250
852.42621311 2.19029106 1.71936764
853.42671336 2.18465235 1.71375404
854.42721361 2.17879937 1.71110496
855.42771386 2.17280863 1.70842703
856.42821411 2.16559140 1.70745571
857.42871436 2.16427296 1.71020907
858.42921461 2.15903078 1.71195757
859.42971486 2.15398920 1.71020347
860.43021511 2.14520519 1.70702135
861.43071536 2.14092397 1.70692635
862.43121561 2.13174648 1.70612526
863.43171586 2.12388863 1.70581215
864.43221611 2.11672614 1.70382131
865.43271636 2.10533042 1.69934125
866.43321661 2.10090232 1.69693094
867.43371686 2.09420737 1.69569336
868.43421711 2.08850410 1.69469745
869.43471736 2.08178380 1.69411751
870.43521761 2.07446194 1.69089766
871.43571786 2.06632093 1.68485262
872.43621811 2.05973740 1.68284194
873.43671836 2.04891756 1.67877062
874.43721861 2.04158453 1.67180775
875.43771886 2.03528325 1.66977479
876.43821911 2.02569779 1.66560572
877.43871936 2.02250107 1.66791045
878.43921961 2.01288056 1.66007864
879.43971986 2.00744062 1.65752675
880.44022011 2.00271130 1.65834495
881.44072036 1.99627519 1.65460212
882.44122061 1.99058157 1.65422946
883.44172086 1.98364866 1.65485482
884.44222111 1.97503723 1.65025257
885.44272136 1.97119835 1.64851442
886.44322161 1.96601098 1.64454450
887.44372186 1.95837169 1.64353325
888.44422211 1.95354628 1.64198001
889.44472236 1.94855773 1.63779505
890.44522261 1.94416846 1.63628138
891.44572286 1.93997209 1.63525410
892.44622311 1.93447530 1.62901885
893.44672336 1.92681916 1.62449677
894.44722361 1.92041465 1.62279831
895.44772386 1.91301795 1.61918146
896.44822411 1.90805919 1.61544998
897.44872436 1.90382328 1.61158744
898.44922461 1.89385712 1.60830930
899.44972486 1.88767482 1.60740243
900.45022511 1.88309036 1.60720839
901.45072536 1.87789787 1.60397011
902.45122561 1.87155667 1.59977664
903.45172586 1.86484733 1.59667945
904.45222611 1.85789754 1.59338290
905.45272636 1.85291985 1.59135930
906.45322661 1.84847629 1.59112266
907.45372686 1.84253909 1.59033410
908.45422711 1.83632556 1.58575867
909.45472736 1.83054791 1.58617871
910.45522761 1.82602266 1.57914138
911.45572786 1.82127653 1.57573906
912.45622811 1.81310820 1.57076616
913.45672836 1.80498647 1.56575386
914.45722861 1.79857368 1.56247429
915.45772886 1.78975176 1.55870184
916.45822911 1.78215627 1.55435679
917.45872936 1.77636527 1.55185214
918.45922961 1.76734480 1.54413352
919.45972986 1.75678700 1.54016041
920.46023012 1.75089087 1.53641247
921.46073037 1.74491261 1.53397156
922.46123062 1.73614754 1.52962121
923.46173087 1.73271294 1.52728654
924.46223112 1.72838424 1.52636631
925.46273137 1.72344539 1.52577552
926.46323162 1.72004521 1.52506922
927.46373187 1.71575717 1.52218272
928.46423212 1.71272073 1.52208562
929.46473237 1.70878367 1.52162286
930.46523262 1.70185741 1.51981591
931.46573287 1.69498736 1.51562400
932.46623312 1.68953372 1.51518200
933.46673337 1.68543595 1.51580395
934.46723362 1.68295450 1.51614324
935.46773387 1.67517338 1.50695040
936.46823412 1.66788734 1.49984921
937.46873437 1.66378406 1.49820553
938.46923462 1.65896394 1.49614970
939.46973487 1.65321030 1.49304788
940.47023512 1.64546417 1.48748928
941.47073537 1.63282320 1.47900530
942.47123562 1.62632057 1.47693243
943.47173587 1.62252532 1.47638063
944.47223612 1.61609424 1.46965357
945.47273637 1.61025663 1.46850873
946.47323662 1.60549131 1.46825868
947.47373687 1.60208539 1.46877758
948.47423712 1.59836052 1.46642572
949.47473737 1.59138749 1.46050397
950.47523762 1.58774152 1.46034916
951.47573787 1.58443917 1.45698450
952.47623812 1.57951052 1.45424821
953.47673837 1.57157660 1.45009175
954.47723862 1.56538134 1.44807215
955.47773887 1.56032842 1.44869795
956.47823912 1.55730638 1.44746611
957.47873937 1.55020617 1.44509563
958.47923962 1.54682238 1.44523330
959.47973987 1.54247401 1.44466737
960.48024012 1.53579303 1.44124201
961.48074037 1.53148606 1.43841884
962.48124062 1.52640290 1.43693713
963.48174087 1.52207527 1.43565799
964.48224112 1.51519241 1.43159191
965.48274137 1.50771867 1.42916399
966.48324162 1.50320111 1.42844024
967.48374187 1.50063121 1.42984305
968.48424212 1.49701150 1.42611459
969.48474237 1.49342640 1.42655442
970.48524262 1.48970708 1.42522602
971.48574287 1.48599685 1.42637399
972.48624312 1.48104595 1.42484344
973.48674337 1.47750231 1.42467951
974.48724362 1.47364169 1.42274151
975.48774387 1.47228957 1.42241532
976.48824412 1.46645173 1.41707732
977.48874437 1.46259622 1.41617759
978.48924462 1.45771519 1.41282458
979.48974487 1.45337668 1.41113813
980.49024512 1.45030519 1.40870191
981.49074537 1.44327121 1.40319776
982.49124562 1.43935245 1.40245852
983.49174587 1.43303371 1.39796630
984.49224612 1.42733784 1.39565915
985.49274637 1.42367854 1.39318269
986.49324662 1.42077889 1.39096426
987.49374687 1.41856236 1.38754140
988.49424712 1.41353121 1.38635965
989.49474737 1.41038679 1.38427558
990.49524762 1.40483497 1.38072462
991.49574787 1.39960751 1.37967956
992.49624812 1.39685328 1.37874966
993.49674837 1.39367040 1.37814906
994.49724862 1.39102310 1.37790962
995.49774887 1.38609167 1.37472431
996.49824912 1.38386643 1.37464568
997.49874937 1.37990883 1.37269146
998.49924962 1.37537545 1.37265105
999.49974987 1.36664100 1.36558942
1000.50025013 1.36206801 1.36047189
1001.50075038 1.35811939 1.35901108
1002.50125063 1.35553314 1.35542881
1003.50175088 1.35156950 1.35117664
1004.50225113 1.34702072 1.34940657
1005.50275138 1.34301707 1.34789025
1006.50325163 1.34025373 1.34735767
1007.50375188 1.33741950 1.34632277
1008.50425213 1.33160100 1.33885326
1009.50475238 1.32511612 1.33335403
1010.50525263 1.32073506 1.33163444
1011.50575288 1.31480571 1.32622653
1012.50625313 1.30915273 1.32376274
1013.50675338 1.30410666 1.32094766
1014.50725363 1.30105295 1.31948686
1015.50775388 1.29606987 1.31808243
1016.50825413 1.29268225 1.31677644
1017.50875438 1.28906327 1.31494054
1018.50925463 1.28120624 1.30732218
1019.50975488 1.27644572 1.30410079
1020.51025513 1.27416146 1.30228395
1021.51075538 1.27027683 1.29988919
1022.51125563 1.26661455 1.29589125
1023.51175588 1.26163684 1.29415141
1024.51225613 1.25561679 1.29097405
1025.51275638 1.25207606 1.29090614
1026.51325663 1.24961624 1.29077905
1027.51375688 1.24600899 1.29024211
1028.51425713 1.24133516 1.28895112
1029.51475738 1.23340073 1.27808922
1030.51525763 1.22603552 1.27381361
1031.51575788 1.22252339 1.27355672
1032.51625813 1.21897898 1.27208783
1033.51675838 1.21552826 1.27192090
1034.51725863 1.21237828 1.26979797
1035.51775888 1.20761606 1.26551941
1036.51825913 1.20458042 1.26286173
1037.51875938 1.20230755 1.26155933
1038.51925963 1.19604970 1.25812372
1039.51975988 1.19262289 1.25536877
1040.52026013 1.18793905 1.25346942
1041.52076038 1.18559942 1.25190233
1042.52126063 1.18067445 1.25089312
1043.52176088 1.17635568 1.24940881
1044.52226113 1.17269072 1.24665742
1045.52276138 1.16886919 1.24369197
1046.52326163 1.16315366 1.23328681
1047.52376188 1.15786699 1.23047759
1048.52426213 1.15369661 1.22884872
1049.52476238 1.14843952 1.22759804
1050.52526263 1.14240264 1.22156240
1051.52576288 1.13967435 1.22018094
1052.52626313 1.13617444 1.21858918
1053.52676338 1.13524634 1.21985191
1054.52726363 1.13004545 1.21727765
1055.52776388 1.12697028 1.21572850
1056.52826413 1.12270929 1.21395678
1057.52876438 1.11787759 1.21098117
1058.52926463 1.11375432 1.20969950
1059.52976488 1.10994483 1.20669455
1060.53026513 1.10671680 1.20454411
1061.53076538 1.10445625 1.20294528
1062.53126563 1.10117256 1.19740470
1063.53176588 1.09754019 1.19316189
1064.53226613 1.09483336 1.19217207
1065.53276638 1.08998612 1.19024319
1066.53326663 1.08756264 1.19043530
1067.53376688 1.08162379 1.18148855
1068.53426713 1.07853434 1.17846267
1069.53476738 1.07512995 1.17507261
1070.53526763 1.07157529 1.17221893
1071.53576788 1.06896386 1.17094136
1072.53626813 1.06591067 1.16893938
1073.53676838 1.06416209 1.16890076
1074.53726863 1.06141698 1.16750379
1075.53776888 1.05867032 1.16763896
1076.53826913 1.05321136 1.16572006
1077.53876938 1.04980140 1.16424473
1078.53926963 1.04768445 1.16221340
1079.53976988 1.04560237 1.16155227
1080.54027014 1.04735729 1.15984083
1081.54077039 1.04417542 1.15814287
1082.54127064 1.03986974 1.15286244
1083.54177089 1.03723585 1.15000281
1084.54227114 1.03501675 1.14968547
1085.54277139 1.02928422 1.14618450
1086.54327164 1.02416257 1.14439081
1087.54377189 1.01873415 1.12974212
1088.54427214 1.01718130 1.12957646
1089.54477239 1.01343651 1.12879941
1090.54527264 1.01226228 1.12962467
1091.54577289 1.00931786 1.12894464
1092.54627314 1.00601553 1.12792725
1093.54677339 1.00350802 1.12667786
1094.54727364 0.99984213 1.12536147
1095.54777389 0.99802261 1.12466087
1096.54827414 0.99337137 1.12414692
1097.54877439 0.99091189 1.12277372
1098.54927464 0.98874942 1.12175605
1099.54977489 0.98673019 1.12077114
1100.55027514 0.98312561 1.11967407
1101.55077539 0.98130435 1.11847725
1102.55127564 0.97837476 1.11732036
1103.55177589 0.97643932 1.11623982
1104.55227614 0.97183623 1.11439299
1105.55277639 0.96671995 1.11377819
1106.55327664 0.96309098 1.11288748
1107.55377689 0.96094117 1.11153978
1108.55427714 0.95872885 1.11076473
1109.55477739 0.95434582 1.10484298
1110.55527764 0.95227599 1.10315090
1111.55577789 0.95035505 1.10220457
1112.55627814 0.94507456 1.09767472
1113.55677839 0.94254356 1.09667478
1114.55727864 0.93986002 1.09594641
1115.55777889 0.93785608 1.09430528
1116.55827914 0.93442740 1.09254589
1117.55877939 0.93338214 1.08988423
1118.55927964 0.93061979 1.08620747
1119.55977989 0.92747483 1.08124767
1120.56028014 0.92483358 1.08063794
1121.56078039 0.92342289 1.08028815
1122.56128064 0.91945474 1.08016319
1123.56178089 0.91568692 1.07657667
1124.56228114 0.91406941 1.07800990
1125.56278139 0.91163125 1.07733608
1126.56328164 0.90966658 1.07652346
1127.56378189 0.90798675 1.07197647
1128.56428214 0.90508230 1.06976718
1129.56478239 0.90191324 1.06739200
1130.56528264 0.90012945 1.06685687
1131.56578289 0.89841644 1.06574829
1132.56628314 0.89610851 1.06060052
1133.56678339 0.89412232 1.05964138
1134.56728364 0.88950129 1.05600527
1135.56778389 0.88752445 1.05519886
1136.56828414 0.88499631 1.05128556
1137.56878439 0.88249644 1.04887577
1138.56928464 0.87903280 1.04480088
1139.56978489 0.87669979 1.04413103
1140.57028514 0.87354352 1.04234406
1141.57078539 0.86933940 1.04158130
1142.57128564 0.86546580 1.03473696
1143.57178589 0.86275348 1.03381475
1144.57228614 0.86027181 1.03275862
1145.57278639 0.85866477 1.03204330
1146.57328664 0.85657514 1.03179156
1147.57378689 0.85419335 1.03076229
1148.57428714 0.85098895 1.02895409
1149.57478739 0.84917131 1.02811476
1150.57528764 0.84704044 1.02774686
1151.57578789 0.84493784 1.02697168
1152.57628814 0.84267848 1.02579363
1153.57678839 0.83955121 1.02169862
1154.57728864 0.83702600 1.01955065
1155.57778889 0.83507427 1.01844485
1156.57828914 0.83289927 1.01699318
1157.57878939 0.83090791 1.01544600
1158.57928964 0.82602019 1.01115209
1159.57978989 0.82377605 1.01068941
1160.58029015 0.82136842 1.00896977
1161.58079040 0.81924373 1.00807125
1162.58129065 0.81744142 1.00500369
1163.58179090 0.81520039 1.00395491
1164.58229115 0.81245945 1.00159207
1165.58279140 0.80811734 0.99528735
1166.58329165 0.80645749 0.99463475
1167.58379190 0.80356762 0.99101939
1168.58429215 0.80196847 0.99019080
1169.58479240 0.79972439 0.98802488
1170.58529265 0.79730846 0.98739219
1171.58579290 0.79538564 0.98591447
1172.58629315 0.79341352 0.98464227
1173.58679340 0.79080969 0.98238645
1174.58729365 0.78927814 0.98295940
1175.58779390 0.78610216 0.98089299
1176.58829415 0.78386567 0.97915070
1177.58879440 0.78123479 0.97583969
1178.58929465 0.77919958 0.97464970
1179.58979490 0.77692839 0.97365668
1180.59029515 0.77286211 0.97077207
1181.59079540 0.77027270 0.96838865
1182.59129565 0.76763648 0.96670749
1183.59179590 0.76623542 0.96680853
1184.59229615 0.76386047 0.96606276
1185.59279640 0.76185898 0.96545693
1186.59329665 0.75985947 0.96476313
1187.59379690 0.75756686 0.96415181
1188.59429715 0.75566629 0.96326161
1189.59479740 0.75223176 0.95876719
1190.59529765 0.74977486 0.95774047
1191.59579790 0.74569761 0.95300985
1192.59629815 0.74464258 0.95221657
1193.59679840 0.73934698 0.94736987
1194.59729865 0.73927143 0.94538066
1195.59779890 0.73723202 0.94329053
1196.59829915 0.73459186 0.94091475
1197.59879940 0.73224677 0.93815023
1198.59929965 0.73054288 0.93644074
1199.59979990 0.72691840 0.92803894
1200.60030015 0.72333961 0.92420325
1201.60080040 0.72057621 0.92002509
1202.60130065 0.71769725 0.91594424
1203.60180090 0.71534026 0.91243043
1204.60230115 0.71144856 0.90684235
1205.60280140 0.70959238 0.90524608
1206.60330165 0.70536530 0.89596202
1207.60380190 0.70144615 0.89293553
1208.60430215 0.69757864 0.88696123
1209.60480240 0.69387504 0.88377150
1210.60530265 0.69128422 0.88220091
1211.60580290 0.68691511 0.87940672
1212.60630315 0.68368822 0.87264228
1213.60680340 0.68026226 0.86812441
1214.60730365 0.67799546 0.86581289
1215.60780390 0.67526987 0.86257810
1216.60830415 0.67335796 0.85991118
1217.60880440 0.67153539 0.85889201
1218.60930465 0.67004289 0.85756568
1219.60980490 0.66778665 0.85453621
1220.61030515 0.66595761 0.85356379
1221.61080540 0.66332108 0.85023616
1222.61130565 0.66057198 0.84851541
1223.61180590 0.65673719 0.84590209
1224.61230615 0.65504484 0.84453466
1225.61280640 0.65395925 0.84394918
1226.61330665 0.65073914 0.84012841
1227.61380690 0.64906918 0.83888901
1228.61430715 0.64517869 0.83299474
1229.61480740 0.64338397 0.83137093
1230.61530765 0.64154483 0.83111685
1231.61580790 0.63961823 0.82995585
1232.61630815 0.63635502 0.82275891
1233.61680840 0.63385417 0.82067385
1234.61730865 0.63099518 0.81798466
1235.61780890 0.63055685 0.81705569
1236.61830915 0.62933647 0.81664929
1237.61880940 0.62747141 0.81333663
1238.61930965 0.62277763 0.81041504
1239.61980990 0.62085345 0.80992434
1240.62031016 0.61786889 0.80734265
1241.62081041 0.61632482 0.80729489
1242.62131066 0.61438227 0.80380404
1243.62181091 0.61289994 0.80261270
1244.62231116 0.61067033 0.80113339
1245.62281141 0.60820835 0.79951029
1246.62331166 0.60687405 0.79825421
1247.62381191 0.60521094 0.79681130
1248.62431216 0.60249234 0.79421235
1249.62481241 0.59760274 0.78591350
1250.62531266 0.59589312 0.78417861
1251.62581291 0.59338790 0.78175578
1252.62631316 0.59155614 0.78040996
1253.62681341 0.59023044 0.77919516
1254.62731366 0.58840549 0.77787463
1255.62781391 0.58587545 0.77220583
1256.62831416 0.58477453 0.77281115
1257.62881441 0.58267272 0.77078899
1258.62931466 0.58135865 0.77054183
1259.62981491 0.58084748 0.76888202
1260.63031516 0.57917364 0.76722353
1261.63081541 0.57588187 0.76477640
1262.63131566 0.57456500 0.76285362
1263.63181591 0.57297546 0.76285021
1264.63231616 0.57070967 0.76230375
1265.63281641 0.56943936 0.76241544
1266.63331666 0.56752538 0.76078918
1267.63381691 0.56709177 0.76020589
1268.63431716 0.56579984 0.75980085
1269.63481741 0.56435530 0.75909075
1270.63531766 0.56149416 0.75579737
1271.63581791 0.56051965 0.75523769
1272.63631816 0.55746550 0.75199687
1273.63681841 0.55623313 0.75106251
1274.63731866 0.55373962 0.74643881
1275.63781891 0.55243867 0.74571902
1276.63831916 0.55134563 0.74571393
1277.63881941 0.54986219 0.74528867
1278.63931966 0.54829869 0.74476655
1279.63981991 0.54628849 0.74367458
1280.64032016 0.54403305 0.74132069
1281.64082041 0.54291108 0.74051030
1282.64132066 0.54024377 0.73964118
1283.64182091 0.53905519 0.73849287
1284.64232116 0.53679714 0.73474954
1285.64282141 0.53511411 0.73294409
1286.64332166 0.53347935 0.73163431
1287.64382191 0.53135430 0.72972572
1288.64432216 0.53010549 0.72857075
1289.64482241 0.52767799 0.72150335
1290.64532266 0.52635539 0.72072194
1291.64582291 0.52395690 0.71653859
1292.64632316 0.52216470 0.71519219
1293.64682341 0.52032310 0.71389819
1294.64732366 0.51897741 0.71314251
1295.64782391 0.51719838 0.71248069
1296.64832416 0.51543729 0.71158724
1297.64882441 0.51311691 0.70877343
1298.64932466 0.51005707 0.70640370
1299.64982491 0.50725478 0.70376723
1300.65032516 0.50401353 0.69910468
1301.65082541 0.50166719 0.69768783
1302.65132566 0.50018281 0.69703325
1303.65182591 0.49759584 0.69601959
1304.65232616 0.49560710 0.69494232
1305.65282641 0.49429387 0.69444620
1306.65332666 0.49313027 0.69392078
1307.65382691 0.49024579 0.69165363
1308.65432716 0.48832361 0.69020252
1309.65482741 0.48600583 0.68735454
1310.65532766 0.48375067 0.68158367
1311.65582791 0.48254352 0.68101342
1312.65632816 0.48119094 0.68049353
1313.65682841 0.48007391 0.68091131
1314.65732866 0.47658565 0.67244024
1315.65782891 0.47401814 0.67001704
1316.65832916 0.47174767 0.66805286
1317.65882941 0.47040260 0.66734443
1318.65932966 0.46874808 0.66691793
1319.65982991 0.46542810 0.66325167
1320.66033017 0.46603545 0.66297197
1321.66083042 0.46446402 0.66016600
1322.66133067 0.46439115 0.66132331
1323.66183092 0.46095958 0.65729717
1324.66233117 0.45848570 0.65296517
1325.66283142 0.45826470 0.65222510
1326.66333167 0.45705799 0.65147535
1327.66383192 0.45599694 0.65073289
1328.66433217 0.45568473 0.65008783
1329.66483242 0.45397986 0.64775915
1330.66533267 0.45261721 0.64682167
1331.66583292 0.45133804 0.64630244
1332.66633317 0.44982439 0.64420378
1333.66683342 0.44958068 0.64432067
1334.66733367 0.44835169 0.64335468
1335.66783392 0.44610659 0.64028426
1336.66833417 0.44499687 0.63945262
1337.66883442 0.44407262 0.63893882
1338.66933467 0.44304199 0.63804267
1339.66983492 0.44118507 0.63449352
1340.67033517 0.44020475 0.63354909
1341.67083542 0.43722670 0.62918318
1342.67133567 0.43599182 0.62796920
1343.67183592 0.43448084 0.62666408
1344.67233617 0.43607124 0.62681987
1345.67283642 0.43542324 0.62692933
1346.67333667 0.43450554 0.62652602
1347.67383692 0.43348562 0.62612679
1348.67433717 0.43201321 0.62475936
1349.67483742 0.43104687 0.62437968
1350.67533767 0.42972926 0.62393324
1351.67583792 0.42863518 0.62357853
1352.67633817 0.42646865 0.62091616
1353.67683842 0.42405810 0.61883573
1354.67733867 0.42336238 0.61911030
1355.67783892 0.42287198 0.61920376
1356.67833917 0.42154743 0.61799514
1357.67883942 0.42035265 0.61668730
1358.67933967 0.41911573 0.61569671
1359.67983992 0.41714466 0.61286389
1360.68034017 0.41621142 0.61228927
1361.68084042 0.41513986 0.61149740
1362.68134067 0.41439143 0.61103274
1363.68184092 0.41321248 0.61038375
1364.68234117 0.41133270 0.60922071
1365.68284142 0.40876185 0.60747455
1366.68334167 0.40586079 0.60506678
1367.68384192 0.40448018 0.60488978
1368.68434217 0.40262142 0.60331490
1369.68484242 0.40183179 0.60461688
1370.68534267 0.40069328 0.60401419
1371.68584292 0.40004812 0.60480063
1372.68634317 0.39850109 0.60360712
1373.68684342 0.39607228 0.60259340
1374.68734367 0.39456809 0.60123795
1375.68784392 0.39322921 0.59932528
1376.68834417 0.39110942 0.59566336
1377.68884442 0.39007047 0.59498742
1378.68934467 0.38886868 0.59472845
1379.68984492 0.38772710 0.59364149
1380.69034517 0.38590074 0.59130641
1381.69084542 0.38506662 0.59058663
1382.69134567 0.38365509 0.58992645
1383.69184592 0.38150897 0.58726557
1384.69234617 0.38038070 0.58643538
1385.69284642 0.37944293 0.58607406
1386.69334667 0.37829260 0.58545030
1387.69384692 0.37749540 0.58476920
1388.69434717 0.37676321 0.58415672
1389.69484742 0.37603056 0.58357382
1390.69534767 0.37538419 0.58360049
1391.69584792 0.37349668 0.57861291
1392.69634817 0.37256303 0.57582148
1393.69684842 0.37210806 0.57603333
1394.69734867 0.37126561 0.57583498
1395.69784892 0.37053632 0.57525519
1396.69834917 0.36941847 0.57428514
1397.69884942 0.36852108 0.57344891
1398.69934967 0.36758035 0.57262050
1399.69984992 0.36549118 0.56913089
1400.70035018 0.36363913 0.56790173
1401.70085043 0.36232947 0.56723032
1402.70135068 0.36165802 0.56711077
1403.70185093 0.36071309 0.56623432
1404.70235118 0.35955141 0.56450147
1405.70285143 0.35795310 0.56057724
1406.70335168 0.35718117 0.56065563
1407.70385193 0.35651107 0.56055038
1408.70435218 0.35494885 0.55695583
1409.70485243 0.35433539 0.55652322
1410.70535268 0.35242110 0.55458839
1411.70585293 0.35058713 0.55279053
1412.70635318 0.34965502 0.55188392
1413.70685343 0.34690956 0.55008589
1414.70735368 0.34602935 0.54927151
1415.70785393 0.34568890 0.54939908
1416.70835418 0.34458613 0.54853031
1417.70885443 0.34308987 0.54639112
1418.70935468 0.34188373 0.54622533
1419.70985493 0.34019468 0.54461729
1420.71035518 0.33945833 0.54559386
1421.71085543 0.33894800 0.54512702
1422.71135568 0.33811783 0.54495607
1423.71185593 0.33691780 0.54374006
1424.71235618 0.33569596 0.54268633
1425.71285643 0.33433160 0.54143585
1426.71335668 0.33382099 0.54173604
1427.71385693 0.33253309 0.54099035
1428.71435718 0.33152997 0.54070656
1429.71485743 0.33246030 0.54276087
1430.71535768 0.33146959 0.54205014
1431.71585793 0.32992423 0.54032607
1432.71635818 0.32884131 0.53952743
1433.71685843 0.32712350 0.53843356
1434.71735868 0.32594019 0.53740133
1435.71785893 0.32488592 0.53708024
1436.71835918 0.32359396 0.53437403
1437.71885943 0.32250526 0.53348907
1438.71935968 0.32161385 0.53235661
1439.71985993 0.32144947 0.53170470
1440.72036018 0.31977467 0.52945116
1441.72086043 0.31888399 0.52867071
1442.72136068 0.31695336 0.52361575
1443.72186093 0.31633443 0.52233550
1444.72236118 0.31568171 0.52163430
1445.72286143 0.31420426 0.52056942
1446.72336168 0.31364963 0.52014754
1447.72386193 0.31283535 0.51927383
1448.72436218 0.31171642 0.51774575
1449.72486243 0.31051245 0.51634765
1450.72536268 0.30864902 0.51294560
1451.72586293 0.30790124 0.51207811
1452.72636318 0.30706072 0.51161987
1453.72686343 0.30572357 0.51109363
1454.72736368 0.30491615 0.51052910
1455.72786393 0.30407034 0.51000215
1456.72836418 0.30345114 0.50984315
1457.72886443 0.30188282 0.50660550
1458.72936468 0.30098347 0.50592841
1459.72986493 0.30025603 0.50509476
1460.73036518 0.29896115 0.50427196
1461.73086543 0.29829224 0.50359898
1462.73136568 0.29763549 0.50259473
1463.73186593 0.29631879 0.50208941
1464.73236618 0.29552466 0.50155815
1465.73286643 0.29462771 0.50075644
1466.73336668 0.29371013 0.49992880
1467.73386693 0.29266493 0.49872082
1468.73436718 0.29173980 0.49787624
1469.73486743 0.29095008 0.49708217
1470.73536768 0.29009832 0.49656330
1471.73586793 0.28732620 0.48891898
1472.73636818 0.28564079 0.48676918
1473.73686843 0.28403161 0.48486985
1474.73736868 0.28326660 0.48432338
1475.73786893 0.28235080 0.48269488
1476.73836918 0.28081680 0.48067580
1477.73886943 0.28045299 0.47910363
1478.73936968 0.28003085 0.47843938
1479.73986993 0.27911155 0.47734998
1480.74037019 0.27776869 0.47623447
1481.74087044 0.27699115 0.47595546
1482.74137069 0.27563316 0.47481942
1483.74187094 0.27344786 0.47188170
1484.74237119 0.27285577 0.47098101
1485.74287144 0.27181997 0.46994230
1486.74337169 0.27092678 0.46893013
1487.74387194 0.26988360 0.46801872
1488.74437219 0.26792889 0.46512653
1489.74487244 0.26683392 0.46375640
1490.74537269 0.26618368 0.46303342
1491.74587294 0.26547391 0.46234566
1492.74637319 0.26386094 0.46108704
1493.74687344 0.26306848 0.46011529
1494.74737369 0.26126226 0.45226620
1495.74787394 0.26040527 0.45171577
1496.74837419 0.25962584 0.45110901
1497.74887444 0.25860490 0.44986263
1498.74937469 0.25677443 0.44718633
1499.74987494 0.25605564 0.44650958
1500.75037519 0.25541497 0.44545813
1501.75087544 0.25417928 0.44403257
1502.75137569 0.25327042 0.44334491
1503.75187594 0.25275154 0.44304581
1504.75237619 0.25189590 0.44243735
1505.75287644 0.25113125 0.44201521
1506.75337669 0.25037583 0.44152190
1507.75387694 0.24987057 0.44137247
1508.75437719 0.24900796 0.44028416
1509.75487744 0.24810135 0.43935850
1510.75537769 0.24723546 0.43855680
1511.75587794 0.24669697 0.43838326
1512.75637819 0.24595877 0.43750572
1513.75687844 0.24547862 0.43656874
1514.75737869 0.24407161 0.43447540
1515.75787894 0.24367564 0.43359656
1516.75837919 0.24283229 0.43264541
1517.75887944 0.24181793 0.43168786
1518.75937969 0.24113671 0.43109995
1519.75987994 0.24083954 0.43139586
1520.76038019 0.24021604 0.43120712
1521.76088044 0.23965451 0.43095015
1522.76138069 0.23894116 0.43028026
1523.76188094 0.23843701 0.42975472
1524.76238119 0.23783728 0.42925472
1525.76288144 0.23714676 0.42859473
1526.76338169 0.23651287 0.42789440
1527.76388194 0.23573153 0.42704664
1528.76438219 0.23502565 0.42634951
1529.76488244 0.23360287 0.42417122
1530.76538269 0.23310230 0.42353648
1531.76588294 0.23224138 0.42297584
1532.76638319 0.23151517 0.42218390
1533.76688344 0.23099165 0.42152715
1534.76738369 0.22912374 0.41884599
1535.76788394 0.22845438 0.41838048
1536.76838419 0.22772277 0.41759014
1537.76888444 0.22691912 0.41661224
1538.76938469 0.22595632 0.41548319
1539.76988494 0.22521094 0.41498619
1540.77038519 0.22451942 0.41444973
1541.77088544 0.22397176 0.41376507
1542.77138569 0.22330754 0.41315419
1543.77188594 0.22243536 0.41254487
1544.77238619 0.22171502 0.41190004
1545.77288644 0.22202478 0.41134837
1546.77338669 0.22185918 0.41165091
1547.77388694 0.22114832 0.41105041
1548.77438719 0.22063573 0.41045944
1549.77488744 0.22002920 0.40996715
1550.77538769 0.21932131 0.40946955
1551.77588794 0.21865686 0.40891730
1552.77638819 0.21817963 0.40892782
1553.77688844 0.21750797 0.40814285
1554.77738869 0.21711782 0.40751604
1555.77788894 0.21644282 0.40709977
1556.77838919 0.21565763 0.40698341
1557.77888944 0.21489792 0.40601951
1558.77938969 0.21424738 0.40544782
1559.77988994 0.21377565 0.40538766
1560.78039020 0.21299603 0.40437404
1561.78089045 0.20931797 0.39042918
1562.78139070 0.20856117 0.38915910
1563.78189095 0.20792998 0.38900372
1564.78239120 0.20706616 0.38828940
1565.78289145 0.20651603 0.38818888
1566.78339170 0.20605978 0.38793547
1567.78389195 0.20517586 0.38712163
1568.78439220 0.20439350 0.38618375
1569.78489245 0.20359224 0.38571220
1570.78539270 0.20195606 0.37999335
1571.78589295 0.20139162 0.37927787
1572.78639320 0.19941651 0.37702264
1573.78689345 0.19877318 0.37614536
1574.78739370 0.19836044 0.37672472
1575.78789395 0.19786608 0.37641116
1576.78839420 0.19711711 0.37577537
1577.78889445 0.19653455 0.37531936
1578.78939470 0.19581628 0.37463374
1579.78989495 0.19557022 0.37544296
1580.79039520 0.19486107 0.37412838
1581.79089545 0.19411080 0.37266553
1582.79139570 0.19281065 0.37146557
1583.79189595 0.19206929 0.37047320
1584.79239620 0.19138089 0.36898993
1585.79289645 0.19072679 0.36778623
1586.79339670 0.19005591 0.36676622
1587.79389695 0.18962798 0.36623878
1588.79439720 0.18914104 0.36563717
1589.79489745 0.18844263 0.36467127
1590.79539770 0.18727327 0.36289204
1591.79589795 0.18671005 0.36233868
1592.79639820 0.18637733 0.36221806
1593.79689845 0.18576681 0.36162019
1594.79739870 0.18505209 0.36028289
1595.79789895 0.18491543 0.35967881
1596.79839920 0.18464272 0.35989257
1597.79889945 0.18351445 0.35695569
1598.79939970 0.18307453 0.35628813
1599.79989995 0.18243469 0.35529839
1600.80040020 0.18170192 0.35404249
1601.80090045 0.18109629 0.35320598
1602.80140070 0.17964239 0.35033883
1603.80190095 0.17899192 0.34924885
1604.80240120 0.17861217 0.34855943
1605.80290145 0.17781907 0.34737343
1606.80340170 0.17707704 0.34642647
1607.80390195 0.17663632 0.34597898
1608.80440220 0.17624291 0.34563780
1609.80490245 0.17522651 0.34331874
1610.80540270 0.17394628 0.34168622
1611.80590295 0.17209756 0.33623924
1612.80640320 0.17161128 0.33555982
1613.80690345 0.17086243 0.33438453
1614.80740370 0.17044500 0.33393602
1615.80790395 0.16987061 0.33318426
1616.80840420 0.16922884 0.33229323
1617.80890445 0.16821644 0.33034653
1618.80940470 0.16774627 0.32950161
1619.80990495 0.16701367 0.32876677
1620.81040520 0.16668932 0.32792479
1621.81090545 0.16614569 0.32690779
1622.81140570 0.16566509 0.32630719
1623.81190595 0.16438008 0.32473805
1624.81240620 0.16396417 0.32370614
1625.81290645 0.16355649 0.32309284
1626.81340670 0.16303524 0.32251480
1627.81390695 0.16247246 0.32170618
1628.81440720 0.16295119 0.32230421
1629.81490745 0.16241265 0.32150283
1630.81540770 0.16018190 0.31523685
1631.81590795 0.16000031 0.31475949
1632.81640820 0.15946313 0.31419714
1633.81690845 0.15902680 0.31371977
1634.81740870 0.15873088 0.31302054
1635.81790895 0.15765508 0.31168121
1636.81840920 0.15697036 0.31081385
1637.81890945 0.15623095 0.30969533
1638.81940970 0.15558695 0.30865399
1639.81990995 0.15494116 0.30768959
1640.82041021 0.15441369 0.30702250
1641.82091046 0.15581578 0.30742697
1642.82141071 0.15551593 0.30694159
1643.82191096 0.15504118 0.30654232
1644.82241121 0.15463090 0.30622871
1645.82291146 0.15342725 0.30508871
1646.82341171 0.15245232 0.30354455
1647.82391196 0.15189074 0.30298878
1648.82441221 0.15153707 0.30261713
1649.82491246 0.15115470 0.30217180
1650.82541271 0.15069376 0.30158420
1651.82591296 0.14935628 0.29890202
1652.82641321 0.14895643 0.29845887
1653.82691346 0.14854406 0.29803921
1654.82741371 0.14798857 0.29737993
1655.82791396 0.14727430 0.29626537
1656.82841421 0.14683893 0.29577892
1657.82891446 0.14669176 0.29592743
1658.82941471 0.14498474 0.29159472
1659.82991496 0.14444945 0.29088628
1660.83041521 0.14419291 0.29046837
1661.83091546 0.14367913 0.29008739
1662.83141571 0.14322114 0.28964712
1663.83191596 0.14227549 0.28843006
1664.83241621 0.14222790 0.28767844
1665.83291646 0.14183392 0.28737302
1666.83341671 0.14130868 0.28683891
1667.83391696 0.13965105 0.27449529
1668.83441721 0.13968726 0.27361610
1669.83491746 0.13929788 0.27290614
1670.83541771 0.13894623 0.27272913
1671.83591796 0.13865682 0.27313392
1672.83641821 0.13968707 0.27449730
1673.83691846 0.13928903 0.27404344
1674.83741871 0.13879464 0.27383412
1675.83791896 0.13831609 0.27305376
1676.83841921 0.13766954 0.27211660
1677.83891946 0.13588948 0.26040352
1678.83941971 0.13495892 0.25883808
1679.83991996 0.13446055 0.25787717
1680.84042021 0.13386234 0.25700333
1681.84092046 0.13282850 0.25551575
1682.84142071 0.13195038 0.25434044
1683.84192096 0.13166124 0.25409649
1684.84242121 0.13087460 0.25300702
1685.84292146 0.13056296 0.25281585
1686.84342171 0.13020047 0.25249295
1687.84392196 0.12938669 0.25147056
1688.84442221 0.12900507 0.25097647
1689.84492246 0.12856454 0.25041981
1690.84542271 0.12813020 0.24999925
1691.84592296 0.12765672 0.24947882
1692.84642321 0.12698030 0.24723127
1693.84692346 0.12643155 0.24645999
1694.84742371 0.12601368 0.24582269
1695.84792396 0.12552928 0.24507286
1696.84842421 0.12501997 0.24390196
1697.84892446 0.12536267 0.24507211
1698.84942471 0.12530148 0.24466066
1699.84992496 0.12482667 0.24345317
1700.85042521 0.12429079 0.24277994
1701.85092546 0.12419444 0.24274579
1702.85142571 0.12478592 0.24443852
1703.85192596 0.12434532 0.24381263
1704.85242621 0.12364104 0.24299709
1705.85292646 0.12350306 0.24338374
1706.85342671 0.12317834 0.24296451
1707.85392696 0.12304989 0.24253115
1708.85442721 0.12274907 0.24205489
1709.85492746 0.12254521 0.24207666
1710.85542771 0.12227734 0.24183997
1711.85592796 0.12229595 0.24208326
1712.85642821 0.12189287 0.24170422
1713.85692846 0.12146602 0.24083970
1714.85742871 0.12113433 0.24047952
1715.85792896 0.12079353 0.24033330
1716.85842921 0.12043605 0.23995754
1717.85892946 0.12004307 0.23937891
1718.85942971 0.11915620 0.23797734
1719.85992996 0.11869411 0.23722573
1720.86043022 0.11822180 0.23651396
1721.86093047 0.11782187 0.23605695
1722.86143072 0.11746051 0.23574885
1723.86193097 0.11697575 0.23486892
1724.86243122 0.11652000 0.23408776
1725.86293147 0.11617609 0.23372159
1726.86343172 0.11596949 0.23328077
1727.86393197 0.11551107 0.23240857
1728.86443222 0.11546399 0.23198199
1729.86493247 0.11515656 0.23168082
1730.86543272 0.11475744 0.23142283
1731.86593297 0.11434572 0.23091714
1732.86643322 0.11405425 0.23052807
1733.86693347 0.11361094 0.23004970
1734.86743372 0.11322927 0.22936730
1735.86793397 0.11278473 0.22854885
1736.86843422 0.11241225 0.22795988
1737.86893447 0.11213818 0.22753798
1738.86943472 0.11171642 0.22708211
1739.86993497 0.11136045 0.22667747
1740.87043522 0.11098812 0.22618461
1741.87093547 0.11069117 0.22584102
1742.87143572 0.11030879 0.22530642
1743.87193597 0.10994550 0.22475420
1744.87243622 0.10899351 0.22339262
1745.87293647 0.10857914 0.22254903
1746.87343672 0.10844802 0.22194017
1747.87393697 0.10895222 0.22203612
1748.87443722 0.10875594 0.22184233
1749.87493747 0.10840623 0.22140915
1750.87543772 0.10826009 0.22160810
1751.87593797 0.10786523 0.22104673
1752.87643822 0.10743114 0.22039473
1753.87693847 0.10741436 0.22105176
1754.87743872 0.10709711 0.22072234
1755.87793897 0.10655355 0.21999787
1756.87843922 0.10631353 0.21972610
1757.87893947 0.10598122 0.21928339
1758.87943972 0.10568280 0.21889307
1759.87993997 0.10534671 0.21842144
1760.88044022 0.10502074 0.21792595
1761.88094047 0.10465980 0.21734594
1762.88144072 0.10427631 0.21684321
1763.88194097 0.10396641 0.21634958
1764.88244122 0.10363266 0.21583526
1765.88294147 0.10329762 0.21542271
1766.88344172 0.10294198 0.21492280
1767.88394197 0.10266418 0.21450786
1768.88444222 0.10237547 0.21419912
1769.88494247 0.10201598 0.21377831
1770.88544272 0.10164123 0.21333090
1771.88594297 0.10192822 0.21305265
1772.88644322 0.10159438 0.21255866
1773.88694347 0.10124125 0.21212610
1774.88744372 0.10094267 0.21166226
1775.88794397 0.10088920 0.21181739
1776.88844422 0.10057822 0.21135077
1777.88894447 0.10024674 0.21098513
1778.88944472 0.09994161 0.21065545
1779.88994497 0.09943183 0.20926620
1780.89044522 0.09898923 0.20870718
1781.89094547 0.09865779 0.20821527
1782.89144572 0.09816199 0.20733506
1783.89194597 0.09782424 0.20689960
1784.89244622 0.09751615 0.20650884
1785.89294647 0.09719168 0.20603237
1786.89344672 0.09688036 0.20563269
1787.89394697 0.09660662 0.20530019
1788.89444722 0.09631744 0.20492430
1789.89494747 0.09602944 0.20452882
1790.89544772 0.09572019 0.20411333
1791.89594797 0.09538617 0.20359165
1792.89644822 0.09513527 0.20307865
1793.89694847 0.09482322 0.20256056
1794.89744872 0.09416452 0.20156200
1795.89794897 0.09392767 0.20111726
1796.89844922 0.09365477 0.20069733
1797.89894947 0.09339235 0.20021350
1798.89944972 0.09312755 0.19983182
1799.89994997 0.09287360 0.19948798
1800.90045023 0.09258184 0.19906825
1801.90095048 0.09228654 0.19870146
1802.90145073 0.09206100 0.19837080
1803.90195098 0.09179275 0.19798875
1804.90245123 0.09150410 0.19760953
1805.90295148 0.09122387 0.19718336
1806.90345173 0.09079368 0.19674114
1807.90395198 0.09047877 0.19627787
1808.90445223 0.09032129 0.19590526
1809.90495248 0.09007530 0.19553623
1810.90545273 0.08982981 0.19512590
1811.90595298 0.08949888 0.19466203
1812.90645323 0.08921828 0.19426707
1813.90695348 0.08870856 0.19361715
1814.90745373 0.08852761 0.19329629
1815.90795398 0.08893615 0.19320987
1816.90845423 0.08861147 0.19273360
1817.90895448 0.08831732 0.19235415
1818.90945473 0.08828180 0.19239558
1819.90995498 0.08799294 0.19197749
1820.91045523 0.08750189 0.19128293
1821.91095548 0.08713959 0.19064168
1822.91145573 0.08681644 0.19018023
1823.91195598 0.08676331 0.18984811
1824.91245623 0.08659024 0.18955773
1825.91295648 0.08638159 0.18922712
1826.91345673 0.08611656 0.18885264
1827.91395698 0.08586111 0.18851904
1828.91445723 0.08518580 0.18780275
1829.91495748 0.08488675 0.18746466
1830.91545773 0.08467246 0.18714166
1831.91595798 0.08447032 0.18677197
1832.91645823 0.08421755 0.18635392
1833.91695848 0.08396603 0.18595732
1834.91745873 0.08420406 0.18576781
1835.91795898 0.08397853 0.18543246
1836.91845923 0.08384648 0.18512857
1837.91895948 0.08357096 0.18472027
1838.91945973 0.08328850 0.18432720
1839.91995998 0.08304597 0.18398889
1840.92046023 0.08285377 0.18363474
1841.92096048 0.08253520 0.18326708
1842.92146073 0.08234153 0.18293611
1843.92196098 0.08213719 0.18259752
1844.92246123 0.08170286 0.18208066
1845.92296148 0.08152545 0.18176958
1846.92346173 0.08161888 0.18141503
1847.92396198 0.08138217 0.18104167
1848.92446223 0.08116986 0.18072030
1849.92496248 0.08098135 0.18043213
1850.92546273 0.08080382 0.18010377
1851.92596298 0.08056845 0.17974947
1852.92646323 0.08028006 0.17935294
1853.92696348 0.08006471 0.17898993
1854.92746373 0.07985844 0.17868217
1855.92796398 0.07963871 0.17834559
1856.92846423 0.07941767 0.17797855
1857.92896448 0.07840987 0.17162134
1858.92946473 0.07815642 0.17124263
1859.92996498 0.07792186 0.17102329
1860.93046523 0.07770578 0.17077675
1861.93096548 0.07747619 0.17034606
1862.93146573 0.07723088 0.16978923
1863.93196598 0.07696911 0.16922413
1864.93246623 0.07668291 0.16875818
1865.93296648 0.07643946 0.16834233
1866.93346673 0.07617959 0.16792579
1867.93396698 0.07569364 0.16671368
1868.93446723 0.07577163 0.16628095
1869.93496748 0.07555433 0.16585852
1870.93546773 0.07534844 0.16539616
1871.93596798 0.07507525 0.16476465
1872.93646823 0.07487323 0.16417383
1873.93696848 0.07467455 0.16364194
1874.93746873 0.07454334 0.16314958
1875.93796898 0.07439060 0.16279739
1876.93846923 0.07420382 0.16243936
1877.93896948 0.07403456 0.16211595
1878.93946973 0.07384235 0.16175023
1879.93996998 0.07364307 0.16131237
1880.94047024 0.07344755 0.16083725
1881.94097049 0.07242511 0.15775490
1882.94147074 0.07224244 0.15721842
1883.94197099 0.07207628 0.15667235
1884.94247124 0.07190598 0.15625298
1885.94297149 0.07173353 0.15596750
1886.94347174 0.07145000 0.15561101
1887.94397199 0.07135425 0.15527998
1888.94447224 0.07110929 0.15487612
1889.94497249 0.07084485 0.15439136
1890.94547274 0.07063401 0.15392574
1891.94597299 0.07101158 0.15431056
1892.94647324 0.07072629 0.15370826
1893.94697349 0.07027259 0.15228797
1894.94747374 0.07002948 0.15190642
1895.94797399 0.06980168 0.15166819
1896.94847424 0.06961597 0.15144149
1897.94897449 0.06952850 0.15157490
1898.94947474 0.06919268 0.15115678
1899.94997499 0.06906115 0.15104340
1900.95047524 0.06876479 0.15067737
1901.95097549 0.06848459 0.15040952
1902.95147574 0.06833636 0.15014094
1903.95197599 0.06808239 0.14975046
1904.95247624 0.06793196 0.14950335
1905.95297649 0.06773877 0.14909205
1906.95347674 0.06748275 0.14867701
1907.95397699 0.06716680 0.14831632
1908.95447724 0.06691757 0.14785963
1909.95497749 0.06671038 0.14746652
1910.95547774 0.06588502 0.14578928
1911.95597799 0.06569409 0.14547407
1912.95647824 0.06551480 0.14518507
1913.95697849 0.06502488 0.14469667
1914.95747874 0.06499237 0.14434906
1915.95797899 0.06476845 0.14404675
1916.95847924 0.06459856 0.14378126
1917.95897949 0.06440411 0.14348580
1918.95947974 0.06420946 0.14314940
1919.95997999 0.06404901 0.14286591
1920.96048024 0.06387846 0.14257090
1921.96098049 0.06369207 0.14230654
1922.96148074 0.06333527 0.14120134
1923.96198099 0.06316136 0.14090566
1924.96248124 0.06298822 0.14066570
1925.96298149 0.06214877 0.13667371
1926.96348174 0.06202977 0.13685415
1927.96398199 0.06186848 0.13714827
1928.96448224 0.06157360 0.13701897
1929.96498249 0.06158575 0.13767878
1930.96548274 0.06143067 0.13734126
1931.96598299 0.06121800 0.13657453
1932.96648324 0.06104816 0.13629005
1933.96698349 0.06081094 0.13586976
1934.96748374 0.06062041 0.13570915
1935.96798399 0.06035656 0.13543328
1936.96848424 0.06016090 0.13529068
1937.96898449 0.06022774 0.13506937
1938.96948474 0.06003756 0.13444953
1939.96998499 0.05996361 0.13440726
1940.97048524 0.05979458 0.13412605
1941.97098549 0.05951429 0.13344497
1942.97148574 0.05930405 0.13289889
1943.97198599 0.05917182 0.13273909
1944.97248624 0.05902577 0.13262867
1945.97298649 0.05877394 0.13215691
1946.97348674 0.05850954 0.13174575
1947.97398699 0.05828256 0.13151677
1948.97448724 0.05812551 0.13128752
1949.97498749 0.05791621 0.13086795
1950.97548774 0.05758189 0.13041825
1951.97598799 0.05738119 0.13010913
1952.97648824 0.05725292 0.12990391
1953.97698849 0.05710791 0.12965768
1954.97748874 0.05702010 0.12942860
1955.97798899 0.05693666 0.12927518
1956.97848924 0.05678246 0.12910791
1957.97898949 0.05712882 0.12919413
1958.97948974 0.05698911 0.12880994
1959.97998999 0.05686239 0.12849182
1960.98049025 0.05674858 0.12828279
1961.98099050 0.05663820 0.12808017
1962.98149075 0.05643649 0.12776029
1963.98199100 0.05628883 0.12749398
1964.98249125 0.05647531 0.12739234
1965.98299150 0.05632503 0.12718278
1966.98349175 0.05621500 0.12694148
1967.98399200 0.05649628 0.12966246
1968.98449225 0.05635857 0.12949802
1969.98499250 0.05643579 0.12924336
1970.98549275 0.05594597 0.12870029
1971.98599300 0.05566778 0.12861858
1972.98649325 0.05547690 0.12837929
1973.98699350 0.05531332 0.12823384
1974.98749375 0.05543283 0.12807984
1975.98799400 0.05529026 0.12784852
1976.98849425 0.05522195 0.12845539
1977.98899450 0.05504912 0.12777227
1978.98949475 0.05493898 0.12752166
1979.98999500 0.05481556 0.12756457
1980.99049525 0.05461792 0.12704393
1981.99099550 0.05438951 0.12614564
1982.99149575 0.05427653 0.12633499
1983.99199600 0.05406367 0.12601565
1984.99249625 0.05402105 0.12681170
1985.99299650 0.05370312 0.12643845
1986.99349675 0.05351297 0.12613812
1987.99399700 0.05338620 0.12619702
1988.99449725 0.05315512 0.12557193
1989.99499750 0.05300639 0.12526669
1990.99549775 0.05298622 0.12587758
1991.99599800 0.05281531 0.12546863
1992.99649825 0.05271497 0.12560874
1993.99699850 0.05254795 0.12512867
1994.99749875 0.05240942 0.12505438
1995.99799900 0.05230299 0.12488623
1996.99849925 0.05206444 0.12447260
1997.99899950 0.05186832 0.12395708
1998.99949975 0.05159376 0.12233049
2000.00000000 0.05146275 0.12218587
