0.00000000 13.00000000
2.00400802 12.89916780
4.00801603 12.72239596
6.01202405 12.53845771
8.01603206 12.33108875
10.02004008 12.13215696
12.02404810 11.93246710
14.02805611 11.75753769
16.03206413 11.59658142
18.03607214 11.43086340
20.04008016 11.25568218
22.04408818 11.07445387
24.04809619 10.92660669
26.05210421 10.75021489
28.05611222 10.57591153
30.06012024 10.41473128
32.06412826 10.25657154
34.06813627 10.09342136
36.07214429 9.95363098
38.07615230 9.80402978
40.08016032 9.64240281
42.08416834 9.46640711
44.08817635 9.30586782
46.09218437 9.13597809
48.09619238 8.99255808
50.10020040 8.83643963
52.10420842 8.67498386
54.10821643 8.52856400
56.11222445 8.39393290
58.11623246 8.28206772
60.12024048 8.15258446
62.12424850 8.03088934
64.12825651 7.89148237
66.13226453 7.77183923
68.13627255 7.66653324
70.14028056 7.54464247
72.14428858 7.40676121
74.14829659 7.25231858
76.15230461 7.12613997
78.15631263 6.99211683
80.16032064 6.86746821
82.16432866 6.75512586
84.16833667 6.64157173
86.17234469 6.52966356
88.17635271 6.41197572
90.18036072 6.30270781
92.18436874 6.17465405
94.18837675 6.06589974
96.19238477 5.94173235
98.19639279 5.83806945
100.20040080 5.75013479
102.20440882 5.64809972
104.20841683 5.52969540
106.21242485 5.43998068
108.21643287 5.33859100
110.22044088 5.23128744
112.22444890 5.12327338
114.22845691 5.02915443
116.23246493 4.95464112
118.23647295 4.86740000
120.24048096 4.76966743
122.24448898 4.67126057
124.24849699 4.59962554
126.25250501 4.51724041
128.25651303 4.44224803
130.26052104 4.34695034
132.26452906 4.26978668
134.26853707 4.18966325
136.27254509 4.10869206
138.27655311 4.02232286
140.28056112 3.93059123
142.28456914 3.86195177
144.28857715 3.78107011
146.29258517 3.70490623
148.29659319 3.63024694
150.30060120 3.53781113
152.30460922 3.46185714
154.30861723 3.38463560
156.31262525 3.33107991
158.31663327 3.26605351
160.32064128 3.21346532
162.32464930 3.15149440
164.32865731 3.09892741
166.33266533 3.04146216
168.33667335 2.98537807
170.34068136 2.91816836
172.34468938 2.86115443
174.34869739 2.80375680
176.35270541 2.74230180
178.35671343 2.69400038
180.36072144 2.64039304
182.36472946 2.58533623
184.36873747 2.52441128
186.37274549 2.47364905
188.37675351 2.41758659
190.38076152 2.37159762
192.38476954 2.33631261
194.38877756 2.27916720
196.39278557 2.23599051
198.39679359 2.18259864
200.40080160 2.13630140
202.40480962 2.09785262
204.40881764 2.04575426
206.41282565 2.00852645
208.41683367 1.97011837
210.42084168 1.93332614
212.42484970 1.89241624
214.42885772 1.86123136
216.43286573 1.81831788
218.43687375 1.78611840
220.44088176 1.74553964
222.44488978 1.70528013
224.44889780 1.67954483
226.45290581 1.64348765
228.45691383 1.60180690
230.46092184 1.57325737
232.46492986 1.54778317
234.46893788 1.51562474
236.47294589 1.48443706
238.47695391 1.45935907
240.48096192 1.43434959
242.48496994 1.41103752
244.48897796 1.37918335
246.49298597 1.35429095
248.49699399 1.32734247
250.50100200 1.29135378
252.50501002 1.27010296
254.50901804 1.24857533
256.51302605 1.22356290
258.51703407 1.20383069
260.52104208 1.18723479
262.52505010 1.16656819
264.52905812 1.14472531
266.53306613 1.11372520
268.53707415 1.09418472
270.54108216 1.07389621
272.54509018 1.04990079
274.54909820 1.03123815
276.55310621 1.01339609
278.55711423 0.99015293
280.56112224 0.97131167
282.56513026 0.95173719
284.56913828 0.93078826
286.57314629 0.91417444
288.57715431 0.89406024
290.58116232 0.87891090
292.58517034 0.86456882
294.58917836 0.84838742
296.59318637 0.83440708
298.59719439 0.81677545
300.60120240 0.80098254
302.60521042 0.78539355
304.60921844 0.77447902
306.61322645 0.75753406
308.61723447 0.74554585
310.62124248 0.73159986
312.62525050 0.71794743
314.62925852 0.70646663
316.63326653 0.69177241
318.63727455 0.67739704
320.64128257 0.66541946
322.64529058 0.65443974
324.64929860 0.63951160
326.65330661 0.62693114
328.65731463 0.61695322
330.66132265 0.60682093
332.66533066 0.59326405
334.66933868 0.58198455
336.67334669 0.57136332
338.67735471 0.56528947
340.68136273 0.55783147
342.68537074 0.54840666
344.68937876 0.53943877
346.69338677 0.53069820
348.69739479 0.51921748
350.70140281 0.51179383
352.70541082 0.50375763
354.70941884 0.49650249
356.71342685 0.48386439
358.71743487 0.47693689
360.72144289 0.46787053
362.72545090 0.45836918
364.72945892 0.44980968
366.73346693 0.44306564
368.73747495 0.43573551
370.74148297 0.42791790
372.74549098 0.41855365
374.74949900 0.41219524
376.75350701 0.40659826
378.75751503 0.39745596
380.76152305 0.39097638
382.76553106 0.38412100
384.76953908 0.37555203
386.77354709 0.36934278
388.77755511 0.36266497
390.78156313 0.35552041
392.78557114 0.34921522
394.78957916 0.34380527
396.79358717 0.33558991
398.79759519 0.32797134
400.80160321 0.32251972
402.80561122 0.31569303
404.80961924 0.30826356
406.81362725 0.30376228
408.81763527 0.29854112
410.82164329 0.29398559
412.82565130 0.28970762
414.82965932 0.28563718
416.83366733 0.28065682
418.83767535 0.27542003
420.84168337 0.26947302
422.84569138 0.26430162
424.84969940 0.26002535
426.85370741 0.25436005
428.85771543 0.25023508
430.86172345 0.24464218
432.86573146 0.23825451
434.86973948 0.23423824
436.87374749 0.22897292
438.87775551 0.22462865
440.88176353 0.22113257
442.88577154 0.21634548
444.88977956 0.21158547
446.89378758 0.20776067
448.89779559 0.20419109
450.90180361 0.19949897
452.90581162 0.19616040
454.90981964 0.19253646
456.91382766 0.18978931
458.91783567 0.18518278
460.92184369 0.18234639
462.92585170 0.17950053
464.92985972 0.17346109
466.93386774 0.17040394
468.93787575 0.16676764
470.94188377 0.16259135
472.94589178 0.15906131
474.94989980 0.15612236
476.95390782 0.15344595
478.95791583 0.15083540
480.96192385 0.14837118
482.96593186 0.14527746
484.96993988 0.14299608
486.97394790 0.14002140
488.97795591 0.13761821
490.98196393 0.13526648
492.98597194 0.13297388
494.98997996 0.13109683
496.99398798 0.12870822
498.99799599 0.12686931
501.00200401 0.12339002
503.00601202 0.12055295
505.01002004 0.11854936
507.01402806 0.11726269
509.01803607 0.11438076
511.02204409 0.11248058
513.02605210 0.11061557
515.03006012 0.10878482
517.03406814 0.10687128
519.03807615 0.10506844
521.04208417 0.10331690
523.04609218 0.10093580
525.05010020 0.09960878
527.05410822 0.09845313
529.05811623 0.09687149
531.06212425 0.09505384
533.06613226 0.09504374
535.07014028 0.09545986
537.07414830 0.09289422
539.07815631 0.09143506
541.08216433 0.08989063
543.08617234 0.08815036
545.09018036 0.08698869
547.09418838 0.08561960
549.09819639 0.08407749
551.10220441 0.08260721
553.10621242 0.08058439
555.11022044 0.07902153
557.11422846 0.07743089
559.11823647 0.07605942
561.12224449 0.07484362
563.12625251 0.07351211
565.13026052 0.07288345
567.13426854 0.07136366
569.13827655 0.07077869
571.14228457 0.06955919
573.14629259 0.06836938
575.15030060 0.06737469
577.15430862 0.06638601
579.15831663 0.06519557
581.16232465 0.06413281
583.16633267 0.06304633
585.17034068 0.06188951
587.17434870 0.06056913
589.17835671 0.05961844
591.18236473 0.05855142
593.18637275 0.05950575
595.19038076 0.05800477
597.19438878 0.05800895
599.19839679 0.05709759
601.20240481 0.05598496
603.20641283 0.05553078
605.21042084 0.05443801
607.21442886 0.05327629
609.21843687 0.05230119
611.22244489 0.05135494
613.22645291 0.05075582
615.23046092 0.04987278
617.23446894 0.04904816
619.23847695 0.04855208
621.24248497 0.04783258
623.24649299 0.04721059
625.25050100 0.04637032
627.25450902 0.04559613
629.25851703 0.04495857
631.26252505 0.04418954
633.26653307 0.04381632
635.27054108 0.04322438
637.27454910 0.04242852
639.27855711 0.04224433
641.28256513 0.04167549
643.28657315 0.04110940
645.29058116 0.04036585
647.29458918 0.03979156
649.29859719 0.03920367
651.30260521 0.03861927
653.30661323 0.03839255
655.31062124 0.03794738
657.31462926 0.03725719
659.31863727 0.03824831
661.32264529 0.03761526
663.32665331 0.03692450
665.33066132 0.03701135
667.33466934 0.03653911
669.33867735 0.03612162
671.34268537 0.03544242
673.34669339 0.03508377
675.35070140 0.03453909
677.35470942 0.03406640
679.35871743 0.03432825
681.36272545 0.03506455
683.36673347 0.03444164
685.37074148 0.03494966
687.37474950 0.03317519
689.37875752 0.03283058
691.38276553 0.03237204
693.38677355 0.03238535
695.39078156 0.03228652
697.39478958 0.03175703
699.39879760 0.03124832
701.40280561 0.03074646
703.40681363 0.03024198
705.41082164 0.02778863
707.41482966 0.02740641
709.41883768 0.02704221
711.42284569 0.02658989
713.42685371 0.02626741
715.43086172 0.02653568
717.43486974 0.02617645
719.43887776 0.02632974
721.44288577 0.02669858
723.44689379 0.02636270
725.45090180 0.02571701
727.45490982 0.02563511
729.45891784 0.02530616
731.46292585 0.02531771
733.46693387 0.02534556
735.47094188 0.02477481
737.47494990 0.02499938
739.47895792 0.02507475
741.48296593 0.02549773
743.48697395 0.02503672
745.49098196 0.02468770
747.49498998 0.02412849
749.49899800 0.02368773
751.50300601 0.02323686
753.50701403 0.02289461
755.51102204 0.02234151
757.51503006 0.02210443
759.51903808 0.02169814
761.52304609 0.02131253
763.52705411 0.02101263
765.53106212 0.02072152
767.53507014 0.02045242
769.53907816 0.02141995
771.54308617 0.02229503
773.54709419 0.02215899
775.55110220 0.02180397
777.55511022 0.02141320
779.55911824 0.02209698
781.56312625 0.02173475
783.56713427 0.02133593
785.57114228 0.02107175
787.57515030 0.02062833
789.57915832 0.02024313
791.58316633 0.01986934
793.58717435 0.01951885
795.59118236 0.01912273
797.59519038 0.01859225
799.59919840 0.01795631
801.60320641 0.01963261
803.60721443 0.01929256
805.61122244 0.01896054
807.61523046 0.01870933
809.61923848 0.01842570
811.62324649 0.01874359
813.62725451 0.01938057
815.63126253 0.01906447
817.63527054 0.01890798
819.63927856 0.01902349
821.64328657 0.01892324
823.64729459 0.01866364
825.65130261 0.01827979
827.65531062 0.01813012
829.65931864 0.01809510
831.66332665 0.01782873
833.66733467 0.01872071
835.67134269 0.01844361
837.67535070 0.01817134
839.67935872 0.01797891
841.68336673 0.01775444
843.68737475 0.01769858
845.69138277 0.01854426
847.69539078 0.01833102
849.69939880 0.01812116
851.70340681 0.01912749
853.70741483 0.01880006
855.71142285 0.01863614
857.71543086 0.01844588
859.71943888 0.01819378
861.72344689 0.01816965
863.72745491 0.01956524
865.73146293 0.02090803
867.73547094 0.02083250
869.73947896 0.02067364
871.74348697 0.02197083
873.74749499 0.02109629
875.75150301 0.02104514
877.75551102 0.01988778
879.75951904 0.02108311
881.76352705 0.02057365
883.76753507 0.02093839
885.77154309 0.02075200
887.77555110 0.01995834
889.77955912 0.01961253
891.78356713 0.01877377
893.78757515 0.01850843
895.79158317 0.01662700
897.79559118 0.01635910
899.79959920 0.01737934
901.80360721 0.01744233
903.80761523 0.01866361
905.81162325 0.01950750
907.81563126 0.01824524
909.81963928 0.01916435
911.82364729 0.01895662
913.82765531 0.01857663
915.83166333 0.01853979
917.83567134 0.01846429
919.83967936 0.01814784
921.84368737 0.01924116
923.84769539 0.02196275
925.85170341 0.02522676
927.85571142 0.02506963
929.85971944 0.02467543
931.86372745 0.02429343
933.86773547 0.02395714
935.87174349 0.02364094
937.87575150 0.02342646
939.87975952 0.02311919
941.88376754 0.02294301
943.88777555 0.02274660
945.89178357 0.02244386
947.89579158 0.02190019
949.89979960 0.02170655
951.90380762 0.02154518
953.90781563 0.02155952
955.91182365 0.02070152
957.91583166 0.02043677
959.91983968 0.02014503
961.92384770 0.01997210
963.92785571 0.02175455
965.93186373 0.02147522
967.93587174 0.02165005
969.93987976 0.02140365
971.94388778 0.02129947
973.94789579 0.02117982
975.95190381 0.02106420
977.95591182 0.02090303
979.95991984 0.02061100
981.96392786 0.02036705
983.96793587 0.01895683
985.97194389 0.01893692
987.97595190 0.01862786
989.97995992 0.01837527
991.98396794 0.01814891
993.98797595 0.01791523
995.99198397 0.01771598
997.99599198 0.01756796
1000.00000000 0.01836895
