0.00000000 14.00000000 0.00000159
1.00050025 13.65537534 0.14106188
2.00100050 13.47282980 0.23768603
3.00150075 13.47525786 0.36502321
4.00200100 13.40688011 0.41220312
5.00250125 13.28764656 0.44640027
6.00300150 13.11176040 0.44028395
7.00350175 13.09340382 0.52664181
8.00400200 13.08962033 0.63187461
9.00450225 12.98902192 0.60010374
10.00500250 12.87140947 0.60150044
11.00550275 12.82295882 0.66058141
12.00600300 12.84000673 0.71994169
13.00650325 12.74311874 0.68750708
14.00700350 12.66083258 0.69066258
15.00750375 12.66197067 0.74709848
16.00800400 12.62024458 0.78591988
17.00850425 12.56665077 0.77198789
18.00900450 12.52270005 0.78325909
19.00950475 12.48263725 0.81855066
20.01000500 12.44922603 0.83291768
21.01050525 12.40487788 0.84253053
22.01100550 12.34815973 0.87519519
23.01150575 12.31337096 0.90363170
24.01200600 12.28876096 0.92236564
25.01250625 12.24546149 0.94698288
26.01300650 12.20371643 0.97586157
27.01350675 12.17294826 0.99259507
28.01400700 12.14203906 1.00772394
29.01450725 12.12096276 1.01426606
30.01500750 12.08227828 1.03987323
31.01550775 12.05335019 1.05292062
32.01600800 12.00976200 1.07105611
33.01650825 11.97331194 1.09967134
34.01700850 11.94829540 1.12932687
35.01750875 11.92358997 1.14076907
36.01800900 11.90259348 1.14452079
37.01850925 11.86879823 1.18712435
38.01900950 11.84347723 1.21194212
39.01950975 11.82117860 1.23589973
40.02001001 11.77113132 1.26427137
41.02051026 11.73586147 1.29694023
42.02101051 11.70577114 1.29848534
43.02151076 11.67780824 1.33263456
44.02201101 11.65765677 1.35685206
45.02251126 11.61468671 1.38250979
46.02301151 11.58767010 1.39874885
47.02351176 11.56217204 1.42000958
48.02401201 11.53602790 1.42912477
49.02451226 11.51107033 1.46466394
50.02501251 11.48377985 1.49147624
51.02551276 11.45838103 1.51679787
52.02601301 11.41744909 1.54128381
53.02651326 11.39897049 1.55333748
54.02701351 11.37791629 1.56797975
55.02751376 11.34871847 1.59470377
56.02801401 11.32877540 1.61234748
57.02851426 11.29782150 1.62131318
58.02901451 11.26286897 1.63796292
59.02951476 11.25400412 1.64319394
60.03001501 11.22203888 1.66279766
61.03051526 11.19696679 1.67902019
62.03101551 11.18303212 1.69241462
63.03151576 11.16560807 1.69463056
64.03201601 11.13765243 1.72061916
65.03251626 11.10701555 1.73358385
66.03301651 11.07441543 1.75094473
67.03351676 11.05627349 1.76947734
68.03401701 11.03390137 1.77380979
69.03451726 11.00072952 1.79283773
70.03501751 10.98655099 1.80914412
71.03551776 10.96676697 1.82378346
72.03601801 10.93395084 1.85163919
73.03651826 10.90787897 1.86748119
74.03701851 10.88636104 1.87714065
75.03751876 10.86607851 1.89128429
76.03801901 10.85120391 1.90283805
77.03851926 10.83466305 1.91739264
78.03901951 10.81256126 1.92710252
79.03951976 10.78908347 1.94490131
80.04002001 10.76886930 1.96646181
81.04052026 10.75572572 1.97742532
82.04102051 10.72779788 2.00516443
83.04152076 10.70133187 2.03122770
84.04202101 10.68240351 2.03463007
85.04252126 10.66244483 2.05291397
86.04302151 10.65174835 2.05541095
87.04352176 10.63758730 2.06661956
88.04402201 10.61832760 2.08907915
89.04452226 10.59952722 2.11111620
90.04502251 10.56346189 2.13406423
91.04552276 10.55082460 2.14436315
92.04602301 10.53016522 2.16522116
93.04652326 10.50634875 2.19302975
94.04702351 10.49910009 2.19774217
95.04752376 10.46821497 2.21416793
96.04802401 10.45494414 2.22287656
97.04852426 10.44336420 2.23461678
98.04902451 10.43086868 2.23625198
99.04952476 10.40880203 2.24580090
100.05002501 10.38124459 2.25499123
101.05052526 10.37635965 2.24928598
102.05102551 10.34795041 2.28202655
103.05152576 10.33287005 2.30630559
104.05202601 10.31029627 2.30938175
105.05252626 10.29165789 2.32734597
106.05302651 10.27138885 2.32250400
107.05352676 10.25523395 2.33457599
108.05402701 10.22533352 2.34465807
109.05452726 10.20011867 2.36750799
110.05502751 10.16994271 2.38473478
111.05552776 10.15775875 2.40257973
112.05602801 10.14233012 2.40412157
113.05652826 10.12340757 2.42022529
114.05702851 10.10201530 2.42760311
115.05752876 10.08769913 2.43131672
116.05802901 10.07240617 2.43741928
117.05852926 10.05682864 2.45456882
118.05902951 10.03965182 2.46698377
119.05952976 10.02652115 2.47115856
120.06003002 10.01040277 2.48185778
121.06053027 9.99271986 2.49434936
122.06103052 9.98174858 2.48894045
123.06153077 9.95806216 2.50540308
124.06203102 9.94594024 2.50759050
125.06253127 9.94082362 2.51986599
126.06303152 9.92846167 2.53670772
127.06353177 9.89704133 2.54929307
128.06403202 9.87741837 2.54856864
129.06453227 9.86644641 2.55317496
130.06503252 9.85452609 2.55943479
131.06553277 9.83087673 2.57914118
132.06603302 9.82523844 2.57369272
133.06653327 9.79901718 2.58384588
134.06703352 9.77328153 2.60097235
135.06753377 9.76549336 2.60161568
136.06803402 9.75602268 2.60678236
137.06853427 9.74587165 2.61275310
138.06903452 9.72770801 2.62569029
139.06953477 9.70286018 2.63742396
140.07003502 9.68672123 2.63715575
141.07053527 9.67000610 2.64126249
142.07103552 9.65494187 2.65164613
143.07153577 9.64344974 2.66398403
144.07203602 9.61656487 2.67853796
145.07253627 9.59694266 2.68510023
146.07303652 9.57410848 2.70061495
147.07353677 9.55905531 2.70876581
148.07403702 9.54273814 2.70904881
149.07453727 9.52239893 2.71367932
150.07503752 9.50883776 2.72446587
151.07553777 9.48805539 2.73000489
152.07603802 9.48741345 2.72870370
153.07653827 9.46535424 2.73427805
154.07703852 9.45327959 2.74473135
155.07753877 9.42771479 2.75951223
156.07803902 9.40563256 2.77777159
157.07853927 9.37227902 2.79264025
158.07903952 9.35695414 2.80507092
159.07953977 9.33882868 2.81246370
160.08004002 9.31348719 2.82525325
161.08054027 9.29415533 2.83895555
162.08104052 9.26645323 2.85782306
163.08154077 9.23710659 2.86095877
164.08204102 9.21659366 2.87341007
165.08254127 9.20862697 2.88429611
166.08304152 9.19129692 2.88823179
167.08354177 9.17368136 2.89423627
168.08404202 9.15776394 2.89123691
169.08454227 9.13437027 2.91156353
170.08504252 9.12629617 2.92707960
171.08554277 9.10590942 2.93844444
172.08604302 9.08486661 2.94426084
173.08654327 9.08080853 2.94703521
174.08704352 9.06780906 2.95414982
175.08754377 9.05999077 2.95561587
176.08804402 9.04159345 2.96357637
177.08854427 9.03483230 2.97468266
178.08904452 8.99862666 2.98079664
179.08954477 8.98107766 2.98071231
180.09004502 8.95943838 2.98121443
181.09054527 8.94101909 2.98623600
182.09104552 8.92058673 2.99491448
183.09154577 8.89142712 3.01037115
184.09204602 8.87364626 3.01138983
185.09254627 8.84944873 3.01244866
186.09304652 8.82738220 3.02418293
187.09354677 8.81552009 3.02417432
188.09404702 8.80746479 3.02832748
189.09454727 8.78711061 3.04203051
190.09504752 8.77166281 3.04169164
191.09554777 8.74959137 3.04250237
192.09604802 8.74274535 3.04867134
193.09654827 8.72225292 3.05688198
194.09704852 8.70298854 3.06816034
195.09754877 8.68830907 3.07584161
196.09804902 8.66046063 3.08646602
197.09854927 8.64243841 3.09133937
198.09904952 8.63421807 3.09090200
199.09954977 8.60213108 3.10355327
200.10005003 8.57225447 3.11506874
201.10055028 8.55469731 3.11430523
202.10105053 8.54914873 3.11614315
203.10155078 8.53690766 3.11640876
204.10205103 8.52398007 3.11100807
205.10255128 8.50379511 3.12482134
206.10305153 8.48077969 3.13539870
207.10355178 8.47291487 3.14347615
208.10405203 8.44594611 3.14188245
209.10455228 8.42822379 3.13934096
210.10505253 8.42196281 3.14136385
211.10555278 8.40981549 3.14097627
212.10605303 8.39172040 3.15030132
213.10655328 8.36745442 3.16512035
214.10705353 8.34731071 3.17078343
215.10755378 8.34075886 3.17245770
216.10805403 8.33136685 3.17714519
217.10855428 8.31147996 3.18742512
218.10905453 8.28912486 3.20125699
219.10955478 8.26723140 3.20810774
220.11005503 8.24880572 3.21291751
221.11055528 8.23941646 3.21340954
222.11105553 8.22590000 3.22390851
223.11155578 8.20588057 3.22954250
224.11205603 8.18370266 3.24174908
225.11255628 8.16287611 3.24201121
226.11305653 8.14911758 3.24435094
227.11355678 8.13027600 3.25449400
228.11405703 8.10322810 3.26038196
229.11455728 8.08463265 3.26195032
230.11505753 8.07311359 3.25913045
231.11555778 8.05604649 3.25408596
232.11605803 8.05144091 3.25389042
233.11655828 8.03842436 3.25986481
234.11705853 8.01183240 3.27216630
235.11755878 8.00454171 3.27269376
236.11805903 7.98730049 3.28288954
237.11855928 7.96787973 3.28506863
238.11905953 7.95595997 3.29064363
239.11955978 7.93949210 3.29044059
240.12006003 7.91364020 3.29495887
241.12056028 7.89926077 3.29762926
242.12106053 7.87829143 3.29120531
243.12156078 7.86821330 3.29663725
244.12206103 7.86457770 3.30007476
245.12256128 7.85366718 3.29947126
246.12306153 7.83193081 3.31228873
247.12356178 7.81027088 3.31855648
248.12406203 7.77740000 3.33935513
249.12456228 7.77154064 3.35002491
250.12506253 7.76134675 3.35493178
251.12556278 7.73433707 3.36900281
252.12606303 7.73331765 3.37042511
253.12656328 7.70847726 3.38130779
254.12706353 7.69718965 3.38295420
255.12756378 7.68335973 3.38181319
256.12806403 7.64540367 3.38763394
257.12856428 7.63728720 3.39121262
258.12906453 7.61710476 3.40157663
259.12956478 7.59956714 3.40882472
260.13006503 7.57349035 3.41217655
261.13056528 7.55349586 3.42417705
262.13106553 7.53246006 3.42546997
263.13156578 7.51857497 3.43680421
264.13206603 7.48964556 3.43404511
265.13256628 7.47485913 3.44313410
266.13306653 7.46033263 3.45265024
267.13356678 7.45130077 3.45210669
268.13406703 7.44106673 3.46233379
269.13456728 7.42749608 3.46358592
270.13506753 7.42377400 3.45721310
271.13556778 7.41221112 3.45576844
272.13606803 7.39716762 3.45974026
273.13656828 7.37754034 3.47679485
274.13706853 7.35455281 3.47480645
275.13756878 7.34512595 3.48114161
276.13806903 7.32197373 3.49216032
277.13856928 7.30600095 3.50672960
278.13906953 7.28901588 3.52051433
279.13956978 7.27452251 3.52576324
280.14007004 7.27298005 3.52589423
281.14057029 7.26491899 3.53462031
282.14107054 7.24541420 3.53591219
283.14157079 7.23804489 3.54794052
284.14207104 7.22451207 3.54852554
285.14257129 7.21306843 3.55631348
286.14307154 7.18759997 3.55953179
287.14357179 7.17598795 3.56707718
288.14407204 7.16284999 3.56838378
289.14457229 7.14258102 3.56839586
290.14507254 7.12938883 3.56703448
291.14557279 7.11986807 3.57194786
292.14607304 7.11626639 3.57330791
293.14657329 7.09485220 3.57551277
294.14707354 7.07925936 3.57992211
295.14757379 7.05355582 3.58903021
296.14807404 7.04708399 3.58845331
297.14857429 7.04216792 3.58860170
298.14907454 7.03474969 3.59307483
299.14957479 7.02144293 3.59732196
300.15007504 7.00055845 3.59890133
301.15057529 6.97530408 3.61143432
302.15107554 6.96622811 3.61230337
303.15157579 6.95473659 3.61624898
304.15207604 6.94561042 3.61924082
305.15257629 6.91889852 3.62101284
306.15307654 6.90429251 3.62527197
307.15357679 6.88411379 3.62640868
308.15407704 6.87162672 3.63626753
309.15457729 6.84726156 3.64024839
310.15507754 6.82453210 3.64133581
311.15557779 6.80473289 3.63431063
312.15607804 6.79804011 3.62662868
313.15657829 6.79057424 3.62853215
314.15707854 6.77410946 3.62507726
315.15757879 6.74324690 3.63268645
316.15807904 6.73008203 3.63722722
317.15857929 6.72508161 3.63085275
318.15907954 6.70428156 3.62186773
319.15957979 6.68328995 3.62570407
320.16008004 6.65280871 3.62971425
321.16058029 6.63864217 3.63086803
322.16108054 6.62432553 3.63336014
323.16158079 6.59678512 3.63568328
324.16208104 6.58087913 3.65007993
325.16258129 6.56352634 3.65358949
326.16308154 6.54151556 3.66072749
327.16358179 6.52181376 3.66691110
328.16408204 6.49807558 3.66695655
329.16458229 6.49075641 3.66421407
330.16508254 6.47159474 3.66619756
331.16558279 6.45681286 3.67130120
332.16608304 6.44611561 3.67594022
333.16658329 6.42412870 3.67604526
334.16708354 6.40773785 3.67556203
335.16758379 6.39782983 3.68651360
336.16808404 6.37842975 3.69270914
337.16858429 6.34608535 3.68159847
338.16908454 6.34156818 3.68605787
339.16958479 6.32721116 3.68928652
340.17008504 6.31377597 3.68858585
341.17058529 6.28693620 3.69096146
342.17108554 6.26970930 3.69820557
343.17158579 6.24682596 3.70248933
344.17208604 6.23116369 3.70500909
345.17258629 6.21500372 3.71181547
346.17308654 6.20397965 3.72068000
347.17358679 6.18944377 3.72707042
348.17408704 6.16435940 3.73844965
349.17458729 6.13618776 3.74501937
350.17508754 6.12962328 3.74534649
351.17558779 6.11814034 3.74538701
352.17608804 6.10334870 3.74910398
353.17658829 6.08786167 3.75685904
354.17708854 6.06254605 3.76303944
355.17758879 6.04765600 3.76380250
356.17808904 6.03639233 3.77206383
357.17858929 6.01303673 3.77107236
358.17908954 6.00904225 3.77169817
359.17958979 5.99212596 3.77345089
360.18009005 5.97592452 3.77309390
361.18059030 5.96197967 3.76295043
362.18109055 5.94754391 3.76595508
363.18159080 5.93713213 3.77360077
364.18209105 5.92477946 3.77086642
365.18259130 5.91146175 3.77395259
366.18309155 5.88396553 3.77966400
367.18359180 5.87219302 3.78361023
368.18409205 5.85033993 3.78242577
369.18459230 5.83315722 3.78695731
370.18509255 5.82933048 3.79610857
371.18559280 5.80179106 3.78847462
372.18609305 5.77951950 3.79169985
373.18659330 5.76818717 3.78741216
374.18709355 5.75479962 3.79423662
375.18759380 5.74449257 3.79960467
376.18809405 5.72390385 3.78953017
377.18859430 5.69995639 3.79852999
378.18909455 5.68180167 3.80122828
379.18959480 5.66893602 3.80150154
380.19009505 5.65757724 3.80910722
381.19059530 5.64442944 3.80970358
382.19109555 5.62961705 3.81272093
383.19159580 5.61230595 3.81929979
384.19209605 5.59876537 3.82215800
385.19259630 5.58536394 3.81944508
386.19309655 5.57287175 3.82475838
387.19359680 5.56534742 3.83139806
388.19409705 5.55308952 3.83056096
389.19459730 5.53297936 3.82899936
390.19509755 5.51862372 3.82457221
391.19559780 5.50278221 3.83145744
392.19609805 5.48715628 3.83372868
393.19659830 5.47143248 3.83359408
394.19709855 5.45842698 3.82652122
395.19759880 5.44730780 3.82914322
396.19809905 5.42843245 3.82875712
397.19859930 5.41027711 3.83623885
398.19909955 5.39297557 3.83649329
399.19959980 5.36773992 3.84769477
400.20010005 5.35209744 3.84868339
401.20060030 5.33820918 3.84962641
402.20110055 5.32391907 3.84676051
403.20160080 5.30341830 3.84505770
404.20210105 5.28664935 3.84179431
405.20260130 5.27381376 3.83947049
406.20310155 5.25690878 3.84188384
407.20360180 5.24888584 3.84009937
408.20410205 5.22262642 3.84749526
409.20460230 5.21026376 3.84715590
410.20510255 5.19603972 3.84670642
411.20560280 5.18654575 3.84477845
412.20610305 5.16961015 3.84631214
413.20660330 5.15487321 3.83726940
414.20710355 5.14001327 3.83842728
415.20760380 5.13109591 3.83651632
416.20810405 5.12012090 3.83920554
417.20860430 5.10125513 3.83562873
418.20910455 5.09666757 3.83733031
419.20960480 5.07857762 3.83217014
420.21010505 5.05603557 3.83053231
421.21060530 5.02578919 3.83315552
422.21110555 5.00685566 3.82541396
423.21160580 4.98781459 3.82396282
424.21210605 4.97055450 3.82615410
425.21260630 4.95674746 3.82443650
426.21310655 4.94815933 3.82696823
427.21360680 4.94103839 3.82738999
428.21410705 4.92230462 3.82680955
429.21460730 4.91164474 3.82570412
430.21510755 4.89537680 3.82169967
431.21560780 4.87458323 3.81894733
432.21610805 4.86147289 3.82272969
433.21660830 4.83427677 3.81164051
434.21710855 4.81961062 3.81587192
435.21760880 4.81034434 3.81885166
436.21810905 4.80038047 3.81658487
437.21860930 4.78081441 3.81483876
438.21910955 4.77241912 3.80746712
439.21960980 4.73918179 3.80307587
440.22011006 4.72249837 3.80373986
441.22061031 4.70691290 3.80705848
442.22111056 4.69713709 3.80872568
443.22161081 4.69047089 3.80579803
444.22211106 4.67910109 3.80803119
445.22261131 4.66822030 3.80485289
446.22311156 4.64577016 3.80556768
447.22361181 4.62279386 3.80260030
448.22411206 4.60947668 3.81032191
449.22461231 4.58840941 3.81388163
450.22511256 4.57821788 3.81806116
451.22561281 4.55570475 3.81865684
452.22611306 4.54152341 3.80807626
453.22661331 4.52748312 3.80340804
454.22711356 4.51574836 3.80329543
455.22761381 4.50353798 3.80771638
456.22811406 4.49615671 3.81729067
457.22861431 4.48689321 3.81610489
458.22911456 4.45203968 3.81125682
459.22961481 4.43896777 3.80746884
460.23011506 4.42907341 3.80849637
461.23061531 4.42077336 3.81179827
462.23111556 4.40083468 3.80828275
463.23161581 4.38415920 3.81031878
464.23211606 4.38255800 3.81659734
465.23261631 4.38169748 3.81103967
466.23311656 4.36200078 3.80963604
467.23361681 4.34356809 3.80259469
468.23411706 4.32829610 3.80637214
469.23461731 4.31921748 3.80281113
470.23511756 4.30677054 3.80111075
471.23561781 4.30122207 3.80430868
472.23611806 4.29275737 3.80491062
473.23661831 4.27459879 3.79944854
474.23711856 4.27435628 3.80158446
475.23761881 4.25579324 3.80237736
476.23811906 4.24285091 3.80027558
477.23861931 4.23114143 3.80829898
478.23911956 4.21627673 3.80533714
479.23961981 4.20732010 3.80372139
480.24012006 4.18990901 3.80312004
481.24062031 4.18021444 3.80675337
482.24112056 4.17419595 3.81051206
483.24162081 4.16685876 3.81270468
484.24212106 4.15488112 3.80850087
485.24262131 4.14171292 3.80646923
486.24312156 4.13265023 3.81229503
487.24362181 4.12875519 3.81332640
488.24412206 4.11594800 3.81069186
489.24462231 4.10858853 3.81197328
490.24512256 4.09469013 3.81032359
491.24562281 4.08580323 3.81417483
492.24612306 4.07219464 3.81696828
493.24662331 4.05511148 3.81467044
494.24712356 4.03577809 3.81411155
495.24762381 4.01882748 3.81184943
496.24812406 4.00728651 3.80494681
497.24862431 3.98616410 3.80060137
498.24912456 3.97731872 3.79332097
499.24962481 3.96022922 3.78931363
500.25012506 3.95223722 3.78778064
501.25062531 3.95104529 3.78156586
502.25112556 3.94717195 3.78662417
503.25162581 3.93419664 3.78800102
504.25212606 3.92155587 3.77414445
505.25262631 3.91526918 3.77718911
506.25312656 3.88632329 3.77207492
507.25362681 3.87673666 3.76637989
508.25412706 3.86286831 3.75904617
509.25462731 3.85462140 3.75626115
510.25512756 3.83778341 3.74989045
511.25562781 3.82392035 3.74267220
512.25612806 3.81322565 3.73993690
513.25662831 3.80498917 3.73810440
514.25712856 3.79029969 3.73233798
515.25762881 3.78795726 3.73420397
516.25812906 3.78054807 3.73477771
517.25862931 3.77800096 3.73919458
518.25912956 3.76301817 3.73126838
519.25962981 3.75922514 3.73485095
520.26013007 3.75696544 3.73808165
521.26063032 3.75073775 3.73356660
522.26113057 3.74160619 3.73495469
523.26163082 3.73083229 3.73365008
524.26213107 3.71649604 3.73448490
525.26263132 3.70831928 3.73477583
526.26313157 3.69755575 3.73138436
527.26363182 3.69334778 3.73173093
528.26413207 3.67404282 3.71789883
529.26463232 3.66675330 3.72416408
530.26513257 3.66267333 3.72472838
531.26563282 3.65607592 3.71498415
532.26613307 3.64752018 3.71041143
533.26663332 3.63644311 3.71228482
534.26713357 3.63730577 3.71417095
535.26763382 3.63012241 3.71534883
536.26813407 3.62145869 3.71595367
537.26863432 3.61392811 3.71103844
538.26913457 3.59540833 3.70670300
539.26963482 3.58807691 3.70425933
540.27013507 3.57894094 3.70307748
541.27063532 3.57642106 3.71021981
542.27113557 3.56411846 3.70991672
543.27163582 3.54912868 3.71241829
544.27213607 3.52413586 3.70237050
545.27263632 3.51251374 3.70207316
546.27313657 3.51064092 3.70456926
547.27363682 3.49436682 3.70859264
548.27413707 3.48703727 3.70796083
549.27463732 3.47300632 3.70291858
550.27513757 3.46401750 3.70224795
551.27563782 3.45804609 3.70455391
552.27613807 3.45449268 3.70469067
553.27663832 3.44448658 3.70217577
554.27713857 3.43183068 3.70139838
555.27763882 3.42702542 3.70241589
556.27813907 3.42365602 3.70543882
557.27863932 3.41133452 3.70486001
558.27913957 3.40117288 3.69997852
559.27963982 3.38832049 3.70544145
560.28014007 3.39066768 3.70089578
561.28064032 3.38085666 3.69645207
562.28114057 3.37225039 3.69610571
563.28164082 3.35961669 3.69527775
564.28214107 3.34433553 3.68878204
565.28264132 3.33580384 3.68889025
566.28314157 3.32224434 3.69031973
567.28364182 3.31620032 3.69132822
568.28414207 3.31552087 3.68979655
569.28464232 3.30031096 3.68968265
570.28514257 3.29088273 3.69059553
571.28564282 3.28210055 3.68872716
572.28614307 3.27822656 3.68557667
573.28664332 3.26568595 3.68593672
574.28714357 3.25408478 3.68226028
575.28764382 3.24482121 3.67626647
576.28814407 3.23308281 3.67463295
577.28864432 3.22610255 3.67580605
578.28914457 3.21939918 3.67823715
579.28964482 3.20750124 3.67661089
580.29014507 3.20294332 3.68075719
581.29064532 3.18838600 3.67283781
582.29114557 3.18368560 3.68042524
583.29164582 3.17491159 3.68287313
584.29214607 3.16461828 3.67643448
585.29264632 3.16073515 3.67948057
586.29314657 3.15567033 3.68023070
587.29364682 3.14365608 3.68018680
588.29414707 3.13404930 3.67568243
589.29464732 3.11864141 3.67279505
590.29514757 3.11047299 3.66968126
591.29564782 3.10506831 3.67678787
592.29614807 3.10116107 3.67723778
593.29664832 3.09012249 3.67450664
594.29714857 3.07470624 3.67254497
595.29764882 3.06467432 3.67166945
596.29814907 3.05797243 3.67276753
597.29864932 3.04837238 3.66654475
598.29914957 3.04089196 3.67005966
599.29964982 3.03066964 3.66508519
600.30015008 3.02989599 3.66946858
601.30065033 3.02110734 3.66194983
602.30115058 3.01316428 3.65549885
603.30165083 3.00405323 3.65698837
604.30215108 3.00720175 3.65288051
605.30265133 2.98849642 3.64136190
606.30315158 2.98025600 3.63653048
607.30365183 2.97466553 3.63110610
608.30415208 2.96800072 3.62797953
609.30465233 2.95845163 3.61889117
610.30515258 2.95101529 3.61644897
611.30565283 2.95000597 3.62106002
612.30615308 2.94097599 3.61629884
613.30665333 2.93012252 3.61270570
614.30715358 2.91972853 3.61087263
615.30765383 2.90985994 3.60401480
616.30815408 2.90343560 3.60545778
617.30865433 2.89274088 3.60326171
618.30915458 2.87866170 3.59718339
619.30965483 2.88366536 3.60502202
620.31015508 2.86492338 3.59710160
621.31065533 2.85446548 3.59464497
622.31115558 2.84461187 3.59737677
623.31165583 2.83209624 3.59151057
624.31215608 2.82587448 3.58797956
625.31265633 2.81427141 3.58110884
626.31315658 2.80430686 3.57985093
627.31365683 2.80422331 3.57872626
628.31415708 2.79650303 3.58137641
629.31465733 2.79100783 3.57805198
630.31515758 2.77461154 3.57289871
631.31565783 2.77148560 3.57065157
632.31615808 2.76423226 3.56688768
633.31665833 2.75985889 3.56750999
634.31715858 2.74534273 3.56496041
635.31765883 2.74109272 3.57009013
636.31815908 2.72783982 3.56344956
637.31865933 2.72308881 3.56237326
638.31915958 2.71365191 3.55834802
639.31965983 2.70665214 3.55364302
640.32016008 2.69723985 3.54273932
641.32066033 2.69496771 3.53836634
642.32116058 2.68106132 3.53353932
643.32166083 2.66741004 3.52347793
644.32216108 2.66009056 3.52207507
645.32266133 2.65574581 3.51548805
646.32316158 2.65067840 3.51594970
647.32366183 2.64386718 3.51809627
648.32416208 2.63919408 3.51187193
649.32466233 2.62854883 3.49332687
650.32516258 2.62034710 3.49599803
651.32566283 2.61861023 3.49388656
652.32616308 2.61338459 3.48858811
653.32666333 2.59965915 3.48463148
654.32716358 2.59237474 3.48333249
655.32766383 2.59238098 3.48532712
656.32816408 2.58760216 3.48425615
657.32866433 2.57563043 3.48119463
658.32916458 2.56949119 3.47728147
659.32966483 2.56433417 3.47635177
660.33016508 2.55507842 3.47035760
661.33066533 2.54695476 3.45791049
662.33116558 2.53695304 3.44130720
663.33166583 2.52766994 3.43328517
664.33216608 2.52134815 3.42378480
665.33266633 2.52158216 3.42383736
666.33316658 2.50740151 3.41370425
667.33366683 2.49532476 3.41323429
668.33416708 2.48543113 3.40907138
669.33466733 2.47874810 3.40582907
670.33516758 2.47093613 3.40297543
671.33566783 2.46644614 3.39560832
672.33616808 2.46212137 3.39995447
673.33666833 2.46084203 3.39914698
674.33716858 2.45250379 3.39811548
675.33766883 2.44555755 3.39151327
676.33816908 2.42846815 3.37882358
677.33866933 2.43047222 3.37965192
678.33916958 2.42369986 3.37693458
679.33966983 2.41643128 3.37696301
680.34017009 2.39977345 3.36405552
681.34067034 2.38914290 3.35397208
682.34117059 2.37641420 3.34971975
683.34167084 2.37398069 3.35204661
684.34217109 2.36683660 3.34537085
685.34267134 2.36067417 3.34589509
686.34317159 2.35445198 3.33978258
687.34367184 2.34975643 3.34015369
688.34417209 2.33890522 3.33036523
689.34467234 2.32999192 3.32489817
690.34517259 2.32009345 3.32178948
691.34567284 2.31624964 3.31724242
692.34617309 2.31570324 3.31881857
693.34667334 2.29910483 3.30879258
694.34717359 2.28331797 3.29000097
695.34767384 2.27306885 3.28087104
696.34817409 2.26260118 3.26619458
697.34867434 2.25085169 3.26339538
698.34917459 2.24243188 3.25756604
699.34967484 2.22715326 3.24892385
700.35017509 2.22092787 3.24228443
701.35067534 2.21536448 3.24038908
702.35117559 2.21423495 3.23906552
703.35167584 2.20710073 3.23371844
704.35217609 2.19762787 3.23186235
705.35267634 2.18672356 3.22091626
706.35317659 2.17653561 3.21425492
707.35367684 2.17148217 3.21265418
708.35417709 2.16472901 3.20712517
709.35467734 2.16181036 3.20621821
710.35517759 2.15547711 3.19734064
711.35567784 2.14587533 3.18758423
712.35617809 2.13401909 3.17559925
713.35667834 2.12355595 3.17559280
714.35717859 2.10046915 3.16280936
715.35767884 2.09351283 3.16443402
716.35817909 2.08662499 3.15913599
717.35867934 2.08042710 3.15632415
718.35917959 2.06424697 3.13941354
719.35967984 2.05910456 3.13104045
720.36018009 2.05596782 3.13096237
721.36068034 2.04818997 3.12497248
722.36118059 2.03672210 3.11230488
723.36168084 2.02785812 3.10647152
724.36218109 2.02128127 3.10119999
725.36268134 2.01589872 3.10392934
726.36318159 2.00883177 3.10193604
727.36368184 2.00178700 3.09620525
728.36418209 1.98994629 3.08649769
729.36468234 1.97832621 3.07576956
730.36518259 1.97549736 3.06907448
731.36568284 1.97098927 3.06872029
732.36618309 1.97347451 3.07264060
733.36668334 1.96133269 3.06086773
734.36718359 1.96314047 3.06909503
735.36768384 1.96288093 3.06820577
736.36818409 1.95772469 3.06457729
737.36868434 1.94571871 3.06033972
738.36918459 1.94202950 3.05333895
739.36968484 1.93560255 3.05185037
740.37018509 1.92692265 3.04650224
741.37068534 1.91718988 3.03794855
742.37118559 1.90668412 3.03267132
743.37168584 1.89750182 3.02804701
744.37218609 1.89390005 3.02644328
745.37268634 1.89302460 3.02819803
746.37318659 1.87748106 3.01437353
747.37368684 1.87090682 3.01138998
748.37418709 1.86582942 3.01067618
749.37468734 1.85985576 3.00829801
750.37518759 1.85893333 3.01357835
751.37568784 1.84854406 3.00712507
752.37618809 1.84083779 3.00636446
753.37668834 1.83156696 2.99674032
754.37718859 1.82066108 2.98668101
755.37768884 1.81302275 2.98400773
756.37818909 1.80305765 2.98163224
757.37868934 1.79888198 2.98233975
758.37918959 1.78918764 2.96947541
759.37968984 1.78469724 2.96151680
760.38019010 1.78500465 2.96316124
761.38069035 1.77981019 2.95400039
762.38119060 1.77904507 2.95138763
763.38169085 1.77256066 2.95108453
764.38219110 1.76961793 2.94826560
765.38269135 1.76452429 2.94962175
766.38319160 1.75518753 2.94671873
767.38369185 1.75422491 2.94836825
768.38419210 1.74188838 2.94150155
769.38469235 1.74185092 2.93610126
770.38519260 1.73803329 2.93828676
771.38569285 1.72841872 2.93803033
772.38619310 1.71248730 2.92650799
773.38669335 1.70970937 2.92327790
774.38719360 1.70475469 2.92192210
775.38769385 1.69263269 2.91448563
776.38819410 1.69532445 2.91528409
777.38869435 1.68423501 2.90595011
778.38919460 1.67594899 2.90034103
779.38969485 1.67715105 2.90381847
780.39019510 1.67001923 2.89691571
781.39069535 1.66320853 2.88845342
782.39119560 1.65728606 2.87765220
783.39169585 1.65165700 2.87499321
784.39219610 1.65311307 2.87611249
785.39269635 1.64831630 2.87498576
786.39319660 1.63746191 2.86707372
787.39369685 1.63420311 2.86672741
788.39419710 1.62788831 2.86065515
789.39469735 1.62100693 2.86071414
790.39519760 1.61387265 2.85036936
791.39569785 1.60921351 2.84826021
792.39619810 1.60468154 2.84553212
793.39669835 1.59082265 2.83080041
794.39719860 1.58003502 2.82163927
795.39769885 1.57880622 2.81511716
796.39819910 1.57285743 2.81056304
797.39869935 1.57046481 2.81201427
798.39919960 1.56883703 2.80772143
799.39969985 1.56336208 2.79931519
800.40020010 1.55102393 2.78712793
801.40070035 1.54405513 2.78501471
802.40120060 1.53411836 2.77118529
803.40170085 1.52808968 2.76491267
804.40220110 1.52394599 2.75732401
805.40270135 1.52236080 2.75244280
806.40320160 1.51865695 2.75113208
807.40370185 1.51382200 2.74253263
808.40420210 1.51042917 2.74684034
809.40470235 1.50864425 2.75022191
810.40520260 1.49642415 2.73401526
811.40570285 1.49258287 2.73498434
812.40620310 1.48567274 2.73028205
813.40670335 1.48292628 2.72377387
814.40720360 1.47674561 2.71911078
815.40770385 1.46566883 2.70992288
816.40820410 1.46227210 2.71077342
817.40870435 1.46312416 2.71789039
818.40920460 1.45859979 2.71245903
819.40970485 1.45380065 2.70680456
820.41020510 1.44897990 2.70618443
821.41070535 1.44486021 2.69974528
822.41120560 1.43371133 2.68809516
823.41170585 1.42572780 2.67909055
824.41220610 1.41624982 2.66682488
825.41270635 1.40859558 2.65917308
826.41320660 1.40134208 2.65439352
827.41370685 1.39846359 2.65335769
828.41420710 1.38589214 2.64146072
829.41470735 1.37883018 2.63985461
830.41520760 1.37259141 2.63404370
831.41570785 1.37232634 2.63565643
832.41620810 1.36410155 2.62662802
833.41670835 1.36267996 2.62948025
834.41720860 1.35612402 2.62396598
835.41770885 1.35471568 2.62237503
836.41820910 1.34597202 2.61348017
837.41870935 1.34176921 2.61362669
838.41920960 1.33219505 2.60587840
839.41970985 1.32762048 2.60107260
840.42021011 1.32345506 2.59933813
841.42071036 1.32159924 2.59730130
842.42121061 1.31999079 2.59466036
843.42171086 1.31790017 2.59680343
844.42221111 1.31325298 2.58913979
845.42271136 1.30765082 2.58366603
846.42321161 1.29949962 2.57641412
847.42371186 1.29934035 2.57537924
848.42421211 1.29549792 2.57603105
849.42471236 1.28889313 2.57395848
850.42521261 1.28512240 2.56860848
851.42571286 1.27031463 2.54822188
852.42621311 1.26668833 2.54554631
853.42671336 1.25809872 2.53938141
854.42721361 1.25395998 2.53148335
855.42771386 1.24095760 2.52070654
856.42821411 1.24092569 2.52307634
857.42871436 1.23210998 2.51505386
858.42921461 1.22718896 2.50848849
859.42971486 1.22786833 2.51301447
860.43021511 1.22468693 2.51007311
861.43071536 1.22299769 2.51229298
862.43121561 1.21839298 2.50332802
863.43171586 1.21435864 2.49994556
864.43221611 1.21058187 2.49589562
865.43271636 1.20730826 2.49006031
866.43321661 1.20267597 2.48691804
867.43371686 1.19723307 2.48115150
868.43421711 1.19666892 2.48016808
869.43471736 1.19141229 2.47464511
870.43521761 1.18724662 2.47166056
871.43571786 1.18777841 2.47194150
872.43621811 1.18844770 2.47358742
873.43671836 1.17908485 2.46406515
874.43721861 1.17473670 2.46025480
875.43771886 1.16801973 2.45229577
876.43821911 1.16691202 2.45421195
877.43871936 1.16479360 2.45248410
878.43921961 1.15446793 2.44338429
879.43971986 1.14531121 2.43438828
880.44022011 1.14361462 2.43569680
881.44072036 1.14166147 2.43504988
882.44122061 1.13746444 2.42705510
883.44172086 1.13267707 2.42309185
884.44222111 1.12874230 2.41758402
885.44272136 1.12405300 2.40839113
886.44322161 1.12127070 2.40412566
887.44372186 1.11584416 2.39503032
888.44422211 1.11030407 2.38907686
889.44472236 1.10735336 2.38720929
890.44522261 1.10337078 2.38152802
891.44572286 1.10022073 2.37940368
892.44622311 1.09559672 2.38288506
893.44672336 1.08741123 2.36681502
894.44722361 1.08521696 2.36819988
895.44772386 1.08048295 2.36004813
896.44822411 1.08035685 2.36376181
897.44872436 1.07464327 2.35592206
898.44922461 1.07051377 2.35082638
899.44972486 1.07162994 2.35562882
900.45022511 1.06813343 2.34868750
901.45072536 1.06215044 2.33274226
902.45122561 1.05750192 2.32483632
903.45172586 1.05709656 2.32687823
904.45222611 1.04806338 2.32133793
905.45272636 1.04310817 2.30912686
906.45322661 1.03619661 2.30237545
907.45372686 1.02992817 2.29283251
908.45422711 1.02869764 2.29118668
909.45472736 1.02854450 2.29190374
910.45522761 1.02355868 2.28698651
911.45572786 1.02024196 2.28289201
912.45622811 1.01922809 2.28620952
913.45672836 1.01110699 2.27014590
914.45722861 1.00513267 2.26273358
915.45772886 1.01007844 2.26648180
916.45822911 1.00692999 2.25697742
917.45872936 1.00567326 2.25661167
918.45922961 1.00180328 2.24763797
919.45972986 0.99929571 2.24771666
920.46023012 0.99572252 2.23860782
921.46073037 0.98776874 2.22531405
922.46123062 0.98483864 2.22644398
923.46173087 0.98648413 2.22692670
924.46223112 0.97679690 2.20628556
925.46273137 0.97550924 2.20865029
926.46323162 0.97003665 2.20204662
927.46373187 0.97107355 2.20413780
928.46423212 0.96665429 2.20253169
929.46473237 0.96539197 2.20138447
930.46523262 0.96042556 2.20025772
931.46573287 0.95429627 2.19697908
932.46623312 0.95306552 2.19244666
933.46673337 0.95063581 2.18614032
934.46723362 0.94889410 2.18848588
935.46773387 0.94744818 2.18507894
936.46823412 0.94060203 2.17492585
937.46873437 0.93518871 2.17059622
938.46923462 0.93314396 2.17099504
939.46973487 0.93092443 2.16806619
940.47023512 0.92554387 2.17015876
941.47073537 0.92144053 2.16500451
942.47123562 0.91866855 2.16577431
943.47173587 0.91412126 2.16293804
944.47223612 0.91154728 2.15660566
945.47273637 0.90774616 2.14966062
946.47323662 0.90598694 2.15054216
947.47373687 0.90351235 2.14629984
948.47423712 0.90200799 2.14552529
949.47473737 0.89791388 2.14122374
950.47523762 0.89520129 2.14102647
951.47573787 0.89271560 2.13361475
952.47623812 0.89297149 2.13322227
953.47673837 0.89074536 2.13146061
954.47723862 0.88576949 2.12309590
955.47773887 0.88538496 2.12421827
956.47823912 0.88055371 2.11655651
957.47873937 0.87637327 2.11223173
958.47923962 0.87382904 2.11313704
959.47973987 0.86986785 2.11159582
960.48024012 0.86837534 2.11283572
961.48074037 0.86508165 2.10839902
962.48124062 0.86585815 2.10992975
963.48174087 0.86406494 2.10615954
964.48224112 0.86075176 2.10086304
965.48274137 0.85873402 2.09308505
966.48324162 0.85527801 2.08907558
967.48374187 0.85313055 2.08825212
968.48424212 0.85115657 2.08630946
969.48474237 0.84946573 2.08620686
970.48524262 0.84367198 2.08354694
971.48574287 0.84245546 2.08570713
972.48624312 0.83785894 2.07726060
973.48674337 0.83884282 2.07673736
974.48724362 0.83792862 2.07989998
975.48774387 0.83570538 2.07578185
976.48824412 0.82707344 2.06250845
977.48874437 0.82502981 2.05289764
978.48924462 0.82518134 2.05184325
979.48974487 0.82035966 2.04419097
980.49024512 0.81836820 2.04815643
981.49074537 0.81633739 2.04303888
982.49124562 0.81425365 2.04475927
983.49174587 0.81215935 2.04300019
984.49224612 0.81371448 2.04729274
985.49274637 0.81292555 2.04800082
986.49324662 0.81033660 2.04495155
987.49374687 0.80961741 2.04684577
988.49424712 0.80389626 2.03990633
989.49474737 0.79952082 2.02858729
990.49524762 0.79760426 2.03133091
991.49574787 0.79226229 2.02556397
992.49624812 0.79176326 2.02437115
993.49674837 0.78807455 2.02017964
994.49724862 0.78372189 2.01638218
995.49774887 0.77909117 2.01388302
996.49824912 0.77232811 2.00381953
997.49874937 0.77552833 2.00443515
998.49924962 0.77520748 1.99760960
999.49974987 0.77125018 1.99477611
1000.50025013 0.77026222 1.99672855
1001.50075038 0.76951142 1.99385346
1002.50125063 0.76775214 1.99038096
1003.50175088 0.76390177 1.98806820
1004.50225113 0.76481567 1.98849309
1005.50275138 0.76044782 1.98126307
1006.50325163 0.75450911 1.97038954
1007.50375188 0.75031240 1.96577409
1008.50425213 0.74904714 1.96456311
1009.50475238 0.75188070 1.96753795
1010.50525263 0.75095010 1.96628233
1011.50575288 0.74627061 1.96013957
1012.50625313 0.73469951 1.92718194
1013.50675338 0.73227028 1.92157321
1014.50725363 0.72866065 1.91760977
1015.50775388 0.72558254 1.91602175
1016.50825413 0.72720836 1.91851022
1017.50875438 0.72599344 1.91777843
1018.50925463 0.72689518 1.92489362
1019.50975488 0.72448816 1.92018195
1020.51025513 0.72297897 1.91901850
1021.51075538 0.72218449 1.91865632
1022.51125563 0.71731104 1.91222099
1023.51175588 0.71258046 1.90125516
1024.51225613 0.70892075 1.89785246
1025.51275638 0.70414917 1.89698780
1026.51325663 0.70230096 1.89550962
1027.51375688 0.70313660 1.89585968
1028.51425713 0.69693050 1.89193791
1029.51475738 0.69412318 1.88882759
1030.51525763 0.69648766 1.89128362
1031.51575788 0.69111717 1.88834852
1032.51625813 0.69095226 1.88240273
1033.51675838 0.68761747 1.88154312
1034.51725863 0.67680870 1.86130794
1035.51775888 0.67121488 1.85369836
1036.51825913 0.67000141 1.85152204
1037.51875938 0.66911372 1.85266109
1038.51925963 0.66759387 1.84915319
1039.51975988 0.66933236 1.85147252
1040.52026013 0.66769782 1.85046422
1041.52076038 0.66779375 1.84838230
1042.52126063 0.66772101 1.85004642
1043.52176088 0.66490752 1.84566903
1044.52226113 0.66811637 1.84950910
1045.52276138 0.66506665 1.84516942
1046.52326163 0.65220861 1.82280565
1047.52376188 0.65175136 1.82521219
1048.52426213 0.64826804 1.81924652
1049.52476238 0.64684003 1.82029177
1050.52526263 0.64504812 1.82160944
1051.52576288 0.64736772 1.82306075
1052.52626313 0.64745481 1.82664017
1053.52676338 0.64675601 1.82804499
1054.52726363 0.64814024 1.83332520
1055.52776388 0.64633144 1.82682208
1056.52826413 0.64355701 1.81862380
1057.52876438 0.64033407 1.81729971
1058.52926463 0.63430440 1.80811705
1059.52976488 0.63350033 1.81618917
1060.53026513 0.62486969 1.79806594
1061.53076538 0.62226975 1.79166917
1062.53126563 0.62201475 1.79689656
1063.53176588 0.61879617 1.79045729
1064.53226613 0.61978192 1.79644768
1065.53276638 0.61971295 1.79734868
1066.53326663 0.61132927 1.78314997
1067.53376688 0.61136920 1.78260464
1068.53426713 0.61318793 1.78780299
1069.53476738 0.61047744 1.77607458
1070.53526763 0.61146407 1.77974993
1071.53576788 0.60689373 1.77110257
1072.53626813 0.60404672 1.76790995
1073.53676838 0.59833515 1.75713212
1074.53726863 0.59534392 1.75715263
1075.53776888 0.59073138 1.75396030
1076.53826913 0.58713402 1.74468542
1077.53876938 0.58624495 1.74150256
1078.53926963 0.58600363 1.74356973
1079.53976988 0.58272381 1.74033566
1080.54027014 0.57317339 1.72760282
1081.54077039 0.56801036 1.72045740
1082.54127064 0.56931365 1.72515053
1083.54177089 0.56842727 1.72398506
1084.54227114 0.56839424 1.72445143
1085.54277139 0.56334559 1.71746383
1086.54327164 0.55906720 1.70031422
1087.54377189 0.55099847 1.67761243
1088.54427214 0.54926113 1.67316142
1089.54477239 0.54834957 1.67771150
1090.54527264 0.54650959 1.68041094
1091.54577289 0.54108889 1.66879246
1092.54627314 0.53241995 1.64538087
1093.54677339 0.53173128 1.64485199
1094.54727364 0.53002441 1.63825629
1095.54777389 0.52798191 1.63697335
1096.54827414 0.52557308 1.63041249
1097.54877439 0.52422142 1.62919155
1098.54927464 0.52298104 1.63015015
1099.54977489 0.52411476 1.62841115
1100.55027514 0.52001176 1.62308978
1101.55077539 0.51272681 1.61920507
1102.55127564 0.51094300 1.61494754
1103.55177589 0.51177290 1.61651399
1104.55227614 0.51066472 1.61624879
1105.55277639 0.51185992 1.61945500
1106.55327664 0.50979144 1.61862480
1107.55377689 0.50768228 1.61745505
1108.55427714 0.50471617 1.61398271
1109.55477739 0.50835545 1.61964448
1110.55527764 0.50745811 1.62070056
1111.55577789 0.50267115 1.61251260
1112.55627814 0.50008146 1.60040864
1113.55677839 0.49879319 1.60386332
1114.55727864 0.49638323 1.60224363
1115.55777889 0.48864836 1.59105687
1116.55827914 0.48546084 1.59376775
1117.55877939 0.48264146 1.59141707
1118.55927964 0.48479627 1.59262413
1119.55977989 0.48436182 1.59421137
1120.56028014 0.47535495 1.56065065
1121.56078039 0.47232198 1.55155325
1122.56128064 0.46828453 1.54078785
1123.56178089 0.46801880 1.54576661
1124.56228114 0.46640882 1.53377919
1125.56278139 0.46885588 1.53107996
1126.56328164 0.46930601 1.52951436
1127.56378189 0.46876557 1.52807448
1128.56428214 0.46436841 1.51430222
1129.56478239 0.46642108 1.52118673
1130.56528264 0.46377841 1.51963816
1131.56578289 0.46090694 1.51199856
1132.56628314 0.45692208 1.50002905
1133.56678339 0.45808452 1.50114253
1134.56728364 0.45751361 1.49956571
1135.56778389 0.45451889 1.49807689
1136.56828414 0.45233470 1.48348786
1137.56878439 0.44871067 1.47529917
1138.56928464 0.45182269 1.48576171
1139.56978489 0.44893343 1.47312836
1140.57028514 0.44715891 1.47616550
1141.57078539 0.43945385 1.45487445
1142.57128564 0.43980973 1.45347848
1143.57178589 0.44055692 1.45210512
1144.57228614 0.43779964 1.44921172
1145.57278639 0.43740275 1.45008627
1146.57328664 0.43565060 1.44985109
1147.57378689 0.43306479 1.43501955
1148.57428714 0.43132989 1.43303394
1149.57478739 0.42620079 1.42507186
1150.57528764 0.42090255 1.40086198
1151.57578789 0.41757413 1.39321345
1152.57628814 0.41384945 1.38293525
1153.57678839 0.41255016 1.38526240
1154.57728864 0.40861691 1.36967899
1155.57778889 0.40636320 1.36556972
1156.57828914 0.40460544 1.36677632
1157.57878939 0.40557475 1.37015217
1158.57928964 0.40282355 1.36701849
1159.57978989 0.40138912 1.36408716
1160.58029015 0.40077570 1.36446362
1161.58079040 0.39865146 1.36039829
1162.58129065 0.39793961 1.35355827
1163.58179090 0.39493796 1.34736100
1164.58229115 0.39189251 1.33129150
1165.58279140 0.39081961 1.32702280
1166.58329165 0.38744880 1.31885070
1167.58379190 0.38631974 1.31758628
1168.58429215 0.38428171 1.31618891
1169.58479240 0.38455686 1.31493613
1170.58529265 0.38569116 1.31779869
1171.58579290 0.38164472 1.30745337
1172.58629315 0.37978053 1.29918275
1173.58679340 0.37765554 1.29525564
1174.58729365 0.37616512 1.29584662
1175.58779390 0.37317205 1.28507281
1176.58829415 0.37283324 1.28347138
1177.58879440 0.37242225 1.28611481
1178.58929465 0.36862780 1.27757733
1179.58979490 0.36737779 1.27454245
1180.59029515 0.36335809 1.26292522
1181.59079540 0.36184148 1.25830925
1182.59129565 0.35405493 1.23630166
1183.59179590 0.35414479 1.23956845
1184.59229615 0.34933659 1.22671780
1185.59279640 0.34508144 1.21604946
1186.59329665 0.34485999 1.21268550
1187.59379690 0.34308956 1.20675133
1188.59429715 0.33768277 1.19313475
1189.59479740 0.33341746 1.18018311
1190.59529765 0.33297357 1.18314791
1191.59579790 0.33120235 1.17690301
1192.59629815 0.32951252 1.17954173
1193.59679840 0.32641568 1.17293400
1194.59729865 0.32792880 1.17128174
1195.59779890 0.32634092 1.16764778
1196.59829915 0.32254099 1.15197450
1197.59879940 0.32221288 1.15230986
1198.59929965 0.31960870 1.14591060
1199.59979990 0.31798437 1.14762316
1200.60030015 0.31609035 1.14233370
1201.60080040 0.31647760 1.13997977
1202.60130065 0.31432153 1.13896235
1203.60180090 0.31354321 1.13808324
1204.60230115 0.31197362 1.13520511
1205.60280140 0.31434555 1.13866407
1206.60330165 0.31114683 1.13283992
1207.60380190 0.30776670 1.12969401
1208.60430215 0.30415131 1.11915180
1209.60480240 0.30258117 1.12249027
1210.60530265 0.29910793 1.11836072
1211.60580290 0.29823225 1.11820528
1212.60630315 0.29682364 1.11596817
1213.60680340 0.29412614 1.10837623
1214.60730365 0.29267362 1.10953328
1215.60780390 0.29245583 1.11081398
1216.60830415 0.29250210 1.11133838
1217.60880440 0.29196347 1.11079690
1218.60930465 0.28858883 1.10752476
1219.60980490 0.28699477 1.10583539
1220.61030515 0.28797707 1.10632781
1221.61080540 0.28402891 1.09430295
1222.61130565 0.28493146 1.09577597
1223.61180590 0.28517390 1.09447544
1224.61230615 0.28666316 1.09782146
1225.61280640 0.28571766 1.09852319
1226.61330665 0.28372446 1.09351066
1227.61380690 0.28063520 1.08881317
1228.61430715 0.28157818 1.08985614
1229.61480740 0.27932819 1.08555089
1230.61530765 0.27993009 1.08906155
1231.61580790 0.27865639 1.08872701
1232.61630815 0.27181137 1.06242940
1233.61680840 0.27144380 1.06471332
1234.61730865 0.26958650 1.05397295
1235.61780890 0.26725596 1.04510874
1236.61830915 0.26341506 1.03846777
1237.61880940 0.26403665 1.04175406
1238.61930965 0.26038846 1.03446183
1239.61980990 0.25912013 1.03039934
1240.62031016 0.25511425 1.02184685
1241.62081041 0.25467088 1.02015837
1242.62131066 0.25412473 1.02114415
1243.62181091 0.25351122 1.00734051
1244.62231116 0.25145196 0.99818970
1245.62281141 0.24884562 0.99419846
1246.62331166 0.24529189 0.98376348
1247.62381191 0.24712564 0.98590369
1248.62431216 0.24418467 0.98073175
1249.62481241 0.24274624 0.98217157
1250.62531266 0.24043702 0.97973228
1251.62581291 0.24084474 0.98278685
1252.62631316 0.24227468 0.98452396
1253.62681341 0.23917466 0.98225451
1254.62731366 0.23817945 0.98190453
1255.62781391 0.23967096 0.98276996
1256.62831416 0.23851944 0.97836292
1257.62881441 0.24271299 0.99113461
1258.62931466 0.24211859 0.99094999
1259.62981491 0.24327540 0.99703648
1260.63031516 0.24111357 0.99141139
1261.63081541 0.23998454 0.98834523
1262.63131566 0.23957661 0.98892271
1263.63181591 0.23545761 0.98091085
1264.63231616 0.23478876 0.97926673
1265.63281641 0.23092027 0.96723232
1266.63331666 0.22301115 0.91990215
1267.63381691 0.22228929 0.92016350
1268.63431716 0.21738511 0.89709757
1269.63481741 0.21721504 0.89844046
1270.63531766 0.21516121 0.89064414
1271.63581791 0.21243812 0.88269141
1272.63631816 0.21518791 0.89023749
1273.63681841 0.21431183 0.89180064
1274.63731866 0.21457710 0.89187216
1275.63781891 0.21379512 0.88919477
1276.63831916 0.21240341 0.88902645
1277.63881941 0.21281077 0.88760842
1278.63931966 0.20709325 0.87735803
1279.63981991 0.20552062 0.87608877
1280.64032016 0.20467892 0.87416163
1281.64082041 0.20324567 0.87471787
1282.64132066 0.20272013 0.86442166
1283.64182091 0.20964473 0.88426865
1284.64232116 0.21054016 0.89200328
1285.64282141 0.20965204 0.88956121
1286.64332166 0.21006594 0.89383863
1287.64382191 0.20847765 0.88901552
1288.64432216 0.20666548 0.88072867
1289.64482241 0.20376369 0.87709973
1290.64532266 0.20311967 0.87583718
1291.64582291 0.20212788 0.87345972
1292.64632316 0.20183356 0.87289499
1293.64682341 0.20162827 0.87269922
1294.64732366 0.20250634 0.87262232
1295.64782391 0.20037137 0.86689423
1296.64832416 0.19644919 0.85830068
1297.64882441 0.19713391 0.85976477
1298.64932466 0.19609837 0.85890743
1299.64982491 0.19750151 0.86273984
1300.65032516 0.19487462 0.85626720
1301.65082541 0.19462442 0.85612574
1302.65132566 0.19419883 0.85135729
1303.65182591 0.19235972 0.85058290
1304.65232616 0.19099333 0.84977087
1305.65282641 0.19082430 0.84736847
1306.65332666 0.18817646 0.84220216
1307.65382691 0.18713889 0.84238257
1308.65432716 0.18688726 0.84130832
1309.65482741 0.18342296 0.83552647
1310.65532766 0.18271051 0.83705496
1311.65582791 0.18031731 0.83560688
1312.65632816 0.17892132 0.83372729
1313.65682841 0.17722012 0.82626006
1314.65732866 0.17735671 0.82534642
1315.65782891 0.17606457 0.82381456
1316.65832916 0.17403285 0.81765957
1317.65882941 0.17313950 0.81530388
1318.65932966 0.17085305 0.81144746
1319.65982991 0.17096184 0.81071725
1320.66033017 0.16803882 0.80631653
1321.66083042 0.16688789 0.80648014
1322.66133067 0.16819964 0.80704395
1323.66183092 0.16708420 0.80677392
1324.66233117 0.16519596 0.80452299
1325.66283142 0.16935991 0.80788137
1326.66333167 0.17040791 0.80715425
1327.66383192 0.16911012 0.80591621
1328.66433217 0.16736700 0.80548560
1329.66483242 0.16651940 0.80526766
1330.66533267 0.16503728 0.80303169
1331.66583292 0.16553828 0.80415550
1332.66633317 0.16418475 0.80025726
1333.66683342 0.16134834 0.79355719
1334.66733367 0.16148855 0.79439175
1335.66783392 0.16066429 0.79507579
1336.66833417 0.15867835 0.79285999
1337.66883442 0.15700007 0.78953666
1338.66933467 0.15588095 0.78895187
1339.66983492 0.15428874 0.78638574
1340.67033517 0.15503002 0.78966894
1341.67083542 0.15482986 0.79125990
1342.67133567 0.15341712 0.78743332
1343.67183592 0.15284535 0.78928879
1344.67233617 0.15427200 0.79252667
1345.67283642 0.15389869 0.79274240
1346.67333667 0.15279598 0.79132402
1347.67383692 0.15281499 0.79266499
1348.67433717 0.15120787 0.78823820
1349.67483742 0.15067513 0.78770396
1350.67533767 0.15061474 0.78868333
1351.67583792 0.14979151 0.78842399
1352.67633817 0.14807445 0.78424914
1353.67683842 0.14271048 0.75870716
1354.67733867 0.14047945 0.75493598
1355.67783892 0.14321632 0.75612569
1356.67833917 0.14293804 0.75903084
1357.67883942 0.14587468 0.76546600
1358.67933967 0.14504299 0.75781976
1359.67983992 0.14351563 0.75859164
1360.68034017 0.14006210 0.73431688
1361.68084042 0.13830935 0.73351889
1362.68134067 0.13812361 0.72398521
1363.68184092 0.13824727 0.72631900
1364.68234117 0.13776420 0.72589728
1365.68284142 0.13763671 0.72534176
1366.68334167 0.13549554 0.72080348
1367.68384192 0.13454989 0.72200676
1368.68434217 0.13410898 0.72214498
1369.68484242 0.13355624 0.71712368
1370.68534267 0.13328638 0.72468314
1371.68584292 0.13160054 0.71890837
1372.68634317 0.13143405 0.72031832
1373.68684342 0.12984732 0.71351637
1374.68734367 0.12973036 0.71988747
1375.68784392 0.12921578 0.71712372
1376.68834417 0.12880387 0.71575002
1377.68884442 0.12941809 0.71745392
1378.68934467 0.12960204 0.72122081
1379.68984492 0.12893713 0.70930048
1380.69034517 0.12922700 0.70968061
1381.69084542 0.12874130 0.70909024
1382.69134567 0.12764558 0.70585937
1383.69184592 0.12806024 0.70784564
1384.69234617 0.12700400 0.70561626
1385.69284642 0.12561368 0.70515329
1386.69334667 0.12527987 0.70470312
1387.69384692 0.12491513 0.70368386
1388.69434717 0.12401380 0.70300314
1389.69484742 0.12317732 0.70175690
1390.69534767 0.12289414 0.70109356
1391.69584792 0.12200662 0.70099829
1392.69634817 0.12097580 0.69855752
1393.69684842 0.12092323 0.69866689
1394.69734867 0.12158856 0.69962659
1395.69784892 0.12075678 0.69745753
1396.69834917 0.12004212 0.69593477
1397.69884942 0.11971606 0.69363549
1398.69934967 0.11987750 0.69341553
1399.69984992 0.11881410 0.69241654
1400.70035018 0.11863554 0.69152961
1401.70085043 0.11539694 0.68992980
1402.70135068 0.11551927 0.68942383
1403.70185093 0.11671798 0.69026975
1404.70235118 0.11669093 0.69111374
1405.70285143 0.11848952 0.69569343
1406.70335168 0.11875000 0.69595373
1407.70385193 0.11856276 0.69783778
1408.70435218 0.11752593 0.69646145
1409.70485243 0.11711456 0.69646081
1410.70535268 0.11713612 0.69474736
1411.70585293 0.11621998 0.69255043
1412.70635318 0.11640201 0.69141003
1413.70685343 0.11390698 0.68670296
1414.70735368 0.11346788 0.68659791
1415.70785393 0.11282330 0.68607443
1416.70835418 0.11281735 0.68590690
1417.70885443 0.11285583 0.68689035
1418.70935468 0.11051225 0.68111765
1419.70985493 0.11094400 0.68155444
1420.71035518 0.11313027 0.68854312
1421.71085543 0.11167002 0.68632055
1422.71135568 0.11170780 0.68726497
1423.71185593 0.11100829 0.68426290
1424.71235618 0.11128043 0.68749396
1425.71285643 0.11128690 0.68734931
1426.71335668 0.11025992 0.68572549
1427.71385693 0.10907869 0.68429896
1428.71435718 0.10927706 0.68711334
1429.71485743 0.11149320 0.68929306
1430.71535768 0.11075379 0.68745227
1431.71585793 0.11623076 0.71538075
1432.71635818 0.11612768 0.71654481
1433.71685843 0.11551522 0.71270563
1434.71735868 0.11589794 0.71354332
1435.71785893 0.11566078 0.71326323
1436.71835918 0.11542657 0.71296101
1437.71885943 0.11559826 0.71601844
1438.71935968 0.11655740 0.71347149
1439.71985993 0.11625851 0.71375723
1440.72036018 0.11642156 0.71480515
1441.72086043 0.11560623 0.71226447
1442.72136068 0.11703307 0.71353355
1443.72186093 0.11624237 0.71016186
1444.72236118 0.11398748 0.70719853
1445.72286143 0.11258088 0.70476204
1446.72336168 0.11322025 0.70640319
1447.72386193 0.11496154 0.71196261
1448.72436218 0.10935131 0.67767757
1449.72486243 0.10880546 0.67668588
1450.72536268 0.10781497 0.67277794
1451.72586293 0.10656679 0.67332538
1452.72636318 0.10497335 0.67199825
1453.72686343 0.10382660 0.66759340
1454.72736368 0.10363978 0.66736606
1455.72786393 0.10300938 0.66730540
1456.72836418 0.10283442 0.66888871
1457.72886443 0.10326342 0.66969393
1458.72936468 0.10300779 0.67038826
1459.72986493 0.10424133 0.67034615
1460.73036518 0.10383078 0.66987117
1461.73086543 0.10163581 0.65970809
1462.73136568 0.10166555 0.66000551
1463.73186593 0.10237317 0.66007794
1464.73236618 0.10293122 0.66250049
1465.73286643 0.10161775 0.65870927
1466.73336668 0.10080742 0.65861482
1467.73386693 0.09944027 0.65817187
1468.73436718 0.10000039 0.65840950
1469.73486743 0.10100355 0.65755021
1470.73536768 0.10169454 0.65786512
1471.73586793 0.10261694 0.65922283
1472.73636818 0.10217661 0.65939783
1473.73686843 0.10172237 0.65820687
1474.73736868 0.10187375 0.65870166
1475.73786893 0.10062401 0.65800153
1476.73836918 0.09951254 0.65666401
1477.73886943 0.09980585 0.65751010
1478.73936968 0.09732752 0.63713898
1479.73986993 0.09704413 0.63618813
1480.74037019 0.09687985 0.63654696
1481.74087044 0.09664492 0.63753028
1482.74137069 0.09665467 0.63525594
1483.74187094 0.09673962 0.63677040
1484.74237119 0.09655192 0.63601045
1485.74287144 0.09678923 0.63698210
1486.74337169 0.09557758 0.63421233
1487.74387194 0.09334780 0.62499990
1488.74437219 0.09254345 0.62320236
1489.74487244 0.09259678 0.62440001
1490.74537269 0.09158965 0.62196738
1491.74587294 0.09185920 0.62251314
1492.74637319 0.09222501 0.62333808
1493.74687344 0.08959935 0.61472902
1494.74737369 0.08927868 0.61417455
1495.74787394 0.08924394 0.61352330
1496.74837419 0.08964760 0.61263148
1497.74887444 0.09018716 0.61315636
1498.74937469 0.08908204 0.61139493
1499.74987494 0.08909601 0.61140277
1500.75037519 0.08868445 0.61044682
1501.75087544 0.08776664 0.60900814
1502.75137569 0.08515398 0.57736529
1503.75187594 0.08326289 0.57119590
1504.75237619 0.08541247 0.58383913
1505.75287644 0.08403145 0.58141514
1506.75337669 0.08962500 0.61959210
1507.75387694 0.08914248 0.61887158
1508.75437719 0.08740765 0.60967383
1509.75487744 0.08700049 0.60716282
1510.75537769 0.08711494 0.60807453
1511.75587794 0.08650715 0.60956028
1512.75637819 0.08634933 0.60813592
1513.75687844 0.08625874 0.60946349
1514.75737869 0.08315450 0.59594123
1515.75787894 0.08267259 0.59209379
1516.75837919 0.08426019 0.59731453
1517.75887944 0.08346493 0.59670626
1518.75937969 0.08301071 0.59619588
1519.75987994 0.08412477 0.59716394
1520.76038019 0.08337181 0.58248740
1521.76088044 0.08323962 0.58506264
1522.76138069 0.08282721 0.58510370
1523.76188094 0.08265731 0.58635583
1524.76238119 0.08304426 0.58378257
1525.76288144 0.08180622 0.57361854
1526.76338169 0.08433874 0.57749714
1527.76388194 0.08217440 0.56116290
1528.76438219 0.08225505 0.56238557
1529.76488244 0.08162755 0.55970847
1530.76538269 0.08159364 0.56072333
1531.76588294 0.08196137 0.56175355
1532.76638319 0.08217230 0.56216686
1533.76688344 0.08118600 0.56093413
1534.76738369 0.08045322 0.55995463
1535.76788394 0.08032166 0.56163680
1536.76838419 0.08013878 0.56184457
1537.76888444 0.07992192 0.56133365
1538.76938469 0.07945448 0.56162071
1539.76988494 0.08130204 0.57441649
1540.77038519 0.08192357 0.57283497
1541.77088544 0.08027594 0.55962675
1542.77138569 0.07881806 0.55898399
1543.77188594 0.07861590 0.55928744
1544.77238619 0.07836025 0.55831582
1545.77288644 0.07447697 0.52396353
1546.77338669 0.07130679 0.49725011
1547.77388694 0.07165944 0.50976826
1548.77438719 0.07231526 0.51779410
1549.77488744 0.07177206 0.51329747
1550.77538769 0.07129687 0.51026184
1551.77588794 0.07239158 0.51610034
1552.77638819 0.07279677 0.51903457
1553.77688844 0.07170486 0.51135347
1554.77738869 0.07112429 0.51802685
1555.77788894 0.07068073 0.52028252
1556.77838919 0.06832079 0.49687771
1557.77888944 0.06840001 0.49469089
1558.77938969 0.06876692 0.49647305
1559.77988994 0.06882452 0.49724312
1560.78039020 0.06701314 0.48916052
1561.78089045 0.06671023 0.48540260
1562.78139070 0.06610892 0.48575605
1563.78189095 0.06214592 0.47104487
1564.78239120 0.06336823 0.46866757
1565.78289145 0.06342466 0.46859347
1566.78339170 0.06429506 0.47483922
1567.78389195 0.06193456 0.47091947
1568.78439220 0.06199856 0.47192660
1569.78489245 0.06234114 0.47057902
1570.78539270 0.06141766 0.47195760
1571.78589295 0.06114777 0.47153669
1572.78639320 0.06153351 0.47301982
1573.78689345 0.06084957 0.47234451
1574.78739370 0.06021808 0.47092275
1575.78789395 0.06017581 0.47244771
1576.78839420 0.05956323 0.47080475
1577.78889445 0.05941432 0.47055667
1578.78939470 0.06089732 0.47869724
1579.78989495 0.06106759 0.48103134
1580.79039520 0.06076240 0.48037730
1581.79089545 0.06263591 0.48188881
1582.79139570 0.06264521 0.48301152
1583.79189595 0.06115011 0.48091693
1584.79239620 0.06135878 0.48114786
1585.79289645 0.06232127 0.48106554
1586.79339670 0.06206380 0.48158638
1587.79389695 0.06194210 0.48244639
1588.79439720 0.06071004 0.47014747
1589.79489745 0.05981914 0.46726138
1590.79539770 0.05919084 0.46568180
1591.79589795 0.06003302 0.46879921
1592.79639820 0.05934329 0.46687975
1593.79689845 0.05892884 0.46698239
1594.79739870 0.05647320 0.46017213
1595.79789895 0.05598468 0.45955887
1596.79839920 0.05715110 0.45754985
1597.79889945 0.05701697 0.45881230
1598.79939970 0.05879191 0.46250270
1599.79989995 0.05865187 0.46041830
1600.80040020 0.05801245 0.46116906
1601.80090045 0.05765452 0.46127206
1602.80140070 0.05697927 0.45895468
1603.80190095 0.05688494 0.45959059
1604.80240120 0.05805517 0.46134699
1605.80290145 0.05703809 0.45981734
1606.80340170 0.05687522 0.46038874
1607.80390195 0.05627857 0.45988986
1608.80440220 0.05627952 0.45898043
1609.80490245 0.05669501 0.45955529
1610.80540270 0.05625302 0.45999412
1611.80590295 0.05784464 0.46053080
1612.80640320 0.05867165 0.46076874
1613.80690345 0.05814357 0.46171532
1614.80740370 0.05810530 0.46160070
1615.80790395 0.06064105 0.46306391
1616.80840420 0.06127420 0.46490619
1617.80890445 0.06248775 0.46682928
1618.80940470 0.06231818 0.46612127
1619.80990495 0.06424490 0.46822570
1620.81040520 0.06384542 0.46731641
1621.81090545 0.06217376 0.46649613
1622.81140570 0.06424245 0.46961705
1623.81190595 0.06361931 0.46650977
1624.81240620 0.06317966 0.46582145
1625.81290645 0.06365137 0.46674984
1626.81340670 0.06337934 0.46732396
1627.81390695 0.06157449 0.46484399
1628.81440720 0.06085853 0.46552540
1629.81490745 0.06036424 0.46516365
1630.81540770 0.05895280 0.46348391
1631.81590795 0.05830315 0.46381559
1632.81640820 0.05895857 0.46661677
1633.81690845 0.05838594 0.46536085
1634.81740870 0.05798698 0.46528428
1635.81790895 0.05773655 0.46536849
1636.81840920 0.05751176 0.46476321
1637.81890945 0.05543538 0.46195486
1638.81940970 0.05673937 0.46345945
1639.81990995 0.05535965 0.46255279
1640.82041021 0.05528995 0.46256810
1641.82091046 0.05545094 0.46273148
1642.82141071 0.05593664 0.46361619
1643.82191096 0.05565383 0.46390072
1644.82241121 0.05681895 0.46552558
1645.82291146 0.05752560 0.46633779
1646.82341171 0.05678229 0.46630285
1647.82391196 0.05575103 0.46550298
1648.82441221 0.05285702 0.41664322
1649.82491246 0.05221962 0.40634896
1650.82541271 0.05499796 0.40088612
1651.82591296 0.05587528 0.40800243
1652.82641321 0.05521614 0.40636336
1653.82691346 0.05684346 0.40657998
1654.82741371 0.05823696 0.41094477
1655.82791396 0.05729401 0.41196052
1656.82841421 0.05655043 0.41077796
1657.82891446 0.05582124 0.40897034
1658.82941471 0.05636980 0.41115526
1659.82991496 0.05635868 0.41101995
1660.83041521 0.05822827 0.41410821
1661.83091546 0.05877478 0.41624113
1662.83141571 0.05840991 0.41571432
1663.83191596 0.05513779 0.41263835
1664.83241621 0.05547492 0.41299984
1665.83291646 0.05437818 0.41196204
1666.83341671 0.05341918 0.41081707
1667.83391696 0.05238570 0.40881296
1668.83441721 0.05215841 0.41085068
1669.83491746 0.05273399 0.41144278
1670.83541771 0.05149658 0.40985234
1671.83591796 0.05077875 0.40883159
1672.83641821 0.05334566 0.41036507
1673.83691846 0.05265133 0.40894511
1674.83741871 0.05187341 0.40963876
1675.83791896 0.05243076 0.41008929
1676.83841921 0.05168488 0.40990378
1677.83891946 0.05155727 0.41022766
1678.83941971 0.05084631 0.40936213
1679.83991996 0.05002237 0.40888933
1680.84042021 0.04860011 0.39602078
1681.84092046 0.04834785 0.39477523
1682.84142071 0.04795322 0.39553997
1683.84192096 0.04808644 0.39691362
1684.84242121 0.04671192 0.38846708
1685.84292146 0.04571618 0.38569776
1686.84342171 0.04545418 0.38631783
1687.84392196 0.04587391 0.38690174
1688.84442221 0.04571655 0.38716806
1689.84492246 0.04552111 0.38727308
1690.84542271 0.04557254 0.38823279
1691.84592296 0.04541878 0.38844366
1692.84642321 0.04929746 0.39265201
1693.84692346 0.04919518 0.39302904
1694.84742371 0.04840252 0.39222773
1695.84792396 0.04876555 0.39297345
1696.84842421 0.04912789 0.39344203
1697.84892446 0.04831168 0.39160228
1698.84942471 0.04735513 0.39073479
1699.84992496 0.04701892 0.39168707
1700.85042521 0.04690770 0.39036751
1701.85092546 0.04629650 0.38984922
1702.85142571 0.04842222 0.39257611
1703.85192596 0.04838850 0.39278716
1704.85242621 0.04808901 0.39276568
1705.85292646 0.04823470 0.39324885
1706.85342671 0.04775942 0.39401248
1707.85392696 0.04704311 0.39384493
1708.85442721 0.04671021 0.39284225
1709.85492746 0.04771524 0.39529642
1710.85542771 0.04605309 0.39271556
1711.85592796 0.04642072 0.39298452
1712.85642821 0.04636910 0.39256787
1713.85692846 0.04763203 0.39370144
1714.85742871 0.04718375 0.39480863
1715.85792896 0.04695758 0.39448244
1716.85842921 0.05079838 0.39859649
1717.85892946 0.05095573 0.39835028
1718.85942971 0.04949267 0.39659661
1719.85992996 0.05059776 0.39710047
1720.86043022 0.04853973 0.39503223
1721.86093047 0.04802554 0.39381246
1722.86143072 0.04928260 0.39474048
1723.86193097 0.04958891 0.39606260
1724.86243122 0.05001951 0.39752911
1725.86293147 0.04927132 0.39675188
1726.86343172 0.04920598 0.39724733
1727.86393197 0.04885317 0.39691237
1728.86443222 0.04841480 0.39579552
1729.86493247 0.04777600 0.39534101
1730.86543272 0.04836493 0.39632316
1731.86593297 0.04927529 0.39737813
1732.86643322 0.04837008 0.39731048
1733.86693347 0.04843073 0.39736344
1734.86743372 0.04618588 0.37049205
1735.86793397 0.04532847 0.36870791
1736.86843422 0.04375479 0.35659636
1737.86893447 0.04562980 0.35671303
1738.86943472 0.04331972 0.35654914
1739.86993497 0.04325622 0.35515267
1740.87043522 0.04185818 0.35523367
1741.87093547 0.04096186 0.35167000
1742.87143572 0.04296321 0.35593193
1743.87193597 0.04305176 0.35751926
1744.87243622 0.04171068 0.35659343
1745.87293647 0.04249543 0.36104187
1746.87343672 0.04180791 0.35982687
1747.87393697 0.04320639 0.36436366
1748.87443722 0.04399748 0.36328372
1749.87493747 0.04368797 0.36195696
1750.87543772 0.04434078 0.36336979
1751.87593797 0.04441593 0.36447831
1752.87643822 0.04403878 0.36343556
1753.87693847 0.04347151 0.36281111
1754.87743872 0.04357314 0.36242979
1755.87793897 0.04174249 0.35936131
1756.87843922 0.04138638 0.35922870
1757.87893947 0.04193227 0.35972066
1758.87943972 0.04245617 0.36145371
1759.87993997 0.04200163 0.36254460
1760.88044022 0.04195400 0.36210597
1761.88094047 0.04242310 0.36282587
1762.88144072 0.04164466 0.36348169
1763.88194097 0.04030613 0.35895333
1764.88244122 0.04255310 0.36174821
1765.88294147 0.04205774 0.36060559
1766.88344172 0.04164526 0.36184278
1767.88394197 0.04398137 0.37709983
1768.88444222 0.04589861 0.37899914
1769.88494247 0.04511811 0.37659566
1770.88544272 0.04366123 0.36811850
1771.88594297 0.04557967 0.37150597
1772.88644322 0.04571240 0.37706279
1773.88694347 0.04520152 0.37551663
1774.88744372 0.04533145 0.37710686
1775.88794397 0.04538930 0.37661941
1776.88844422 0.04527387 0.37600428
1777.88894447 0.04534367 0.37800840
1778.88944472 0.04291231 0.36449455
1779.88994497 0.04206070 0.36243727
1780.89044522 0.04182818 0.36355930
1781.89094547 0.03993206 0.31727030
1782.89144572 0.03843536 0.30775713
1783.89194597 0.03904228 0.31687854
1784.89244622 0.03878920 0.31656273
1785.89294647 0.03874125 0.31566462
1786.89344672 0.03901043 0.31766644
1787.89394697 0.03900402 0.30970947
1788.89444722 0.03829678 0.30024183
1789.89494747 0.03676521 0.29713766
1790.89544772 0.03686066 0.29169951
1791.89594797 0.03515082 0.28123954
1792.89644822 0.03424555 0.28192092
1793.89694847 0.03360410 0.27970303
1794.89744872 0.03467128 0.28102545
1795.89794897 0.03591550 0.28360982
1796.89844922 0.03478846 0.28227287
1797.89894947 0.03533319 0.28225996
1798.89944972 0.03545695 0.28432829
1799.89994997 0.03689787 0.28705301
1800.90045023 0.03659888 0.28681344
1801.90095048 0.03618388 0.28756546
1802.90145073 0.03632329 0.28814898
1803.90195098 0.03714307 0.28950362
1804.90245123 0.03977982 0.29299397
1805.90295148 0.03997655 0.29396755
1806.90345173 0.03919532 0.29278736
1807.90395198 0.03957675 0.29384397
1808.90445223 0.04005088 0.29677428
1809.90495248 0.03904745 0.29629486
1810.90545273 0.03634783 0.29136620
1811.90595298 0.03656148 0.29244684
1812.90645323 0.03805793 0.29436805
1813.90695348 0.03994040 0.29701812
1814.90745373 0.04017457 0.30020170
1815.90795398 0.04101652 0.30153852
1816.90845423 0.04105220 0.30113702
1817.90895448 0.04016349 0.30061114
1818.90945473 0.03962000 0.29975916
1819.90995498 0.04045040 0.30097962
1820.91045523 0.04068012 0.30184148
1821.91095548 0.04122236 0.30422016
1822.91145573 0.04271272 0.30591489
1823.91195598 0.04150634 0.30572317
1824.91245623 0.04117098 0.30520124
1825.91295648 0.04167249 0.30526352
1826.91345673 0.03785088 0.27734673
1827.91395698 0.03729312 0.27455713
1828.91445723 0.03735439 0.27460673
1829.91495748 0.03715109 0.27474700
1830.91545773 0.03841691 0.27631858
1831.91595798 0.03861711 0.27706019
1832.91645823 0.03882336 0.27807878
1833.91695848 0.03841417 0.27689423
1834.91745873 0.03784638 0.26495537
1835.91795898 0.03714494 0.26474280
1836.91845923 0.03702253 0.26556421
1837.91895948 0.03894603 0.26888991
1838.91945973 0.03949569 0.27217008
1839.91995998 0.03960876 0.26925893
1840.92046023 0.03898721 0.26693573
1841.92096048 0.03983330 0.27076440
1842.92146073 0.04032979 0.27008803
1843.92196098 0.03929222 0.26744240
1844.92246123 0.03607982 0.26305017
1845.92296148 0.03549224 0.26255128
1846.92346173 0.03423379 0.25631942
1847.92396198 0.03423171 0.25789981
1848.92446223 0.03445912 0.26000818
1849.92496248 0.03336936 0.25514248
1850.92546273 0.03214549 0.25398718
1851.92596298 0.03094992 0.25283125
1852.92646323 0.03080121 0.25173507
1853.92696348 0.03049211 0.25150779
1854.92746373 0.03003431 0.25261741
1855.92796398 0.02959177 0.25203634
1856.92846423 0.02886025 0.25192116
1857.92896448 0.02931426 0.25293797
1858.92946473 0.02958284 0.25437983
1859.92996498 0.02636880 0.24845237
1860.93046523 0.02866253 0.25233681
1861.93096548 0.02855856 0.25144682
1862.93146573 0.02784313 0.25068486
1863.93196598 0.02763215 0.25175867
1864.93246623 0.02592525 0.24831103
1865.93296648 0.02591160 0.24854048
1866.93346673 0.02681990 0.25112987
1867.93396698 0.02670693 0.25112637
1868.93446723 0.02518520 0.24795457
1869.93496748 0.02589834 0.24952626
1870.93546773 0.02607267 0.25031362
1871.93596798 0.02535095 0.24863951
1872.93646823 0.02507717 0.24867372
1873.93696848 0.02511432 0.24921410
1874.93746873 0.02467720 0.24864881
1875.93796898 0.02444755 0.24856111
1876.93846923 0.02561751 0.25003231
1877.93896948 0.02543733 0.24928571
1878.93946973 0.02504835 0.24974995
1879.93996998 0.02512176 0.24960628
1880.94047024 0.02564550 0.25011394
1881.94097049 0.02506798 0.25101766
1882.94147074 0.02573740 0.25178714
1883.94197099 0.02693691 0.25579494
1884.94247124 0.02814873 0.25891059
1885.94297149 0.02805477 0.25879760
1886.94347174 0.02748223 0.25752403
1887.94397199 0.02567513 0.25468736
1888.94447224 0.02618043 0.25570541
1889.94497249 0.02570728 0.25377704
1890.94547274 0.02652857 0.25511070
1891.94597299 0.02732206 0.25786103
1892.94647324 0.02709551 0.25658459
1893.94697349 0.02661825 0.25593328
1894.94747374 0.02662094 0.25652813
1895.94797399 0.02690777 0.25644150
1896.94847424 0.02899814 0.25886153
1897.94897449 0.02839800 0.25871507
1898.94947474 0.02806951 0.25786417
1899.94997499 0.02924935 0.25969138
1900.95047524 0.02789598 0.25802702
1901.95097549 0.02839901 0.25867101
1902.95147574 0.02853219 0.25873676
1903.95197599 0.02842568 0.25871883
1904.95247624 0.02797709 0.25820392
1905.95297649 0.02976287 0.26144009
1906.95347674 0.02956203 0.26086702
1907.95397699 0.02896621 0.25973976
1908.95447724 0.02940447 0.25993717
1909.95497749 0.02858334 0.25987292
1910.95547774 0.02901423 0.26110996
1911.95597799 0.02913921 0.25920561
1912.95647824 0.02882441 0.25941512
1913.95697849 0.02741410 0.25798661
1914.95747874 0.02730755 0.25749823
1915.95797899 0.02724206 0.25746774
1916.95847924 0.02661014 0.25685836
1917.95897949 0.02959348 0.26269763
1918.95947974 0.03002382 0.26391846
1919.95997999 0.02869624 0.26003016
1920.96048024 0.02940479 0.26290426
1921.96098049 0.02907061 0.26237370
1922.96148074 0.02866021 0.26085603
1923.96198099 0.02894904 0.26155690
1924.96248124 0.02895593 0.26216153
1925.96298149 0.03056218 0.26455207
1926.96348174 0.02964249 0.26270621
1927.96398199 0.02946674 0.26238373
1928.96448224 0.02873080 0.26096480
1929.96498249 0.02834444 0.25970708
1930.96548274 0.02908249 0.26031653
1931.96598299 0.02938913 0.26179900
1932.96648324 0.02828592 0.25927929
1933.96698349 0.02665493 0.25597458
1934.96748374 0.02565369 0.25501448
1935.96798399 0.02599710 0.25507064
1936.96848424 0.02562036 0.25451210
1937.96898449 0.02590664 0.25421386
1938.96948474 0.02616292 0.25402458
1939.96998499 0.02588353 0.25340433
1940.97048524 0.02723388 0.25664314
1941.97098549 0.02680642 0.25640524
1942.97148574 0.02821710 0.25746036
1943.97198599 0.02876725 0.25728571
1944.97248624 0.02832011 0.25666360
1945.97298649 0.02925785 0.25913882
1946.97348674 0.02967987 0.25986957
1947.97398699 0.02918216 0.25874658
1948.97448724 0.02876342 0.25898038
1949.97498749 0.02861202 0.25877633
1950.97548774 0.03032799 0.26143224
1951.97598799 0.02959394 0.25913907
1952.97648824 0.02983788 0.26114671
1953.97698849 0.02958707 0.26097494
1954.97748874 0.02892744 0.25905310
1955.97798899 0.02763705 0.25729160
1956.97848924 0.02752162 0.25713131
1957.97898949 0.02693967 0.25482769
1958.97948974 0.02696718 0.25601557
1959.97998999 0.02664884 0.25564946
1960.98049025 0.02662949 0.25467093
1961.98099050 0.02738353 0.25341901
1962.98149075 0.02875686 0.25568954
1963.98199100 0.02819257 0.25193045
1964.98249125 0.02754051 0.23297407
1965.98299150 0.02748172 0.24837420
1966.98349175 0.02568971 0.21541148
1967.98399200 0.02403377 0.22327467
1968.98449225 0.02295330 0.20973286
1969.98499250 0.02315265 0.21927330
1970.98549275 0.02363470 0.22210596
1971.98599300 0.02260785 0.21507267
1972.98649325 0.02226798 0.21480291
1973.98699350 0.02287255 0.21947945
1974.98749375 0.02192116 0.21754379
1975.98799400 0.02132802 0.21590736
1976.98849425 0.02110922 0.21625030
1977.98899450 0.01884932 0.17194926
1978.98949475 0.01877305 0.16717381
1979.98999500 0.01870991 0.16508496
1980.99049525 0.01831813 0.16592377
1981.99099550 0.01880175 0.16361779
1982.99149575 0.01960179 0.17388665
1983.99199600 0.01824927 0.16492671
1984.99249625 0.02021389 0.17459857
1985.99299650 0.02229963 0.17666355
1986.99349675 0.02165801 0.17732135
1987.99399700 0.02232780 0.17952828
1988.99449725 0.02207976 0.18128933
1989.99499750 0.02155894 0.17787858
1990.99549775 0.02118227 0.17584935
1991.99599800 0.02165980 0.17882229
1992.99649825 0.02179678 0.18261172
1993.99699850 0.02138604 0.17915619
1994.99749875 0.02298217 0.18121287
1995.99799900 0.02162871 0.17758908
1996.99849925 0.02158246 0.17903771
1997.99899950 0.02222597 0.18010918
1998.99949975 0.02372874 0.18408741
2000.00000000 0.02228776 0.17994010
