0.00000000 4.00000000
2.00200200 3.96055737
4.00400400 3.87319994
6.00600601 3.78620574
8.00800801 3.66963554
10.01001001 3.59852993
12.01201201 3.51623048
14.01401401 3.43491117
16.01601602 3.35203109
18.01801802 3.25595496
20.02002002 3.17758715
22.02202202 3.10544077
24.02402402 2.99699237
26.02602603 2.92531522
28.02802803 2.83390661
30.03003003 2.77066525
32.03203203 2.70483749
34.03403403 2.62468800
36.03603604 2.55048586
38.03803804 2.47586335
40.04004004 2.40650341
42.04204204 2.34258910
44.04404404 2.25881629
46.04604605 2.19576470
48.04804805 2.13760683
50.05005005 2.07141352
52.05205205 2.00308602
54.05405405 1.93276008
56.05605606 1.88832805
58.05805806 1.82774948
60.06006006 1.77843461
62.06206206 1.73280118
64.06406406 1.67544695
66.06606607 1.62260272
68.06806807 1.57504576
70.07007007 1.52466055
72.07207207 1.48349884
74.07407407 1.43631647
76.07607608 1.38058946
78.07807808 1.34635043
80.08008008 1.31280827
82.08208208 1.27530031
84.08408408 1.23844434
86.08608609 1.20126406
88.08808809 1.16097016
90.09009009 1.12898218
92.09209209 1.09337688
94.09409409 1.06225864
96.09609610 1.02499766
98.09809810 0.98667960
100.10010010 0.94876539
102.10210210 0.91253195
104.10410410 0.87821547
106.10610611 0.85324071
108.10810811 0.82357154
110.11011011 0.80083481
112.11211211 0.76865372
114.11411411 0.74578083
116.11611612 0.71736303
118.11811812 0.69645730
120.12012012 0.66773967
122.12212212 0.64131622
124.12412412 0.62231032
126.12612613 0.60047434
128.12812813 0.57906815
130.13013013 0.55791756
132.13213213 0.53965031
134.13413413 0.52012840
136.13613614 0.49851034
138.13813814 0.47916005
140.14014014 0.46177753
142.14214214 0.43887949
144.14414414 0.42239203
146.14614615 0.40414057
148.14814815 0.38941680
150.15015015 0.37668350
152.15215215 0.35936928
154.15415415 0.34386762
156.15615616 0.32728245
158.15815816 0.31675805
160.16016016 0.30958168
162.16216216 0.29873213
164.16416416 0.28980008
166.16616617 0.27937087
168.16816817 0.27110620
170.17017017 0.26069680
172.17217217 0.25320837
174.17417417 0.24473094
176.17617618 0.23318152
178.17817818 0.22475413
180.18018018 0.21911523
182.18218218 0.21178641
184.18418418 0.20576992
186.18618619 0.19962321
188.18818819 0.19367836
190.19019019 0.18815618
192.19219219 0.18363399
194.19419419 0.17869894
196.19619620 0.17124742
198.19819820 0.16414324
200.20020020 0.15928212
202.20220220 0.15465913
204.20420420 0.15024096
206.20620621 0.14469109
208.20820821 0.14056451
210.21021021 0.13450567
212.21221221 0.13072340
214.21421421 0.12648690
216.21621622 0.12081793
218.21821822 0.11758316
220.22022022 0.11322657
222.22222222 0.10973120
224.22422422 0.10592620
226.22622623 0.10256070
228.22822823 0.10053878
230.23023023 0.09802486
232.23223223 0.09472214
234.23423423 0.09227770
236.23623624 0.08869009
238.23823824 0.08536440
240.24024024 0.08240740
242.24224224 0.08163791
244.24424424 0.07880705
246.24624625 0.07561498
248.24824825 0.07278087
250.25025025 0.07099487
252.25225225 0.06922818
254.25425425 0.06765546
256.25625626 0.06524490
258.25825826 0.06356466
260.26026026 0.06147064
262.26226226 0.06105322
264.26426426 0.05944782
266.26626627 0.05650415
268.26826827 0.05462772
270.27027027 0.05495572
272.27227227 0.05270738
274.27427427 0.05027173
276.27627628 0.04826376
278.27827828 0.04686514
280.28028028 0.04421442
282.28228228 0.04301155
284.28428428 0.04164889
286.28628629 0.04022180
288.28828829 0.03932990
290.29029029 0.03817954
292.29229229 0.03918165
294.29429429 0.03881933
296.29629630 0.03724003
298.29829830 0.03445840
300.30030030 0.03383859
302.30230230 0.03421197
304.30430430 0.03306995
306.30630631 0.03361896
308.30830831 0.03257137
310.31031031 0.03164127
312.31231231 0.02997530
314.31431431 0.03071386
316.31631632 0.02981696
318.31831832 0.03032839
320.32032032 0.02954927
322.32232232 0.02730688
324.32432432 0.02605054
326.32632633 0.02495682
328.32832833 0.02413827
330.33033033 0.02324820
332.33233233 0.02340794
334.33433433 0.02375148
336.33633634 0.02284580
338.33833834 0.02371290
340.34034034 0.02307816
342.34234234 0.02260808
344.34434434 0.02200068
346.34634635 0.02153913
348.34834835 0.02145281
350.35035035 0.02055083
352.35235235 0.01957054
354.35435435 0.01873702
356.35635636 0.01871888
358.35835836 0.01925980
360.36036036 0.01885238
362.36236236 0.01833542
364.36436436 0.01920280
366.36636637 0.02065754
368.36836837 0.01950648
370.37037037 0.01803671
372.37237237 0.01772702
374.37437437 0.01732472
376.37637638 0.01731780
378.37837838 0.01692744
380.38038038 0.01638030
382.38238238 0.01554655
384.38438438 0.01653024
386.38638639 0.01778127
388.38838839 0.01706393
390.39039039 0.01546099
392.39239239 0.01669218
394.39439439 0.01655772
396.39639640 0.01944326
398.39839840 0.01912155
400.40040040 0.01993473
402.40240240 0.02116778
404.40440440 0.01948642
406.40640641 0.02051663
408.40840841 0.02072478
410.41041041 0.02029218
412.41241241 0.01959393
414.41441441 0.02059796
416.41641642 0.02212190
418.41841842 0.02162266
420.42042042 0.02115403
422.42242242 0.02030744
424.42442442 0.01943189
426.42642643 0.01888633
428.42842843 0.01865218
430.43043043 0.01813678
432.43243243 0.01787987
434.43443443 0.01754282
436.43643644 0.01688039
438.43843844 0.01636425
440.44044044 0.01602222
442.44244244 0.01575665
444.44444444 0.01527717
446.44644645 0.01552815
448.44844845 0.01613395
450.45045045 0.01586474
452.45245245 0.01517617
454.45445445 0.01491790
456.45645646 0.01479279
458.45845846 0.01332505
460.46046046 0.01299933
462.46246246 0.01284589
464.46446446 0.01258868
466.46646647 0.01368637
468.46846847 0.01358862
470.47047047 0.01312588
472.47247247 0.01276957
474.47447447 0.01237188
476.47647648 0.01212945
478.47847848 0.01205994
480.48048048 0.01164048
482.48248248 0.01118959
484.48448448 0.01082566
486.48648649 0.01050042
488.48848849 0.01007161
490.49049049 0.00988566
492.49249249 0.00961247
494.49449449 0.00967017
496.49649650 0.00939604
498.49849850 0.00923551
500.50050050 0.00887756
502.50250250 0.00854982
504.50450450 0.00835011
506.50650651 0.00773924
508.50850851 0.00756672
510.51051051 0.00741706
512.51251251 0.00896039
514.51451451 0.00894246
516.51651652 0.00868931
518.51851852 0.00840520
520.52052052 0.00813008
522.52252252 0.00789418
524.52452452 0.00970580
526.52652653 0.01018568
528.52852853 0.00974370
530.53053053 0.01098375
532.53253253 0.01243811
534.53453453 0.01211408
536.53653654 0.00994183
538.53853854 0.01009142
540.54054054 0.00993463
542.54254254 0.00937872
544.54454454 0.00918301
546.54654655 0.00968797
548.54854855 0.01021866
550.55055055 0.01011582
552.55255255 0.01149302
554.55455455 0.01147690
556.55655656 0.01124076
558.55855856 0.01241236
560.56056056 0.01217088
562.56256256 0.01140566
564.56456456 0.01163123
566.56656657 0.01119057
568.56856857 0.01163234
570.57057057 0.01161436
572.57257257 0.01158021
574.57457457 0.01196351
576.57657658 0.01162045
578.57857858 0.01155596
580.58058058 0.01131717
582.58258258 0.01118931
584.58458458 0.01365138
586.58658659 0.01341773
588.58858859 0.01680864
590.59059059 0.01650995
592.59259259 0.01642424
594.59459459 0.01628058
596.59659660 0.01599614
598.59859860 0.01745395
600.60060060 0.01515764
602.60260260 0.01495881
604.60460460 0.01629970
606.60660661 0.01630670
608.60860861 0.01550190
610.61061061 0.01667682
612.61261261 0.01642310
614.61461461 0.01817215
616.61661662 0.01868611
618.61861862 0.01854944
620.62062062 0.01977334
622.62262262 0.01924668
624.62462462 0.01895118
626.62662663 0.02015352
628.62862863 0.01973551
630.63063063 0.01928197
632.63263263 0.01781633
634.63463463 0.01794164
636.63663664 0.01814280
638.63863864 0.01597537
640.64064064 0.01565308
642.64264264 0.01694126
644.64464464 0.01658865
646.64664665 0.01782927
648.64864865 0.01747996
650.65065065 0.01556526
652.65265265 0.01502285
654.65465465 0.01339549
656.65665666 0.01467910
658.65865866 0.01385862
660.66066066 0.01351576
662.66266266 0.01473188
664.66466466 0.01437791
666.66666667 0.01413450
668.66866867 0.01381487
670.67067067 0.01371699
672.67267267 0.01368479
674.67467467 0.01343883
676.67667668 0.01139076
678.67867868 0.01287006
680.68068068 0.01463646
682.68268268 0.01580916
684.68468468 0.01548465
686.68668669 0.01519954
688.68868869 0.01668355
690.69069069 0.01640154
692.69269269 0.01714491
694.69469469 0.01648897
696.69669670 0.01582632
698.69869870 0.01555605
700.70070070 0.01572132
702.70270270 0.01592448
704.70470470 0.01576300
706.70670671 0.01472650
708.70870871 0.01355390
710.71071071 0.01334795
712.71271271 0.01296014
714.71471471 0.01278375
716.71671672 0.01337924
718.71871872 0.01308111
720.72072072 0.01274270
722.72272272 0.01268296
724.72472472 0.01423186
726.72672673 0.01269724
728.72872873 0.01257864
730.73073073 0.01247747
732.73273273 0.01209247
734.73473473 0.01194277
736.73673674 0.01163456
738.73873874 0.01343457
740.74074074 0.01328466
742.74274274 0.01311143
744.74474474 0.01289444
746.74674675 0.01278933
748.74874875 0.01238586
750.75075075 0.01195054
752.75275275 0.01174417
754.75475475 0.01156986
756.75675676 0.01186668
758.75875876 0.01328195
760.76076076 0.01291285
762.76276276 0.01272201
764.76476476 0.01265094
766.76676677 0.01247476
768.76876877 0.01217944
770.77077077 0.01196667
772.77277277 0.01169696
774.77477477 0.01457891
776.77677678 0.01594238
778.77877878 0.01556181
780.78078078 0.01524554
782.78278278 0.01489282
784.78478478 0.01456901
786.78678679 0.01422924
788.78878879 0.01403429
790.79079079 0.01556848
792.79279279 0.01523606
794.79479479 0.01487301
796.79679680 0.01469568
798.79879880 0.01592138
800.80080080 0.01552604
802.80280280 0.01369029
804.80480480 0.01409826
806.80680681 0.01519280
808.80880881 0.01577236
810.81081081 0.01741052
812.81281281 0.01870288
814.81481481 0.01839923
816.81681682 0.01803680
818.81881882 0.01697445
820.82082082 0.01663325
822.82282282 0.01642630
824.82482482 0.01612308
826.82682683 0.01598162
828.82882883 0.01560007
830.83083083 0.01423342
832.83283283 0.01410786
834.83483483 0.01237665
836.83683684 0.01213803
838.83883884 0.01188407
840.84084084 0.01030083
842.84284284 0.01045806
844.84484484 0.00944867
846.84684685 0.00943748
848.84884885 0.00892947
850.85085085 0.00877156
852.85285285 0.01029688
854.85485485 0.01119728
856.85685686 0.01105922
858.85885886 0.01427447
860.86086086 0.01403993
862.86286286 0.01384992
864.86486486 0.01339048
866.86686687 0.01336460
868.86886887 0.01303193
870.87087087 0.01237294
872.87287287 0.01209867
874.87487487 0.01208421
876.87687688 0.01398331
878.87887888 0.01319064
880.88088088 0.01294825
882.88288288 0.01273731
884.88488488 0.01376002
886.88688689 0.01740264
888.88888889 0.01728771
890.89089089 0.01634350
892.89289289 0.01515060
894.89489489 0.01442375
896.89689690 0.01473732
898.89889890 0.01444445
900.90090090 0.01456665
902.90290290 0.01439840
904.90490490 0.01609796
906.90690691 0.01636588
908.90890891 0.01609218
910.91091091 0.01691834
912.91291291 0.01678754
914.91491491 0.01624656
916.91691692 0.01774220
918.91891892 0.02035978
920.92092092 0.02369433
922.92292292 0.02354880
924.92492492 0.02508614
926.92692693 0.02521208
928.92892893 0.02500612
930.93093093 0.02459836
932.93293293 0.02421368
934.93493493 0.02430052
936.93693694 0.02394382
938.93893894 0.02358533
940.94094094 0.02231103
942.94294294 0.02259360
944.94494494 0.02058429
946.94694695 0.02020278
948.94894895 0.01981951
950.95095095 0.01989687
952.95295295 0.01969813
954.95495495 0.02059492
956.95695696 0.01955064
958.95895896 0.01896103
960.96096096 0.02065982
962.96296296 0.02022758
964.96496496 0.01725896
966.96696697 0.01459777
968.96896897 0.01439519
970.97097097 0.01597243
972.97297297 0.01714491
974.97497497 0.01668221
976.97697698 0.01643650
978.97897898 0.01664428
980.98098098 0.01898595
982.98298298 0.01862774
984.98498498 0.02057060
986.98698699 0.02179973
988.98898899 0.02354756
990.99099099 0.02163224
992.99299299 0.02199945
994.99499499 0.02102971
996.99699700 0.01926610
998.99899900 0.01836610
1001.00100100 0.01826688
1003.00300300 0.01798090
1005.00500501 0.01832757
1007.00700701 0.01807478
1009.00900901 0.01659873
1011.01101101 0.01619888
1013.01301301 0.01779283
1015.01501502 0.01743712
1017.01701702 0.01704020
1019.01901902 0.01669437
1021.02102102 0.01828684
1023.02302302 0.01797790
1025.02502503 0.01763716
1027.02702703 0.01720149
1029.02902903 0.01687270
1031.03103103 0.01838426
1033.03303303 0.01746879
1035.03503504 0.01897227
1037.03703704 0.01864471
1039.03903904 0.01841052
1041.04104104 0.01838464
1043.04304304 0.01676439
1045.04504505 0.01654000
1047.04704705 0.01840276
1049.04904905 0.01781084
1051.05105105 0.01755432
1053.05305305 0.01931461
1055.05505506 0.01881313
1057.05705706 0.02037530
1059.05905906 0.01941418
1061.06106106 0.01706591
1063.06306306 0.01706945
1065.06506507 0.01667139
1067.06706707 0.01646575
1069.06906907 0.01584181
1071.07107107 0.01398581
1073.07307307 0.01724752
1075.07507508 0.01885286
1077.07707708 0.01815247
1079.07907908 0.01787920
1081.08108108 0.01988410
1083.08308308 0.01937577
1085.08508509 0.01912950
1087.08708709 0.01878245
1089.08908909 0.01864790
1091.09109109 0.01827842
1093.09309309 0.01643822
1095.09509510 0.01618264
1097.09709710 0.01752425
1099.09909910 0.01698922
1101.10110110 0.01549519
1103.10310310 0.01522172
1105.10510511 0.01645114
1107.10710711 0.01623650
1109.10910911 0.01615556
1111.11111111 0.01630393
1113.11311311 0.01601163
1115.11511512 0.01569759
1117.11711712 0.01713396
1119.11911912 0.01697757
1121.12112112 0.01666473
1123.12312312 0.01636228
1125.12512513 0.01504619
1127.12712713 0.01650132
1129.12912913 0.01601050
1131.13113113 0.01541508
1133.13313313 0.01500901
1135.13513514 0.01844424
1137.13713714 0.01826059
1139.13913914 0.01601539
1141.14114114 0.01397857
1143.14314314 0.01556025
1145.14514515 0.01753952
1147.14714715 0.01668776
1149.14914915 0.01816220
1151.15115115 0.01664428
1153.15315315 0.01473057
1155.15515516 0.01500511
1157.15715716 0.01453071
1159.15915916 0.01639940
1161.16116116 0.01607540
1163.16316316 0.01650597
1165.16516517 0.01624675
1167.16716717 0.01600786
1169.16916917 0.01564640
1171.17117117 0.01531059
1173.17317317 0.01501976
1175.17517518 0.01645532
1177.17717718 0.01648352
1179.17917918 0.01801659
1181.18118118 0.01738387
1183.18318318 0.01862403
1185.18518519 0.01854739
1187.18718719 0.01862092
1189.18918919 0.01830808
1191.19119119 0.01992319
1193.19319319 0.02127816
1195.19519520 0.01975129
1197.19719720 0.01829355
1199.19919920 0.01923984
1201.20120120 0.01884800
1203.20320320 0.02045809
1205.20520521 0.02103145
1207.20720721 0.01835637
1209.20920921 0.01684094
1211.21121121 0.01654925
1213.21321321 0.01634391
1215.21521522 0.01523040
1217.21721722 0.01512840
1219.21921922 0.01468866
1221.22122122 0.01461302
1223.22322322 0.01604306
1225.22522523 0.01574064
1227.22722723 0.01584141
1229.22922923 0.01492498
1231.23123123 0.01523073
1233.23323323 0.01504010
1235.23523524 0.01486703
1237.23723724 0.01527783
1239.23923924 0.01391680
1241.24124124 0.01500222
1243.24324324 0.01376203
1245.24524525 0.01357039
1247.24724725 0.01342394
1249.24924925 0.01365458
1251.25125125 0.01227301
1253.25325325 0.01399961
1255.25525526 0.01376987
1257.25725726 0.01346870
1259.25925926 0.01639357
1261.26126126 0.01798230
1263.26326326 0.01648814
1265.26526527 0.01629669
1267.26726727 0.01638141
1269.26926927 0.01571909
1271.27127127 0.01554429
1273.27327327 0.01705011
1275.27527528 0.01837956
1277.27727728 0.01987294
1279.27927928 0.01952932
1281.28128128 0.01934693
1283.28328328 0.01904003
1285.28528529 0.01875734
1287.28728729 0.01829134
1289.28928929 0.01986340
1291.29129129 0.02104049
1293.29329329 0.02091805
1295.29529530 0.02056133
1297.29729730 0.02013959
1299.29929930 0.01979523
1301.30130130 0.02157570
1303.30330330 0.02126589
1305.30530531 0.02097079
1307.30730731 0.02160382
1309.30930931 0.02134115
1311.31131131 0.01962726
1313.31331331 0.01942079
1315.31531532 0.01857880
1317.31731732 0.01810489
1319.31931932 0.01919594
1321.32132132 0.01903093
1323.32332332 0.01763888
1325.32532533 0.01922959
1327.32732733 0.01923037
1329.32932933 0.01894496
1331.33133133 0.01879717
1333.33333333 0.02123081
1335.33533534 0.02111631
1337.33733734 0.02258151
1339.33933934 0.02407228
1341.34134134 0.02347882
1343.34334334 0.02111021
1345.34534535 0.02046652
1347.34734735 0.01868227
1349.34934935 0.01823142
1351.35135135 0.01682147
1353.35335335 0.01640399
1355.35535536 0.01640529
1357.35735736 0.01572659
1359.35935936 0.01563827
1361.36136136 0.01695290
1363.36336336 0.01840685
1365.36536537 0.01811921
1367.36736737 0.01738067
1369.36936937 0.01701924
1371.37137137 0.01843061
1373.37337337 0.01812317
1375.37537538 0.01756415
1377.37737738 0.01736922
1379.37937938 0.01875395
1381.38138138 0.01829131
1383.38338338 0.01940230
1385.38538539 0.01764248
1387.38738739 0.01969778
1389.38938939 0.02123954
1391.39139139 0.02324648
1393.39339339 0.02298296
1395.39539540 0.02430949
1397.39739740 0.02570350
1399.39939940 0.02534654
1401.40140140 0.02491913
1403.40340340 0.02476728
1405.40540541 0.02435766
1407.40740741 0.02516090
1409.40940941 0.02527572
1411.41141141 0.02653984
1413.41341341 0.03026983
1415.41541542 0.03175879
1417.41741742 0.02981348
1419.41941942 0.03063296
1421.42142142 0.03027050
1423.42342342 0.03042261
1425.42542543 0.03217198
1427.42742743 0.03144500
1429.42942943 0.03160262
1431.43143143 0.03238038
1433.43343343 0.03373611
1435.43543544 0.03115632
1437.43743744 0.03275240
1439.43943944 0.03228359
1441.44144144 0.03165167
1443.44344344 0.03000574
1445.44544545 0.02936437
1447.44744745 0.02873774
1449.44944945 0.02797239
1451.45145145 0.03012740
1453.45345345 0.02957636
1455.45545546 0.03121795
1457.45745746 0.02930319
1459.45945946 0.02887530
1461.46146146 0.02865407
1463.46346346 0.02815351
1465.46546547 0.02576651
1467.46746747 0.02518136
1469.46946947 0.02665356
1471.47147147 0.02615204
1473.47347347 0.02553345
1475.47547548 0.02694827
1477.47747748 0.02581272
1479.47947948 0.02507736
1481.48148148 0.02664187
1483.48348348 0.02679492
1485.48548549 0.02431757
1487.48748749 0.02382588
1489.48948949 0.02199547
1491.49149149 0.02155184
1493.49349349 0.02103512
1495.49549550 0.01930084
1497.49749750 0.02012290
1499.49949950 0.01914680
1501.50150150 0.01904537
1503.50350350 0.02019540
1505.50550551 0.02031764
1507.50750751 0.02160925
1509.50950951 0.02356194
1511.51151151 0.02308122
1513.51351351 0.02268833
1515.51551552 0.02210160
1517.51751752 0.02009288
1519.51951952 0.01865826
1521.52152152 0.01553234
1523.52352352 0.01526433
1525.52552553 0.01443485
1527.52752753 0.01363832
1529.52952953 0.01313661
1531.53153153 0.01474390
1533.53353353 0.01631498
1535.53553554 0.01602084
1537.53753754 0.01569238
1539.53953954 0.01583426
1541.54154154 0.01466961
1543.54354354 0.01439199
1545.54554555 0.01333979
1547.54754755 0.01344998
1549.54954955 0.01307031
1551.55155155 0.01279028
1553.55355355 0.01254706
1555.55555556 0.01183551
1557.55755756 0.01174282
1559.55955956 0.01151323
1561.56156156 0.01125801
1563.56356356 0.01207791
1565.56556557 0.01209891
1567.56756757 0.01182690
1569.56956957 0.01063351
1571.57157157 0.01089793
1573.57357357 0.01064702
1575.57557558 0.01233972
1577.57757758 0.01209683
1579.57957958 0.01180628
1581.58158158 0.01119961
1583.58358358 0.01300662
1585.58558559 0.01297119
1587.58758759 0.01264921
1589.58958959 0.01256305
1591.59159159 0.01240660
1593.59359359 0.01248028
1595.59559560 0.01235836
1597.59759760 0.01204548
1599.59959960 0.01033824
1601.60160160 0.01202996
1603.60360360 0.01372972
1605.60560561 0.01502516
1607.60760761 0.01481448
1609.60960961 0.01442573
1611.61161161 0.01516272
1613.61361361 0.01485473
1615.61561562 0.01565041
1617.61761762 0.01765688
1619.61961962 0.01485351
1621.62162162 0.01613814
1623.62362362 0.01591621
1625.62562563 0.01577128
1627.62762763 0.01610308
1629.62962963 0.01551661
1631.63163163 0.01523180
1633.63363363 0.01425992
1635.63563564 0.01247317
1637.63763764 0.01197848
1639.63963964 0.01167792
1641.64164164 0.01012519
1643.64364364 0.00948765
1645.64564565 0.00938024
1647.64764765 0.01026438
1649.64964965 0.01152400
1651.65165165 0.01156509
1653.65365365 0.01103850
1655.65565566 0.01076819
1657.65765766 0.01043755
1659.65965966 0.01024167
1661.66166166 0.01238693
1663.66366366 0.01207582
1665.66566567 0.01187405
1667.66766767 0.01160655
1669.66966967 0.01152373
1671.67167167 0.00996141
1673.67367367 0.00910274
1675.67567568 0.01083729
1677.67767768 0.01061716
1679.67967968 0.01006393
1681.68168168 0.01008890
1683.68368368 0.00993613
1685.68568569 0.00969636
1687.68768769 0.00956528
1689.68968969 0.00790708
1691.69169169 0.00772076
1693.69369369 0.00751801
1695.69569570 0.00728018
1697.69769770 0.00769154
1699.69969970 0.00580491
1701.70170170 0.00579597
1703.70370370 0.00555148
1705.70570571 0.00532852
1707.70770771 0.00503771
1709.70970971 0.00498063
1711.71171171 0.00460507
1713.71371371 0.00419481
1715.71571572 0.00414452
1717.71771772 0.00415922
1719.71971972 0.00424899
1721.72172172 0.00409243
1723.72372372 0.00432290
1725.72572573 0.00410017
1727.72772773 0.00416151
1729.72972973 0.00594372
1731.73173173 0.00574163
1733.73373373 0.00546909
1735.73573574 0.00546158
1737.73773774 0.00528005
1739.73973974 0.00709805
1741.74174174 0.01086950
1743.74374374 0.01061289
1745.74574575 0.01058186
1747.74774775 0.01249902
1749.74974975 0.01579376
1751.75175175 0.01499173
1753.75375375 0.01514660
1755.75575576 0.01499266
1757.75775776 0.01476775
1759.75975976 0.01460719
1761.76176176 0.01159501
1763.76376376 0.01129994
1765.76576577 0.01142752
1767.76776777 0.01284276
1769.76976977 0.01577281
1771.77177177 0.01263262
1773.77377377 0.01250133
1775.77577578 0.01279569
1777.77777778 0.01456489
1779.77977978 0.01423286
1781.78178178 0.01765586
1783.78378378 0.01785762
1785.78578579 0.01611613
1787.78778779 0.01641761
1789.78978979 0.01569232
1791.79179179 0.01571119
1793.79379379 0.01730029
1795.79579580 0.01801385
1797.79779780 0.01762736
1799.79979980 0.01690083
1801.80180180 0.01688141
1803.80380380 0.02047467
1805.80580581 0.02136181
1807.80780781 0.02123269
1809.80980981 0.02133498
1811.81181181 0.01895517
1813.81381381 0.01862311
1815.81581582 0.01774923
1817.81781782 0.01847331
1819.81981982 0.01820119
1821.82182182 0.01880658
1823.82382382 0.01819459
1825.82582583 0.01781289
1827.82782783 0.01782687
1829.82982983 0.01964229
1831.83183183 0.01918760
1833.83383383 0.01921666
1835.83583584 0.01899765
1837.83783784 0.01893168
1839.83983984 0.01865744
1841.84184184 0.01835535
1843.84384384 0.01625524
1845.84584585 0.01453435
1847.84784785 0.01423613
1849.84984985 0.01317627
1851.85185185 0.01183690
1853.85385385 0.01156207
1855.85585586 0.01142028
1857.85785786 0.01317452
1859.85985986 0.01243657
1861.86186186 0.01417994
1863.86386386 0.01779764
1865.86586587 0.01760175
1867.86786787 0.01724589
1869.86986987 0.01702472
1871.87187187 0.01681454
1873.87387387 0.01483514
1875.87587588 0.01415729
1877.87787788 0.01405119
1879.87987988 0.01282898
1881.88188188 0.01259394
1883.88388388 0.01235900
1885.88588589 0.01217172
1887.88788789 0.01195156
1889.88988989 0.01155117
1891.89189189 0.01112108
1893.89389389 0.01255506
1895.89589590 0.01199554
1897.89789790 0.01162600
1899.89989990 0.01133754
1901.90190190 0.01121938
1903.90390390 0.01217539
1905.90590591 0.01094381
1907.90790791 0.01241764
1909.90990991 0.01214602
1911.91191191 0.01227336
1913.91391391 0.01379595
1915.91591592 0.01432096
1917.91791792 0.01493695
1919.91991992 0.01856754
1921.92192192 0.01972082
1923.92392392 0.01805572
1925.92592593 0.01774558
1927.92792793 0.01905724
1929.92992993 0.01921927
1931.93193193 0.01882180
1933.93393393 0.01820388
1935.93593594 0.01801167
1937.93793794 0.01822938
1939.93993994 0.01992111
1941.94194194 0.01844762
1943.94394394 0.01984241
1945.94594595 0.02086684
1947.94794795 0.02204251
1949.94994995 0.02186481
1951.95195195 0.02021370
1953.95395395 0.01727605
1955.95595596 0.01580126
1957.95795796 0.01813581
1959.95995996 0.01649849
1961.96196196 0.01514757
1963.96396396 0.01479548
1965.96596597 0.01413786
1967.96796797 0.01408185
1969.96996997 0.01381671
1971.97197197 0.01346230
1973.97397397 0.01331708
1975.97597598 0.01253199
1977.97797798 0.01386037
1979.97997998 0.01548807
1981.98198198 0.01511138
1983.98398398 0.01583859
1985.98598599 0.01601086
1987.98798799 0.01588746
1989.98998999 0.01430632
1991.99199199 0.01362764
1993.99399399 0.01316372
1995.99599600 0.01439683
1997.99799800 0.01480759
2000.00000000 0.01863689
