0.00000000 11.00000000
0.05001250 11.00249220
0.10002501 11.00662304
0.15003751 11.00366779
0.20005001 11.00012024
0.25006252 10.99749226
0.30007502 10.99248702
0.35008752 10.99111027
0.40010003 10.98926961
0.45011253 10.98602952
0.50012503 10.98277008
0.55013753 10.97971784
0.60015004 10.97488417
0.65016254 10.97301244
0.70017504 10.97003310
0.75018755 10.96300539
0.80020005 10.95852049
0.85021255 10.95829900
0.90022506 10.95783405
0.95023756 10.95544857
1.00025006 10.95169557
1.05026257 10.95034417
1.10027507 10.94254822
1.15028757 10.94066235
1.20030008 10.93125404
1.25031258 10.92539915
1.30032508 10.91536909
1.35033758 10.90580689
1.40035009 10.89886350
1.45036259 10.89285975
1.50037509 10.88821171
1.55038760 10.88328056
1.60040010 10.87848850
1.65041260 10.87215003
1.70042511 10.86375720
1.75043761 10.85487808
1.80045011 10.84545272
1.85046262 10.83602170
1.90047512 10.82790480
1.95048762 10.82191003
2.00050013 10.81781179
2.05051263 10.81248613
2.10052513 10.80218222
2.15053763 10.79583975
2.20055014 10.78479210
2.25056264 10.77834006
2.30057514 10.77112064
2.35058765 10.76105465
2.40060015 10.75139071
2.45061265 10.74420303
2.50062516 10.73781768
2.55063766 10.73164454
2.60065016 10.72950535
2.65066267 10.72494950
2.70067517 10.71073825
2.75068767 10.70846574
2.80070018 10.69796767
2.85071268 10.69391351
2.90072518 10.69015842
2.95073768 10.68352976
3.00075019 10.68109700
3.05076269 10.67453760
3.10077519 10.66408796
3.15078770 10.65865523
3.20080020 10.65219488
3.25081270 10.64327540
3.30082521 10.63437510
3.35083771 10.63172277
3.40085021 10.62043983
3.45086272 10.61123482
3.50087522 10.60246395
3.55088772 10.59425915
3.60090023 10.57792116
3.65091273 10.57368985
3.70092523 10.56780520
3.75093773 10.56596429
3.80095024 10.55990176
3.85096274 10.55276812
3.90097524 10.54729327
3.95098775 10.54284019
4.00100025 10.53583259
4.05101275 10.52363282
4.10102526 10.51816274
4.15103776 10.51388038
4.20105026 10.50858200
4.25106277 10.49993982
4.30107527 10.49457764
4.35108777 10.48777199
4.40110028 10.48071772
4.45111278 10.47040032
4.50112528 10.46410725
4.55113778 10.45396805
4.60115029 10.44922359
4.65116279 10.43595182
4.70117529 10.43064537
4.75118780 10.41880560
4.80120030 10.41144084
4.85121280 10.40132341
4.90122531 10.39671254
4.95123781 10.38864697
5.00125031 10.38105409
5.05126282 10.37197255
5.10127532 10.35684188
5.15128782 10.34019767
5.20130033 10.32952759
5.25131283 10.31938455
5.30132533 10.31344177
5.35133783 10.30272228
5.40135034 10.28785196
5.45136284 10.28134322
5.50137534 10.27234998
5.55138785 10.26244855
5.60140035 10.26011594
5.65141285 10.25276659
5.70142536 10.24741510
5.75143786 10.22946301
5.80145036 10.22426361
5.85146287 10.21952113
5.90147537 10.21063740
5.95148787 10.19679600
6.00150038 10.18999295
6.05151288 10.18547645
6.10152538 10.17101535
6.15153788 10.16511949
6.20155039 10.15970820
6.25156289 10.14661081
6.30157539 10.13590769
6.35158790 10.13076464
6.40160040 10.11964161
6.45161290 10.11910393
6.50162541 10.11227883
6.55163791 10.09913330
6.60165041 10.08773393
6.65166292 10.08078342
6.70167542 10.07448396
6.75168792 10.05374419
6.80170043 10.04698981
6.85171293 10.03951920
6.90172543 10.02891823
6.95173793 10.02433633
7.00175044 10.01134406
7.05176294 10.00486557
7.10177544 10.00259017
7.15178795 9.99524830
7.20180045 9.98666769
7.25181295 9.97267569
7.30182546 9.96248270
7.35183796 9.95591796
7.40185046 9.94400170
7.45186297 9.93459225
7.50187547 9.93181825
7.55188797 9.92200189
7.60190048 9.91311119
7.65191298 9.90978036
7.70192548 9.90072241
7.75193798 9.89397274
7.80195049 9.88177083
7.85196299 9.87354711
7.90197549 9.86377219
7.95198800 9.85381951
8.00200050 9.84668339
8.05201300 9.84118614
8.10202551 9.83314187
8.15203801 9.82549651
8.20205051 9.82028821
8.25206302 9.80682834
8.30207552 9.80181149
8.35208802 9.79915675
8.40210053 9.78763563
8.45211303 9.77809662
8.50212553 9.76568709
8.55213803 9.75675899
8.60215054 9.74279199
8.65216304 9.73407427
8.70217554 9.73315762
8.75218805 9.72521812
8.80220055 9.71041921
8.85221305 9.70125413
8.90222556 9.69811448
8.95223806 9.69269848
9.00225056 9.68884087
9.05226307 9.68221520
9.10227557 9.67221957
9.15228807 9.66248175
9.20230058 9.65088602
9.25231308 9.64147034
9.30232558 9.62828102
9.35233808 9.62370635
9.40235059 9.61462854
9.45236309 9.60717089
9.50237559 9.59854522
9.55238810 9.58689857
9.60240060 9.58229565
9.65241310 9.57609667
9.70242561 9.56420391
9.75243811 9.55658480
9.80245061 9.54750038
9.85246312 9.53625061
9.90247562 9.53160324
9.95248812 9.51224825
10.00250063 9.50942724
10.05251313 9.50618510
10.10252563 9.49937317
10.15253813 9.48795757
10.20255064 9.47491889
10.25256314 9.46876112
10.30257564 9.45942465
10.35258815 9.45302032
10.40260065 9.44114071
10.45261315 9.43457536
10.50262566 9.42855757
10.55263816 9.42116290
10.60265066 9.41045361
10.65266317 9.40359428
10.70267567 9.39247608
10.75268817 9.38477810
10.80270068 9.38080627
10.85271318 9.36954209
10.90272568 9.36105285
10.95273818 9.34892593
11.00275069 9.34358052
11.05276319 9.32925602
11.10277569 9.31863876
11.15278820 9.30642971
11.20280070 9.29738855
11.25281320 9.29099795
11.30282571 9.27442248
11.35283821 9.26885109
11.40285071 9.26210564
11.45286322 9.25525259
11.50287572 9.25163262
11.55288822 9.24435376
11.60290073 9.23619443
11.65291323 9.23447473
11.70292573 9.22391478
11.75293823 9.21770161
11.80295074 9.21121825
11.85296324 9.20399940
11.90297574 9.19702635
11.95298825 9.19218676
12.00300075 9.18283756
12.05301325 9.17253047
12.10302576 9.16395869
12.15303826 9.15843605
12.20305076 9.15202064
12.25306327 9.14209779
12.30307577 9.13218877
12.35308827 9.12386606
12.40310078 9.11506800
12.45311328 9.10414383
12.50312578 9.09455737
12.55313828 9.08660381
12.60315079 9.07561410
12.65316329 9.06598881
12.70317579 9.05505058
12.75318830 9.04640591
12.80320080 9.04132724
12.85321330 9.03314723
12.90322581 9.02340613
12.95323831 9.01656796
13.00325081 9.00588473
13.05326332 8.99283806
13.10327582 8.98163815
13.15328832 8.97084526
13.20330083 8.96596479
13.25331333 8.95795779
13.30332583 8.95455730
13.35333833 8.94564880
13.40335084 8.93682101
13.45336334 8.91924387
13.50337584 8.91321462
13.55338835 8.90758563
13.60340085 8.89448357
13.65341335 8.88928990
13.70342586 8.87757426
13.75343836 8.86431925
13.80345086 8.85761301
13.85346337 8.84908644
13.90347587 8.84172794
13.95348837 8.83408718
14.00350088 8.82544809
14.05351338 8.82021881
14.10352588 8.81507863
14.15353838 8.80460842
14.20355089 8.80088945
14.25356339 8.79859783
14.30357589 8.78839224
14.35358840 8.78010548
14.40360090 8.77586957
14.45361340 8.76724841
14.50362591 8.75920076
14.55363841 8.75005656
14.60365091 8.74286771
14.65366342 8.73852561
14.70367592 8.73474362
14.75368842 8.72510982
14.80370093 8.70881099
14.85371343 8.70536849
14.90372593 8.69845251
14.95373843 8.68960173
15.00375094 8.68598950
15.05376344 8.67748521
15.10377594 8.66900621
15.15378845 8.65968937
15.20380095 8.65104698
15.25381345 8.64389809
15.30382596 8.63392295
15.35383846 8.62630037
15.40385096 8.61541762
15.45386347 8.60549187
15.50387597 8.60083229
15.55388847 8.59233968
15.60390098 8.58621749
15.65391348 8.57789962
15.70392598 8.57248091
15.75393848 8.56464022
15.80395099 8.55689610
15.85396349 8.55177441
15.90397599 8.54190352
15.95398850 8.52954841
16.00400100 8.52417456
16.05401350 8.50929369
16.10402601 8.50350975
16.15403851 8.49682355
16.20405101 8.49255590
16.25406352 8.48358354
16.30407602 8.47827525
16.35408852 8.46930686
16.40410103 8.45719019
16.45411353 8.44236398
16.50412603 8.43380346
16.55413853 8.42451212
16.60415104 8.41504955
16.65416354 8.40998332
16.70417604 8.39943852
16.75418855 8.39283907
16.80420105 8.39137774
16.85421355 8.38559048
16.90422606 8.37924452
16.95423856 8.37139938
17.00425106 8.36514561
17.05426357 8.35612320
17.10427607 8.34739866
17.15428857 8.33959372
17.20430108 8.33286752
17.25431358 8.32638878
17.30432608 8.32128040
17.35433858 8.31351584
17.40435109 8.29791999
17.45436359 8.29513776
17.50437609 8.27901525
17.55438860 8.27231803
17.60440110 8.26200396
17.65441360 8.25303649
17.70442611 8.24626836
17.75443861 8.24117067
17.80445111 8.23563236
17.85446362 8.22983936
17.90447612 8.22416732
17.95448862 8.22007588
18.00450113 8.21721121
18.05451363 8.20401570
18.10452613 8.19789919
18.15453863 8.18196469
18.20455114 8.17388653
18.25456364 8.16795862
18.30457614 8.15817848
18.35458865 8.14745690
18.40460115 8.13643006
18.45461365 8.13240805
18.50462616 8.12290997
18.55463866 8.11355802
18.60465116 8.11008908
18.65466367 8.10699019
18.70467617 8.10201242
18.75468867 8.09362760
18.80470118 8.08942613
18.85471368 8.08717504
18.90472618 8.07990000
18.95473868 8.07452651
19.00475119 8.06603443
19.05476369 8.05736635
19.10477619 8.04979986
19.15478870 8.04151954
19.20480120 8.02856297
19.25481370 8.01413350
19.30482621 8.01127852
19.35483871 8.00487317
19.40485121 7.99577264
19.45486372 7.98730723
19.50487622 7.97836212
19.55488872 7.97042854
19.60490123 7.96018034
19.65491373 7.95042477
19.70492623 7.94554287
19.75493873 7.93754347
19.80495124 7.93430534
19.85496374 7.92522178
19.90497624 7.92066204
19.95498875 7.91645996
20.00500125 7.90669964
20.05501375 7.89563223
20.10502626 7.88915624
20.15503876 7.87351095
20.20505126 7.86592025
20.25506377 7.85595021
20.30507627 7.84108469
20.35508877 7.83959025
20.40510128 7.83232340
20.45511378 7.82833480
20.50512628 7.81946215
20.55513878 7.81432146
20.60515129 7.81051119
20.65516379 7.79976325
20.70517629 7.79347242
20.75518880 7.79024328
20.80520130 7.78119612
20.85521380 7.77751596
20.90522631 7.77158223
20.95523881 7.76525293
21.00525131 7.75229726
21.05526382 7.74350921
21.10527632 7.73373824
21.15528882 7.72324610
21.20530133 7.71655746
21.25531383 7.70755788
21.30532633 7.69454345
21.35533883 7.69016700
21.40535134 7.67831563
21.45536384 7.67217285
21.50537634 7.66523853
21.55538885 7.66082682
21.60540135 7.64787392
21.65541385 7.64263157
21.70542636 7.63601506
21.75543886 7.62703836
21.80545136 7.62322405
21.85546387 7.62001566
21.90547637 7.60961317
21.95548887 7.60596232
22.00550138 7.59857491
22.05551388 7.59184799
22.10552638 7.57839519
22.15553888 7.57021281
22.20555139 7.56613749
22.25556389 7.55820312
22.30557639 7.54850937
22.35558890 7.53963782
22.40560140 7.52656378
22.45561390 7.52114571
22.50562641 7.51918035
22.55563891 7.51166699
22.60565141 7.50543468
22.65566392 7.49633459
22.70567642 7.48797111
22.75568892 7.48343702
22.80570143 7.47512146
22.85571393 7.46644930
22.90572643 7.45519689
22.95573893 7.44999446
23.00575144 7.44053307
23.05576394 7.43377116
23.10577644 7.43096582
23.15578895 7.41929262
23.20580145 7.41229966
23.25581395 7.40024905
23.30582646 7.39347185
23.35583896 7.38757100
23.40585146 7.37893216
23.45586397 7.36898502
23.50587647 7.36328741
23.55588897 7.35030813
23.60590148 7.34638287
23.65591398 7.33502832
23.70592648 7.32751103
23.75593898 7.31932243
23.80595149 7.31469174
23.85596399 7.30468319
23.90597649 7.29337219
23.95598900 7.28598668
24.00600150 7.28015895
24.05601400 7.27302837
24.10602651 7.26376779
24.15603901 7.25992676
24.20605151 7.25086520
24.25606402 7.24359819
24.30607652 7.23372463
24.35608902 7.22489670
24.40610153 7.21996020
24.45611403 7.21715038
24.50612653 7.21473869
24.55613903 7.21051253
24.60615154 7.19904559
24.65616404 7.19370754
24.70617654 7.19044090
24.75618905 7.18476394
24.80620155 7.17333665
24.85621405 7.16745143
24.90622656 7.16363860
24.95623906 7.15593902
25.00625156 7.14812764
25.05626407 7.13949439
25.10627657 7.13416131
25.15628907 7.12590523
25.20630158 7.11196681
25.25631408 7.10433695
25.30632658 7.09519575
25.35633908 7.08938785
25.40635159 7.08432893
25.45636409 7.08019021
25.50637659 7.06940777
25.55638910 7.06213439
25.60640160 7.05624917
25.65641410 7.05181395
25.70642661 7.04833581
25.75643911 7.04418786
25.80645161 7.03983121
25.85646412 7.02645389
25.90647662 7.01886433
25.95648912 7.01260532
26.00650163 7.00969352
26.05651413 7.00468177
26.10652663 7.00169772
26.15653913 6.98870192
26.20655164 6.97863961
26.25656414 6.97221525
26.30657664 6.96471091
26.35658915 6.95241498
26.40660165 6.94403069
26.45661415 6.93630598
26.50662666 6.92937307
26.55663916 6.92417311
26.60665166 6.92221109
26.65666417 6.91549635
26.70667667 6.90372458
26.75668917 6.90103439
26.80670168 6.88989438
26.85671418 6.88487391
26.90672668 6.87993859
26.95673918 6.87530237
27.00675169 6.86549931
27.05676419 6.85965368
27.10677669 6.85123496
27.15678920 6.84374605
27.20680170 6.84007756
27.25681420 6.83475430
27.30682671 6.82923231
27.35683921 6.82255395
27.40685171 6.81933672
27.45686422 6.81578428
27.50687672 6.80498668
27.55688922 6.79602229
27.60690173 6.78732827
27.65691423 6.78472138
27.70692673 6.77756969
27.75693923 6.77488345
27.80695174 6.76151422
27.85696424 6.75361690
27.90697674 6.74667731
27.95698925 6.73829383
28.00700175 6.73686472
28.05701425 6.72905312
28.10702676 6.72386195
28.15703926 6.71617387
28.20705176 6.71183936
28.25706427 6.70503011
28.30707677 6.69943179
28.35708927 6.69355323
28.40710178 6.68934535
28.45711428 6.68101929
28.50712678 6.67591527
28.55713928 6.66820985
28.60715179 6.66236160
28.65716429 6.65327626
28.70717679 6.64840174
28.75718930 6.64452403
28.80720180 6.63533160
28.85721430 6.62572248
28.90722681 6.61919635
28.95723931 6.61274246
29.00725181 6.60882791
29.05726432 6.60311298
29.10727682 6.59498411
29.15728932 6.59034984
29.20730183 6.57989271
29.25731433 6.57700481
29.30732683 6.56709205
29.35733933 6.55778227
29.40735184 6.54890004
29.45736434 6.54323403
29.50737684 6.53588832
29.55738935 6.53129851
29.60740185 6.52889740
29.65741435 6.52318136
29.70742686 6.51957044
29.75743936 6.51440282
29.80745186 6.51007994
29.85746437 6.50603213
29.90747687 6.49554311
29.95748937 6.48930876
30.00750188 6.48926712
30.05751438 6.48327751
30.10752688 6.47682928
30.15753938 6.47186015
30.20755189 6.46149753
30.25756439 6.45594678
30.30757689 6.44854181
30.35758940 6.44342829
30.40760190 6.43796392
30.45761440 6.43309390
30.50762691 6.43109541
30.55763941 6.42623858
30.60765191 6.42017365
30.65766442 6.41376094
30.70767692 6.40838283
30.75768942 6.40606735
30.80770193 6.39871972
30.85771443 6.39518216
30.90772693 6.39086682
30.95773943 6.38093669
31.00775194 6.37411302
31.05776444 6.37054578
31.10777694 6.36648734
31.15778945 6.35757551
31.20780195 6.35205417
31.25781445 6.34670107
31.30782696 6.33558128
31.35783946 6.32955906
31.40785196 6.31903927
31.45786447 6.31635624
31.50787697 6.31193056
31.55788947 6.30116668
31.60790198 6.29710923
31.65791448 6.29016513
31.70792698 6.28659898
31.75793948 6.27859386
31.80795199 6.27281373
31.85796449 6.25433183
31.90797699 6.24764205
31.95798950 6.24194849
32.00800200 6.23399158
32.05801450 6.22789952
32.10802701 6.21979881
32.15803951 6.21257142
32.20805201 6.20699859
32.25806452 6.19601616
32.30807702 6.18847997
32.35808952 6.17991345
32.40810203 6.17040873
32.45811453 6.16324285
32.50812703 6.15591863
32.55813953 6.14873548
32.60815204 6.13500543
32.65816454 6.12619305
32.70817704 6.11700810
32.75818955 6.10723029
32.80820205 6.09912525
32.85821455 6.09313937
32.90822706 6.08417934
32.95823956 6.07957765
33.00825206 6.07379441
33.05826457 6.06662163
33.10827707 6.05842815
33.15828957 6.05183654
33.20830208 6.04810125
33.25831458 6.03763474
33.30832708 6.03059180
33.35833958 6.02713460
33.40835209 6.02329894
33.45836459 6.01717440
33.50837709 6.01161001
33.55838960 6.00830212
33.60840210 6.00301300
33.65841460 5.99841254
33.70842711 5.99109811
33.75843961 5.98602154
33.80845211 5.97785274
33.85846462 5.97306931
33.90847712 5.96748223
33.95848962 5.95911783
34.00850213 5.95583743
34.05851463 5.94841171
34.10852713 5.94260537
34.15853963 5.93604162
34.20855214 5.93158318
34.25856464 5.92416765
34.30857714 5.92056121
34.35858965 5.91524941
34.40860215 5.90501782
34.45861465 5.89945730
34.50862716 5.89110767
34.55863966 5.88492261
34.60865216 5.87863215
34.65866467 5.87068926
34.70867717 5.86876080
34.75868967 5.86443259
34.80870218 5.85717520
34.85871468 5.85227748
34.90872718 5.84318670
34.95873968 5.83466783
35.00875219 5.83242047
35.05876469 5.82782969
35.10877719 5.81977100
35.15878970 5.81401185
35.20880220 5.81116924
35.25881470 5.80538839
35.30882721 5.79879451
35.35883971 5.78787614
35.40885221 5.78566352
35.45886472 5.78341761
35.50887722 5.77363062
35.55888972 5.76867919
35.60890223 5.76237574
35.65891473 5.75707255
35.70892723 5.75693790
35.75893973 5.74926461
35.80895224 5.74359779
35.85896474 5.73583942
35.90897724 5.73238603
35.95898975 5.72645102
36.00900225 5.71651373
36.05901475 5.71152533
36.10902726 5.70999472
36.15903976 5.70446345
36.20905226 5.69286093
36.25906477 5.68492792
36.30907727 5.67530283
36.35908977 5.67351700
36.40910228 5.66782740
36.45911478 5.66056618
36.50912728 5.65497884
36.55913978 5.64760278
36.60915229 5.64200138
36.65916479 5.63739650
36.70917729 5.63238417
36.75918980 5.62420995
36.80920230 5.61694699
36.85921480 5.60991646
36.90922731 5.60595460
36.95923981 5.59944082
37.00925231 5.59146214
37.05926482 5.58721464
37.10927732 5.58295213
37.15928982 5.57239922
37.20930233 5.56759952
37.25931483 5.56239003
37.30932733 5.55511982
37.35933983 5.54663402
37.40935234 5.54359596
37.45936484 5.54160846
37.50937734 5.53534152
37.55938985 5.53344278
37.60940235 5.53118347
37.65941485 5.52344586
37.70942736 5.52167543
37.75943986 5.51559481
37.80945236 5.51246090
37.85946487 5.50833717
37.90947737 5.49952562
37.95948987 5.48958539
38.00950238 5.48289193
38.05951488 5.47761521
38.10952738 5.47128967
38.15953988 5.46485318
38.20955239 5.46339314
38.25956489 5.45391193
38.30957739 5.44760912
38.35958990 5.44267477
38.40960240 5.43930984
38.45961490 5.43502890
38.50962741 5.42750696
38.55963991 5.42264870
38.60965241 5.41529270
38.65966492 5.40958421
38.70967742 5.40436887
38.75968992 5.40283358
38.80970243 5.39228284
38.85971493 5.38847705
38.90972743 5.38235443
38.95973993 5.37734041
39.00975244 5.37284230
39.05976494 5.36577898
39.10977744 5.36182843
39.15978995 5.35469898
39.20980245 5.34924110
39.25981495 5.34482459
39.30982746 5.34007774
39.35983996 5.33469046
39.40985246 5.32924985
39.45986497 5.31992988
39.50987747 5.30730547
39.55988997 5.30470355
39.60990248 5.29816479
39.65991498 5.29445333
39.70992748 5.29098812
39.75993998 5.28321409
39.80995249 5.27709527
39.85996499 5.26992656
39.90997749 5.26786019
39.95999000 5.25868667
40.01000250 5.25277898
40.06001500 5.24854082
40.11002751 5.24575695
40.16004001 5.24012559
40.21005251 5.23423978
40.26006502 5.22649904
40.31007752 5.21738839
40.36009002 5.21144571
40.41010253 5.20496290
40.46011503 5.20207122
40.51012753 5.19598822
40.56014004 5.19060337
40.61015254 5.18931948
40.66016504 5.18296017
40.71017754 5.18122962
40.76019005 5.17454403
40.81020255 5.17070096
40.86021505 5.16638088
40.91022756 5.15604854
40.96024006 5.15008868
41.01025256 5.14785805
41.06026507 5.13807866
41.11027757 5.12906121
41.16029007 5.12370760
41.21030258 5.12086837
41.26031508 5.11053745
41.31032758 5.10823905
41.36034009 5.10215926
41.41035259 5.09635818
41.46036509 5.09150824
41.51037759 5.08433929
41.56039010 5.07590192
41.61040260 5.06969455
41.66041510 5.06565051
41.71042761 5.06301633
41.76044011 5.06008930
41.81045261 5.05200711
41.86046512 5.05155777
41.91047762 5.04745333
41.96049012 5.04331906
42.01050263 5.03980666
42.06051513 5.03273491
42.11052763 5.02745332
42.16054014 5.02409551
42.21055264 5.01862606
42.26056514 5.01549455
42.31057764 5.00559892
42.36059015 4.99597923
42.41060265 4.99127595
42.46061515 4.98651542
42.51062766 4.98106513
42.56064016 4.97693604
42.61065266 4.97147020
42.66066517 4.96541958
42.71067767 4.95785649
42.76069017 4.95501224
42.81070268 4.95395580
42.86071518 4.94720082
42.91072768 4.94391369
42.96074019 4.93484324
43.01075269 4.92844613
43.06076519 4.92316983
43.11077769 4.91804689
43.16079020 4.91271485
43.21080270 4.90921201
43.26081520 4.90567122
43.31082771 4.90197117
43.36084021 4.89951356
43.41085271 4.89431323
43.46086522 4.88798283
43.51087772 4.88128410
43.56089022 4.87644360
43.61090273 4.86735522
43.66091523 4.86270897
43.71092773 4.86138431
43.76094024 4.85682346
43.81095274 4.85174179
43.86096524 4.84585213
43.91097774 4.83974064
43.96099025 4.83472897
44.01100275 4.82587758
44.06101525 4.81879086
44.11102776 4.81183939
44.16104026 4.80825365
44.21105276 4.80389477
44.26106527 4.79625998
44.31107777 4.79046718
44.36109027 4.78508993
44.41110278 4.77987482
44.46111528 4.77501091
44.51112778 4.77081269
44.56114029 4.76833457
44.61115279 4.76061589
44.66116529 4.75224064
44.71117779 4.74736250
44.76119030 4.74404105
44.81120280 4.74057952
44.86121530 4.73339160
44.91122781 4.73001170
44.96124031 4.72667540
45.01125281 4.71829057
45.06126532 4.71167599
45.11127782 4.70442890
45.16129032 4.69722809
45.21130283 4.69264308
45.26131533 4.68613492
45.31132783 4.68086718
45.36134034 4.67620013
45.41135284 4.67378303
45.46136534 4.66702635
45.51137784 4.65989789
45.56139035 4.65490502
45.61140285 4.64914076
45.66141535 4.64244827
45.71142786 4.63326190
45.76144036 4.62630099
45.81145286 4.61869404
45.86146537 4.61469896
45.91147787 4.60921178
45.96149037 4.60637132
46.01150288 4.60251587
46.06151538 4.60022322
46.11152788 4.59379212
46.16154039 4.58883259
46.21155289 4.58194591
46.26156539 4.57803290
46.31157789 4.56906902
46.36159040 4.56484398
46.41160290 4.55702940
46.46161540 4.55710017
46.51162791 4.55299345
46.56164041 4.54886943
46.61165291 4.54163347
46.66166542 4.53801995
46.71167792 4.53355341
46.76169042 4.52889033
46.81170293 4.52545953
46.86171543 4.51943586
46.91172793 4.51538374
46.96174044 4.51129250
47.01175294 4.50140786
47.06176544 4.49415203
47.11177794 4.49264597
47.16179045 4.48795757
47.21180295 4.48546107
47.26181545 4.48222437
47.31182796 4.47861931
47.36184046 4.47169224
47.41185296 4.46896234
47.46186547 4.46171770
47.51187797 4.45737086
47.56189047 4.45606858
47.61190298 4.45265983
47.66191548 4.44702105
47.71192798 4.44378691
47.76194049 4.43943788
47.81195299 4.43459504
47.86196549 4.42753094
47.91197799 4.42249586
47.96199050 4.41854972
48.01200300 4.41602817
48.06201550 4.41333725
48.11202801 4.41306357
48.16204051 4.40959489
48.21205301 4.40465280
48.26206552 4.40014843
48.31207802 4.39597099
48.36209052 4.39222904
48.41210303 4.38862248
48.46211553 4.38694648
48.51212803 4.38506115
48.56214054 4.38022177
48.61215304 4.37264895
48.66216554 4.36483012
48.71217804 4.36178126
48.76219055 4.35842518
48.81220305 4.35139672
48.86221555 4.34756493
48.91222806 4.34271555
48.96224056 4.33502506
49.01225306 4.32527086
49.06226557 4.32058571
49.11227807 4.31886961
49.16229057 4.31444674
49.21230308 4.31223287
49.26231558 4.30785946
49.31232808 4.29969372
49.36234059 4.29528654
49.41235309 4.29198717
49.46236559 4.28401360
49.51237809 4.27923591
49.56239060 4.27443148
49.61240310 4.26825362
49.66241560 4.26428378
49.71242811 4.25912668
49.76244061 4.25331584
49.81245311 4.25014789
49.86246562 4.24577699
49.91247812 4.23904383
49.96249062 4.23506654
50.01250313 4.22771616
50.06251563 4.22618020
50.11252813 4.22418823
50.16254064 4.21707437
50.21255314 4.20902500
50.26256564 4.20552635
50.31257814 4.20353885
50.36259065 4.20036467
50.41260315 4.19713580
50.46261565 4.19118659
50.51262816 4.18232651
50.56264066 4.17586527
50.61265316 4.16955106
50.66266567 4.16467776
50.71267817 4.16184999
50.76269067 4.15693892
50.81270318 4.15127061
50.86271568 4.14818640
50.91272818 4.14395560
50.96274069 4.13826852
51.01275319 4.13421614
51.06276569 4.12596780
51.11277819 4.12143274
51.16279070 4.11751870
51.21280320 4.11240688
51.26281570 4.10892867
51.31282821 4.10679327
51.36284071 4.10134848
51.41285321 4.09592121
51.46286572 4.09336419
51.51287822 4.09040990
51.56289072 4.08555106
51.61290323 4.08499174
51.66291573 4.08158489
51.71292823 4.07849822
51.76294074 4.07636188
51.81295324 4.06908160
51.86296574 4.06260944
51.91297824 4.05859874
51.96299075 4.04992109
52.01300325 4.04384616
52.06301575 4.03846454
52.11302826 4.03083653
52.16304076 4.02871340
52.21305326 4.02376557
52.26306577 4.01617378
52.31307827 4.01268151
52.36309077 4.00714846
52.41310328 4.00187643
52.46311578 3.99573557
52.51312828 3.98589867
52.56314079 3.98379685
52.61315329 3.97780466
52.66316579 3.97239478
52.71317829 3.96711245
52.76319080 3.96589961
52.81320330 3.96121952
52.86321580 3.95795270
52.91322831 3.95407165
52.96324081 3.95059180
53.01325331 3.94490406
53.06326582 3.94215015
53.11327832 3.93537015
53.16329082 3.93082635
53.21330333 3.92316975
53.26331583 3.91942675
53.31332833 3.91498753
53.36334084 3.90970608
53.41335334 3.90650779
53.46336584 3.90466041
53.51337834 3.90319709
53.56339085 3.90023736
53.61340335 3.89661486
53.66341585 3.89066150
53.71342836 3.88743264
53.76344086 3.88426284
53.81345336 3.87771756
53.86346587 3.87536892
53.91347837 3.86941022
53.96349087 3.86604670
54.01350338 3.86318062
54.06351588 3.86138075
54.11352838 3.85444492
54.16354089 3.85020047
54.21355339 3.84578835
54.26356589 3.84090766
54.31357839 3.83608943
54.36359090 3.83168479
54.41360340 3.82875103
54.46361590 3.81809793
54.51362841 3.81405514
54.56364091 3.81027038
54.61365341 3.80715054
54.66366592 3.80123565
54.71367842 3.79798071
54.76369092 3.79464184
54.81370343 3.78765332
54.86371593 3.78269293
54.91372843 3.77719896
54.96374094 3.77523058
55.01375344 3.77137429
55.06376594 3.76796001
55.11377844 3.76285547
55.16379095 3.75822628
55.21380345 3.75617236
55.26381595 3.75129232
55.31382846 3.74666756
55.36384096 3.74412537
55.41385346 3.74223961
55.46386597 3.73962700
55.51387847 3.73130931
55.56389097 3.72500130
55.61390348 3.72010882
55.66391598 3.71193253
55.71392848 3.70750865
55.76394099 3.70075113
55.81395349 3.69915120
55.86396599 3.69354796
55.91397849 3.68804171
55.96399100 3.68222119
56.01400350 3.67787196
56.06401600 3.67540136
56.11402851 3.67347946
56.16404101 3.66807294
56.21405351 3.66609819
56.26406602 3.66403182
56.31407852 3.66035250
56.36409102 3.65885081
56.41410353 3.65499649
56.46411603 3.65211627
56.51412853 3.64714377
56.56414104 3.64529562
56.61415354 3.64141165
56.66416604 3.63911980
56.71417854 3.63937602
56.76419105 3.63738775
56.81420355 3.63507226
56.86421605 3.63414723
56.91422856 3.62766503
56.96424106 3.62305637
57.01425356 3.62073036
57.06426607 3.61820309
57.11427857 3.61315215
57.16429107 3.60636125
57.21430358 3.60331087
57.26431608 3.59968655
57.31432858 3.59431287
57.36434109 3.59180127
57.41435359 3.58814237
57.46436609 3.58519160
57.51437859 3.57947562
57.56439110 3.57663947
57.61440360 3.57461959
57.66441610 3.56901160
57.71442861 3.56485726
57.76444111 3.56371616
57.81445361 3.55668982
57.86446612 3.55459561
57.91447862 3.54818330
57.96449112 3.54361835
58.01450363 3.53930942
58.06451613 3.53444180
58.11452863 3.53032069
58.16454114 3.52647238
58.21455364 3.52089452
58.26456614 3.51864348
58.31457864 3.51330897
58.36459115 3.50755427
58.41460365 3.50353045
58.46461615 3.50086804
58.51462866 3.49618049
58.56464116 3.49339347
58.61465366 3.49083468
58.66466617 3.48714079
58.71467867 3.48082755
58.76469117 3.47701360
58.81470368 3.47194703
58.86471618 3.46635279
58.91472868 3.46357307
58.96474119 3.46041353
59.01475369 3.45867595
59.06476619 3.45541640
59.11477869 3.45064624
59.16479120 3.44856166
59.21480370 3.44551626
59.26481620 3.44186430
59.31482871 3.43523881
59.36484121 3.43313310
59.41485371 3.43143113
59.46486622 3.42534106
59.51487872 3.42092608
59.56489122 3.41837990
59.61490373 3.41502109
59.66491623 3.40927524
59.71492873 3.40250695
59.76494124 3.39815680
59.81495374 3.39424670
59.86496624 3.38924964
59.91497874 3.37965318
59.96499125 3.37613118
60.01500375 3.37288953
60.06501625 3.36963513
60.11502876 3.36655937
60.16504126 3.36196863
60.21505376 3.35780404
60.26506627 3.35475370
60.31507877 3.35375406
60.36509127 3.35017769
60.41510378 3.34677171
60.46511628 3.34188022
60.51512878 3.33738635
60.56514129 3.33410925
60.61515379 3.33002623
60.66516629 3.32695597
60.71517879 3.32440209
60.76519130 3.32041456
60.81520380 3.31770529
60.86521630 3.30996738
60.91522881 3.30716034
60.96524131 3.30130496
61.01525381 3.29650557
61.06526632 3.29163957
61.11527882 3.28847670
61.16529132 3.28560658
61.21530383 3.28166350
61.26531633 3.28013058
61.31532883 3.27790825
61.36534134 3.27511078
61.41535384 3.26936698
61.46536634 3.26599750
61.51537884 3.25894795
61.56539135 3.25421856
61.61540385 3.24953174
61.66541635 3.24358954
61.71542886 3.24011642
61.76544136 3.23873320
61.81545386 3.23199337
61.86546637 3.22686563
61.91547887 3.22424372
61.96549137 3.21836419
62.01550388 3.21521293
62.06551638 3.21323731
62.11552888 3.21052710
62.16554139 3.20974702
62.21555389 3.20531441
62.26556639 3.20068529
62.31557889 3.19622925
62.36559140 3.19249924
62.41560390 3.18965160
62.46561640 3.18776875
62.51562891 3.18494232
62.56564141 3.18265910
62.61565391 3.17830054
62.66566642 3.17574719
62.71567892 3.17287983
62.76569142 3.17061198
62.81570393 3.16848613
62.86571643 3.16621058
62.91572893 3.16060985
62.96574144 3.15792556
63.01575394 3.15414364
63.06576644 3.14847318
63.11577894 3.14509867
63.16579145 3.14037316
63.21580395 3.13745233
63.26581645 3.13336447
63.31582896 3.13137222
63.36584146 3.12911117
63.41585396 3.12619704
63.46586647 3.12210752
63.51587897 3.12117342
63.56589147 3.11924677
63.61590398 3.11279003
63.66591648 3.11060586
63.71592898 3.10440726
63.76594149 3.10294318
63.81595399 3.09901396
63.86596649 3.09715618
63.91597899 3.09334239
63.96599150 3.09112517
64.01600400 3.08814625
64.06601650 3.08693164
64.11602901 3.08416300
64.16604151 3.08117340
64.21605401 3.07554767
64.26606652 3.07251527
64.31607902 3.06869924
64.36609152 3.06385891
64.41610403 3.05959755
64.46611653 3.05585173
64.51612903 3.04985718
64.56614154 3.04519476
64.61615404 3.04147181
64.66616654 3.03844966
64.71617904 3.03618616
64.76619155 3.03121894
64.81620405 3.02904626
64.86621655 3.02199355
64.91622906 3.02000703
64.96624156 3.01209098
65.01625406 3.01010601
65.06626657 3.00568274
65.11627907 3.00362575
65.16629157 2.99960391
65.21630408 2.99645032
65.26631658 2.99242579
65.31632908 2.98710377
65.36634159 2.98405189
65.41635409 2.98102408
65.46636659 2.97690194
65.51637909 2.97311409
65.56639160 2.96760921
65.61640410 2.96295544
65.66641660 2.96149768
65.71642911 2.95734217
65.76644161 2.95350691
65.81645411 2.95088285
65.86646662 2.94696664
65.91647912 2.94237426
65.96649162 2.93961741
66.01650413 2.93716221
66.06651663 2.93372952
66.11652913 2.93161197
66.16654164 2.92887299
66.21655414 2.92598131
66.26656664 2.92301908
66.31657914 2.91808412
66.36659165 2.91640973
66.41660415 2.91130263
66.46661665 2.90631753
66.51662916 2.90173238
66.56664166 2.89825059
66.61665416 2.89218867
66.66666667 2.88972503
66.71667917 2.88320486
66.76669167 2.88092575
66.81670418 2.87628343
66.86671668 2.87357222
66.91672918 2.87242156
66.96674169 2.86988897
67.01675419 2.86399776
67.06676669 2.86121462
67.11677919 2.85938688
67.16679170 2.85684545
67.21680420 2.85281237
67.26681670 2.84991805
67.31682921 2.84493633
67.36684171 2.83976401
67.41685421 2.83682878
67.46686672 2.83385791
67.51687922 2.82922194
67.56689172 2.82569356
67.61690423 2.82342355
67.66691673 2.82030898
67.71692923 2.81750250
67.76694174 2.81584593
67.81695424 2.81457333
67.86696674 2.80904256
67.91697924 2.80745645
67.96699175 2.80381349
68.01700425 2.80105003
68.06701675 2.79968325
68.11702926 2.79433068
68.16704176 2.79001656
68.21705426 2.78845410
68.26706677 2.78572651
68.31707927 2.78358513
68.36709177 2.78059226
68.41710428 2.77839397
68.46711678 2.77628568
68.51712928 2.77276763
68.56714179 2.76598996
68.61715429 2.76357451
68.66716679 2.76000597
68.71717929 2.75746635
68.76719180 2.75607519
68.81720430 2.75093218
68.86721680 2.74587350
68.91722931 2.74345184
68.96724181 2.74075265
69.01725431 2.73838207
69.06726682 2.73667224
69.11727932 2.73280214
69.16729182 2.72864036
69.21730433 2.72666389
69.26731683 2.72441805
69.31732933 2.72161480
69.36734184 2.71543705
69.41735434 2.70996030
69.46736684 2.70748357
69.51737934 2.70165440
69.56739185 2.69797717
69.61740435 2.69544388
69.66741685 2.69324563
69.71742936 2.68888868
69.76744186 2.68557219
69.81745436 2.68396821
69.86746687 2.68104832
69.91747937 2.67894759
69.96749187 2.67648178
70.01750438 2.67004711
70.06751688 2.66772157
70.11752938 2.66627662
70.16754189 2.66350687
70.21755439 2.65913538
70.26756689 2.65529042
70.31757939 2.65139717
70.36759190 2.64584673
70.41760440 2.64341909
70.46761690 2.63960355
70.51762941 2.63769078
70.56764191 2.63547326
70.61765441 2.63295952
70.66766692 2.62891257
70.71767942 2.62609423
70.76769192 2.62445042
70.81770443 2.62113372
70.86771693 2.61643536
70.91772943 2.61508732
70.96774194 2.61271392
71.01775444 2.60858687
71.06776694 2.60477989
71.11777944 2.60163155
71.16779195 2.59835204
71.21780445 2.59518157
71.26781695 2.58841687
71.31782946 2.58618519
71.36784196 2.58295722
71.41785446 2.57910537
71.46786697 2.57589129
71.51787947 2.57386144
71.56789197 2.57169364
71.61790448 2.56979198
71.66791698 2.56637694
71.71792948 2.56404623
71.76794199 2.55913346
71.81795449 2.55455292
71.86796699 2.55047120
71.91797949 2.54809249
71.96799200 2.54524710
72.01800450 2.54084156
72.06801700 2.53548980
72.11802951 2.53272423
72.16804201 2.53090999
72.21805451 2.52844733
72.26806702 2.52583511
72.31807952 2.52430665
72.36809202 2.52084327
72.41810453 2.51869712
72.46811703 2.51686094
72.51812953 2.51445262
72.56814204 2.51104256
72.61815454 2.50881121
72.66816704 2.50823450
72.71817954 2.50654337
72.76819205 2.50414017
72.81820455 2.50261555
72.86821705 2.49964943
72.91822956 2.49728093
72.96824206 2.49310791
73.01825456 2.48835491
73.06826707 2.48505887
73.11827957 2.48288344
73.16829207 2.48087250
73.21830458 2.47854518
73.26831708 2.47579474
73.31832958 2.47112991
73.36834209 2.46537336
73.41835459 2.46225116
73.46836709 2.45843983
73.51837959 2.45603933
73.56839210 2.45450092
73.61840460 2.44946538
73.66841710 2.44654173
73.71842961 2.44129398
73.76844211 2.43886275
73.81845461 2.43729887
73.86846712 2.43144656
73.91847962 2.42802380
73.96849212 2.42647637
74.01850463 2.42449980
74.06851713 2.42326867
74.11852963 2.42178090
74.16854214 2.42021648
74.21855464 2.41534518
74.26856714 2.41358828
74.31857964 2.41052508
74.36859215 2.40777667
74.41860465 2.40620820
74.46861715 2.40288226
74.51862966 2.39744861
74.56864216 2.39410586
74.61865466 2.39098938
74.66866717 2.38885302
74.71867967 2.38555613
74.76869217 2.38202611
74.81870468 2.37910804
74.86871718 2.37805915
74.91872968 2.37608311
74.96874219 2.37290160
75.01875469 2.36905606
75.06876719 2.36601529
75.11877969 2.36294982
75.16879220 2.35764101
75.21880470 2.35167732
75.26881720 2.34951060
75.31882971 2.34611228
75.36884221 2.34028480
75.41885471 2.33864227
75.46886722 2.33835015
75.51887972 2.33648374
75.56889222 2.33323394
75.61890473 2.33037860
75.66891723 2.32790203
75.71892973 2.32681657
75.76894224 2.32135976
75.81895474 2.31936988
75.86896724 2.31430905
75.91897974 2.30941061
75.96899225 2.30635257
76.01900475 2.30400756
76.06901725 2.30055291
76.11902976 2.29802571
76.16904226 2.29479435
76.21905476 2.29320239
76.26906727 2.29121465
76.31907977 2.28738383
76.36909227 2.28645162
76.41910478 2.28209779
76.46911728 2.27819735
76.51912978 2.27537226
76.56914229 2.27196659
76.61915479 2.26747870
76.66916729 2.26429620
76.71917979 2.26245131
76.76919230 2.25950673
76.81920480 2.25765527
76.86921730 2.25545426
76.91922981 2.25283487
76.96924231 2.25037016
77.01925481 2.24839880
77.06926732 2.24680704
77.11927982 2.24402026
77.16929232 2.24036796
77.21930483 2.23450952
77.26931733 2.23225612
77.31932983 2.22983780
77.36934234 2.22740997
77.41935484 2.22447882
77.46936734 2.22019365
77.51937984 2.21710044
77.56939235 2.21309191
77.61940485 2.21049912
77.66941735 2.20800863
77.71942986 2.20483293
77.76944236 2.20242933
77.81945486 2.19923574
77.86946737 2.19794166
77.91947987 2.19618545
77.96949237 2.19306508
78.01950488 2.18947708
78.06951738 2.18710359
78.11952988 2.18392831
78.16954239 2.18077572
78.21955489 2.17804569
78.26956739 2.17473418
78.31957989 2.17319839
78.36959240 2.17048738
78.41960490 2.16766436
78.46961740 2.16518695
78.51962991 2.16314585
78.56964241 2.16148409
78.61965491 2.15906234
78.66966742 2.15673702
78.71967992 2.15332383
78.76969242 2.15098179
78.81970493 2.14543067
78.86971743 2.14403658
78.91972993 2.14148565
78.96974244 2.13733564
79.01975494 2.13399110
79.06976744 2.13068953
79.11977994 2.12885825
79.16979245 2.12587372
79.21980495 2.12202201
79.26981745 2.11978962
79.31982996 2.11669158
79.36984246 2.11243383
79.41985496 2.10927727
79.46986747 2.10646026
79.51987997 2.10348747
79.56989247 2.10143103
79.61990498 2.09805069
79.66991748 2.09611103
79.71992998 2.09400339
79.76994249 2.09111869
79.81995499 2.08722288
79.86996749 2.08413375
79.91997999 2.08092336
79.96999250 2.08008367
80.02000500 2.07759553
80.07001750 2.07480847
80.12003001 2.07009638
80.17004251 2.06855075
80.22005501 2.06357974
80.27006752 2.06084731
80.32008002 2.05831673
80.37009252 2.05678429
80.42010503 2.05514776
80.47011753 2.05253096
80.52013003 2.05052929
80.57014254 2.04758705
80.62015504 2.04441604
80.67016754 2.04130827
80.72018005 2.03887633
80.77019255 2.03693534
80.82020505 2.03530348
80.87021755 2.03306354
80.92023006 2.03160826
80.97024256 2.03006841
81.02025506 2.02636256
81.07026757 2.02518396
81.12028007 2.02351241
81.17029257 2.02100979
81.22030508 2.01913574
81.27031758 2.01682488
81.32033008 2.01461426
81.37034259 2.01332385
81.42035509 2.01148440
81.47036759 2.00967162
81.52038010 2.00411465
81.57039260 2.00231150
81.62040510 2.00034303
81.67041760 1.99599031
81.72043011 1.99345798
81.77044261 1.99219149
81.82045511 1.98813828
81.87046762 1.98566651
81.92048012 1.98022545
81.97049262 1.97845620
82.02050513 1.97747546
82.07051763 1.97345535
82.12053013 1.96978955
82.17054264 1.96751989
82.22055514 1.96534569
82.27056764 1.96356974
82.32058015 1.96145278
82.37059265 1.95959555
82.42060515 1.95689350
82.47061765 1.95459113
82.52063016 1.95127353
82.57064266 1.94825082
82.62065516 1.94446525
82.67066767 1.94158710
82.72068017 1.93873972
82.77069267 1.93781003
82.82070518 1.93585482
82.87071768 1.93222091
82.92073018 1.93078487
82.97074269 1.92917039
83.02075519 1.92763602
83.07076769 1.92591684
83.12078020 1.92416951
83.17079270 1.92179990
83.22080520 1.92061712
83.27081770 1.91691650
83.32083021 1.91506479
83.37084271 1.91353955
83.42085521 1.91124388
83.47086772 1.90922917
83.52088022 1.90480697
83.57089272 1.90245518
83.62090523 1.89978376
83.67091773 1.89713632
83.72093023 1.89425458
83.77094274 1.89134840
83.82095524 1.89009241
83.87096774 1.88882137
83.92098025 1.88573294
83.97099275 1.88282402
84.02100525 1.88092554
84.07101775 1.88044645
84.12103026 1.87849193
84.17104276 1.87678285
84.22105526 1.87496425
84.27106777 1.87223103
84.32108027 1.87049370
84.37109277 1.86681730
84.42110528 1.86529890
84.47111778 1.86328654
84.52113028 1.86116418
84.57114279 1.85895999
84.62115529 1.85547846
84.67116779 1.85247961
84.72118030 1.85091395
84.77119280 1.84982518
84.82120530 1.84787253
84.87121780 1.84564213
84.92123031 1.84437513
84.97124281 1.84283206
85.02125531 1.84129452
85.07126782 1.83814398
85.12128032 1.83625182
85.17129282 1.83220521
85.22130533 1.82951162
85.27131783 1.82878097
85.32133033 1.82701292
85.37134284 1.82601315
85.42135534 1.82420136
85.47136784 1.82232093
85.52138035 1.81971698
85.57139285 1.81762824
85.62140535 1.81368125
85.67141785 1.81216997
85.72143036 1.80978406
85.77144286 1.80528922
85.82145536 1.80377858
85.87146787 1.80381781
85.92148037 1.79962069
85.97149287 1.79852331
86.02150538 1.79654078
86.07151788 1.79349781
86.12153038 1.79041568
86.17154289 1.78807446
86.22155539 1.78581826
86.27156789 1.78359864
86.32158040 1.78135539
86.37159290 1.77984248
86.42160540 1.77856713
86.47161790 1.77711521
86.52163041 1.77526046
86.57164291 1.77257754
86.62165541 1.77024675
86.67166792 1.76770205
86.72168042 1.76576027
86.77169292 1.76319079
86.82170543 1.75944644
86.87171793 1.75691005
86.92173043 1.75376599
86.97174294 1.75033524
87.02175544 1.74853447
87.07176794 1.74618940
87.12178045 1.74508711
87.17179295 1.74173708
87.22180545 1.73907002
87.27181795 1.73649124
87.32183046 1.73422361
87.37184296 1.73239894
87.42185546 1.73128659
87.47186797 1.72661657
87.52188047 1.72436163
87.57189297 1.72121807
87.62190548 1.71874752
87.67191798 1.71657120
87.72193048 1.71511101
87.77194299 1.71225425
87.82195549 1.70992447
87.87196799 1.70802202
87.92198050 1.70662762
87.97199300 1.70307843
88.02200550 1.70124695
88.07201800 1.69952549
88.12203051 1.69482978
88.17204301 1.69208529
88.22205551 1.68853709
88.27206802 1.68680080
88.32208052 1.68444472
88.37209302 1.68202808
88.42210553 1.67811761
88.47211803 1.67478590
88.52213053 1.67307451
88.57214304 1.67226691
88.62215554 1.67081313
88.67216804 1.66870287
88.72218055 1.66634913
88.77219305 1.66496869
88.82220555 1.66355126
88.87221805 1.66155603
88.92223056 1.65886937
88.97224306 1.65727328
89.02225556 1.65538416
89.07226807 1.65339244
89.12228057 1.65164662
89.17229307 1.64870809
89.22230558 1.64485562
89.27231808 1.64246408
89.32233058 1.64046302
89.37234309 1.63879728
89.42235559 1.63634367
89.47236809 1.63475915
89.52238060 1.63446370
89.57239310 1.63289829
89.62240560 1.63136992
89.67241810 1.62880059
89.72243061 1.62650339
89.77244311 1.62374122
89.82245561 1.62208763
89.87246812 1.62070057
89.92248062 1.61833497
89.97249312 1.61619195
90.02250563 1.61358166
90.07251813 1.61128921
90.12253063 1.61071585
90.17254314 1.60760104
90.22255564 1.60237680
90.27256814 1.59997079
90.32258065 1.59776799
90.37259315 1.59688436
90.42260565 1.59485405
90.47261815 1.59340923
90.52263066 1.59180092
90.57264316 1.59031823
90.62265566 1.58810013
90.67266817 1.58687195
90.72268067 1.58606978
90.77269317 1.58479288
90.82270568 1.58301003
90.87271818 1.57986578
90.92273068 1.57682673
90.97274319 1.57607449
91.02275569 1.57387631
91.07276819 1.57073839
91.12278070 1.56901116
91.17279320 1.56666087
91.22280570 1.56496328
91.27281820 1.56241067
91.32283071 1.56106651
91.37284321 1.55968809
91.42285571 1.55777392
91.47286822 1.55517618
91.52288072 1.55270501
91.57289322 1.54994835
91.62290573 1.54591910
91.67291823 1.54359726
91.72293073 1.54289570
91.77294324 1.54040831
91.82295574 1.53867261
91.87296824 1.53578724
91.92298075 1.53298083
91.97299325 1.53154121
92.02300575 1.53006851
92.07301825 1.52838352
92.12303076 1.52730418
92.17304326 1.52636983
92.22305576 1.52465608
92.27306827 1.52260344
92.32308077 1.52015394
92.37309327 1.51785175
92.42310578 1.51620345
92.47311828 1.51450369
92.52313078 1.51145536
92.57314329 1.50968815
92.62315579 1.50880587
92.67316829 1.50590242
92.72318080 1.50487528
92.77319330 1.50234316
92.82320580 1.50076488
92.87321830 1.49829270
92.92323081 1.49659445
92.97324331 1.49460607
93.02325581 1.49287041
93.07326832 1.49091319
93.12328082 1.48970839
93.17329332 1.48805584
93.22330583 1.48633027
93.27331833 1.48485463
93.32333083 1.48383488
93.37334334 1.48161048
93.42335584 1.47929112
93.47336834 1.47673732
93.52338085 1.47539142
93.57339335 1.47363410
93.62340585 1.47152652
93.67341835 1.46955991
93.72343086 1.46622835
93.77344336 1.46383385
93.82345586 1.46043186
93.87346837 1.45818326
93.92348087 1.45673111
93.97349337 1.45510068
94.02350588 1.45372351
94.07351838 1.45169927
94.12353088 1.45026971
94.17354339 1.44938744
94.22355589 1.44796187
94.27356839 1.44632037
94.32358090 1.44363714
94.37359340 1.44043471
94.42360590 1.43768156
94.47361840 1.43544569
94.52363091 1.43342883
94.57364341 1.43070595
94.62365591 1.42959543
94.67366842 1.42842605
94.72368092 1.42677061
94.77369342 1.42533605
94.82370593 1.42270675
94.87371843 1.41841310
94.92373093 1.41454242
94.97374344 1.41332728
95.02375594 1.41202890
95.07376844 1.40977968
95.12378095 1.40784463
95.17379345 1.40686097
95.22380595 1.40606249
95.27381845 1.40465780
95.32383096 1.40300499
95.37384346 1.40081501
95.42385596 1.39711882
95.47386847 1.39571539
95.52388097 1.39425948
95.57389347 1.39150107
95.62390598 1.38932944
95.67391848 1.38754439
95.72393098 1.38668432
95.77394349 1.38423603
95.82395599 1.38268555
95.87396849 1.38102605
95.92398100 1.37942954
95.97399350 1.37730112
96.02400600 1.37580066
96.07401850 1.37461023
96.12403101 1.37415735
96.17404351 1.37089565
96.22405601 1.36900263
96.27406852 1.36806430
96.32408102 1.36548694
96.37409352 1.36258182
96.42410603 1.36009539
96.47411853 1.35873021
96.52413103 1.35629172
96.57414354 1.35489824
96.62415604 1.35239166
96.67416854 1.35101567
96.72418105 1.34968846
96.77419355 1.35014151
96.82420605 1.34872807
96.87421855 1.34534859
96.92423106 1.34291891
96.97424356 1.34087606
97.02425606 1.33925428
97.07426857 1.33731669
97.12428107 1.33592518
97.17429357 1.33444209
97.22430608 1.33178929
97.27431858 1.33019051
97.32433108 1.32836649
97.37434359 1.32719305
97.42435609 1.32426638
97.47436859 1.32261108
97.52438110 1.32111055
97.57439360 1.31995382
97.62440610 1.31823482
97.67441860 1.31711761
97.72443111 1.31568966
97.77444361 1.31415925
97.82445611 1.31189888
97.87446862 1.30988397
97.92448112 1.30526263
97.97449362 1.30301920
98.02450613 1.30173811
98.07451863 1.29916311
98.12453113 1.29779727
98.17454364 1.29611368
98.22455614 1.29566557
98.27456864 1.29453482
98.32458115 1.29329355
98.37459365 1.29040100
98.42460615 1.28854038
98.47461865 1.28609549
98.52463116 1.28509050
98.57464366 1.28461139
98.62465616 1.28348094
98.67466867 1.28100029
98.72468117 1.27861119
98.77469367 1.27711477
98.82470618 1.27564605
98.87471868 1.27455575
98.92473118 1.27365571
98.97474369 1.27250623
99.02475619 1.26997166
99.07476869 1.26892868
99.12478120 1.26747559
99.17479370 1.26661773
99.22480620 1.26539141
99.27481870 1.26402620
99.32483121 1.26265059
99.37484371 1.26081517
99.42485621 1.25879543
99.47486872 1.25789495
99.52488122 1.25667404
99.57489372 1.25530754
99.62490623 1.25162523
99.67491873 1.24990858
99.72493123 1.24861212
99.77494374 1.24734165
99.82495624 1.24473341
99.87496874 1.24265043
99.92498125 1.24153619
99.97499375 1.24014458
100.02500625 1.23863941
100.07501875 1.23652955
100.12503126 1.23514212
100.17504376 1.23329565
100.22505626 1.23194649
100.27506877 1.23024460
100.32508127 1.22922704
100.37509377 1.22788419
100.42510628 1.22626441
100.47511878 1.22433844
100.52513128 1.22339994
100.57514379 1.22240128
100.62515629 1.22098840
100.67516879 1.21997160
100.72518130 1.21890502
100.77519380 1.21753236
100.82520630 1.21623231
100.87521880 1.21497157
100.92523131 1.21359674
100.97524381 1.21162531
101.02525631 1.21049840
101.07526882 1.20857160
101.12528132 1.20670637
101.17529382 1.20536824
101.22530633 1.20366914
101.27531883 1.20237041
101.32533133 1.20139275
101.37534384 1.19980600
101.42535634 1.19838586
101.47536884 1.19697562
101.52538135 1.19546110
101.57539385 1.19428445
101.62540635 1.19266225
101.67541885 1.19067900
101.72543136 1.18891026
101.77544386 1.18798729
101.82545636 1.18684497
101.87546887 1.18556287
101.92548137 1.18400768
101.97549387 1.18200425
102.02550638 1.18053396
102.07551888 1.17947013
102.12553138 1.17812153
102.17554389 1.17622797
102.22555639 1.17435872
102.27556889 1.17293401
102.32558140 1.17138709
102.37559390 1.16996789
102.42560640 1.16815573
102.47561890 1.16715633
102.52563141 1.16512381
102.57564391 1.16418939
102.62565641 1.16272839
102.67566892 1.16142507
102.72568142 1.16004509
102.77569392 1.15868404
102.82570643 1.15714948
102.87571893 1.15469965
102.92573143 1.15528836
102.97574394 1.15406892
103.02575644 1.15257356
103.07576894 1.15120825
103.12578145 1.15051665
103.17579395 1.14962339
103.22580645 1.14855550
103.27581895 1.14556649
103.32583146 1.14444229
103.37584396 1.14380451
103.42585646 1.14293411
103.47586897 1.14079910
103.52588147 1.13897552
103.57589397 1.13808544
103.62590648 1.13692203
103.67591898 1.13592964
103.72593148 1.13459778
103.77594399 1.13263010
103.82595649 1.13315422
103.87596899 1.13199315
103.92598150 1.13026881
103.97599400 1.12899425
104.02600650 1.12600458
104.07601900 1.12474427
104.12603151 1.12101328
104.17604401 1.11988398
104.22605651 1.11711576
104.27606902 1.11574633
104.32608152 1.11431089
104.37609402 1.11328093
104.42610653 1.11149527
104.47611903 1.11005915
104.52613153 1.10833343
104.57614404 1.10756038
104.62615654 1.10636009
104.67616904 1.10527924
104.72618155 1.10320239
104.77619405 1.10180234
104.82620655 1.10007446
104.87621905 1.09891378
104.92623156 1.09784314
104.97624406 1.09622710
105.02625656 1.09537824
105.07626907 1.09383363
105.12628157 1.09262941
105.17629407 1.09173403
105.22630658 1.09073466
105.27631908 1.08963302
105.32633158 1.08849189
105.37634409 1.08719314
105.42635659 1.08529912
105.47636909 1.08471174
105.52638160 1.08361752
105.57639410 1.08255268
105.62640660 1.08147519
105.67641910 1.08101082
105.72643161 1.07901669
105.77644411 1.07827089
105.82645661 1.07638365
105.87646912 1.07344603
105.92648162 1.07196263
105.97649412 1.07115011
106.02650663 1.06861036
106.07651913 1.06750953
106.12653163 1.06606455
106.17654414 1.06309406
106.22655664 1.06201757
106.27656914 1.06128499
106.32658165 1.06077418
106.37659415 1.05970402
106.42660665 1.05905658
106.47661915 1.05824934
106.52663166 1.05680623
106.57664416 1.05520423
106.62665666 1.05202201
106.67666917 1.05112735
106.72668167 1.05048251
106.77669417 1.04938493
106.82670668 1.04797341
106.87671918 1.04706951
106.92673168 1.04575628
106.97674419 1.04417115
107.02675669 1.04180852
107.07676919 1.04091124
107.12678170 1.03797155
107.17679420 1.03612936
107.22680670 1.03487649
107.27681920 1.03398293
107.32683171 1.03283258
107.37684421 1.03161470
107.42685671 1.03037731
107.47686922 1.02910507
107.52688172 1.02792037
107.57689422 1.02684317
107.62690673 1.02529898
107.67691923 1.02420736
107.72693173 1.02294129
107.77694424 1.02136432
107.82695674 1.02040449
107.87696924 1.01882962
107.92698175 1.01721656
107.97699425 1.01590406
108.02700675 1.01437444
108.07701925 1.01311208
108.12703176 1.01209724
108.17704426 1.01120390
108.22705676 1.01036412
108.27706927 1.00911596
108.32708177 1.00755202
108.37709427 1.00615808
108.42710678 1.00603089
108.47711928 1.00535279
108.52713178 1.00388216
108.57714429 1.00160410
108.62715679 1.00046194
108.67716929 0.99940409
108.72718180 0.99719351
108.77719430 0.99565156
108.82720680 0.99440274
108.87721930 0.99322519
108.92723181 0.99064274
108.97724431 0.99000300
109.02725681 0.98861284
109.07726932 0.98719290
109.12728182 0.98610146
109.17729432 0.98465460
109.22730683 0.98347814
109.27731933 0.98118436
109.32733183 0.98005261
109.37734434 0.97782530
109.42735684 0.97616999
109.47736934 0.97539722
109.52738185 0.97423187
109.57739435 0.97318089
109.62740685 0.97195077
109.67741935 0.96993707
109.72743186 0.96910171
109.77744436 0.96661920
109.82745686 0.96520817
109.87746937 0.96350078
109.92748187 0.96238791
109.97749437 0.96138125
110.02750688 0.96037396
110.07751938 0.95925174
110.12753188 0.95810239
110.17754439 0.95697808
110.22755689 0.95589707
110.27756939 0.95479776
110.32758190 0.95396917
110.37759440 0.95268340
110.42760690 0.95160399
110.47761940 0.95050290
110.52763191 0.94938289
110.57764441 0.94801979
110.62765691 0.94685887
110.67766942 0.94545038
110.72768192 0.94384838
110.77769442 0.94288768
110.82770693 0.94132039
110.87771943 0.93993242
110.92773193 0.93865781
110.97774444 0.93748586
111.02775694 0.93544853
111.07776944 0.93402341
111.12778195 0.93308570
111.17779445 0.93091759
111.22780695 0.92982728
111.27781945 0.92976861
111.32783196 0.92831331
111.37784446 0.92746577
111.42785696 0.92610170
111.47786947 0.92517172
111.52788197 0.92376026
111.57789447 0.92218541
111.62790698 0.92025206
111.67791948 0.91910761
111.72793198 0.91783913
111.77794449 0.91717004
111.82795699 0.91611898
111.87796949 0.91432616
111.92798200 0.91313893
111.97799450 0.91213713
112.02800700 0.90986790
112.07801950 0.90863028
112.12803201 0.90740566
112.17804451 0.90610254
112.22805701 0.90415150
112.27806952 0.90290739
112.32808202 0.90080371
112.37809452 0.89987848
112.42810703 0.89875844
112.47811953 0.89769008
112.52813203 0.89663600
112.57814454 0.89514404
112.62815704 0.89364016
112.67816954 0.89175403
112.72818205 0.89045329
112.77819455 0.88958550
112.82820705 0.88885817
112.87821955 0.88760858
112.92823206 0.88631831
112.97824456 0.88434765
113.02825706 0.88294650
113.07826957 0.88071126
113.12828207 0.87925681
113.17829457 0.87762528
113.22830708 0.87561386
113.27831958 0.87500321
113.32833208 0.87385626
113.37834459 0.87363466
113.42835709 0.87279944
113.47836959 0.87002163
113.52838210 0.86847203
113.57839460 0.86761130
113.62840710 0.86626685
113.67841960 0.86524052
113.72843211 0.86378630
113.77844461 0.86316552
113.82845711 0.86221101
113.87846962 0.86160299
113.92848212 0.86059970
113.97849462 0.85906473
114.02850713 0.85851381
114.07851963 0.85771771
114.12853213 0.85647502
114.17854464 0.85559739
114.22855714 0.85447377
114.27856964 0.85341167
114.32858215 0.85199516
114.37859465 0.85043817
114.42860715 0.84914114
114.47861965 0.84795872
114.52863216 0.84677632
114.57864466 0.84582125
114.62865716 0.84456908
114.67866967 0.84339374
114.72868217 0.84112530
114.77869467 0.83967618
114.82870718 0.83858825
114.87871968 0.83764765
114.92873218 0.83684693
114.97874469 0.83589255
115.02875719 0.83464166
115.07876969 0.83318906
115.12878220 0.83144505
115.17879470 0.83051816
115.22880720 0.82827271
115.27881970 0.82716092
115.32883221 0.82640312
115.37884471 0.82454961
115.42885721 0.82343543
115.47886972 0.82227958
115.52888222 0.82090979
115.57889472 0.81972227
115.62890723 0.81876810
115.67891973 0.81738355
115.72893223 0.81631084
115.77894474 0.81497839
115.82895724 0.81391748
115.87896974 0.81286882
115.92898225 0.81204882
115.97899475 0.81116996
116.02900725 0.81045335
116.07901975 0.80940334
116.12903226 0.80821779
116.17904476 0.80704295
116.22905726 0.80606075
116.27906977 0.80501396
116.32908227 0.80437846
116.37909477 0.80352282
116.42910728 0.80276441
116.47911978 0.80124304
116.52913228 0.79992577
116.57914479 0.79821289
116.62915729 0.79710698
116.67916979 0.79613068
116.72918230 0.79506719
116.77919480 0.79384080
116.82920730 0.79298242
116.87921980 0.79080121
116.92923231 0.78995410
116.97924481 0.78907296
117.02925731 0.78802246
117.07926982 0.78691089
117.12928232 0.78488459
117.17929482 0.78357595
117.22930733 0.78243280
117.27931983 0.78148225
117.32933233 0.78084929
117.37934484 0.77964182
117.42935734 0.77918425
117.47936984 0.77839194
117.52938235 0.77757462
117.57939485 0.77560090
117.62940735 0.77467954
117.67941985 0.77361003
117.72943236 0.77214426
117.77944486 0.77125716
117.82945736 0.77015997
117.87946987 0.76901094
117.92948237 0.76671926
117.97949487 0.76599397
118.02950738 0.76366864
118.07951988 0.76283439
118.12953238 0.76176321
118.17954489 0.76094349
118.22955739 0.75946582
118.27956989 0.75846250
118.32958240 0.75784762
118.37959490 0.75645599
118.42960740 0.75549013
118.47961990 0.75467929
118.52963241 0.75399205
118.57964491 0.75329131
118.62965741 0.75213495
118.67966992 0.75114388
118.72968242 0.75007437
118.77969492 0.74916915
118.82970743 0.74829873
118.87971993 0.74760603
118.92973243 0.74702226
118.97974494 0.74599709
119.02975744 0.74462781
119.07976994 0.74474740
119.12978245 0.74384102
119.17979495 0.74285810
119.22980745 0.74205452
119.27981995 0.74149473
119.32983246 0.74065503
119.37984496 0.73913937
119.42985746 0.73816641
119.47986997 0.73717527
119.52988247 0.73548080
119.57989497 0.73468216
119.62990748 0.73336725
119.67991998 0.73244377
119.72993248 0.73136382
119.77994499 0.73008489
119.82995749 0.72935684
119.87996999 0.72860465
119.92998250 0.72775336
119.97999500 0.72731748
120.03000750 0.72693292
120.08002001 0.72626841
120.13003251 0.72578789
120.18004501 0.72438971
120.23005751 0.72359189
120.28007002 0.72258212
120.33008252 0.72158621
120.38009502 0.72014885
120.43010753 0.71967114
120.48012003 0.71873846
120.53013253 0.71774965
120.58014504 0.71664327
120.63015754 0.71579611
120.68017004 0.71507158
120.73018255 0.71419130
120.78019505 0.71341902
120.83020755 0.71207831
120.88022006 0.71106591
120.93023256 0.71013544
120.98024506 0.70943059
121.03025756 0.70760549
121.08027007 0.70682433
121.13028257 0.70618018
121.18029507 0.70536492
121.23030758 0.70437447
121.28032008 0.70344751
121.33033258 0.70284539
121.38034509 0.70227915
121.43035759 0.70131872
121.48037009 0.70005778
121.53038260 0.69920844
121.58039510 0.69785800
121.63040760 0.69694283
121.68042011 0.69616002
121.73043261 0.69517988
121.78044511 0.69401062
121.83045761 0.69290712
121.88047012 0.69241135
121.93048262 0.69186974
121.98049512 0.69093390
122.03050763 0.69017697
122.08052013 0.68886177
122.13053263 0.68818092
122.18054514 0.68737851
122.23055764 0.68690124
122.28057014 0.68585584
122.33058265 0.68510162
122.38059515 0.68427875
122.43060765 0.68338552
122.48062016 0.68269392
122.53063266 0.68211172
122.58064516 0.68117381
122.63065766 0.68027191
122.68067017 0.67968949
122.73068267 0.67931905
122.78069517 0.67843340
122.83070768 0.67772906
122.88072018 0.67670035
122.93073268 0.67594340
122.98074519 0.67479375
123.03075769 0.67393809
123.08077019 0.67309746
123.13078270 0.67239758
123.18079520 0.67215089
123.23080770 0.67147620
123.28082021 0.67080455
123.33083271 0.66983682
123.38084521 0.66903150
123.43085771 0.66757724
123.48087022 0.66679362
123.53088272 0.66600323
123.58089522 0.66516052
123.63090773 0.66422596
123.68092023 0.66281841
123.73093273 0.66210601
123.78094524 0.66100162
123.83095774 0.66048148
123.88097024 0.65948298
123.93098275 0.65923174
123.98099525 0.65876135
124.03100775 0.65775120
124.08102026 0.65732545
124.13103276 0.65648066
124.18104526 0.65578927
124.23105776 0.65507196
124.28107027 0.65430207
124.33108277 0.65347991
124.38109527 0.65297080
124.43110778 0.65214675
124.48112028 0.65073524
124.53113278 0.65030402
124.58114529 0.64959342
124.63115779 0.64869578
124.68117029 0.64773133
124.73118280 0.64700178
124.78119530 0.64619026
124.83120780 0.64524911
124.88122031 0.64474882
124.93123281 0.64394497
124.98124531 0.64312471
125.03125781 0.64197828
125.08127032 0.64111830
125.13128282 0.64005825
125.18129532 0.63930198
125.23130783 0.63867096
125.28132033 0.63786653
125.33133283 0.63686600
125.38134534 0.63616703
125.43135784 0.63515070
125.48137034 0.63422886
125.53138285 0.63334857
125.58139535 0.63269041
125.63140785 0.63200103
125.68142036 0.63133657
125.73143286 0.63060796
125.78144536 0.63025106
125.83145786 0.62886623
125.88147037 0.62789383
125.93148287 0.62704308
125.98149537 0.62642440
126.03150788 0.62536635
126.08152038 0.62470426
126.13153288 0.62366052
126.18154539 0.62244224
126.23155789 0.62160602
126.28157039 0.62081181
126.33158290 0.61991447
126.38159540 0.61897767
126.43160790 0.61821020
126.48162041 0.61686289
126.53163291 0.61581462
126.58164541 0.61469580
126.63165791 0.61260293
126.68167042 0.61112259
126.73168292 0.61069127
126.78169542 0.60905507
126.83170793 0.60826816
126.88172043 0.60761504
126.93173293 0.60687879
126.98174544 0.60596530
127.03175794 0.60564841
127.08177044 0.60492191
127.13178295 0.60431471
127.18179545 0.60342855
127.23180795 0.60260317
127.28182046 0.60180714
127.33183296 0.60032759
127.38184546 0.59838411
127.43185796 0.59729512
127.48187047 0.59660414
127.53188297 0.59578407
127.58189547 0.59512875
127.63190798 0.59402782
127.68192048 0.59329130
127.73193298 0.59239967
127.78194549 0.59185017
127.83195799 0.59096576
127.88197049 0.59024176
127.93198300 0.58951320
127.98199550 0.58880447
128.03200800 0.58796359
128.08202051 0.58734449
128.13203301 0.58651552
128.18204551 0.58475812
128.23205801 0.58381481
128.28207052 0.58314225
128.33208302 0.58237109
128.38209552 0.58154300
128.43210803 0.58073693
128.48212053 0.57931231
128.53213303 0.57880809
128.58214554 0.57802662
128.63215804 0.57782589
128.68217054 0.57697019
128.73218305 0.57607068
128.78219555 0.57452126
128.83220805 0.57377117
128.88222056 0.57297110
128.93223306 0.57241764
128.98224556 0.57163184
129.03225806 0.57090053
129.08227057 0.57011951
129.13228307 0.56944234
129.18229557 0.56871486
129.23230808 0.56758608
129.28232058 0.56669827
129.33233308 0.56688839
129.38234559 0.56538400
129.43235809 0.56423290
129.48237059 0.56347642
129.53238310 0.56294464
129.58239560 0.56154834
129.63240810 0.56069488
129.68242061 0.55989704
129.73243311 0.55897936
129.78244561 0.55763378
129.83245811 0.55685559
129.88247062 0.55564825
129.93248312 0.55514641
129.98249562 0.55469490
130.03250813 0.55399970
130.08252063 0.55327430
130.13253313 0.55269287
130.18254564 0.55189138
130.23255814 0.55121155
130.28257064 0.55021579
130.33258315 0.54909636
130.38259565 0.54831921
130.43260815 0.54760525
130.48262066 0.54690098
130.53263316 0.54625091
130.58264566 0.54530352
130.63265816 0.54466010
130.68267067 0.54423579
130.73268317 0.54369607
130.78269567 0.54289943
130.83270818 0.54229521
130.88272068 0.54151674
130.93273318 0.54088778
130.98274569 0.54079739
131.03275819 0.54023650
131.08277069 0.53935824
131.13278320 0.53888304
131.18279570 0.53733339
131.23280820 0.53676282
131.28282071 0.53586830
131.33283321 0.53544439
131.38284571 0.53493538
131.43285821 0.53379208
131.48287072 0.53314564
131.53288322 0.53250028
131.58289572 0.53199740
131.63290823 0.53122337
131.68292073 0.53021404
131.73293323 0.52944258
131.78294574 0.52883231
131.83295824 0.52826590
131.88297074 0.52755559
131.93298325 0.52686359
131.98299575 0.52620999
132.03300825 0.52570724
132.08302076 0.52495909
132.13303326 0.52412476
132.18304576 0.52278627
132.23305826 0.52206536
132.28307077 0.52164367
132.33308327 0.52037924
132.38309577 0.51968086
132.43310828 0.51868373
132.48312078 0.51803765
132.53313328 0.51715968
132.58314579 0.51662729
132.63315829 0.51595459
132.68317079 0.51533788
132.73318330 0.51469539
132.78319580 0.51450214
132.83320830 0.51379717
132.88322081 0.51289874
132.93323331 0.51151954
132.98324581 0.51074167
133.03325831 0.51003578
133.08327082 0.50953676
133.13328332 0.50887049
133.18329582 0.50788662
133.23330833 0.50734409
133.28332083 0.50658375
133.33333333 0.50659682
133.38334584 0.50597556
133.43335834 0.50539012
133.48337084 0.50456244
133.53338335 0.50383124
133.58339585 0.50309223
133.63340835 0.50229035
133.68342086 0.50159589
133.73343336 0.50078666
133.78344586 0.50002313
133.83345836 0.49998527
133.88347087 0.49939655
133.93348337 0.49829632
133.98349587 0.49736649
134.03350838 0.49666789
134.08352088 0.49621677
134.13353338 0.49586444
134.18354589 0.49521014
134.23355839 0.49446078
134.28357089 0.49361478
134.33358340 0.49302440
134.38359590 0.49216656
134.43360840 0.49120694
134.48362091 0.49065691
134.53363341 0.48982675
134.58364591 0.48919061
134.63365841 0.48907524
134.68367092 0.48863011
134.73368342 0.48788813
134.78369592 0.48726446
134.83370843 0.48664244
134.88372093 0.48588309
134.93373343 0.48533624
134.98374594 0.48408901
135.03375844 0.48330584
135.08377094 0.48283526
135.13378345 0.48135329
135.18379595 0.48074788
135.23380845 0.47983123
135.28382096 0.47895897
135.33383346 0.47834238
135.38384596 0.47764048
135.43385846 0.47689111
135.48387097 0.47651418
135.53388347 0.47613198
135.58389597 0.47566447
135.63390848 0.47440217
135.68392098 0.47382625
135.73393348 0.47347754
135.78394599 0.47286153
135.83395849 0.47213530
135.88397099 0.47102413
135.93398350 0.47045324
135.98399600 0.46971480
136.03400850 0.46905560
136.08402101 0.46838190
136.13403351 0.46764666
136.18404601 0.46700317
136.23405851 0.46638505
136.28407102 0.46572148
136.33408352 0.46498525
136.38409602 0.46422975
136.43410853 0.46348937
136.48412103 0.46203289
136.53413353 0.46140187
136.58414604 0.46054404
136.63415854 0.45930929
136.68417104 0.45857759
136.73418355 0.45781538
136.78419605 0.45743069
136.83420855 0.45721052
136.88422106 0.45631897
136.93423356 0.45628744
136.98424606 0.45568776
137.03425856 0.45492219
137.08427107 0.45445917
137.13428357 0.45391733
137.18429607 0.45339899
137.23430858 0.45259234
137.28432108 0.45189902
137.33433358 0.45129430
137.38434609 0.45065559
137.43435859 0.44994066
137.48437109 0.44914010
137.53438360 0.44851061
137.58439610 0.44796527
137.63440860 0.44702418
137.68442111 0.44641756
137.73443361 0.44580053
137.78444611 0.44481482
137.83445861 0.44435942
137.88447112 0.44373992
137.93448362 0.44321373
137.98449612 0.44258557
138.03450863 0.44190696
138.08452113 0.44098123
138.13453363 0.44025924
138.18454614 0.43949752
138.23455864 0.43923153
138.28457114 0.43935816
138.33458365 0.43865548
138.38459615 0.43863797
138.43460865 0.43802251
138.48462116 0.43745778
138.53463366 0.43682919
138.58464616 0.43629494
138.63465866 0.43592670
138.68467117 0.43531357
138.73468367 0.43487112
138.78469617 0.43472021
138.83470868 0.43415072
138.88472118 0.43349968
138.93473368 0.43287241
138.98474619 0.43253561
139.03475869 0.43199949
139.08477119 0.43135313
139.13478370 0.43087357
139.18479620 0.43026654
139.23480870 0.42972591
139.28482121 0.42875301
139.33483371 0.42808514
139.38484621 0.42793334
139.43485871 0.42733827
139.48487122 0.42688380
139.53488372 0.42629644
139.58489622 0.42583932
139.63490873 0.42518315
139.68492123 0.42478272
139.73493373 0.42469188
139.78494624 0.42404558
139.83495874 0.42348229
139.88497124 0.42305379
139.93498375 0.42251533
139.98499625 0.42195117
140.03500875 0.42118398
140.08502126 0.42017710
140.13503376 0.41972102
140.18504626 0.41910263
140.23505876 0.41883621
140.28507127 0.41834668
140.33508377 0.41784540
140.38509627 0.41868016
140.43510878 0.41826353
140.48512128 0.41766603
140.53513378 0.41710569
140.58514629 0.41669921
140.63515879 0.41601471
140.68517129 0.41541413
140.73518380 0.41511131
140.78519630 0.41461354
140.83520880 0.41403305
140.88522131 0.41350989
140.93523381 0.41298106
140.98524631 0.41241098
141.03525881 0.41167508
141.08527132 0.41115323
141.13528382 0.41054052
141.18529632 0.40993920
141.23530883 0.40937377
141.28532133 0.40879226
141.33533383 0.40829253
141.38534634 0.40787149
141.43535884 0.40729250
141.48537134 0.40694805
141.53538385 0.40645819
141.58539635 0.40567688
141.63540885 0.40519033
141.68542136 0.40438987
141.73543386 0.40394588
141.78544636 0.40340221
141.83545886 0.40275564
141.88547137 0.40242299
141.93548387 0.40203567
141.98549637 0.40157532
142.03550888 0.40097264
142.08552138 0.40099552
142.13553388 0.40070884
142.18554639 0.40010400
142.23555889 0.39933251
142.28557139 0.39879934
142.33558390 0.39828963
142.38559640 0.39767802
142.43560890 0.39718900
142.48562141 0.39664832
142.53563391 0.39625090
142.58564641 0.39570900
142.63565891 0.39503494
142.68567142 0.39455184
142.73568392 0.39410986
142.78569642 0.39353725
142.83570893 0.39231146
142.88572143 0.39144074
142.93573393 0.39169167
142.98574644 0.39107365
143.03575894 0.39049201
143.08577144 0.39056555
143.13578395 0.38964014
143.18579645 0.38913311
143.23580895 0.38809168
143.28582146 0.38761790
143.33583396 0.38696569
143.38584646 0.38664673
143.43585896 0.38616018
143.48587147 0.38547225
143.53588397 0.38505170
143.58589647 0.38451868
143.63590898 0.38335391
143.68592148 0.38304237
143.73593398 0.38266939
143.78594649 0.38226822
143.83595899 0.38130367
143.88597149 0.38064158
143.93598400 0.38018991
143.98599650 0.37965696
144.03600900 0.37887893
144.08602151 0.37862329
144.13603401 0.37814007
144.18604651 0.37767663
144.23605901 0.37720074
144.28607152 0.37670943
144.33608402 0.37620858
144.38609652 0.37561604
144.43610903 0.37531487
144.48612153 0.37484815
144.53613403 0.37438937
144.58614654 0.37375840
144.63615904 0.37318616
144.68617154 0.37264508
144.73618405 0.37210266
144.78619655 0.37139087
144.83620905 0.37084494
144.88622156 0.37034240
144.93623406 0.36982284
144.98624656 0.36932634
145.03625906 0.36878764
145.08627157 0.36843775
145.13628407 0.36790243
145.18629657 0.36745770
145.23630908 0.36669733
145.28632158 0.36638081
145.33633408 0.36609270
145.38634659 0.36553046
145.43635909 0.36430191
145.48637159 0.36385895
145.53638410 0.36344852
145.58639660 0.36280193
145.63640910 0.36248109
145.68642161 0.36205343
145.73643411 0.36182519
145.78644661 0.36133935
145.83645911 0.36138184
145.88647162 0.36076724
145.93648412 0.36025139
145.98649662 0.35977723
146.03650913 0.35928423
146.08652163 0.35887637
146.13653413 0.35832797
146.18654664 0.35773113
146.23655914 0.35714570
146.28657164 0.35665062
146.33658415 0.35559293
146.38659665 0.35512269
146.43660915 0.35490521
146.48662166 0.35432868
146.53663416 0.35370908
146.58664666 0.35322690
146.63665916 0.35273804
146.68667167 0.35226674
146.73668417 0.35182838
146.78669667 0.35178713
146.83670918 0.35046649
146.88672168 0.34996782
146.93673418 0.34968586
146.98674669 0.34947762
147.03675919 0.34900815
147.08677169 0.34840338
147.13678420 0.34792664
147.18679670 0.34694684
147.23680920 0.34665399
147.28682171 0.34616633
147.33683421 0.34591599
147.38684671 0.34574236
147.43685921 0.34530464
147.48687172 0.34476443
147.53688422 0.34421973
147.58689672 0.34366213
147.63690923 0.34345843
147.68692173 0.34290803
147.73693423 0.34243425
147.78694674 0.34190282
147.83695924 0.34131818
147.88697174 0.34057304
147.93698425 0.34016032
147.98699675 0.33962713
148.03700925 0.33934583
148.08702176 0.33868925
148.13703426 0.33810471
148.18704676 0.33765127
148.23705926 0.33719945
148.28707177 0.33698478
148.33708427 0.33649615
148.38709677 0.33591458
148.43710928 0.33546465
148.48712178 0.33501379
148.53713428 0.33470211
148.58714679 0.33413130
148.63715929 0.33376692
148.68717179 0.33334641
148.73718430 0.33297830
148.78719680 0.33249063
148.83720930 0.33242933
148.88722181 0.33219439
148.93723431 0.33183056
148.98724681 0.33141640
149.03725931 0.33101477
149.08727182 0.33057571
149.13728432 0.33015788
149.18729682 0.32973987
149.23730933 0.32956920
149.28732183 0.33009473
149.33733433 0.32969978
149.38734684 0.32930403
149.43735934 0.32874166
149.48737184 0.32823523
149.53738435 0.32795118
149.58739685 0.32757547
149.63740935 0.32730835
149.68742186 0.32697170
149.73743436 0.32657509
149.78744686 0.32612427
149.83745936 0.32565805
149.88747187 0.32524704
149.93748437 0.32479500
149.98749687 0.32401053
150.03750938 0.32364065
150.08752188 0.32316011
150.13753438 0.32293046
150.18754689 0.32242478
150.23755939 0.32201979
150.28757189 0.32152090
150.33758440 0.32127376
150.38759690 0.32038270
150.43760940 0.32007074
150.48762191 0.31974144
150.53763441 0.31925328
150.58764691 0.31881232
150.63765941 0.31845830
150.68767192 0.31786832
150.73768442 0.31766051
150.78769692 0.31727260
150.83770943 0.31717738
150.88772193 0.31668924
150.93773443 0.31625577
150.98774694 0.31582249
151.03775944 0.31536597
151.08777194 0.31483000
151.13778445 0.31445915
151.18779695 0.31387570
151.23780945 0.31315660
151.28782196 0.31283960
151.33783446 0.31240893
151.38784696 0.31198508
151.43785946 0.31134151
151.48787197 0.31082568
151.53788447 0.31042906
151.58789697 0.31022858
151.63790948 0.30983671
151.68792198 0.30948579
151.73793448 0.30926084
151.78794699 0.30889608
151.83795949 0.30861328
151.88797199 0.30824220
151.93798450 0.30760919
151.98799700 0.30726133
152.03800950 0.30697266
152.08802201 0.30660488
152.13803451 0.30536630
152.18804701 0.30498203
152.23805951 0.30454766
152.28807202 0.30414730
152.33808452 0.30365272
152.38809702 0.30325064
152.43810953 0.30259050
152.48812203 0.30217332
152.53813453 0.30174131
152.58814704 0.30130353
152.63815954 0.30087553
152.68817204 0.30046243
152.73818455 0.30010359
152.78819705 0.29964351
152.83820955 0.29913442
152.88822206 0.29883833
152.93823456 0.29828427
152.98824706 0.29792205
153.03825956 0.29728121
153.08827207 0.29683076
153.13828457 0.29639321
153.18829707 0.29570397
153.23830958 0.29540208
153.28832208 0.29498533
153.33833458 0.29459956
153.38834709 0.29429580
153.43835959 0.29372567
153.48837209 0.29362554
153.53838460 0.29317894
153.58839710 0.29275235
153.63840960 0.29242883
153.68842211 0.29181311
153.73843461 0.29136142
153.78844711 0.29092475
153.83845961 0.29068756
153.88847212 0.29040469
153.93848462 0.29020453
153.98849712 0.28976577
154.03850963 0.28934525
154.08852213 0.28888194
154.13853463 0.28881983
154.18854714 0.28865851
154.23855964 0.28852502
154.28857214 0.28786126
154.33858465 0.28736028
154.38859715 0.28689012
154.43860965 0.28641811
154.48862216 0.28599740
154.53863466 0.28546298
154.58864716 0.28504795
154.63865966 0.28470581
154.68867217 0.28426001
154.73868467 0.28400438
154.78869717 0.28384575
154.83870968 0.28342147
154.88872218 0.28298605
154.93873468 0.28248217
154.98874719 0.28211282
155.03875969 0.28168015
155.08877219 0.28130682
155.13878470 0.28089665
155.18879720 0.28050351
155.23880970 0.28008720
155.28882221 0.27985564
155.33883471 0.27933629
155.38884721 0.27890784
155.43885971 0.27847823
155.48887222 0.27806290
155.53888472 0.27818573
155.58889722 0.27762798
155.63890973 0.27725794
155.68892223 0.27687581
155.73893473 0.27645257
155.78894724 0.27643465
155.83895974 0.27621261
155.88897224 0.27547292
155.93898475 0.27505132
155.98899725 0.27472415
156.03900975 0.27458330
156.08902226 0.27405277
156.13903476 0.27397281
156.18904726 0.27356894
156.23905976 0.27351555
156.28907227 0.27317641
156.33908477 0.27270944
156.38909727 0.27220470
156.43910978 0.27112666
156.48912228 0.27059117
156.53913478 0.27013468
156.58914729 0.27003281
156.63915979 0.26972176
156.68917229 0.26942138
156.73918480 0.26903511
156.78919730 0.26876326
156.83920980 0.26821232
156.88922231 0.26779988
156.93923481 0.26750678
156.98924731 0.26720032
157.03925981 0.26700619
157.08927232 0.26685326
157.13928482 0.26635236
157.18929732 0.26625276
157.23930983 0.26605746
157.28932233 0.26572960
157.33933483 0.26548342
157.38934734 0.26499576
157.43935984 0.26472721
157.48937234 0.26488038
157.53938485 0.26457633
157.58939735 0.26411838
157.63940985 0.26383729
157.68942236 0.26348580
157.73943486 0.26317280
157.78944736 0.26287014
157.83945986 0.26256159
157.88947237 0.26222417
157.93948487 0.26185920
157.98949737 0.26147921
158.03950988 0.26111384
158.08952238 0.26115677
158.13953488 0.26081552
158.18954739 0.26049524
158.23955989 0.26006976
158.28957239 0.25964028
158.33958490 0.25924638
158.38959740 0.25891889
158.43960990 0.25850223
158.48962241 0.25812307
158.53963491 0.25766937
158.58964741 0.25728842
158.63965991 0.25707777
158.68967242 0.25670812
158.73968492 0.25627683
158.78969742 0.25621259
158.83970993 0.25617771
158.88972243 0.25589222
158.93973493 0.25516947
158.98974744 0.25520248
159.03975994 0.25533345
159.08977244 0.25502006
159.13978495 0.25474247
159.18979745 0.25439514
159.23980995 0.25409676
159.28982246 0.25394114
159.33983496 0.25389849
159.38984746 0.25362045
159.43985996 0.25343381
159.48987247 0.25310300
159.53988497 0.25291789
159.58989747 0.25264626
159.63990998 0.25238398
159.68992248 0.25204397
159.73993498 0.25204708
159.78994749 0.25171630
159.83995999 0.25139239
159.88997249 0.25105440
159.93998500 0.25058338
159.98999750 0.25024937
160.04001000 0.24990362
160.09002251 0.24946633
160.14003501 0.24906609
160.19004751 0.24870100
160.24006002 0.24836977
160.29007252 0.24812072
160.34008502 0.24798435
160.39009752 0.24762917
160.44011003 0.24727585
160.49012253 0.24689646
160.54013503 0.24617952
160.59014754 0.24567453
160.64016004 0.24540652
160.69017254 0.24489043
160.74018505 0.24509059
160.79019755 0.24464830
160.84021005 0.24430088
160.89022256 0.24386827
160.94023506 0.24343584
160.99024756 0.24281216
161.04026007 0.24245713
161.09027257 0.24211739
161.14028507 0.24174535
161.19029757 0.24139452
161.24031008 0.24108229
161.29032258 0.24083472
161.34033508 0.24066257
161.39034759 0.23928156
161.44036009 0.23918590
161.49037259 0.23889710
161.54038510 0.23841741
161.59039760 0.23810677
161.64041010 0.23771885
161.69042261 0.23735648
161.74043511 0.23704061
161.79044761 0.23669741
161.84046012 0.23640317
161.89047262 0.23601061
161.94048512 0.23592770
161.99049762 0.23555719
162.04051013 0.23523684
162.09052263 0.23468188
162.14053513 0.23435313
162.19054764 0.23397289
162.24056014 0.23364872
162.29057264 0.23332664
162.34058515 0.23291779
162.39059765 0.23256987
162.44061015 0.23221639
162.49062266 0.23158996
162.54063516 0.23122430
162.59064766 0.23029962
162.64066017 0.23000770
162.69067267 0.22970149
162.74068517 0.22934679
162.79069767 0.22903036
162.84071018 0.22871028
162.89072268 0.22838466
162.94073518 0.22805608
162.99074769 0.22773117
163.04076019 0.22733072
163.09077269 0.22721029
163.14078520 0.22648681
163.19079770 0.22619499
163.24081020 0.22579764
163.29082271 0.22556414
163.34083521 0.22518611
163.39084771 0.22464059
163.44086022 0.22432842
163.49087272 0.22396191
163.54088522 0.22360506
163.59089772 0.22320506
163.64091023 0.22339328
163.69092273 0.22306427
163.74093523 0.22274327
163.79094774 0.22254896
163.84096024 0.22224802
163.89097274 0.22192038
163.94098525 0.22191119
163.99099775 0.22154883
164.04101025 0.22102355
164.09102276 0.22071052
164.14103526 0.22042822
164.19104776 0.21987768
164.24106027 0.21958454
164.29107277 0.21915099
164.34108527 0.21881828
164.39109777 0.21864575
164.44111028 0.21812814
164.49112278 0.21822944
164.54113528 0.21791599
164.59114779 0.21760134
164.64116029 0.21718453
164.69117279 0.21691856
164.74118530 0.21657977
164.79119780 0.21635774
164.84121030 0.21596786
164.89122281 0.21566827
164.94123531 0.21539881
164.99124781 0.21533299
165.04126032 0.21504861
165.09127282 0.21485459
165.14128532 0.21470003
165.19129782 0.21432840
165.24131033 0.21398057
165.29132283 0.21373662
165.34133533 0.21326918
165.39134784 0.21364996
165.44136034 0.21345720
165.49137284 0.21314093
165.54138535 0.21342296
165.59139785 0.21319387
165.64141035 0.21298644
165.69142286 0.21275376
165.74143536 0.21195483
165.79144786 0.21150303
165.84146037 0.21114753
165.89147287 0.21085560
165.94148537 0.21116162
165.99149787 0.21087396
166.04151038 0.21061102
166.09152288 0.21031545
166.14153538 0.21002061
166.19154789 0.20971148
166.24156039 0.20942993
166.29157289 0.20916025
166.34158540 0.20888840
166.39159790 0.20860585
166.44161040 0.20848722
166.49162291 0.20818820
166.54163541 0.20790027
166.59164791 0.20757131
166.64166042 0.20731461
166.69167292 0.20694364
166.74168542 0.20727741
166.79169792 0.20695962
166.84171043 0.20699060
166.89172293 0.20664570
166.94173543 0.20630824
166.99174794 0.20601802
167.04176044 0.20589931
167.09177294 0.20562560
167.14178545 0.20532846
167.19179795 0.20513489
167.24181045 0.20485935
167.29182296 0.20456240
167.34183546 0.20426012
167.39184796 0.20395817
167.44186047 0.20366433
167.49187297 0.20335475
167.54188547 0.20303384
167.59189797 0.20271946
167.64191048 0.20233459
167.69192298 0.20204577
167.74193548 0.20174560
167.79194799 0.20156962
167.84196049 0.20131030
167.89197299 0.20105006
167.94198550 0.20074956
167.99199800 0.20047882
168.04201050 0.20015372
168.09202301 0.19996788
168.14203551 0.19989747
168.19204801 0.19965066
168.24206052 0.19921552
168.29207302 0.19885712
168.34208552 0.19852574
168.39209802 0.19803640
168.44211053 0.19768097
168.49212303 0.19744429
168.54213553 0.19719848
168.59214804 0.19692338
168.64216054 0.19662857
168.69217304 0.19656277
168.74218555 0.19639882
168.79219805 0.19617176
168.84221055 0.19559875
168.89222306 0.19532003
168.94223556 0.19486210
168.99224806 0.19456585
169.04226057 0.19445519
169.09227307 0.19485003
169.14228557 0.19446093
169.19229807 0.19440949
169.24231058 0.19426517
169.29232308 0.19413760
169.34233558 0.19380343
169.39234809 0.19351311
169.44236059 0.19323110
169.49237309 0.19293696
169.54238560 0.19246919
169.59239810 0.19219647
169.64241060 0.19145582
169.69242311 0.19112846
169.74243561 0.19084178
169.79244811 0.19057817
169.84246062 0.19041950
169.89247312 0.19008084
169.94248562 0.18983634
169.99249812 0.18957284
170.04251063 0.18923094
170.09252313 0.18898138
170.14253563 0.18869953
170.19254814 0.18842287
170.24256064 0.18820185
170.29257314 0.18790079
170.34258565 0.18825952
170.39259815 0.18719102
170.44261065 0.18706667
170.49262316 0.18691433
170.54263566 0.18698112
170.59264816 0.18676342
170.64266067 0.18652173
170.69267317 0.18637054
170.74268567 0.18608724
170.79269817 0.18580188
170.84271068 0.18543865
170.89272318 0.18521133
170.94273568 0.18536434
170.99274819 0.18517307
171.04276069 0.18491356
171.09277319 0.18453932
171.14278570 0.18427640
171.19279820 0.18407352
171.24281070 0.18378761
171.29282321 0.18355933
171.34283571 0.18314174
171.39284821 0.18260460
171.44286072 0.18243558
171.49287322 0.18230539
171.54288572 0.18194043
171.59289822 0.18185401
171.64291073 0.18172768
171.69292323 0.18142475
171.74293573 0.18139476
171.79294824 0.18121434
171.84296074 0.18085795
171.89297324 0.18058804
171.94298575 0.18036430
171.99299825 0.18009184
172.04301075 0.17985339
172.09302326 0.17959726
172.14303576 0.17934162
172.19304826 0.17898949
172.24306077 0.17888893
172.29307327 0.17900535
172.34308577 0.17894543
172.39309827 0.17868531
172.44311078 0.17842093
172.49312328 0.17826270
172.54313578 0.17803956
172.59314829 0.17782754
172.64316079 0.17737765
172.69317329 0.17721442
172.74318580 0.17714198
172.79319830 0.17766393
172.84321080 0.17781535
172.89322331 0.17751277
172.94323581 0.17733792
172.99324831 0.17691527
173.04326082 0.17672546
173.09327332 0.17790181
173.14328582 0.17772575
173.19329832 0.17747728
173.24331083 0.17722902
173.29332333 0.17766376
173.34333583 0.17735847
173.39334834 0.17710751
173.44336084 0.17721820
173.49337334 0.17689184
173.54338585 0.17681683
173.59339835 0.17664271
173.64341085 0.17646629
173.69342336 0.17623236
173.74343586 0.17598090
173.79344836 0.17571377
173.84346087 0.17541293
173.89347337 0.17502877
173.94348587 0.17480652
173.99349837 0.17428969
174.04351088 0.17399521
174.09352338 0.17377631
174.14353588 0.17371450
174.19354839 0.17372112
174.24356089 0.17371983
174.29357339 0.17374677
174.34358590 0.17353099
174.39359840 0.17351647
174.44361090 0.17321413
174.49362341 0.17326083
174.54363591 0.17300187
174.59364841 0.17283070
174.64366092 0.17257910
174.69367342 0.17233890
174.74368592 0.17204119
174.79369842 0.17178145
174.84371093 0.17175332
174.89372343 0.17155035
174.94373593 0.17129458
174.99374844 0.17112996
175.04376094 0.17082015
175.09377344 0.17055214
175.14378595 0.17041062
175.19379845 0.16996028
175.24381095 0.16962340
175.29382346 0.16921789
175.34383596 0.16899264
175.39384846 0.16883385
175.44386097 0.16859153
175.49387347 0.16835570
175.54388597 0.16786555
175.59389847 0.16761767
175.64391098 0.16717206
175.69392348 0.16696372
175.74393598 0.16685140
175.79394849 0.16673669
175.84396099 0.16639007
175.89397349 0.16616464
175.94398600 0.16567633
175.99399850 0.16537699
176.04401100 0.16509711
176.09402351 0.16487825
176.14403601 0.16462913
176.19404851 0.16447919
176.24406102 0.16504879
176.29407352 0.16480086
176.34408602 0.16424074
176.39409852 0.16399484
176.44411103 0.16371058
176.49412353 0.16345379
176.54413603 0.16322189
176.59414854 0.16302143
176.64416104 0.16263059
176.69417354 0.16236578
176.74418605 0.16224242
176.79419855 0.16196501
176.84421105 0.16171490
176.89422356 0.16148876
176.94423606 0.16145924
176.99424856 0.16128391
177.04426107 0.16110321
177.09427357 0.16088811
177.14428607 0.16065960
177.19429857 0.16047365
177.24431108 0.16024412
177.29432358 0.15997935
177.34433608 0.15975099
177.39434859 0.15955955
177.44436109 0.15929408
177.49437359 0.15906257
177.54438610 0.15934667
177.59439860 0.15906122
177.64441110 0.15890214
177.69442361 0.15876129
177.74443611 0.15895277
177.79444861 0.15878619
177.84446112 0.15853461
177.89447362 0.15851481
177.94448612 0.15878799
177.99449862 0.15871173
178.04451113 0.15860198
178.09452363 0.15846843
178.14453613 0.15830145
178.19454864 0.15833458
178.24456114 0.15808838
178.29457364 0.15792747
178.34458615 0.15753617
178.39459865 0.15741657
178.44461115 0.15699030
178.49462366 0.15682440
178.54463616 0.15665293
178.59464866 0.15643360
178.64466117 0.15619653
178.69467367 0.15618444
178.74468617 0.15572523
178.79469867 0.15564393
178.84471118 0.15541865
178.89472368 0.15519887
178.94473618 0.15497764
178.99474869 0.15475840
179.04476119 0.15457612
179.09477369 0.15439444
179.14478620 0.15420799
179.19479870 0.15400569
179.24481120 0.15368614
179.29482371 0.15347783
179.34483621 0.15330203
179.39484871 0.15272125
179.44486122 0.15252958
179.49487372 0.15204120
179.54488622 0.15184006
179.59489872 0.15158586
179.64491123 0.15132056
179.69492373 0.15131084
179.74493623 0.15106183
179.79494874 0.15092155
179.84496124 0.15069689
179.89497374 0.15039016
179.94498625 0.15026825
179.99499875 0.15006087
180.04501125 0.14981142
180.09502376 0.14926215
180.14503626 0.14905234
180.19504876 0.14878513
180.24506127 0.14868039
180.29507377 0.14849587
180.34508627 0.14826762
180.39509877 0.14810829
180.44511128 0.14790012
180.49512378 0.14771772
180.54513628 0.14757175
180.59514879 0.14728911
180.64516129 0.14713835
180.69517379 0.14696999
180.74518630 0.14676572
180.79519880 0.14654084
180.84521130 0.14632158
180.89522381 0.14612505
180.94523631 0.14590997
180.99524881 0.14577284
181.04526132 0.14538783
181.09527382 0.14521682
181.14528632 0.14494579
181.19529882 0.14463719
181.24531133 0.14439374
181.29532383 0.14425583
181.34533633 0.14400300
181.39534884 0.14412019
181.44536134 0.14396748
181.49537384 0.14375064
181.54538635 0.14342795
181.59539885 0.14347523
181.64541135 0.14362040
181.69542386 0.14359409
181.74543636 0.14359411
181.79544886 0.14341535
181.84546137 0.14321297
181.89547387 0.14304166
181.94548637 0.14323073
181.99549887 0.14288980
182.04551138 0.14268080
182.09552388 0.14244588
182.14553638 0.14213694
182.19554889 0.14191259
182.24556139 0.14168820
182.29557389 0.14138196
182.34558640 0.14118525
182.39559890 0.14097645
182.44561140 0.14146913
182.49562391 0.14113772
182.54563641 0.14087459
182.59564891 0.14064352
182.64566142 0.14039373
182.69567392 0.14076170
182.74568642 0.14130721
182.79569892 0.14111242
182.84571143 0.14091294
182.89572393 0.14069947
182.94573643 0.14047548
182.99574894 0.14023206
183.04576144 0.13999161
183.09577394 0.13980495
183.14578645 0.13966388
183.19579895 0.13950274
183.24581145 0.13930058
183.29582396 0.13911607
183.34583646 0.13894906
183.39584896 0.13879346
183.44586147 0.13863912
183.49587397 0.13847434
183.54588647 0.13829041
183.59589897 0.13950298
183.64591148 0.13928518
183.69592398 0.13904642
183.74593648 0.13902796
183.79594899 0.13884301
183.84596149 0.13859016
183.89597399 0.13828143
183.94598650 0.13805357
183.99599900 0.13790729
184.04601150 0.13760620
184.09602401 0.13747704
184.14603651 0.13893902
184.19604901 0.13878012
184.24606152 0.13785828
184.29607402 0.13767633
184.34608652 0.13760106
184.39609902 0.13740867
184.44611153 0.13723930
184.49612403 0.13706625
184.54613653 0.13688678
184.59614904 0.13673417
184.64616154 0.13657303
184.69617404 0.13638013
184.74618655 0.13678094
184.79619905 0.13659905
184.84621155 0.13642256
184.89622406 0.13595076
184.94623656 0.13585623
184.99624906 0.13566549
185.04626157 0.13535478
185.09627407 0.13504214
185.14628657 0.13481799
185.19629907 0.13466769
185.24631158 0.13454887
185.29632408 0.13506794
185.34633658 0.13491484
185.39634909 0.13473587
185.44636159 0.13451100
185.49637409 0.13430853
185.54638660 0.13408920
185.59639910 0.13392374
185.64641160 0.13369618
185.69642411 0.13350072
185.74643661 0.13329266
185.79644911 0.13302708
185.84646162 0.13278125
185.89647412 0.13252967
185.94648662 0.13233302
185.99649912 0.13216454
186.04651163 0.13200114
186.09652413 0.13182876
186.14653663 0.13154461
186.19654914 0.13132575
186.24656164 0.13109271
186.29657414 0.13089887
186.34658665 0.13150540
186.39659915 0.13133415
186.44661165 0.13116084
186.49662416 0.13098240
186.54663666 0.13079957
186.59664916 0.13061410
186.64666167 0.13025480
186.69667417 0.13011352
186.74668667 0.12990290
186.79669917 0.12963142
186.84671168 0.12942504
186.89672418 0.12921515
186.94673668 0.12905241
186.99674919 0.12890017
187.04676169 0.12868251
187.09677419 0.12853188
187.14678670 0.12901567
187.19679920 0.12904813
187.24681170 0.12896205
187.29682421 0.12876336
187.34683671 0.12840615
187.39684921 0.12820636
187.44686172 0.12800585
187.49687422 0.12780592
187.54688672 0.12761158
187.59689922 0.12742973
187.64691173 0.12726034
187.69692423 0.12709526
187.74693673 0.12699566
187.79694924 0.12682922
187.84696174 0.12667149
187.89697424 0.12645409
187.94698675 0.12625934
187.99699925 0.12608530
188.04701175 0.12592238
188.09702426 0.12569310
188.14703676 0.12558496
188.19704926 0.12541538
188.24706177 0.12523622
188.29707427 0.12504883
188.34708677 0.12455206
188.39709927 0.12436956
188.44711178 0.12419544
188.49712428 0.12402071
188.54713678 0.12384618
188.59714929 0.12366122
188.64716179 0.12362709
188.69717429 0.12344911
188.74718680 0.12324943
188.79719930 0.12331857
188.84721180 0.12306742
188.89722431 0.12287550
188.94723681 0.12259145
188.99724931 0.12194023
189.04726182 0.12177106
189.09727432 0.12163846
189.14728682 0.12149486
189.19729932 0.12105883
189.24731183 0.12089583
189.29732433 0.12083501
189.34733683 0.12065088
189.39734934 0.12048083
189.44736184 0.12032707
189.49737434 0.12018388
189.54738685 0.12025988
189.59739935 0.12011008
189.64741185 0.12001258
189.69742436 0.11984580
189.74743686 0.11962724
189.79744936 0.11953525
189.84746187 0.11938403
189.89747437 0.11938687
189.94748687 0.11920433
189.99749937 0.11903991
190.04751188 0.11896209
190.09752438 0.11875909
190.14753688 0.11861212
190.19754939 0.11845468
190.24756189 0.11828895
190.29757439 0.11812008
190.34758690 0.11794418
190.39759940 0.11776409
190.44761190 0.11756829
190.49762441 0.11796222
190.54763691 0.11783366
190.59764941 0.11786795
190.64766192 0.11768097
190.69767442 0.11750428
190.74768692 0.11729323
190.79769942 0.11708342
190.84771193 0.11694835
190.89772443 0.11698563
190.94773693 0.11685328
190.99774944 0.11669811
191.04776194 0.11655051
191.09777444 0.11639780
191.14778695 0.11624689
191.19779945 0.11609454
191.24781195 0.11598936
191.29782446 0.11577593
191.34783696 0.11561840
191.39784946 0.11544578
191.44786197 0.11526887
191.49787447 0.11539787
191.54788697 0.11508932
191.59789947 0.11486827
191.64791198 0.11466016
191.69792448 0.11446928
191.74793698 0.11424610
191.79794949 0.11498970
191.84796199 0.11479599
191.89797449 0.11469873
191.94798700 0.11464077
191.99799950 0.11455270
192.04801200 0.11442912
192.09802451 0.11454597
192.14803701 0.11441279
192.19804951 0.11426230
192.24806202 0.11405584
192.29807452 0.11389431
192.34808702 0.11366704
192.39809952 0.11347444
192.44811203 0.11327842
192.49812453 0.11308928
192.54813703 0.11310700
192.59814954 0.11293514
192.64816204 0.11286877
192.69817454 0.11316536
192.74818705 0.11302927
192.79819955 0.11304366
192.84821205 0.11416186
192.89822456 0.11487507
192.94823706 0.11494697
192.99824956 0.11481527
193.04826207 0.11465811
193.09827457 0.11447600
193.14828707 0.11429150
193.19829957 0.11410703
193.24831208 0.11414939
193.29832458 0.11396987
193.34833708 0.11380152
193.39834959 0.11364694
193.44836209 0.11347010
193.49837459 0.11333710
193.54838710 0.11320465
193.59839960 0.11341659
193.64841210 0.11326960
193.69842461 0.11311517
193.74843711 0.11315291
193.79844961 0.11315302
193.84846212 0.11299870
193.89847462 0.11281824
193.94848712 0.11295767
193.99849962 0.11281240
194.04851213 0.11267615
194.09852463 0.11259744
194.14853713 0.11246208
194.19854964 0.11224925
194.24856214 0.11214890
194.29857464 0.11205419
194.34858715 0.11187892
194.39859965 0.11170839
194.44861215 0.11174691
194.49862466 0.11167491
194.54863716 0.11152625
194.59864966 0.11128790
194.64866217 0.11108743
194.69867467 0.11089242
194.74868717 0.11069116
194.79869967 0.11046512
194.84871218 0.11031846
194.89872468 0.11025157
194.94873718 0.10997826
194.99874969 0.10985926
195.04876219 0.10972273
195.09877469 0.10958253
195.14878720 0.10943851
195.19879970 0.10929748
195.24881220 0.10915720
195.29882471 0.10894761
195.34883721 0.10877835
195.39884971 0.10875033
195.44886222 0.10859045
195.49887472 0.10833993
195.54888722 0.10820960
195.59889972 0.10819907
195.64891223 0.10805515
195.69892473 0.10778231
195.74893723 0.10752404
195.79894974 0.10735318
195.84896224 0.10737937
195.89897474 0.10722644
195.94898725 0.10694697
195.99899975 0.10673023
196.04901225 0.10688558
196.09902476 0.10670655
196.14903726 0.10643536
196.19904976 0.10734764
196.24906227 0.10751539
196.29907477 0.10745387
196.34908727 0.10715668
196.39909977 0.10700199
196.44911228 0.10685174
196.49912478 0.10678838
196.54913728 0.10661144
196.59914979 0.10652785
196.64916229 0.10777963
196.69917479 0.10762761
196.74918730 0.10757887
196.79919980 0.10739305
196.84921230 0.10727810
196.89922481 0.10712610
196.94923731 0.10698695
196.99924981 0.10688978
197.04926232 0.10675070
197.09927482 0.10664477
197.14928732 0.10649945
197.19929982 0.10617596
197.24931233 0.10612342
197.29932483 0.10655307
197.34933733 0.10641761
197.39934984 0.10627118
197.44936234 0.10610476
197.49937484 0.10576445
197.54938735 0.10559637
197.59939985 0.10581454
197.64941235 0.10580216
197.69942486 0.10565233
197.74943736 0.10547287
197.79944986 0.10537280
197.84946237 0.10522339
197.89947487 0.10507431
197.94948737 0.10514878
197.99949987 0.10496354
198.04951238 0.10468417
198.09952488 0.10448837
198.14953738 0.10452114
198.19954989 0.10439004
198.24956239 0.10430073
198.29957489 0.10420829
198.34958740 0.10417481
198.39959990 0.10406024
198.44961240 0.10305734
198.49962491 0.10293003
198.54963741 0.10278423
198.59964991 0.10256937
198.64966242 0.10246287
198.69967492 0.10226492
198.74968742 0.10221467
198.79969992 0.10211488
198.84971243 0.10226617
198.89972493 0.10208795
198.94973743 0.10396413
198.99974994 0.10380892
199.04976244 0.10363742
199.09977494 0.10350713
199.14978745 0.10331419
199.19979995 0.10317961
199.24981245 0.10304432
199.29982496 0.10293837
199.34983746 0.10280106
199.39984996 0.10259454
199.44986247 0.10248466
199.49987497 0.10247930
199.54988747 0.10234006
199.59989997 0.10223468
199.64991248 0.10210663
199.69992498 0.10189526
199.74993748 0.10178016
199.79994999 0.10168488
199.84996249 0.10160098
199.89997499 0.10151165
199.94998750 0.10159323
200.00000000 0.10140366
