0.00000000 0.00000000 0.00000000
1.00100100 0.00386629 0.00246799
2.00200200 0.00580513 0.01392806
3.00300300 0.00634864 0.01393764
4.00400400 0.00693509 0.01403792
5.00500501 0.00777295 0.01441729
6.00600601 0.00831762 0.01449664
7.00700701 0.00864461 0.01481117
8.00800801 0.00899678 0.01494209
9.00900901 0.00935506 0.01511185
10.01001001 0.00946720 0.01500721
11.01101101 0.00958155 0.01467199
12.01201201 0.00972794 0.01473515
13.01301301 0.01003067 0.01526646
14.01401401 0.00997405 0.01516763
15.01501502 0.01019092 0.01521036
16.01601602 0.01089290 0.02164610
17.01701702 0.01112092 0.02236885
18.01801802 0.01085917 0.02222445
19.01901902 0.01076218 0.02207246
20.02002002 0.01065783 0.02197074
21.02102102 0.01058853 0.02186741
22.02202202 0.01050728 0.02199662
23.02302302 0.01029370 0.02152872
24.02402402 0.01039900 0.02146522
25.02502503 0.00994887 0.02045286
26.02602603 0.00990306 0.02035912
27.02702703 0.01018057 0.02245619
28.02802803 0.01002178 0.02230065
29.02902903 0.00999003 0.02263549
30.03003003 0.00968880 0.02239020
31.03103103 0.00951542 0.02214279
32.03203203 0.00925372 0.02161394
33.03303303 0.00919342 0.02130404
34.03403403 0.00900301 0.02068447
35.03503504 0.00877401 0.02042167
36.03603604 0.00882924 0.02021695
37.03703704 0.00861395 0.01985958
38.03803804 0.00862535 0.01975073
39.03903904 0.00840611 0.01937817
40.04004004 0.00857534 0.02343528
41.04104104 0.00847145 0.02373414
42.04204204 0.00861423 0.02509790
43.04304304 0.00821979 0.02196851
44.04404404 0.00821000 0.02185157
45.04504505 0.00802199 0.02139400
46.04604605 0.00792301 0.02069073
47.04704705 0.00799735 0.02091183
48.04804805 0.00789771 0.02066785
49.04904905 0.00774947 0.02058275
50.05005005 0.00754796 0.02034256
51.05105105 0.00743202 0.02010204
52.05205205 0.00741367 0.02006670
53.05305305 0.00720467 0.01993036
54.05405405 0.00728120 0.02016762
55.05505506 0.00718492 0.02022752
56.05605606 0.00715631 0.02037802
57.05705706 0.00708790 0.02045946
58.05805806 0.00706389 0.02043152
59.05905906 0.00717029 0.02142893
60.06006006 0.00715338 0.02142117
61.06106106 0.00705527 0.02131810
62.06206206 0.00698400 0.02169495
63.06306306 0.00683890 0.02131811
64.06406406 0.00668722 0.02098498
65.06506507 0.00744658 0.02880005
66.06606607 0.00733205 0.02809799
67.06706707 0.00799091 0.03258223
68.06806807 0.00816261 0.03231891
69.06906907 0.00783427 0.03101566
70.07007007 0.00780309 0.03052006
71.07107107 0.00750240 0.02952590
72.07207207 0.00739394 0.02910168
73.07307307 0.00714692 0.02689821
74.07407407 0.00703461 0.02642509
75.07507508 0.00729926 0.02691948
76.07607608 0.00724573 0.02688804
77.07707708 0.00705226 0.02597803
78.07807808 0.00698958 0.02604501
79.07907908 0.00673857 0.02555067
80.08008008 0.00631992 0.02292962
81.08108108 0.00623069 0.02254116
82.08208208 0.00682268 0.02581467
83.08308308 0.00672785 0.02572475
84.08408408 0.00690129 0.02624735
85.08508509 0.00678713 0.02595987
86.08608609 0.00665913 0.02557179
87.08708709 0.00651975 0.02515678
88.08808809 0.00643680 0.02472706
89.08908909 0.00676400 0.02611479
90.09009009 0.00698790 0.02671729
91.09109109 0.00706776 0.02837934
92.09209209 0.00705392 0.02830895
93.09309309 0.00888958 0.04002628
94.09409409 0.00882933 0.04028888
95.09509510 0.00903286 0.04204532
96.09609610 0.00894220 0.04230580
97.09709710 0.00880527 0.04177941
98.09809810 0.00877084 0.04136590
99.09909910 0.00861923 0.04119051
100.10010010 0.00852278 0.04053807
101.10110110 0.00845368 0.04012411
102.10210210 0.00833429 0.03999068
103.10310310 0.00802253 0.03875516
104.10410410 0.00859056 0.04013235
105.10510511 0.00847651 0.03978412
106.10610611 0.00834838 0.03927538
107.10710711 0.00823174 0.03899332
108.10810811 0.00788996 0.03348549
109.10910911 0.00787482 0.03304098
110.11011011 0.00830316 0.03488264
111.11111111 0.00810639 0.03436696
112.11211211 0.00796139 0.03367718
113.11311311 0.00743179 0.02912109
114.11411411 0.00739727 0.02877463
115.11511512 0.00728623 0.02844446
116.11611612 0.00722623 0.02797514
117.11711712 0.00718667 0.02762292
118.11811812 0.00658305 0.02470423
119.11911912 0.00661839 0.02537006
120.12012012 0.00817068 0.03740083
121.12112112 0.00799004 0.03683541
122.12212212 0.00788110 0.03671619
123.12312312 0.00776099 0.03641880
124.12412412 0.00769542 0.03618020
125.12512513 0.00766019 0.03602712
126.12612613 0.00670859 0.02708655
127.12712713 0.00664097 0.02702841
128.12812813 0.00653775 0.02693823
129.12912913 0.00672911 0.02754947
130.13013013 0.00661419 0.02708401
131.13113113 0.00660254 0.02699422
132.13213213 0.00650036 0.02668000
133.13313313 0.00730261 0.03304153
134.13413413 0.00694132 0.02943914
135.13513514 0.00686743 0.02922454
136.13613614 0.00799065 0.03794395
137.13713714 0.00755778 0.03549168
138.13813814 0.00748968 0.03431984
139.13913914 0.00751983 0.03414517
140.14014014 0.00745458 0.03392741
141.14114114 0.00744539 0.03519773
142.14214214 0.00897088 0.04597007
143.14314314 0.00836945 0.04112017
144.14414414 0.00974957 0.04711609
145.14514515 0.00955463 0.04621230
146.14614615 0.00941472 0.04587286
147.14714715 0.00948944 0.04772722
148.14814815 0.00909768 0.04633727
149.14914915 0.00891806 0.04579288
150.15015015 0.00880885 0.04534375
151.15115115 0.00868567 0.04484180
152.15215215 0.00854815 0.04426260
153.15315315 0.00840989 0.04375575
154.15415415 0.00828383 0.04322617
155.15515516 0.00821135 0.04289641
156.15615616 0.00814279 0.04262904
157.15715716 0.00796706 0.04148301
158.15815816 0.00779292 0.04102410
159.15915916 0.00765921 0.04076519
160.16016016 0.00752849 0.04012991
161.16116116 0.00817393 0.04289415
162.16216216 0.00800379 0.04209266
163.16316316 0.00788895 0.04148480
164.16416416 0.00786123 0.04106065
165.16516517 0.00780175 0.04058321
166.16616617 0.00766420 0.04016995
167.16716717 0.00754768 0.03958636
168.16816817 0.00737713 0.03873255
169.16916917 0.00720990 0.03802328
170.17017017 0.00778465 0.04003984
171.17117117 0.00768414 0.03930871
172.17217217 0.00755128 0.03851653
173.17317317 0.00740987 0.03734317
174.17417417 0.00720018 0.03615081
175.17517518 0.00710370 0.03568077
176.17617618 0.00703658 0.03529560
177.17717718 0.00691357 0.03471663
178.17817818 0.00677379 0.03399030
179.17917918 0.00666754 0.03321266
180.18018018 0.00656647 0.03262771
181.18118118 0.00645258 0.03190557
182.18218218 0.00636419 0.03130805
183.18318318 0.00626637 0.03088764
184.18418418 0.00699896 0.03548492
185.18518519 0.00692697 0.03541424
186.18618619 0.00686345 0.03516507
187.18718719 0.00680528 0.03480044
188.18818819 0.00866952 0.04290001
189.18918919 0.00926474 0.04500916
190.19019019 0.00899338 0.04280752
191.19119119 0.00888982 0.04216745
192.19219219 0.00880086 0.04148919
193.19319319 0.00868798 0.04084096
194.19419419 0.00858947 0.04029458
195.19519520 0.00853161 0.03994336
196.19619620 0.00840924 0.03934970
197.19719720 0.00828800 0.03877661
198.19819820 0.00811665 0.03814898
199.19919920 0.00797643 0.03756788
200.20020020 0.00839874 0.03892723
201.20120120 0.00897523 0.04122544
202.20220220 0.00877447 0.04013944
203.20320320 0.00878483 0.04075983
204.20420420 0.00865029 0.04019949
205.20520521 0.00848342 0.03954397
206.20620621 0.00843730 0.03900144
207.20720721 0.00833070 0.03843982
208.20820821 0.00822140 0.03798337
209.20920921 0.00950302 0.04578763
210.21021021 0.00935347 0.04428277
211.21121121 0.00919176 0.04345843
212.21221221 0.00900225 0.04278148
213.21321321 0.01008385 0.04962505
214.21421421 0.01092367 0.05327993
215.21521522 0.01202000 0.05978666
216.21621622 0.01178328 0.05913589
217.21721722 0.01163040 0.05840210
218.21821822 0.01141704 0.05749888
219.21921922 0.01127164 0.05662318
220.22022022 0.01106634 0.05580090
221.22122122 0.01087820 0.05493904
222.22222222 0.00980709 0.04762384
223.22322322 0.00999564 0.05098918
224.22422422 0.00983728 0.05046225
225.22522523 0.01069171 0.05460422
226.22622623 0.01051497 0.05400875
227.22722723 0.01032912 0.05324641
228.22822823 0.01014959 0.05254251
229.22922923 0.01102722 0.05670978
230.23023023 0.01088815 0.05608155
231.23123123 0.01079873 0.05544507
232.23223223 0.01063947 0.05474880
233.23323323 0.01048984 0.05405155
234.23423423 0.01146373 0.05894888
235.23523524 0.01075457 0.05387423
236.23623624 0.01042080 0.05285779
237.23723724 0.01058053 0.05116108
238.23823824 0.01041064 0.05054992
239.23923924 0.01027947 0.04975023
240.24024024 0.01020266 0.04927635
241.24124124 0.01007941 0.04867540
242.24224224 0.00989569 0.04804198
243.24324324 0.00980886 0.04738975
244.24424424 0.00971865 0.04662214
245.24524525 0.00956563 0.04584853
246.24624625 0.00939039 0.04500320
247.24724725 0.00920740 0.04414559
248.24824825 0.00907453 0.04324837
249.24924925 0.00905637 0.04259895
250.25025025 0.00899001 0.04254142
251.25125125 0.00888392 0.04194636
252.25225225 0.00878335 0.04146599
253.25325325 0.00864940 0.04092492
254.25425425 0.00851015 0.04027132
255.25525526 0.01155321 0.05690383
256.25625626 0.01139707 0.05628030
257.25725726 0.01108448 0.05490059
258.25825826 0.01096852 0.05419908
259.25925926 0.01180561 0.05757571
260.26026026 0.01265133 0.06085429
261.26126126 0.01252223 0.06024109
262.26226226 0.01223347 0.05936923
263.26326326 0.01226738 0.05889219
264.26426426 0.01210702 0.05821643
265.26526527 0.01200965 0.05769015
266.26626627 0.01237390 0.06091346
267.26726727 0.01320656 0.06360502
268.26826827 0.01304815 0.06282632
269.26926927 0.01378656 0.06762442
270.27027027 0.01365168 0.06696749
271.27127127 0.01350353 0.06634139
272.27227227 0.01362359 0.06604076
273.27327327 0.01341225 0.06459437
274.27427427 0.01337457 0.06491513
275.27527528 0.01319449 0.06431241
276.27627628 0.01303994 0.06372363
277.27727728 0.01289104 0.06329328
278.27827828 0.01273245 0.06282245
279.27927928 0.01264489 0.06233041
280.28028028 0.01245946 0.06122007
281.28128128 0.01227277 0.06080530
282.28228228 0.01201151 0.05924100
283.28328328 0.01183762 0.05856394
284.28428428 0.01168572 0.05817395
285.28528529 0.01231528 0.05989599
286.28628629 0.01138022 0.05526584
287.28728729 0.01216894 0.05835979
288.28828829 0.01137319 0.05398381
289.28928929 0.01122596 0.05358412
290.29029029 0.01109532 0.05310070
291.29129129 0.01102269 0.05309029
292.29229229 0.01087338 0.05257979
293.29329329 0.01040397 0.05065551
294.29429429 0.01119451 0.05428743
295.29529530 0.01090626 0.05359255
296.29629630 0.01072400 0.05297583
297.29729730 0.01051914 0.05216305
298.29829830 0.01030620 0.05128328
299.29929930 0.00983697 0.04748083
300.30030030 0.00972916 0.04692060
301.30130130 0.00962424 0.04616495
302.30230230 0.00951475 0.04544187
303.30330330 0.00936788 0.04478637
304.30430430 0.00915935 0.04404730
305.30530531 0.00903059 0.04348101
306.30630631 0.00886208 0.04287053
307.30730731 0.00869218 0.04222930
308.30830831 0.00854179 0.04156115
309.30930931 0.00906315 0.04545934
310.31031031 0.00902323 0.04531868
311.31131131 0.00889904 0.04443494
312.31231231 0.00861446 0.04141775
313.31331331 0.00850667 0.04087514
314.31431431 0.00976101 0.05079500
315.31531532 0.00961306 0.05040678
316.31631632 0.01044692 0.05414875
317.31731732 0.01030962 0.05385207
318.31831832 0.01015425 0.05335542
319.31931932 0.00999846 0.05282684
320.32032032 0.00981260 0.05227237
321.32132132 0.00962881 0.05167407
322.32232232 0.00933266 0.05081066
323.32332332 0.00914480 0.05004336
324.32432432 0.00898816 0.04923261
325.32532533 0.00835566 0.04518450
326.32632633 0.00823547 0.04475413
327.32732733 0.00809165 0.04429094
328.32832833 0.00795838 0.04389295
329.32932933 0.00784077 0.04342667
330.33033033 0.00773383 0.04295077
331.33133133 0.00763851 0.04232842
332.33233233 0.00877232 0.05023877
333.33333333 0.00871786 0.05076633
334.33433433 0.00994528 0.05784334
335.33533534 0.00896000 0.05152611
336.33633634 0.00885994 0.05122321
337.33733734 0.00874016 0.05089401
338.33833834 0.00864071 0.05060489
339.33933934 0.00850606 0.05015390
340.34034034 0.00841183 0.04959877
341.34134134 0.00800448 0.04859125
342.34234234 0.00788042 0.04791107
343.34334334 0.01022219 0.06088832
344.34434434 0.01006474 0.06036321
345.34534535 0.01032985 0.06407446
346.34634635 0.01020798 0.06366718
347.34734735 0.01007003 0.06318546
348.34834835 0.00997797 0.06298247
349.34934935 0.00981499 0.06245658
350.35035035 0.00968872 0.06188562
351.35135135 0.00956062 0.06103163
352.35235235 0.00809197 0.05268627
353.35335335 0.00801964 0.05228733
354.35435435 0.00822038 0.05552049
355.35535536 0.00814145 0.05530005
356.35635636 0.00814211 0.05524720
357.35735736 0.00810971 0.05497901
358.35835836 0.00803724 0.05482418
359.35935936 0.00787536 0.05359548
360.36036036 0.00776436 0.05330200
361.36136136 0.00759662 0.05295084
362.36236236 0.00772671 0.05336213
363.36336336 0.00760340 0.05311750
364.36436436 0.00897140 0.06174885
365.36536537 0.00889578 0.06173409
366.36636637 0.00794185 0.05676060
367.36736737 0.00782136 0.05653899
368.36836837 0.00770451 0.05637345
369.36936937 0.00760950 0.05612535
370.37037037 0.00758700 0.05610517
371.37137137 0.00751024 0.05587833
372.37237237 0.00960176 0.06696175
373.37337337 0.00957698 0.06684079
374.37437437 0.01098858 0.07358320
375.37537538 0.01095835 0.07367192
376.37637638 0.01085574 0.07325266
377.37737738 0.01061146 0.06994425
378.37837838 0.01047145 0.06960203
379.37937938 0.01020468 0.06753616
380.38038038 0.01008228 0.06733786
381.38138138 0.00999388 0.06702300
382.38238238 0.00995096 0.06681123
383.38338338 0.00985965 0.06645904
384.38438438 0.00976817 0.06598401
385.38538539 0.00967902 0.06565882
386.38638639 0.00958140 0.06535553
387.38738739 0.00948129 0.06476064
388.38838839 0.00934882 0.06428364
389.38938939 0.00928724 0.06381647
390.39039039 0.01061110 0.06982930
391.39139139 0.01054369 0.06940518
392.39239239 0.01046606 0.06899304
393.39339339 0.01144308 0.07240896
394.39439439 0.01246111 0.07656491
395.39539540 0.01342695 0.07955392
396.39639640 0.01337844 0.07920656
397.39739740 0.01322308 0.07847262
398.39839840 0.01304611 0.07775534
399.39939940 0.01227215 0.07328671
400.40040040 0.01215617 0.07263584
401.40140140 0.01201704 0.07196203
402.40240240 0.01328353 0.07701735
403.40340340 0.01283202 0.07534094
404.40440440 0.01268816 0.07463075
405.40540541 0.01249088 0.07386201
406.40640641 0.01231116 0.07311785
407.40740741 0.01103896 0.06415393
408.40840841 0.01091487 0.06340256
409.40940941 0.01080634 0.06256082
410.41041041 0.01137914 0.06364843
411.41141141 0.01120218 0.06287895
412.41241241 0.01107109 0.06220769
413.41341341 0.01336386 0.07279517
414.41441441 0.01320734 0.07205429
415.41541542 0.01306251 0.07138692
416.41641642 0.01287383 0.07051005
417.41741742 0.01267001 0.06961776
418.41841842 0.01362152 0.07315972
419.41941942 0.01328221 0.07152257
420.42042042 0.01314086 0.07004925
421.42142142 0.01297917 0.06934188
422.42242242 0.01280539 0.06853145
423.42342342 0.01262826 0.06778046
424.42442442 0.01243747 0.06700393
425.42542543 0.01228022 0.06622739
426.42642643 0.01208887 0.06541911
427.42742743 0.01193916 0.06461661
428.42842843 0.01175690 0.06384611
429.42942943 0.01158235 0.06306039
430.43043043 0.01185274 0.06291280
431.43143143 0.01182885 0.06211166
432.43243243 0.01168557 0.06142694
433.43343343 0.01118795 0.06009201
434.43443443 0.01115433 0.05938690
435.43543544 0.01095790 0.05866240
436.43643644 0.01083152 0.05794697
437.43743744 0.01080951 0.05732602
438.43843844 0.01065513 0.05660912
439.43943944 0.01049414 0.05588326
440.44044044 0.01035347 0.05520813
441.44144144 0.01020111 0.05451118
442.44244244 0.01005630 0.05385870
443.44344344 0.00990721 0.05322191
444.44444444 0.01011069 0.05339122
445.44544545 0.00992537 0.05278460
446.44644645 0.00972853 0.05210901
447.44744745 0.00954504 0.05139568
448.44844845 0.00937199 0.05071879
449.44944945 0.00924571 0.05000162
450.45045045 0.00854630 0.04631695
451.45145145 0.00833254 0.04558350
452.45245245 0.00818297 0.04493430
453.45345345 0.00805936 0.04438194
454.45445445 0.00959061 0.05715240
455.45545546 0.01075970 0.06354662
456.45645646 0.01025449 0.06194846
457.45745746 0.01001637 0.06006321
458.45845846 0.00987955 0.05958764
459.45945946 0.00974391 0.05917580
460.46046046 0.01103234 0.06610356
461.46146146 0.01092294 0.06546428
462.46246246 0.01081029 0.06510204
463.46346346 0.01059065 0.06349490
464.46446446 0.01049533 0.06334979
465.46546547 0.01036150 0.06278954
466.46646647 0.01026925 0.06237278
467.46746747 0.01012437 0.06154469
468.46846847 0.00995426 0.06085278
469.46946947 0.01003534 0.06055862
470.47047047 0.00988932 0.05962964
471.47147147 0.00961253 0.05719392
472.47247247 0.00950967 0.05688575
473.47347347 0.01014710 0.05852322
474.47447447 0.01003311 0.05821056
475.47547548 0.00894141 0.05033273
476.47647648 0.00879842 0.04959002
477.47747748 0.00993358 0.05634274
478.47847848 0.01029584 0.05686335
479.47947948 0.01017876 0.05638970
480.48048048 0.01013120 0.05610579
481.48148148 0.01046951 0.05910619
482.48248248 0.01048832 0.05968084
483.48348348 0.01038784 0.05944225
484.48448448 0.01027230 0.05902383
485.48548549 0.01007817 0.05837084
486.48648649 0.01007322 0.05597615
487.48748749 0.00995161 0.05544236
488.48848849 0.00986316 0.05505031
489.48948949 0.00998743 0.05661818
490.49049049 0.00978921 0.05513999
491.49149149 0.00965777 0.05458483
492.49249249 0.00887417 0.04985855
493.49349349 0.01032250 0.06033707
494.49449449 0.01025051 0.05996097
495.49549550 0.01013990 0.05927901
496.49649650 0.01001232 0.05871054
497.49749750 0.00991792 0.05820557
498.49849850 0.01119079 0.06671842
499.49949950 0.01103938 0.06611792
500.50050050 0.01257592 0.07529536
501.50150150 0.01231849 0.07338614
502.50250250 0.01215870 0.07290165
503.50350350 0.01206854 0.07229102
504.50450450 0.01192451 0.07173213
505.50550551 0.01177084 0.07113746
506.50650651 0.01286347 0.07551368
507.50750751 0.01244886 0.07473646
508.50850851 0.01238037 0.07436080
509.50950951 0.01150510 0.06852108
510.51051051 0.01131869 0.06784039
511.51151151 0.01120016 0.06699044
512.51251251 0.01101581 0.06636362
513.51351351 0.01090171 0.06565580
514.51451451 0.01080933 0.06507069
515.51551552 0.01164523 0.06788072
516.51651652 0.01145359 0.06701766
517.51751752 0.01132024 0.06633602
518.51851852 0.01110192 0.06562777
519.51951952 0.01091530 0.06490243
520.52052052 0.01082302 0.06413182
521.52152152 0.01069035 0.06345736
522.52252252 0.01070612 0.06293050
523.52352352 0.01063166 0.06226567
524.52452452 0.01050159 0.06164146
525.52552553 0.01033263 0.06085921
526.52652653 0.01015420 0.06001694
527.52752753 0.00997023 0.05913394
528.52852853 0.00980411 0.05842581
529.52952953 0.00974276 0.05761360
530.53053053 0.00959254 0.05691988
531.53153153 0.00951183 0.05625986
532.53253253 0.00939668 0.05567004
533.53353353 0.00925605 0.05505738
534.53453453 0.00853163 0.05179437
535.53553554 0.00842677 0.05109899
536.53653654 0.00833221 0.05053875
537.53753754 0.00825487 0.04993314
538.53853854 0.00916736 0.05465220
539.53953954 0.00916530 0.05411345
540.54054054 0.00911503 0.05356316
541.54154154 0.00897706 0.05285840
542.54254254 0.00885133 0.05221669
543.54354354 0.01014398 0.06009758
544.54454454 0.01154548 0.06875708
545.54554555 0.01131229 0.06723704
546.54654655 0.01116239 0.06672853
547.54754755 0.01099816 0.06614256
548.54854855 0.01063904 0.06251581
549.54954955 0.01048978 0.06204918
550.55055055 0.01186815 0.06938209
551.55155155 0.01316878 0.07593404
552.55255255 0.01287430 0.07427690
553.55355355 0.01117511 0.06397249
554.55455455 0.01096936 0.06486299
555.55555556 0.01046934 0.06259043
556.55655656 0.01035419 0.06227905
557.55755756 0.01023068 0.06172312
558.55855856 0.01006208 0.06080522
559.55955956 0.00995356 0.06056872
560.56056056 0.00981520 0.05995807
561.56156156 0.00974009 0.05958293
562.56256256 0.00956735 0.05882469
563.56356356 0.00940300 0.05788675
564.56456456 0.00929399 0.05767766
565.56556557 0.00912786 0.05686874
566.56656657 0.00833403 0.05416565
567.56756757 0.00825090 0.05361084
568.56856857 0.00828480 0.05506724
569.56956957 0.00839539 0.05470029
570.57057057 0.00824740 0.05396082
571.57157157 0.00777154 0.04925550
572.57257257 0.00820630 0.05013805
573.57357357 0.00808662 0.04964039
574.57457457 0.00854626 0.05147456
575.57557558 0.00738513 0.04450916
576.57657658 0.00990035 0.06288759
577.57757758 0.00984825 0.06250727
578.57857858 0.01140260 0.07213640
579.57957958 0.01129729 0.07150912
580.58058058 0.01119646 0.07116047
581.58158158 0.01107757 0.07066337
582.58258258 0.01092219 0.06992316
583.58358358 0.01080226 0.06936470
584.58458458 0.01260626 0.08074596
585.58558559 0.01273589 0.08074057
586.58658659 0.01288507 0.08044546
587.58758759 0.01437808 0.08690515
588.58858859 0.01300328 0.07803378
589.58958959 0.01294323 0.07776663
590.59059059 0.01450582 0.08547348
591.59159159 0.01443914 0.08498588
592.59259259 0.01434175 0.08438815
593.59359359 0.01557180 0.08986388
594.59459459 0.01541587 0.09008889
595.59559560 0.01662846 0.09430344
596.59659660 0.01676708 0.09645491
597.59759760 0.01658952 0.09600169
598.59859860 0.01651881 0.09556768
599.59959960 0.01645155 0.09522769
600.60060060 0.01641965 0.09466640
601.60160160 0.01616424 0.09377497
602.60260260 0.01520492 0.09131893
603.60360360 0.01517240 0.09081608
604.60460460 0.01504557 0.09017242
605.60560561 0.01490787 0.08959621
606.60660661 0.01478945 0.08898181
607.60760761 0.01559705 0.09196657
608.60860861 0.01547885 0.09153175
609.60960961 0.01538201 0.09099056
610.61061061 0.01531907 0.09033237
611.61161161 0.01352996 0.07828547
612.61261261 0.01337368 0.07749070
613.61361361 0.01318287 0.07658976
614.61461461 0.01298794 0.07557279
615.61561562 0.01282728 0.07464373
616.61661662 0.01271371 0.07380089
617.61761762 0.01158462 0.06867965
618.61861862 0.01141400 0.06803975
619.61961962 0.01124526 0.06738046
620.62062062 0.01110274 0.06666722
621.62162162 0.01096917 0.06592087
622.62262262 0.01078934 0.06506846
623.62362362 0.01062108 0.06419582
624.62462462 0.01210591 0.07274215
625.62562563 0.01197905 0.07219958
626.62662663 0.01347257 0.08031844
627.62762763 0.01488288 0.08687230
628.62862863 0.01474672 0.08646131
629.62962963 0.01467521 0.08622069
630.63063063 0.01424282 0.08310394
631.63163163 0.01391593 0.08117025
632.63263263 0.01379259 0.08040177
633.63363363 0.01365060 0.07969296
634.63463463 0.01278888 0.07477831
635.63563564 0.01410037 0.08161272
636.63663664 0.01372144 0.07808863
637.63763764 0.01359424 0.07739335
638.63863864 0.01344566 0.07668867
639.63963964 0.01494208 0.08429914
640.64064064 0.01486096 0.08451913
641.64164164 0.01471448 0.08376391
642.64264264 0.01452715 0.08301112
643.64364364 0.01447280 0.08243873
644.64464464 0.01429953 0.08159319
645.64564565 0.01413510 0.08074230
646.64664665 0.01585453 0.08992033
647.64764765 0.01497646 0.08755516
648.64864865 0.01480936 0.08681791
649.64964965 0.01625458 0.09273986
650.65065065 0.01613853 0.09219382
651.65165165 0.01758482 0.09809662
652.65265265 0.01736812 0.09739343
653.65365365 0.01718156 0.09668630
654.65465465 0.01569092 0.09003900
655.65565566 0.01551372 0.08925831
656.65665666 0.01533872 0.08848989
657.65765766 0.01515589 0.08769471
658.65865866 0.01498301 0.08698550
659.65965966 0.01476905 0.08632868
660.66066066 0.01326820 0.07917742
661.66166166 0.01413963 0.08163053
662.66266266 0.01397760 0.08102794
663.66366366 0.01386319 0.08043038
664.66466466 0.01362661 0.07971934
665.66566567 0.01526337 0.08847129
666.66666667 0.01509447 0.08773563
667.66766767 0.01492100 0.08701927
668.66866867 0.01477519 0.08639109
669.66966967 0.01462978 0.08581921
670.67067067 0.01382806 0.08342415
671.67167167 0.01369728 0.08295987
672.67267267 0.01356924 0.08245878
673.67367367 0.01281458 0.07980109
674.67467467 0.01277814 0.07932513
675.67567568 0.01393974 0.08224754
676.67667668 0.01376192 0.08149564
677.67767768 0.01371765 0.08100678
678.67867868 0.01352836 0.07974924
679.67967968 0.01349901 0.07936869
680.68068068 0.01344846 0.07903981
681.68168168 0.01196078 0.07278776
682.68268268 0.01189794 0.07236949
683.68368368 0.01174587 0.07202151
684.68468468 0.01161185 0.07154584
685.68568569 0.01149546 0.07115568
686.68668669 0.01445373 0.08552792
687.68768769 0.01462177 0.08722141
688.68868869 0.01425111 0.08595044
689.68968969 0.01404803 0.08547054
690.69069069 0.01394597 0.08525171
691.69169169 0.01548035 0.09231950
692.69269269 0.01533662 0.09163963
693.69369369 0.01522672 0.09111215
694.69469469 0.01548852 0.09117182
695.69569570 0.01536175 0.09092224
696.69669670 0.01523534 0.09060095
697.69769770 0.01510090 0.09009521
698.69869870 0.01487977 0.08971629
699.69969970 0.01476302 0.08944945
700.70070070 0.01623682 0.09566299
701.70170170 0.01612621 0.09520469
702.70270270 0.01602502 0.09501483
703.70370370 0.01765583 0.10181170
704.70470470 0.01755915 0.10169281
705.70570571 0.01743614 0.10139349
706.70670671 0.01729255 0.10095430
707.70770771 0.01719987 0.10087157
708.70870871 0.01734032 0.10218602
709.70970971 0.01724149 0.10212048
710.71071071 0.01709919 0.10167954
711.71171171 0.01692632 0.09801495
712.71271271 0.01629830 0.09372963
713.71371371 0.01779992 0.09992065
714.71471471 0.01752109 0.09889597
715.71571572 0.01748039 0.09935074
716.71671672 0.01690912 0.09621587
717.71771772 0.01677294 0.09556659
718.71871872 0.01660912 0.09507385
719.71971972 0.01645558 0.09467190
720.72072072 0.01771418 0.09909380
721.72172172 0.02083840 0.11114208
722.72272272 0.02049725 0.10911564
723.72372372 0.02071092 0.11067551
724.72472472 0.02246751 0.11725483
725.72572573 0.02234468 0.11737175
726.72672673 0.02211597 0.11636470
727.72772773 0.02194589 0.11580121
728.72872873 0.02134925 0.11268628
729.72972973 0.02132926 0.11289910
730.73073073 0.02071136 0.10987134
731.73173173 0.02047966 0.10874852
732.73273273 0.02206815 0.11445713
733.73373373 0.02187156 0.11368525
734.73473473 0.02171946 0.11311084
735.73573574 0.02153199 0.11262572
736.73673674 0.02120086 0.11146269
737.73773774 0.02030661 0.10844850
738.73873874 0.01805418 0.10044456
739.73973974 0.01784410 0.09980138
740.74074074 0.01772650 0.09938741
741.74174174 0.01758926 0.09883239
742.74274274 0.01614046 0.09070094
743.74374374 0.01585433 0.08856946
744.74474474 0.01570949 0.08799207
745.74574575 0.01556305 0.08746108
746.74674675 0.01710594 0.09457822
747.74774775 0.01696354 0.09374942
748.74874875 0.01683031 0.09346648
749.74974975 0.01659576 0.09218213
750.75075075 0.01645179 0.09173948
751.75175175 0.01621093 0.09043953
752.75275275 0.01607380 0.08985113
753.75375375 0.01714938 0.09341085
754.75475475 0.01687415 0.09255166
755.75575576 0.01671777 0.09197802
756.75675676 0.01653165 0.09128499
757.75775776 0.01634364 0.09065603
758.75875876 0.01589914 0.08856380
759.75975976 0.01446235 0.08076474
760.76076076 0.01448359 0.08198169
761.76176176 0.01400912 0.08030030
762.76276276 0.01332162 0.07831621
763.76376376 0.01315872 0.07735840
764.76476476 0.01304414 0.07707810
765.76576577 0.01283388 0.07595420
766.76676677 0.01269899 0.07563387
767.76776777 0.01247030 0.07431033
768.76876877 0.01234163 0.07399860
769.76976977 0.01221297 0.07355605
770.77077077 0.01207745 0.07277609
771.77177177 0.01196162 0.07220889
772.77277277 0.01181901 0.07154315
773.77377377 0.01165452 0.07099178
774.77477477 0.01154290 0.07030106
775.77577578 0.01139244 0.06955667
776.77677678 0.01045669 0.06466625
777.77777778 0.01214035 0.07424447
778.77877878 0.01206689 0.07399099
779.77977978 0.01174169 0.07333551
780.78078078 0.01145502 0.07269820
781.78178178 0.01131759 0.07223326
782.78278278 0.01122019 0.07181712
783.78378378 0.01111888 0.07144197
784.78478478 0.01097588 0.07087693
785.78578579 0.01083402 0.07038067
786.78678679 0.01042086 0.06907796
787.78778779 0.01030170 0.06858692
788.78878879 0.01018198 0.06812266
789.78978979 0.01011249 0.06762898
790.79079079 0.00993102 0.06613436
791.79179179 0.00982647 0.06572280
792.79279279 0.00971745 0.06521427
793.79379379 0.00959340 0.06458772
794.79479479 0.00950903 0.06392168
795.79579580 0.00836354 0.05893648
796.79679680 0.00826201 0.05844172
797.79779780 0.00816936 0.05792412
798.79879880 0.00807774 0.05748737
799.79979980 0.00799726 0.05706618
800.80080080 0.00920606 0.06328030
801.80180180 0.00909082 0.06265356
802.80280280 0.00842001 0.05974725
803.80380380 0.00821387 0.05902514
804.80480480 0.00804213 0.05845278
805.80580581 0.00794386 0.05805511
806.80680681 0.00773980 0.05749734
807.80780781 0.00771670 0.05712610
808.80880881 0.00756778 0.05660456
809.80980981 0.00605333 0.04563839
810.81081081 0.00596096 0.04516221
811.81181181 0.00587431 0.04458173
812.81281281 0.00580679 0.04398013
813.81381381 0.00567699 0.04354980
814.81481481 0.00559155 0.04317409
815.81581582 0.00514235 0.04143025
816.81681682 0.00508343 0.04119617
817.81781782 0.00501880 0.04084075
818.81881882 0.00495108 0.04045655
819.81981982 0.00671502 0.05663540
820.82082082 0.00662582 0.05664287
821.82182182 0.00654137 0.05609248
822.82282282 0.00645394 0.05582222
823.82382382 0.00638974 0.05569082
824.82482482 0.00632208 0.05545118
825.82582583 0.00624780 0.05526789
826.82682683 0.00622186 0.05483334
827.82782783 0.00618321 0.05434413
828.82882883 0.00615525 0.05405263
829.82982983 0.00625474 0.05353168
830.83083083 0.00616454 0.05295233
831.83183183 0.00602761 0.05256626
832.83283283 0.00598144 0.05230272
833.83383383 0.00786583 0.06759036
834.83483483 0.00777318 0.06718747
835.83583584 0.00770546 0.06688557
836.83683684 0.00764186 0.06665253
837.83783784 0.00918408 0.07538091
838.83883884 0.00999348 0.07753087
839.83983984 0.01139445 0.08386254
840.84084084 0.01253384 0.08888706
841.84184184 0.01215652 0.08588383
842.84284284 0.01399743 0.09561768
843.84384384 0.01352558 0.09183890
844.84484484 0.01529641 0.10021448
845.84584585 0.01542302 0.09957094
846.84684685 0.01535863 0.09927963
847.84784785 0.01520242 0.09850249
848.84884885 0.01505936 0.09785787
849.84984985 0.01491142 0.09719694
850.85085085 0.01475627 0.09640422
851.85185185 0.01468876 0.09596752
852.85285285 0.01457536 0.09540614
853.85385385 0.01443855 0.09476136
854.85485485 0.01434594 0.09435107
855.85585586 0.01457069 0.09701973
856.85685686 0.01566556 0.10011469
857.85785786 0.01552632 0.09955805
858.85885886 0.01436916 0.09383789
859.85985986 0.01414409 0.09301791
860.86086086 0.01399714 0.09221772
861.86186186 0.01383405 0.09151759
862.86286286 0.01369511 0.09088314
863.86386386 0.01485403 0.09454169
864.86486486 0.01401713 0.09238907
865.86586587 0.01268446 0.08283565
866.86686687 0.01255796 0.08219153
867.86786787 0.01104273 0.07451884
868.86886887 0.01097135 0.07400058
869.86986987 0.01086866 0.07328971
870.87087087 0.01067858 0.07228606
871.87187187 0.01222933 0.08002873
872.87287287 0.01211194 0.07944891
873.87387387 0.01206203 0.07895662
874.87487487 0.01196363 0.07839633
875.87587588 0.01376366 0.08878497
876.87687688 0.01426739 0.08876281
877.87787788 0.01418488 0.08850688
878.87887888 0.01424379 0.09073465
879.87987988 0.01408861 0.09047546
880.88088088 0.01393342 0.08979391
881.88188188 0.01357877 0.08854001
882.88288288 0.01176785 0.07799550
883.88388388 0.01072357 0.06920462
884.88488488 0.01062605 0.06878477
885.88588589 0.01048532 0.06814107
886.88688689 0.01118189 0.06994501
887.88788789 0.01105398 0.06942518
888.88888889 0.01090733 0.06876990
889.88988989 0.01075940 0.06812370
890.89089089 0.01069973 0.06753501
891.89189189 0.01242746 0.07866559
892.89289289 0.01231383 0.07842895
893.89389389 0.01218317 0.07802998
894.89489489 0.01204129 0.07744948
895.89589590 0.01177199 0.07631291
896.89689690 0.01163580 0.07581260
897.89789790 0.01157793 0.07523887
898.89889890 0.01142492 0.07461475
899.89989990 0.01127604 0.07399443
900.90090090 0.01113942 0.07349706
901.90190190 0.01099150 0.07292756
902.90290290 0.01084970 0.07239416
903.90390390 0.01183520 0.07603118
904.90490490 0.01164593 0.07516194
905.90590591 0.01141133 0.07402861
906.90690691 0.01128003 0.07356045
907.90790791 0.01113022 0.07295221
908.90890891 0.01258644 0.08053664
909.90990991 0.01399338 0.08735698
910.91091091 0.01377212 0.08623116
911.91191191 0.01358782 0.08557284
912.91291291 0.01343849 0.08504049
913.91391391 0.01327394 0.08454254
914.91491491 0.01180374 0.07699265
915.91591592 0.01170816 0.07653124
916.91691692 0.01160531 0.07600867
917.91791792 0.01143532 0.07540378
918.91891892 0.01135480 0.07489126
919.91991992 0.01315125 0.08585066
920.92092092 0.01131533 0.07614459
921.92192192 0.01120837 0.07562445
922.92292292 0.01112395 0.07533932
923.92392392 0.01107357 0.07504919
924.92492492 0.01096262 0.07464236
925.92592593 0.01089171 0.07432242
926.92692693 0.01089831 0.07383984
927.92792793 0.01270460 0.08503325
928.92892893 0.01259872 0.08462737
929.92992993 0.01210680 0.08326446
930.93093093 0.01251127 0.08349068
931.93193193 0.01221798 0.08299809
932.93293293 0.01210319 0.08285414
933.93393393 0.01365663 0.09011919
934.93493493 0.01354311 0.08987355
935.93593594 0.01346080 0.08963766
936.93693694 0.01337180 0.08860705
937.93793794 0.01316554 0.08784770
938.93893894 0.01306327 0.08747361
939.93993994 0.01288175 0.08678335
940.94094094 0.01142656 0.07686073
941.94194194 0.01130394 0.07645059
942.94294294 0.01088940 0.07548043
943.94394394 0.01057513 0.07502089
944.94494494 0.01035468 0.07354974
945.94594595 0.01048946 0.07473534
946.94694695 0.01094179 0.07638553
947.94794795 0.01085585 0.07620209
948.94894895 0.01070426 0.07566606
949.94994995 0.01255686 0.08699035
950.95095095 0.01237180 0.08658037
951.95195195 0.01238450 0.08657390
952.95295295 0.01227298 0.08627395
953.95395395 0.01218650 0.08581125
954.95495495 0.01205223 0.08542617
955.95595596 0.01194150 0.08500638
956.95695696 0.01364763 0.09361611
957.95795796 0.01353632 0.09350560
958.95895896 0.01223887 0.08694197
959.95995996 0.01380518 0.09102610
960.96096096 0.01379529 0.09099748
961.96196196 0.01351292 0.08960356
962.96296296 0.01341833 0.08924120
963.96396396 0.01325008 0.08869695
964.96496496 0.01316763 0.08825390
965.96596597 0.01294614 0.08709803
966.96696697 0.01166065 0.07730703
967.96796797 0.01165275 0.07772154
968.96896897 0.01052173 0.07339820
969.96996997 0.01042305 0.07319980
970.97097097 0.01135727 0.07616121
971.97197197 0.01123211 0.07570567
972.97297297 0.01114260 0.07525865
973.97397397 0.01104211 0.07490762
974.97497497 0.01089776 0.07438017
975.97597598 0.01078244 0.07386563
976.97697698 0.01064312 0.07324024
977.97797798 0.00928247 0.06245842
978.97897898 0.01101907 0.07426860
979.97997998 0.01086633 0.07351377
980.98098098 0.01080046 0.07318516
981.98198198 0.01071599 0.07287640
982.98298298 0.01060190 0.07244230
983.98398398 0.01049104 0.07209283
984.98498498 0.01021082 0.07114824
985.98598599 0.01011643 0.07084490
986.98698699 0.00944957 0.06907056
987.98798799 0.00929840 0.06872295
988.98898899 0.00920036 0.06835148
989.98998999 0.00909517 0.06791903
990.99099099 0.00899823 0.06752552
991.99199199 0.00891331 0.06717630
992.99299299 0.00882917 0.06689225
993.99399399 0.01061292 0.07880798
994.99499499 0.01080852 0.08034074
995.99599600 0.01410174 0.09612478
996.99699700 0.01406251 0.09628668
997.99799800 0.01394872 0.09590560
998.99899900 0.01569912 0.10398177
1000.00000000 0.01557159 0.10353233
