0.00000000 2.00000000
1.00100100 2.00046684
2.00200200 1.98370465
3.00300300 1.95256838
4.00400400 1.92017127
5.00500501 1.89312098
6.00600601 1.86664086
7.00700701 1.82723938
8.00800801 1.79384115
9.00900901 1.76050750
10.01001001 1.72263043
11.01101101 1.67271925
12.01201201 1.63123677
13.01301301 1.59121645
14.01401401 1.55392830
15.01501502 1.53318566
16.01601602 1.50171785
17.01701702 1.46293168
18.01801802 1.42642760
19.01901902 1.39229408
20.02002002 1.35784352
21.02102102 1.33170081
22.02202202 1.29933097
23.02302302 1.26407105
24.02402402 1.24701753
25.02502503 1.21763576
26.02602603 1.19343194
27.02702703 1.16791783
28.02802803 1.14021963
29.02902903 1.11906026
30.03003003 1.08191560
31.03103103 1.05453485
32.03203203 1.03365321
33.03303303 1.00590401
34.03403403 0.98848151
35.03503504 0.96695007
36.03603604 0.94019443
37.03703704 0.92634479
38.03803804 0.90646028
39.03903904 0.88865890
40.04004004 0.86197199
41.04104104 0.84858861
42.04204204 0.82253213
43.04304304 0.80339423
44.04404404 0.78405837
45.04504505 0.76980091
46.04604605 0.75297404
47.04704705 0.73398347
48.04804805 0.72427167
49.04904905 0.70036226
50.05005005 0.68396744
51.05105105 0.67179311
52.05205205 0.65347965
53.05305305 0.64034184
54.05405405 0.62982365
55.05505506 0.61697094
56.05605606 0.60407813
57.05705706 0.58771242
58.05805806 0.57514623
59.05905906 0.56451738
60.06006006 0.55744505
61.06106106 0.54813103
62.06206206 0.53426227
63.06306306 0.52013676
64.06406406 0.50807623
65.06506507 0.49669115
66.06606607 0.48733574
67.06706707 0.47570964
68.06806807 0.46598570
69.06906907 0.45858243
70.07007007 0.44380239
71.07107107 0.42683042
72.07207207 0.41806577
73.07307307 0.41031379
74.07407407 0.40180064
75.07507508 0.39218554
76.07607608 0.37733441
77.07707708 0.36785317
78.07807808 0.35862084
79.07907908 0.35354845
80.08008008 0.34522665
81.08108108 0.33613099
82.08208208 0.32713019
83.08308308 0.31824301
84.08408408 0.31324089
85.08508509 0.30455838
86.08608609 0.29481463
87.08708709 0.28766785
88.08808809 0.28213631
89.08908909 0.27828287
90.09009009 0.27032556
91.09109109 0.26221505
92.09209209 0.25494180
93.09309309 0.24537546
94.09409409 0.23489170
95.09509510 0.22860176
96.09609610 0.22433190
97.09709710 0.21815681
98.09809810 0.21473596
99.09909910 0.21283082
100.10010010 0.20621514
101.10110110 0.20302840
102.10210210 0.19861557
103.10310310 0.19327413
104.10410410 0.19051059
105.10510511 0.18464648
106.10610611 0.18204111
107.10710711 0.17884832
108.10810811 0.17519510
109.10910911 0.17235302
110.11011011 0.16869967
111.11111111 0.16556418
112.11211211 0.16068694
113.11311311 0.15464599
114.11411411 0.15173682
115.11511512 0.14836735
116.11611612 0.14537147
117.11711712 0.14381056
118.11811812 0.14005312
119.11911912 0.13821122
120.12012012 0.13609767
121.12112112 0.13256917
122.12212212 0.13052229
123.12312312 0.12736789
124.12412412 0.12465724
125.12512513 0.12074026
126.12612613 0.11820179
127.12712713 0.11647854
128.12812813 0.11393920
129.12912913 0.11001698
130.13013013 0.10854592
131.13113113 0.10596779
132.13213213 0.10379629
133.13313313 0.10146775
134.13413413 0.09853454
135.13513514 0.09632738
136.13613614 0.09489196
137.13713714 0.09309073
138.13813814 0.08972409
139.13913914 0.08857085
140.14014014 0.08687672
141.14114114 0.08397555
142.14214214 0.08374024
143.14314314 0.08324302
144.14414414 0.08199013
145.14514515 0.08043098
146.14614615 0.07991663
147.14714715 0.07802355
148.14814815 0.07560769
149.14914915 0.07426856
150.15015015 0.07335280
151.15115115 0.07181757
152.15215215 0.06972840
153.15315315 0.06906609
154.15415415 0.06832744
155.15515516 0.06795469
156.15615616 0.06653032
157.15715716 0.06569850
158.15815816 0.06454826
159.15915916 0.06341852
160.16016016 0.06220633
161.16116116 0.06221552
162.16216216 0.06125499
163.16316316 0.06023623
164.16416416 0.05926090
165.16516517 0.05801698
166.16616617 0.05722417
167.16716717 0.05598690
168.16816817 0.05490036
169.16916917 0.05336534
170.17017017 0.05209878
171.17117117 0.05113614
172.17217217 0.04992413
173.17317317 0.04894743
174.17417417 0.04679768
175.17517518 0.04587061
176.17617618 0.04639584
177.17717718 0.04484491
178.17817818 0.04467073
179.17917918 0.04303088
180.18018018 0.04214250
181.18118118 0.04279282
182.18218218 0.04213810
183.18318318 0.04127304
184.18418418 0.04034556
185.18518519 0.03993828
186.18618619 0.03902041
187.18718719 0.03856501
188.18818819 0.03762727
189.18918919 0.03682248
190.19019019 0.03601578
191.19119119 0.03510488
192.19219219 0.03424231
193.19319319 0.03345943
194.19419419 0.03269883
195.19519520 0.03202602
196.19619620 0.03148121
197.19719720 0.03150573
198.19819820 0.03274502
199.19919920 0.03221230
200.20020020 0.03123585
201.20120120 0.03040500
202.20220220 0.02963760
203.20320320 0.02911747
204.20420420 0.02877422
205.20520521 0.03010505
206.20620621 0.03039192
207.20720721 0.03108227
208.20820821 0.03137749
209.20920921 0.03056929
210.21021021 0.02992748
211.21121121 0.03065380
212.21221221 0.03004108
213.21321321 0.03124538
214.21421421 0.03065676
215.21521522 0.02992737
216.21621622 0.03135567
217.21721722 0.03265799
218.21821822 0.03175810
219.21921922 0.03129626
220.22022022 0.03035842
221.22122122 0.02996977
222.22222222 0.02968159
223.22322322 0.02832097
224.22422422 0.02839334
225.22522523 0.02798014
226.22622623 0.02756438
227.22722723 0.02726451
228.22822823 0.02769612
229.22922923 0.02733045
230.23023023 0.02686741
231.23123123 0.02629153
232.23223223 0.02588044
233.23323323 0.02554075
234.23423423 0.02498453
235.23523524 0.02417057
236.23623624 0.02413385
237.23723724 0.02546087
238.23823824 0.02532549
239.23923924 0.02709719
240.24024024 0.02657179
241.24124124 0.02712362
242.24224224 0.02644912
243.24324324 0.02595829
244.24424424 0.02769524
245.24524525 0.02556229
246.24624625 0.02863521
247.24724725 0.02810600
248.24824825 0.02757350
249.24924925 0.02648380
250.25025025 0.02600894
251.25125125 0.02555331
252.25225225 0.02597208
253.25325325 0.02448445
254.25425425 0.02416280
255.25525526 0.02585017
256.25625626 0.02529248
257.25725726 0.02480939
258.25825826 0.02434760
259.25925926 0.02389689
260.26026026 0.02358913
261.26126126 0.02318333
262.26226226 0.02276960
263.26326326 0.02155814
264.26426426 0.02125900
265.26526527 0.02113575
266.26626627 0.02105522
267.26726727 0.02120598
268.26826827 0.02077121
269.26926927 0.02215944
270.27027027 0.02171206
271.27127127 0.02128702
272.27227227 0.02302450
273.27327327 0.02255751
274.27427427 0.02371865
275.27527528 0.02321959
276.27627628 0.02232970
277.27727728 0.02205728
278.27827828 0.02308055
279.27927928 0.02437669
280.28028028 0.02406280
281.28128128 0.02551065
282.28228228 0.02527754
283.28328328 0.02499008
284.28428428 0.02296337
285.28528529 0.02272317
286.28628629 0.02243861
287.28728729 0.02213389
288.28828829 0.02209123
289.28928929 0.02075920
290.29029029 0.02026603
291.29129129 0.01995608
292.29229229 0.01912946
293.29329329 0.01893653
294.29429429 0.02047553
295.29529530 0.02355739
296.29629630 0.02443574
297.29729730 0.02399356
298.29829830 0.02315226
299.29929930 0.02208003
300.30030030 0.02198028
301.30130130 0.02206356
302.30230230 0.02178518
303.30330330 0.02211236
304.30430430 0.02108293
305.30530531 0.02089600
306.30630631 0.02063700
307.30730731 0.02044139
308.30830831 0.02013514
309.30930931 0.01990219
310.31031031 0.01961266
311.31131131 0.01930338
312.31231231 0.01977868
313.31331331 0.01972581
314.31431431 0.02126385
315.31531532 0.02097423
316.31631632 0.02075941
317.31731732 0.02087606
318.31831832 0.02086562
319.31931932 0.02227411
320.32032032 0.02080773
321.32132132 0.02062980
322.32232232 0.01942929
323.32332332 0.01952251
324.32432432 0.01897040
325.32532533 0.01884146
326.32632633 0.02026245
327.32732733 0.02018559
328.32832833 0.02022035
329.32932933 0.02134989
330.33033033 0.02123306
331.33133133 0.01954400
332.33233233 0.01894704
333.33333333 0.01779821
334.33433433 0.01922246
335.33533534 0.01897170
336.33633634 0.01867662
337.33733734 0.01925057
338.33833834 0.01818495
339.33933934 0.02007200
340.34034034 0.01977231
341.34134134 0.02150343
342.34234234 0.02138125
343.34334334 0.02289833
344.34434434 0.02265572
345.34534535 0.02091928
346.34634635 0.02073274
347.34734735 0.02270938
348.34834835 0.02289303
349.34934935 0.02256383
350.35035035 0.02316511
351.35135135 0.02263562
352.35235235 0.02252326
353.35335335 0.02401989
354.35435435 0.02566202
355.35535536 0.02471053
356.35635636 0.02658136
357.35735736 0.02635782
358.35835836 0.02576669
359.35935936 0.02562960
360.36036036 0.02549879
361.36136136 0.02536095
362.36236236 0.02540808
363.36336336 0.02399062
364.36436436 0.02368221
365.36536537 0.02355002
366.36636637 0.02335641
367.36736737 0.02312757
368.36836837 0.02289560
369.36936937 0.02204019
370.37037037 0.02388177
371.37137137 0.02355325
372.37237237 0.02144933
373.37337337 0.02116467
374.37437437 0.02101040
375.37537538 0.02316344
376.37637638 0.02475339
377.37737738 0.02694645
378.37837838 0.02524436
379.37937938 0.02503271
380.38038038 0.02480867
381.38138138 0.02469304
382.38238238 0.02818091
383.38338338 0.02798291
384.38438438 0.02801656
385.38538539 0.02781343
386.38638639 0.02932261
387.38738739 0.02859278
388.38838839 0.02759886
389.38938939 0.03106126
390.39039039 0.02956498
391.39139139 0.03131412
392.39239239 0.02967509
393.39339339 0.02871967
394.39439439 0.02985697
395.39539540 0.03020300
396.39639640 0.02982871
397.39739740 0.03130482
398.39839840 0.02924528
399.39939940 0.02858178
400.40040040 0.02663595
401.40140140 0.02645317
402.40240240 0.02728394
403.40340340 0.02737622
404.40440440 0.02886552
405.40540541 0.02861342
406.40640641 0.02814554
407.40740741 0.02764999
408.40840841 0.02731059
409.40940941 0.02882245
410.41041041 0.02818290
411.41141141 0.02609395
412.41241241 0.02635755
413.41341341 0.02500414
414.41441441 0.02465360
415.41541542 0.02427512
416.41641642 0.02381305
417.41741742 0.02506528
418.41841842 0.02451435
419.41941942 0.02423310
420.42042042 0.02125797
421.42142142 0.02086792
422.42242242 0.02056988
423.42342342 0.02219559
424.42442442 0.02191094
425.42542543 0.02167081
426.42642643 0.02168739
427.42742743 0.02579432
428.42842843 0.02559200
429.42942943 0.02907258
430.43043043 0.02907330
431.43143143 0.02809633
432.43243243 0.02814610
433.43343343 0.02820335
434.43443443 0.02687851
435.43543544 0.02842879
436.43643644 0.02770973
437.43743744 0.02700947
438.43843844 0.02665840
439.43943944 0.02627385
440.44044044 0.02592633
441.44144144 0.02569049
442.44244244 0.02561780
443.44344344 0.02553891
444.44444444 0.02783489
445.44544545 0.02936806
446.44644645 0.03124295
447.44744745 0.03068119
448.44844845 0.03072957
449.44944945 0.03047583
450.45045045 0.03016610
451.45145145 0.03187789
452.45245245 0.03159993
453.45345345 0.03119042
454.45445445 0.02988462
455.45545546 0.03134781
456.45645646 0.03099859
457.45745746 0.03049077
458.45845846 0.03019130
459.45945946 0.02828890
460.46046046 0.02796868
461.46146146 0.02785416
462.46246246 0.02763688
463.46346346 0.02746934
464.46446446 0.02726577
465.46546547 0.03103053
466.46646647 0.03047980
467.46746747 0.03123761
468.46846847 0.03013117
469.46946947 0.02991797
470.47047047 0.02897209
471.47147147 0.02851850
472.47247247 0.02813718
473.47347347 0.02667785
474.47447447 0.02681613
475.47547548 0.02638689
476.47647648 0.02599797
477.47747748 0.02582932
478.47847848 0.02546659
479.47947948 0.02530481
480.48048048 0.02693672
481.48148148 0.02530570
482.48248248 0.02464409
483.48348348 0.02406559
484.48448448 0.02371141
485.48548549 0.02389722
486.48648649 0.02252035
487.48748749 0.02207952
488.48848849 0.02010444
489.48948949 0.01968681
490.49049049 0.01871071
491.49149149 0.02025131
492.49249249 0.01990771
493.49349349 0.02014758
494.49449449 0.01998810
495.49549550 0.02159098
496.49649650 0.02113305
497.49749750 0.02106506
498.49849850 0.02073617
499.49949950 0.02059685
500.50050050 0.02016977
501.50150150 0.01991235
502.50250250 0.02006181
503.50350350 0.01974038
504.50450450 0.02129613
505.50550551 0.01943677
506.50650651 0.01917541
507.50750751 0.01897885
508.50850851 0.01857699
509.50950951 0.01832177
510.51051051 0.01678768
511.51151151 0.01865078
512.51251251 0.01851555
513.51351351 0.01909066
514.51451451 0.01882060
515.51551552 0.01719465
516.51651652 0.01703470
517.51751752 0.01553718
518.51851852 0.01706159
519.51951952 0.01691008
520.52052052 0.01638206
521.52152152 0.01615679
522.52252252 0.01610254
523.52352352 0.01614621
524.52452452 0.01565105
525.52552553 0.01557874
526.52652653 0.01538106
527.52752753 0.01512142
528.52852853 0.01497881
529.52952953 0.01656089
530.53053053 0.01634358
531.53153153 0.01539147
532.53253253 0.01676593
533.53353353 0.01735909
534.53453453 0.01718693
535.53553554 0.01893682
536.53653654 0.01894621
537.53753754 0.01882327
538.53853854 0.01862387
539.53953954 0.01842693
540.54054054 0.02017408
541.54154154 0.02099966
542.54254254 0.02088846
543.54354354 0.02068014
544.54454454 0.02045323
545.54554555 0.02029273
546.54654655 0.02265730
547.54754755 0.02259537
548.54854855 0.02263913
549.54954955 0.02364465
550.55055055 0.02149724
551.55155155 0.02133944
552.55255255 0.02100086
553.55355355 0.02067243
554.55455455 0.02044594
555.55555556 0.02024429
556.55655656 0.02195643
557.55755756 0.02174955
558.55855856 0.01983191
559.55955956 0.02027026
560.56056056 0.02003917
561.56156156 0.01712116
562.56256256 0.01877690
563.56356356 0.01858835
564.56456456 0.01834393
565.56556557 0.01714967
566.56656657 0.01694943
567.56756757 0.01669042
568.56856857 0.01652705
569.56956957 0.01508351
570.57057057 0.01668366
571.57157157 0.01658242
572.57257257 0.01635025
573.57357357 0.01625365
574.57457457 0.01624676
575.57557558 0.01600734
576.57657658 0.01764281
577.57757758 0.01966795
578.57857858 0.01955232
579.57957958 0.01922522
580.58058058 0.01956128
581.58158158 0.02213051
582.58258258 0.02196923
583.58358358 0.02276380
584.58458458 0.02117272
585.58558559 0.02138122
586.58658659 0.02141898
587.58758759 0.02083890
588.58858859 0.02270277
589.58958959 0.02248712
590.59059059 0.02222243
591.59159159 0.02278051
592.59259259 0.02292923
593.59359359 0.02391657
594.59459459 0.02400011
595.59559560 0.02225615
596.59659660 0.02201059
597.59759760 0.02008609
598.59859860 0.01981919
599.59959960 0.02164259
600.60060060 0.02143606
601.60160160 0.02124500
602.60260260 0.02099786
603.60360360 0.02283924
604.60460460 0.02256167
605.60560561 0.02064476
606.60660661 0.01980309
607.60760761 0.01967848
608.60860861 0.01948260
609.60960961 0.01927180
610.61061061 0.01905568
611.61161161 0.02099139
612.61261261 0.02041399
613.61361361 0.01877514
614.61461461 0.01837023
615.61561562 0.01827409
616.61661662 0.01847737
617.61761762 0.02022617
618.61861862 0.02009290
619.61961962 0.01992781
620.62062062 0.01970770
621.62162162 0.01759571
622.62262262 0.01961822
623.62362362 0.02157071
624.62462462 0.02138295
625.62562563 0.02105974
626.62662663 0.02275321
627.62762763 0.02259748
628.62862863 0.02061345
629.62962963 0.02040008
630.63063063 0.01922978
631.63163163 0.01884355
632.63263263 0.01868077
633.63363363 0.01939978
634.63463463 0.01910343
635.63563564 0.02114039
636.63663664 0.02109158
637.63763764 0.01911117
638.63863864 0.01852117
639.63963964 0.01815464
640.64064064 0.01689889
641.64164164 0.01668643
642.64264264 0.01496446
643.64364364 0.01474959
644.64464464 0.01461371
645.64564565 0.01330750
646.64664665 0.01398512
647.64764765 0.01356185
648.64864865 0.01180907
649.64964965 0.00990563
650.65065065 0.00996994
651.65165165 0.00990978
652.65265265 0.00991016
653.65365365 0.00978365
654.65465465 0.00957066
655.65565566 0.01034490
656.65665666 0.01220677
657.65765766 0.01218503
658.65865866 0.01416865
659.65965966 0.01572292
660.66066066 0.01683426
661.66166166 0.01677509
662.66266266 0.01660675
663.66366366 0.01466736
664.66466466 0.01615024
665.66566567 0.01607392
666.66666667 0.01561027
667.66766767 0.01516846
668.66866867 0.01501530
669.66966967 0.01484218
670.67067067 0.01474150
671.67167167 0.01642735
672.67267267 0.01599283
673.67367367 0.01589392
674.67467467 0.01558039
675.67567568 0.01548769
676.67667668 0.01526292
677.67767768 0.01517929
678.67867868 0.01507803
679.67967968 0.01486823
680.68068068 0.01479931
681.68168168 0.01462418
682.68268268 0.01440697
683.68368368 0.01571746
684.68468468 0.01552474
685.68568569 0.01533589
686.68668669 0.01730614
687.68768769 0.01712483
688.68868869 0.01743918
689.68968969 0.01683507
690.69069069 0.01705056
691.69169169 0.01695710
692.69269269 0.01676653
693.69369369 0.01753259
694.69469469 0.01612093
695.69569570 0.01599483
696.69669670 0.01660117
697.69769770 0.01627811
698.69869870 0.01798558
699.69969970 0.01983887
700.70070070 0.01954176
701.70170170 0.01939041
702.70270270 0.01904033
703.70370370 0.01893714
704.70470470 0.01871073
705.70570571 0.01843121
706.70670671 0.02017032
707.70770771 0.02056867
708.70870871 0.02052287
709.70970971 0.02015080
710.71071071 0.01985928
711.71171171 0.02156937
712.71271271 0.02048151
713.71371371 0.02030794
714.71471471 0.02025932
715.71571572 0.01893977
716.71671672 0.02058286
717.71771772 0.02027954
718.71871872 0.02047700
719.71971972 0.02022644
720.72072072 0.01944484
721.72172172 0.01907116
722.72272272 0.02462541
723.72372372 0.02678018
724.72472472 0.03150886
725.72572573 0.03140989
726.72672673 0.03094121
727.72772773 0.02933402
728.72872873 0.03086627
729.72972973 0.03029187
730.73073073 0.02970060
731.73173173 0.02819475
732.73273273 0.02779420
733.73373373 0.02763432
734.73473473 0.02962008
735.73573574 0.02934543
736.73673674 0.02824478
737.73773774 0.02790259
738.73873874 0.02736587
739.73973974 0.02600998
740.74074074 0.02569616
741.74174174 0.02486818
742.74274274 0.02480378
743.74374374 0.02494842
744.74474474 0.02462948
745.74574575 0.02427957
746.74674675 0.02284354
747.74774775 0.02259877
748.74874875 0.02127086
749.74974975 0.02110313
750.75075075 0.01901744
751.75175175 0.01768907
752.75275275 0.01743241
753.75375375 0.01580491
754.75475475 0.01520966
755.75575576 0.01694660
756.75675676 0.01672749
757.75775776 0.01847820
758.75875876 0.01779140
759.75975976 0.01764446
760.76076076 0.01741618
761.76176176 0.01713418
762.76276276 0.01880353
763.76376376 0.01814142
764.76476476 0.01829303
765.76576577 0.01885270
766.76676677 0.01860827
767.76776777 0.01839929
768.76876877 0.02016376
769.76976977 0.01988992
770.77077077 0.01797965
771.77177177 0.01751789
772.77277277 0.01921447
773.77377377 0.02093130
774.77477477 0.02071816
775.77577578 0.02000869
776.77677678 0.02181850
777.77777778 0.02174001
778.77877878 0.02119469
779.77977978 0.02088599
780.78078078 0.02244994
781.78178178 0.02043183
782.78278278 0.02022785
783.78378378 0.01986386
784.78478478 0.01990482
785.78578579 0.02143570
786.78678679 0.02093117
787.78778779 0.02091295
788.78878879 0.02037756
789.78978979 0.02071607
790.79079079 0.01824131
791.79179179 0.01832204
792.79279279 0.01800673
793.79379379 0.01764985
794.79479479 0.01632816
795.79579580 0.01626601
796.79679680 0.01619712
797.79779780 0.01591156
798.79879880 0.01813015
799.79979980 0.01749656
800.80080080 0.01927752
801.80180180 0.01917792
802.80280280 0.01895142
803.80380380 0.01870257
804.80480480 0.01845678
805.80580581 0.02156302
806.80680681 0.02126109
807.80780781 0.02092296
808.80880881 0.02064083
809.80980981 0.02037169
810.81081081 0.02209773
811.81181181 0.02378920
812.81281281 0.02745263
813.81381381 0.02718573
814.81481481 0.02689982
815.81581582 0.02686464
816.81681682 0.02656041
817.81781782 0.02629889
818.81881882 0.02874532
819.81981982 0.02841828
820.82082082 0.02607506
821.82182182 0.02592705
822.82282282 0.02559720
823.82382382 0.02529698
824.82482482 0.02487770
825.82582583 0.02332149
826.82682683 0.02310567
827.82782783 0.02287614
828.82882883 0.02454495
829.82982983 0.02327056
830.83083083 0.02186237
831.83183183 0.02161219
832.83283283 0.02134411
833.83383383 0.02083184
834.83483483 0.02055967
835.83583584 0.02029386
836.83683684 0.02045446
837.83783784 0.02021205
838.83883884 0.01996526
839.83983984 0.01970968
840.84084084 0.01943513
841.84184184 0.01915263
842.84284284 0.01888601
843.84384384 0.02042637
844.84484484 0.02017983
845.84584585 0.01920665
846.84684685 0.01897301
847.84784785 0.01876345
848.84884885 0.01856672
849.84984985 0.02032197
850.85085085 0.01997542
851.85185185 0.01976640
852.85285285 0.01750984
853.85385385 0.01430733
854.85485485 0.01419400
855.85585586 0.01275793
856.85685686 0.01252255
857.85785786 0.01238587
858.85885886 0.01218900
859.85985986 0.01571052
860.86086086 0.01759334
861.86186186 0.01954394
862.86286286 0.01956945
863.86386386 0.01898563
864.86486486 0.01876327
865.86586587 0.01843846
866.86686687 0.01577950
867.86786787 0.01450578
868.86886887 0.01459281
869.86986987 0.01308336
870.87087087 0.01286882
871.87187187 0.01273384
872.87287287 0.01248753
873.87387387 0.01241449
874.87487487 0.01231415
875.87587588 0.01207128
876.87687688 0.01189459
877.87787788 0.01163654
878.87887888 0.01343336
879.87987988 0.01325027
880.88088088 0.01311957
881.88188188 0.01300448
882.88288288 0.01297300
883.88388388 0.01288143
884.88488488 0.01273394
885.88588589 0.01330942
886.88688689 0.01373686
887.88788789 0.01181094
888.88888889 0.01166514
889.88988989 0.01148197
890.89089089 0.01113372
891.89189189 0.01093595
892.89289289 0.01072497
893.89389389 0.01050952
894.89489489 0.01019714
895.89589590 0.00999669
896.89689690 0.00979462
897.89789790 0.00794256
898.89889890 0.00777740
899.89989990 0.00761173
900.90090090 0.00647164
901.90190190 0.00631167
902.90290290 0.00617158
903.90390390 0.00656944
904.90490490 0.00850813
905.90590591 0.00839230
906.90690691 0.00809450
907.90790791 0.00995018
908.90890891 0.00981563
909.90990991 0.00985028
910.91091091 0.01170375
911.91191191 0.01155794
912.91291291 0.01143834
913.91391391 0.01133725
914.91491491 0.01324721
915.91591592 0.01328865
916.91691692 0.01312244
917.91791792 0.01287166
918.91891892 0.01474006
919.91991992 0.01659559
920.92092092 0.01643284
921.92192192 0.01596583
922.92292292 0.01547706
923.92392392 0.01532974
924.92492492 0.01537496
925.92592593 0.01400910
926.92692693 0.01582453
927.92792793 0.01549806
928.92892893 0.01539025
929.92992993 0.01718778
930.93093093 0.01628532
931.93193193 0.01628617
932.93293293 0.01626347
933.93393393 0.01623922
934.93493493 0.01601833
935.93593594 0.01668542
936.93693694 0.01706616
937.93793794 0.01690847
938.93893894 0.01674104
939.93993994 0.01529977
940.94094094 0.01511591
941.94194194 0.01498528
942.94294294 0.01772073
943.94394394 0.01749997
944.94494494 0.01748823
945.94594595 0.01602218
946.94694695 0.01407108
947.94794795 0.01393483
948.94894895 0.01376370
949.94994995 0.01357674
950.95095095 0.01336771
951.95195195 0.01321042
952.95295295 0.01303911
953.95395395 0.01297430
954.95495495 0.01350742
955.95595596 0.01329318
956.95695696 0.01281997
957.95795796 0.01456948
958.95895896 0.01459382
959.95995996 0.01423018
960.96096096 0.01405046
961.96196196 0.01389405
962.96296296 0.01775075
963.96396396 0.01969043
964.96496496 0.01965378
965.96596597 0.01947762
966.96696697 0.02144320
967.96796797 0.01894882
968.96896897 0.01854675
969.96996997 0.01838748
970.97097097 0.01794954
971.97197197 0.01757831
972.97297297 0.01745125
973.97397397 0.01732967
974.97497497 0.01735664
975.97597598 0.01715848
976.97697698 0.01702288
977.97797798 0.01686374
978.97897898 0.01894949
979.97997998 0.01883000
980.98098098 0.01872078
981.98198198 0.02055403
982.98298298 0.01920131
983.98398398 0.01887728
984.98498498 0.01756955
985.98598599 0.01754830
986.98698699 0.01951670
987.98798799 0.02117241
988.98898899 0.02080503
989.98998999 0.02074793
990.99099099 0.02023721
991.99199199 0.02206596
992.99299299 0.02370806
993.99399399 0.02292599
994.99499499 0.02276717
995.99599600 0.02355949
996.99699700 0.02516769
997.99799800 0.02723274
998.99899900 0.02699262
1000.00000000 0.02758706
