0.00000000 10.00000000 0.00000131
1.00100100 9.88513000 0.29719648
2.00200200 9.66963357 0.48756739
3.00300300 9.52282637 0.61086004
4.00400400 9.33251596 0.75004966
5.00500501 9.17710921 0.85675246
6.00600601 8.97596012 0.93855611
7.00700701 8.76669276 0.98859109
8.00800801 8.55552527 1.06603519
9.00900901 8.34537131 1.14942664
10.01001001 8.12425586 1.20281478
11.01101101 7.92276306 1.23108879
12.01201201 7.70246505 1.24734614
13.01301301 7.49752523 1.24506929
14.01401401 7.31569189 1.29619962
15.01501502 7.12469740 1.34886817
16.01601602 6.94393031 1.37066172
17.01701702 6.75436348 1.36150872
18.01801802 6.56164053 1.38668411
19.01901902 6.36908329 1.41221793
20.02002002 6.19334363 1.42937640
21.02102102 6.01724002 1.43844213
22.02202202 5.85599845 1.46746288
23.02302302 5.69487250 1.44292841
24.02402402 5.53042041 1.44074570
25.02502503 5.37361754 1.45293689
26.02602603 5.21466170 1.44053938
27.02702703 5.05509996 1.44578098
28.02802803 4.91483069 1.44374243
29.02902903 4.79455127 1.46678450
30.03003003 4.63254875 1.45034493
31.03103103 4.48841922 1.43962765
32.03203203 4.34032829 1.40922446
33.03303303 4.16984634 1.40356788
34.03403403 4.02339347 1.38628307
35.03503504 3.88714242 1.38647220
36.03603604 3.75749590 1.34076362
37.03703704 3.61193247 1.31786334
38.03803804 3.48850220 1.32104493
39.03903904 3.36179156 1.30186468
40.04004004 3.23392693 1.29674414
41.04104104 3.12689932 1.29043067
42.04204204 3.02004978 1.27188075
43.04304304 2.90818886 1.24372398
44.04404404 2.80119533 1.21690743
45.04504505 2.70168722 1.20158521
46.04604605 2.61066950 1.17356602
47.04704705 2.51895189 1.15673931
48.04804805 2.43136713 1.13929418
49.04904905 2.33525940 1.11175397
50.05005005 2.24166602 1.08994862
51.05105105 2.15644341 1.06892789
52.05205205 2.07491995 1.04094857
53.05305305 1.98811377 1.01833835
54.05405405 1.90397513 0.98685787
55.05505506 1.82857429 0.97187944
56.05605606 1.76283339 0.94106394
57.05705706 1.69164217 0.92448695
58.05805806 1.63543115 0.91295509
59.05905906 1.58068997 0.89078829
60.06006006 1.51096351 0.86736062
61.06106106 1.44797014 0.84261268
62.06206206 1.38906746 0.82803237
63.06306306 1.33172451 0.81369935
64.06406406 1.28758821 0.79765857
65.06506507 1.23974676 0.78309092
66.06606607 1.19330440 0.76146380
67.06706707 1.13648620 0.73794257
68.06806807 1.09398979 0.72840704
69.06906907 1.04812474 0.70891545
70.07007007 1.00792340 0.69873752
71.07107107 0.97136334 0.72256333
72.07207207 0.93969506 0.70619199
73.07307307 0.89845056 0.66977856
74.07407407 0.85553981 0.65355687
75.07507508 0.81626628 0.63116778
76.07607608 0.78508541 0.62177979
77.07707708 0.75450812 0.59650404
78.07807808 0.71436311 0.57258913
79.07907908 0.68080666 0.55346190
80.08008008 0.65526436 0.53692243
81.08108108 0.63606116 0.53997599
82.08208208 0.60973460 0.52437254
83.08308308 0.58150865 0.50317719
84.08408408 0.55873903 0.48215187
85.08508509 0.53691038 0.47184764
86.08608609 0.51364591 0.46547506
87.08708709 0.49221571 0.44832151
88.08808809 0.46731683 0.42963140
89.08908909 0.44642797 0.41439234
90.09009009 0.42739984 0.40166839
91.09109109 0.41000922 0.40171387
92.09209209 0.39547279 0.39555867
93.09309309 0.37710470 0.39544063
94.09409409 0.36230344 0.38103437
95.09509510 0.35193232 0.36662578
96.09609610 0.34378577 0.36685434
97.09709710 0.32704256 0.35097666
98.09809810 0.31456645 0.33399440
99.09909910 0.30011915 0.32429835
100.10010010 0.28944633 0.32087274
101.10110110 0.27992875 0.31089313
102.10210210 0.27410707 0.31706458
103.10310310 0.26623112 0.31383445
104.10410410 0.25918295 0.30669965
105.10510511 0.24796822 0.30093796
106.10610611 0.24177289 0.29327937
107.10710711 0.23807745 0.28768897
108.10810811 0.23154866 0.27857955
109.10910911 0.22491837 0.27042177
110.11011011 0.21965923 0.27265790
111.11111111 0.21100042 0.26255946
112.11211211 0.20254323 0.25514509
113.11311311 0.19814038 0.25219237
114.11411411 0.19353658 0.24624246
115.11511512 0.18639703 0.24284991
116.11611612 0.17971995 0.23736582
117.11711712 0.17380733 0.23222558
118.11811812 0.16677701 0.22746581
119.11911912 0.16202323 0.22107150
120.12012012 0.15565158 0.21155350
121.12112112 0.14917801 0.20048549
122.12212212 0.14541791 0.20145810
123.12312312 0.13971431 0.19970225
124.12412412 0.13869693 0.19943703
125.12512513 0.13541294 0.19588236
126.12612613 0.13099593 0.19540559
127.12712713 0.12740487 0.19076950
128.12812813 0.12396078 0.18734814
129.12912913 0.11922002 0.17912865
130.13013013 0.11596516 0.17505582
131.13113113 0.11245564 0.17320164
132.13213213 0.11137798 0.17967147
133.13313313 0.10754199 0.17472937
134.13413413 0.10871589 0.17770987
135.13513514 0.10910731 0.18132394
136.13613614 0.10551345 0.17982020
137.13713714 0.10725926 0.18373691
138.13813814 0.11140507 0.20177079
139.13913914 0.10711692 0.18726166
140.14014014 0.10215188 0.18065855
141.14114114 0.09833246 0.16979051
142.14214214 0.09806249 0.17068496
143.14314314 0.09646820 0.17338620
144.14414414 0.09259648 0.16697498
145.14514515 0.09455819 0.17123692
146.14614615 0.09948264 0.18474013
147.14714715 0.09570739 0.17756566
148.14814815 0.09544978 0.17830983
149.14914915 0.09168764 0.17363500
150.15015015 0.08867168 0.16852156
151.15115115 0.08834136 0.17000899
152.15215215 0.09155348 0.17736315
153.15315315 0.09017962 0.17470329
154.15415415 0.08798739 0.17008937
155.15515516 0.08567883 0.16530704
156.15615616 0.08591074 0.16576254
157.15715716 0.08289788 0.15962522
158.15815816 0.08755278 0.16975385
159.15915916 0.09191280 0.18269885
160.16016016 0.08968113 0.17792342
161.16116116 0.08980844 0.17991404
162.16216216 0.08972796 0.18059797
163.16316316 0.08984928 0.18506151
164.16416416 0.08557974 0.17720026
165.16516517 0.08583045 0.17428516
166.16616617 0.08985951 0.18634688
167.16716717 0.08996363 0.18674038
168.16816817 0.08746957 0.18150454
169.16916917 0.08676122 0.18112327
170.17017017 0.08454430 0.17807201
171.17117117 0.08613593 0.18265308
172.17217217 0.08492231 0.18087748
173.17317317 0.08452473 0.18047484
174.17417417 0.08601917 0.18122910
175.17517518 0.08547493 0.17995033
176.17617618 0.08536523 0.17896155
177.17717718 0.08606638 0.18433736
178.17817818 0.08336611 0.17943309
179.17917918 0.08244032 0.17943803
180.18018018 0.07934292 0.17307449
181.18118118 0.07788401 0.17208060
182.18218218 0.07505849 0.16765424
183.18318318 0.07336857 0.16459735
184.18418418 0.07228324 0.16340519
185.18518519 0.07582387 0.17603639
186.18618619 0.07521363 0.17376676
187.18718719 0.07265583 0.16648916
188.18818819 0.07334208 0.16999755
189.18918919 0.07122779 0.16716801
190.19019019 0.06927715 0.16567398
191.19119119 0.06763519 0.15968356
192.19219219 0.06973197 0.16638373
193.19319319 0.06674278 0.15851200
194.19419419 0.06722561 0.16128915
195.19519520 0.06734868 0.16115085
196.19619620 0.06775354 0.16351905
197.19719720 0.06834062 0.16656574
198.19819820 0.06666926 0.16117356
199.19919920 0.06557534 0.15807450
200.20020020 0.06450595 0.16226981
201.20120120 0.06208560 0.15690053
202.20220220 0.06063075 0.15622426
203.20320320 0.06584956 0.16858402
204.20420420 0.06534261 0.17062873
205.20520521 0.06516298 0.17081338
206.20620621 0.06344977 0.16749999
207.20720721 0.06313015 0.17022549
208.20820821 0.06433362 0.17021939
209.20920921 0.06372207 0.17384789
210.21021021 0.06403209 0.17367902
211.21121121 0.06132823 0.17325424
212.21221221 0.06323050 0.17926846
213.21321321 0.05773699 0.16520304
214.21421421 0.05929991 0.16652548
215.21521522 0.06152149 0.17321670
216.21621622 0.06013861 0.17303093
217.21721722 0.06132007 0.19459669
218.21821822 0.05943059 0.19103649
219.21921922 0.06022283 0.19008424
220.22022022 0.06010252 0.19178949
221.22122122 0.06025092 0.19116962
222.22222222 0.05743332 0.18272409
223.22322322 0.05564577 0.17983476
224.22422422 0.05304379 0.17139661
225.22522523 0.05081002 0.16350787
226.22622623 0.05147826 0.16298243
227.22722723 0.05375207 0.16489892
228.22822823 0.05461165 0.16224614
229.22922923 0.05527487 0.16343793
230.23023023 0.05403667 0.16175914
231.23123123 0.05456083 0.16594823
232.23223223 0.05175814 0.15467601
233.23323323 0.04986648 0.15022770
234.23423423 0.04909870 0.15431443
235.23523524 0.05275088 0.16375996
236.23623624 0.05391446 0.16717741
237.23723724 0.05300191 0.16521966
238.23823824 0.05208911 0.16124034
239.23923924 0.05721527 0.17225646
240.24024024 0.06065888 0.18121821
241.24124124 0.06135971 0.18540307
242.24224224 0.05853750 0.17809063
243.24324324 0.05788477 0.17405531
244.24424424 0.05561161 0.16641531
245.24524525 0.05344890 0.16103571
246.24624625 0.05449558 0.16486834
247.24724725 0.05259306 0.16108936
248.24824825 0.05888647 0.18106574
249.24924925 0.05909619 0.18373272
250.25025025 0.06138935 0.19225685
251.25125125 0.06490703 0.19905730
252.25225225 0.06555414 0.19804640
253.25325325 0.06562644 0.19554587
254.25425425 0.06535645 0.19605749
255.25525526 0.06549626 0.19591341
256.25625626 0.06619531 0.19555931
257.25725726 0.06392277 0.18936549
258.25825826 0.06891351 0.19820680
259.25925926 0.07070583 0.20265595
260.26026026 0.07336350 0.21041231
261.26126126 0.07279714 0.20968362
262.26226226 0.07330903 0.21194956
263.26326326 0.07583503 0.21544020
264.26426426 0.07921831 0.21428629
265.26526527 0.07774528 0.20925383
266.26626627 0.08021833 0.21309739
267.26726727 0.07891984 0.21136834
268.26826827 0.07651019 0.20709937
269.26926927 0.07252354 0.19714612
270.27027027 0.07082183 0.19263895
271.27127127 0.06731679 0.18571073
272.27227227 0.06537061 0.17926844
273.27327327 0.06319512 0.17534360
274.27427427 0.06854189 0.18533462
275.27527528 0.06653808 0.17937893
276.27627628 0.06454388 0.17420849
277.27727728 0.06720064 0.17977649
278.27827828 0.06629041 0.17958160
279.27927928 0.06900810 0.18523873
280.28028028 0.06668540 0.18393055
281.28128128 0.06324075 0.17546470
282.28228228 0.06043571 0.16738839
283.28328328 0.06125635 0.16879373
284.28428428 0.06120982 0.16974159
285.28528529 0.06241435 0.17242963
286.28628629 0.06318695 0.17482627
287.28728729 0.06392212 0.17910372
288.28828829 0.06874911 0.18871424
289.28928929 0.07029021 0.19175955
290.29029029 0.07047059 0.19389075
291.29129129 0.07000426 0.19453842
292.29229229 0.07066226 0.19625757
293.29329329 0.06761930 0.18740452
294.29429429 0.07112838 0.19608723
295.29529530 0.06892083 0.18976813
296.29629630 0.07622965 0.20389464
297.29729730 0.07579539 0.20341153
298.29829830 0.07274528 0.19856447
299.29929930 0.07316009 0.20105942
300.30030030 0.06938119 0.19142032
301.30130130 0.07173546 0.19440516
302.30230230 0.06966067 0.19123563
303.30330330 0.07447275 0.20122639
304.30430430 0.08048464 0.21584260
305.30530531 0.08015831 0.21650934
306.30630631 0.07804735 0.21343639
307.30730731 0.07989384 0.21643162
308.30830831 0.07735700 0.20844931
309.30930931 0.07763819 0.20992934
310.31031031 0.07317713 0.19824235
311.31131131 0.07537797 0.20275087
312.31231231 0.07393760 0.20085912
313.31331331 0.07055687 0.19400753
314.31431431 0.07551313 0.20600825
315.31531532 0.07636933 0.20981806
316.31631632 0.07858608 0.21284128
317.31731732 0.07464040 0.20484792
318.31831832 0.07481613 0.20642248
319.31931932 0.07582398 0.20675511
320.32032032 0.07743393 0.20973597
321.32132132 0.07748253 0.20875783
322.32232232 0.07536729 0.20265572
323.32332332 0.07319668 0.19751049
324.32432432 0.07960312 0.21063915
325.32532533 0.07527278 0.20166884
326.32632633 0.07999864 0.21318264
327.32732733 0.08279431 0.21615867
328.32832833 0.08031218 0.21331719
329.32932933 0.07821622 0.20864433
330.33033033 0.07888063 0.20731482
331.33133133 0.07693407 0.20353463
332.33233233 0.07830279 0.20869146
333.33333333 0.07839620 0.20900814
334.33433433 0.07952151 0.21320359
335.33533534 0.07716981 0.21033468
336.33633634 0.07761956 0.20446285
337.33733734 0.07774127 0.20344231
338.33833834 0.07264528 0.19117307
339.33933934 0.07416132 0.19230375
340.34034034 0.07465914 0.19186565
341.34134134 0.07725676 0.19709577
342.34234234 0.08353551 0.21573874
343.34334334 0.08488222 0.22249913
344.34434434 0.08449284 0.22026874
345.34534535 0.08385769 0.22027526
346.34634635 0.08562561 0.22234634
347.34734735 0.08482740 0.21907042
348.34834835 0.08129246 0.21160311
349.34934935 0.08255959 0.21367057
350.35035035 0.07848995 0.20547247
351.35135135 0.07441895 0.19626188
352.35235235 0.07297384 0.19163538
353.35335335 0.07356402 0.19422396
354.35435435 0.07094863 0.18735724
355.35535536 0.07702546 0.20393687
356.35635636 0.07349642 0.19907344
357.35735736 0.07454433 0.20290720
358.35835836 0.07263809 0.19899984
359.35935936 0.07591635 0.20296826
360.36036036 0.07229335 0.19532258
361.36136136 0.07362198 0.19935847
362.36236236 0.07307114 0.20026275
363.36336336 0.07017497 0.19359542
364.36436436 0.06962048 0.19306815
365.36536537 0.06959954 0.19074679
366.36636637 0.07093357 0.19183762
367.36736737 0.06936492 0.18604168
368.36836837 0.06694816 0.18071435
369.36936937 0.06679525 0.18157796
370.37037037 0.06537480 0.17808192
371.37137137 0.06695351 0.18227026
372.37237237 0.06636898 0.18129328
373.37337337 0.06321114 0.17499031
374.37437437 0.05908374 0.16469185
375.37537538 0.05894933 0.16661113
376.37637638 0.06435601 0.18077759
377.37737738 0.06185018 0.17357614
378.37837838 0.06107972 0.17249338
379.37937938 0.06038833 0.17171004
380.38038038 0.06109153 0.17484901
381.38138138 0.06001163 0.17324060
382.38238238 0.06317300 0.18215957
383.38338338 0.06238278 0.18358861
384.38438438 0.06519706 0.19236411
385.38538539 0.06566889 0.18958202
386.38638639 0.06785674 0.19643723
387.38738739 0.07259031 0.20983685
388.38838839 0.07190202 0.20655954
389.38938939 0.07062042 0.20319046
390.39039039 0.07022181 0.19861335
391.39139139 0.07167323 0.19938976
392.39239239 0.07360355 0.20850305
393.39339339 0.07274595 0.20359567
394.39439439 0.07232414 0.20315163
395.39539540 0.07196890 0.20409302
396.39639640 0.07018314 0.20235954
397.39739740 0.06760248 0.19862357
398.39839840 0.07071214 0.20676121
399.39939940 0.07272608 0.20880094
400.40040040 0.07901090 0.22099701
401.40140140 0.08183915 0.22817600
402.40240240 0.08259503 0.23056213
403.40340340 0.09121422 0.24631750
404.40440440 0.09021554 0.24486499
405.40540541 0.08532399 0.23477230
406.40640641 0.08280237 0.23051719
407.40740741 0.07650785 0.21596869
408.40840841 0.08135274 0.22636078
409.40940941 0.08300135 0.22908769
410.41041041 0.08209104 0.22594512
411.41141141 0.07909306 0.21990558
412.41241241 0.07681134 0.21081514
413.41341341 0.07590185 0.20977198
414.41441441 0.07124664 0.19939096
415.41541542 0.06967161 0.19409733
416.41641642 0.06972132 0.19398358
417.41741742 0.06912809 0.19430885
418.41841842 0.06989257 0.19611382
419.41941942 0.06466689 0.18446697
420.42042042 0.06313368 0.17874181
421.42142142 0.06412974 0.18036177
422.42242242 0.06804161 0.18818070
423.42342342 0.06744984 0.19016682
424.42442442 0.06921559 0.19298739
425.42542543 0.06656618 0.18626747
426.42642643 0.07282661 0.20641366
427.42742743 0.07254307 0.20317062
428.42842843 0.07688043 0.21179213
429.42942943 0.07954643 0.21967165
430.43043043 0.07939615 0.21710643
431.43143143 0.08308478 0.22158672
432.43243243 0.08286636 0.21975245
433.43343343 0.08205490 0.21703511
434.43443443 0.07774882 0.20849508
435.43543544 0.07659053 0.20641593
436.43643644 0.07730790 0.20742484
437.43743744 0.07676794 0.20644706
438.43843844 0.07734752 0.20619215
439.43943944 0.07558517 0.20375590
440.44044044 0.07392570 0.20043447
441.44144144 0.07973562 0.21282391
442.44244244 0.07940301 0.21046476
443.44344344 0.08002129 0.21132123
444.44444444 0.07750795 0.20817322
445.44544545 0.07437360 0.20350066
446.44644645 0.07525660 0.20566740
447.44744745 0.07890503 0.21305567
448.44844845 0.07686063 0.20967827
449.44944945 0.07823970 0.21295630
450.45045045 0.07947391 0.21767227
451.45145145 0.08020405 0.21689611
452.45245245 0.08175163 0.21857204
453.45345345 0.08084302 0.21505351
454.45445445 0.08384968 0.21748215
455.45545546 0.08042410 0.21081320
456.45645646 0.08193938 0.21418316
457.45745746 0.08129213 0.21141755
458.45845846 0.08129328 0.21070663
459.45945946 0.07966500 0.20873568
460.46046046 0.07735901 0.20442214
461.46146146 0.07712280 0.20548870
462.46246246 0.07917522 0.21020462
463.46346346 0.08002024 0.21701361
464.46446446 0.08010910 0.22211580
465.46546547 0.08084342 0.22133676
466.46646647 0.07759268 0.21480612
467.46746747 0.07954317 0.21861199
468.46846847 0.08028154 0.22125772
469.46946947 0.07668593 0.21292496
470.47047047 0.08402852 0.22821216
471.47147147 0.08456343 0.22527963
472.47247247 0.08598203 0.23470050
473.47347347 0.08280439 0.22684186
474.47447447 0.08077637 0.22338057
475.47547548 0.08015789 0.22207846
476.47647648 0.07720811 0.21423050
477.47747748 0.07842933 0.21915318
478.47847848 0.07468782 0.20447641
479.47947948 0.07809151 0.21456159
480.48048048 0.07988185 0.21768027
481.48148148 0.07883986 0.21661832
482.48248248 0.08328230 0.22189508
483.48348348 0.07964248 0.21463416
484.48448448 0.08130007 0.21888057
485.48548549 0.08393941 0.22452105
486.48648649 0.07914147 0.21342410
487.48748749 0.07714319 0.20769818
488.48848849 0.07545507 0.20162883
489.48948949 0.08561991 0.21982736
490.49049049 0.08526728 0.21682434
491.49149149 0.08475880 0.22126489
492.49249249 0.08759924 0.24281596
493.49349349 0.08819198 0.24422245
494.49449449 0.09081423 0.24695579
495.49549550 0.08568549 0.23453118
496.49649650 0.08290597 0.22838201
497.49749750 0.08087471 0.22312290
498.49849850 0.08036862 0.22126710
499.49949950 0.08787811 0.23926411
500.50050050 0.08708310 0.23392604
501.50150150 0.08650840 0.22764716
502.50250250 0.08640337 0.22120247
503.50350350 0.08358858 0.21299100
504.50450450 0.08611738 0.21739382
505.50550551 0.08930882 0.22783409
506.50650651 0.08831717 0.22402744
507.50750751 0.08791809 0.22173954
508.50850851 0.09240930 0.22840708
509.50950951 0.08854774 0.21742066
510.51051051 0.08852768 0.21861185
511.51151151 0.08881071 0.21875733
512.51251251 0.08702677 0.21735561
513.51351351 0.09211248 0.22574984
514.51451451 0.09109564 0.22507539
515.51551552 0.08970861 0.22284833
516.51651652 0.08588069 0.21510024
517.51751752 0.08878348 0.22343436
518.51851852 0.08698687 0.22074354
519.51951952 0.08691340 0.21954552
520.52052052 0.08844085 0.22277346
521.52152152 0.08443275 0.21266010
522.52252252 0.08373462 0.21024620
523.52352352 0.07974934 0.20353554
524.52452452 0.08085671 0.20743788
525.52552553 0.07691925 0.19776809
526.52652653 0.07819952 0.19970323
527.52752753 0.07516806 0.19117367
528.52852853 0.07534332 0.19265206
529.52952953 0.07477801 0.19148284
530.53053053 0.07501535 0.19294404
531.53153153 0.07364344 0.18763444
532.53253253 0.06847312 0.17382154
533.53353353 0.06876718 0.17695843
534.53453453 0.06599039 0.17115076
535.53553554 0.06221370 0.16233295
536.53653654 0.06099632 0.15947417
537.53753754 0.06194765 0.16406989
538.53853854 0.06833320 0.17918313
539.53953954 0.07053058 0.18450758
540.54054054 0.06987872 0.18614922
541.54154154 0.06960497 0.18845324
542.54254254 0.07266877 0.19431259
543.54354354 0.07459722 0.19841358
544.54454454 0.07113174 0.19131192
545.54554555 0.06726781 0.18351867
546.54654655 0.06641087 0.18284303
547.54754755 0.06763420 0.18618296
548.54854855 0.06550634 0.18382347
549.54954955 0.06055177 0.17045122
550.55055055 0.05628359 0.15949622
551.55155155 0.05489653 0.15748242
552.55255255 0.05328706 0.15289576
553.55355355 0.05329580 0.15123280
554.55455455 0.05170229 0.14611441
555.55555556 0.05500325 0.15857348
556.55655656 0.05811361 0.16759494
557.55755756 0.06209350 0.17955109
558.55855856 0.05926318 0.17317248
559.55955956 0.05917813 0.17435170
560.56056056 0.05843220 0.17248268
561.56156156 0.06158368 0.18108133
562.56256256 0.06499206 0.19026690
563.56356356 0.06817640 0.19491219
564.56456456 0.06793209 0.19468786
565.56556557 0.07067998 0.20126296
566.56656657 0.07137570 0.20341259
567.56756757 0.07305510 0.20705149
568.56856857 0.07841758 0.21464799
569.56956957 0.08654367 0.23133644
570.57057057 0.08110187 0.22061652
571.57157157 0.08134086 0.22358686
572.57257257 0.07950545 0.22055024
573.57357357 0.07802847 0.21664873
574.57457457 0.08185003 0.22409993
575.57557558 0.07715376 0.21425415
576.57657658 0.07438576 0.20913541
577.57757758 0.07369576 0.20307936
578.57857858 0.06970088 0.19418333
579.57957958 0.07067051 0.19430848
580.58058058 0.07508892 0.20489346
581.58158158 0.07167847 0.19696619
582.58258258 0.06699114 0.18372982
583.58358358 0.06558714 0.18305617
584.58458458 0.06790930 0.18876880
585.58558559 0.06731046 0.18619806
586.58658659 0.06637406 0.18336745
587.58758759 0.07136702 0.19701184
588.58858859 0.06636939 0.18521097
589.58958959 0.07029260 0.19452402
590.59059059 0.07013619 0.18976937
591.59159159 0.06986417 0.19220956
592.59259259 0.06897888 0.18967164
593.59359359 0.06634028 0.18440265
594.59459459 0.06920680 0.19126607
595.59559560 0.06702089 0.18673816
596.59659660 0.07133673 0.19897584
597.59759760 0.07883232 0.21846227
598.59859860 0.07711295 0.21245829
599.59959960 0.07676352 0.21361530
600.60060060 0.08027414 0.22065282
601.60160160 0.07594617 0.21007547
602.60260260 0.07537359 0.20740332
603.60360360 0.08115235 0.21864520
604.60460460 0.08067584 0.21526741
605.60560561 0.08089280 0.21535637
606.60660661 0.08709260 0.22484107
607.60760761 0.08807838 0.22637708
608.60860861 0.08603584 0.22505506
609.60960961 0.08430756 0.22177319
610.61061061 0.08121259 0.21468290
611.61161161 0.07841812 0.20682707
612.61261261 0.07888082 0.20660553
613.61361361 0.07526699 0.19953322
614.61461461 0.07548253 0.19832952
615.61561562 0.07423258 0.19605347
616.61661662 0.07591114 0.20272180
617.61761762 0.07455205 0.19857374
618.61861862 0.07302421 0.19525756
619.61961962 0.07246022 0.19344234
620.62062062 0.07030937 0.19162465
621.62162162 0.07107415 0.19404229
622.62262262 0.07107711 0.19420436
623.62362362 0.07128340 0.19590146
624.62462462 0.07047508 0.19464055
625.62562563 0.07352339 0.20143954
626.62662663 0.07493421 0.20360223
627.62762763 0.07690032 0.20838461
628.62862863 0.08034633 0.21369523
629.62962963 0.08214722 0.21662817
630.63063063 0.08675346 0.22457371
631.63163163 0.08197953 0.21463533
632.63263263 0.08033061 0.21025070
633.63363363 0.07581659 0.20072174
634.63463463 0.07580104 0.20007181
635.63563564 0.07791476 0.20755953
636.63663664 0.07760111 0.20889720
637.63763764 0.07685893 0.20783944
638.63863864 0.07589058 0.20581314
639.63963964 0.07761427 0.20907291
640.64064064 0.07436369 0.20130589
641.64164164 0.07894594 0.21298675
642.64264264 0.08030879 0.21442383
643.64364364 0.08072106 0.21372903
644.64464464 0.07809606 0.20643042
645.64564565 0.07488948 0.19938050
646.64664665 0.07374758 0.19756794
647.64764765 0.07167804 0.19095200
648.64864865 0.07747024 0.20344459
649.64964965 0.07326036 0.19254063
650.65065065 0.07078493 0.18488358
651.65165165 0.07727242 0.19982247
652.65265265 0.07529815 0.19772461
653.65365365 0.07479897 0.19761938
654.65465465 0.07213007 0.19410362
655.65565566 0.07044906 0.19095461
656.65665666 0.06841032 0.18826051
657.65765766 0.06836899 0.18964333
658.65865866 0.06850414 0.18853944
659.65965966 0.06922631 0.18861750
660.66066066 0.07099240 0.19059724
661.66166166 0.06949865 0.18543440
662.66266266 0.06816738 0.18572221
663.66366366 0.06985782 0.18863624
664.66466466 0.07208834 0.19125626
665.66566567 0.07687564 0.20433694
666.66666667 0.07580329 0.20312044
667.66766767 0.07896288 0.20978124
668.66866867 0.08146309 0.21639266
669.66966967 0.08173247 0.21624182
670.67067067 0.07950786 0.21372936
671.67167167 0.07993001 0.21359470
672.67267267 0.07997767 0.21136312
673.67367367 0.07895244 0.20696344
674.67467467 0.07741533 0.20391823
675.67567568 0.07522568 0.19968596
676.67667668 0.07268444 0.19547288
677.67767768 0.07099806 0.18955745
678.67867868 0.06992174 0.18841754
679.67967968 0.06949089 0.18888419
680.68068068 0.07202080 0.19782385
681.68168168 0.07048997 0.19555487
682.68268268 0.07471287 0.20900329
683.68368368 0.07477582 0.20989361
684.68468468 0.07833947 0.21521414
685.68568569 0.07725299 0.21242874
686.68668669 0.07764861 0.21166908
687.68768769 0.08140882 0.21965301
688.68868869 0.07920702 0.21312502
689.68968969 0.07583301 0.20479273
690.69069069 0.07680811 0.20754053
691.69169169 0.07644736 0.20746374
692.69269269 0.08267283 0.22037032
693.69369369 0.08101086 0.22029288
694.69469469 0.08170559 0.21814596
695.69569570 0.07899845 0.21291443
696.69669670 0.07687087 0.20892077
697.69769770 0.07658385 0.20762272
698.69869870 0.08150462 0.21653346
699.69969970 0.08361045 0.22715596
700.70070070 0.08554790 0.23058697
701.70170170 0.08187146 0.22343396
702.70270270 0.08180415 0.22319394
703.70370370 0.07842150 0.21536131
704.70470470 0.08196429 0.22366647
705.70570571 0.08490039 0.23093396
706.70670671 0.08233804 0.22412931
707.70770771 0.07948986 0.21906346
708.70870871 0.08596281 0.23023441
709.70970971 0.08278827 0.22453898
710.71071071 0.07824517 0.21415604
711.71171171 0.07890595 0.21605691
712.71271271 0.07905155 0.21591808
713.71371371 0.08095334 0.22030582
714.71471471 0.08313648 0.22306630
715.71571572 0.08490415 0.22636658
716.71671672 0.08183958 0.21903930
717.71771772 0.08184108 0.22102747
718.71871872 0.08096243 0.21712828
719.71971972 0.08262330 0.21900440
720.72072072 0.08104282 0.21626173
721.72172172 0.08027627 0.21284563
722.72272272 0.08007709 0.21222598
723.72372372 0.07904570 0.21104213
724.72472472 0.07907096 0.21213414
725.72572573 0.07649284 0.20734509
726.72672673 0.07186791 0.19306188
727.72772773 0.07054497 0.19013913
728.72872873 0.06713219 0.18298849
729.72972973 0.06709573 0.18429008
730.73073073 0.07057470 0.19474469
731.73173173 0.07240058 0.20054251
732.73273273 0.07053475 0.19806591
733.73373373 0.07049481 0.19771288
734.73473473 0.07009249 0.19647831
735.73573574 0.06780908 0.19211555
736.73673674 0.06835329 0.19494142
737.73773774 0.06846803 0.19606111
738.73873874 0.07055641 0.20085260
739.73973974 0.06997460 0.20072005
740.74074074 0.06753549 0.19650003
741.74174174 0.06676918 0.19228129
742.74274274 0.06707440 0.19324782
743.74374374 0.06148652 0.17591770
744.74474474 0.06187740 0.17866196
745.74574575 0.06288885 0.18158679
746.74674675 0.05969749 0.17276972
747.74774775 0.06097885 0.17618920
748.74874875 0.06234005 0.18086230
749.74974975 0.05981454 0.17503837
750.75075075 0.06396990 0.18656857
751.75175175 0.06406005 0.18703284
752.75275275 0.06301833 0.18533576
753.75375375 0.06815760 0.19648814
754.75475475 0.06408097 0.18798943
755.75575576 0.06138722 0.18099309
756.75675676 0.06400983 0.18565346
757.75775776 0.06805718 0.19838937
758.75875876 0.06889054 0.19836391
759.75975976 0.07381868 0.20887762
760.76076076 0.07184446 0.20410337
761.76176176 0.07319526 0.20746804
762.76276276 0.07048385 0.20103616
763.76376376 0.07346800 0.21145177
764.76476476 0.06980038 0.20231327
765.76576577 0.06813195 0.19615497
766.76676677 0.07112158 0.20270196
767.76776777 0.07061340 0.19930560
768.76876877 0.06941557 0.19711233
769.76976977 0.06651576 0.18916124
770.77077077 0.06489627 0.18534433
771.77177177 0.06472511 0.18494407
772.77277277 0.07132859 0.20147270
773.77377377 0.07151426 0.20358294
774.77477477 0.06810128 0.19766834
775.77577578 0.07071768 0.20204619
776.77677678 0.07016346 0.20052551
777.77777778 0.07328148 0.20405297
778.77877878 0.07444755 0.20618616
779.77977978 0.07020655 0.19604987
780.78078078 0.06764677 0.19164141
781.78178178 0.06963173 0.19825415
782.78278278 0.06837219 0.19399804
783.78378378 0.06493156 0.18646568
784.78478478 0.06271297 0.18121238
785.78578579 0.06125555 0.17662577
786.78678679 0.06195580 0.18061850
787.78778779 0.06423881 0.18407495
788.78878879 0.06213378 0.17951420
789.78978979 0.06226396 0.17998612
790.79079079 0.06581211 0.18873173
791.79179179 0.06114812 0.17627151
792.79279279 0.06361591 0.18447447
793.79379379 0.06895792 0.19868516
794.79479479 0.06892418 0.19889575
795.79579580 0.06683785 0.19163808
796.79679680 0.06357717 0.18238284
797.79779780 0.06382334 0.18180673
798.79879880 0.06314053 0.17836696
799.79979980 0.06085585 0.17157538
800.80080080 0.05858509 0.16602082
801.80180180 0.06297674 0.17538511
802.80280280 0.06302863 0.17469999
803.80380380 0.06232059 0.17216728
804.80480480 0.06018548 0.16699937
805.80580581 0.05983590 0.16858319
806.80680681 0.05994329 0.17014480
807.80780781 0.06478118 0.18428670
808.80880881 0.06786327 0.19075987
809.80980981 0.07093724 0.19797178
810.81081081 0.06917878 0.19282848
811.81181181 0.06752089 0.19008878
812.81281281 0.06552910 0.18531416
813.81381381 0.06582614 0.18614021
814.81481481 0.06315201 0.17769218
815.81581582 0.06330063 0.18000554
816.81681682 0.06408921 0.17983672
817.81781782 0.06530219 0.18573768
818.81881882 0.06341668 0.18195506
819.81981982 0.06619276 0.19201241
820.82082082 0.06467459 0.18848772
821.82182182 0.06602279 0.19138097
822.82282282 0.06631729 0.19090806
823.82382382 0.06816257 0.19242161
824.82482482 0.06729362 0.19329244
825.82582583 0.06681998 0.19123065
826.82682683 0.06721147 0.19233230
827.82782783 0.06786691 0.19511501
828.82882883 0.06591035 0.19109262
829.82982983 0.06858144 0.19647510
830.83083083 0.07070804 0.19988204
831.83183183 0.07276815 0.20282757
832.83283283 0.07551006 0.20633878
833.83383383 0.07382356 0.20317548
834.83483483 0.07287440 0.19935882
835.83583584 0.07013854 0.19276742
836.83683684 0.07491795 0.20399872
837.83783784 0.07443511 0.20351084
838.83883884 0.07056951 0.19508293
839.83983984 0.06756067 0.18813979
840.84084084 0.06669956 0.18621427
841.84184184 0.06511781 0.18230878
842.84284284 0.06533900 0.18468121
843.84384384 0.06514417 0.18340886
844.84484484 0.06869256 0.19152610
845.84584585 0.06798223 0.19050135
846.84684685 0.07161290 0.19651759
847.84784785 0.07284313 0.19927686
848.84884885 0.07147220 0.19758106
849.84984985 0.06851388 0.19295166
850.85085085 0.06733804 0.19180643
851.85185185 0.06631353 0.19045437
852.85285285 0.06319669 0.18499473
853.85385385 0.06010044 0.17779184
854.85485485 0.06003325 0.18067292
855.85585586 0.06176396 0.18252131
856.85685686 0.06162024 0.17973776
857.85785786 0.06209086 0.18138438
858.85885886 0.06290897 0.18057238
859.85985986 0.06528819 0.18472887
860.86086086 0.06609780 0.18527609
861.86186186 0.06346935 0.17863891
862.86286286 0.05989783 0.17088059
863.86386386 0.06042548 0.17000269
864.86486486 0.06692924 0.18383511
865.86586587 0.06338191 0.17600752
866.86686687 0.06642036 0.18576643
867.86786787 0.06785716 0.18760945
868.86886887 0.06909177 0.19197091
869.86986987 0.06989128 0.19326272
870.87087087 0.07036402 0.19144833
871.87187187 0.07293520 0.19995204
872.87287287 0.08331946 0.21934495
873.87387387 0.08453919 0.22310607
874.87487487 0.08568319 0.22490895
875.87587588 0.09107226 0.23185805
876.87687688 0.08753405 0.22448936
877.87787788 0.08387398 0.21480291
878.87887888 0.08253387 0.21098782
879.87987988 0.08513907 0.21842680
880.88088088 0.07888578 0.20342831
881.88188188 0.07907371 0.20621128
882.88288288 0.07609916 0.19915752
883.88388388 0.07658119 0.20124342
884.88488488 0.07599280 0.20125554
885.88588589 0.07302278 0.19652291
886.88688689 0.07618470 0.20341625
887.88788789 0.07352288 0.19904826
888.88888889 0.07253149 0.19758036
889.88988989 0.07238476 0.19934822
890.89089089 0.07116233 0.19702293
891.89189189 0.07354724 0.20236698
892.89289289 0.06857760 0.18993671
893.89389389 0.06260555 0.17474374
894.89489489 0.06750213 0.18201136
895.89589590 0.07228953 0.19594188
896.89689690 0.07113514 0.19222378
897.89789790 0.07379235 0.19910838
898.89889890 0.07227636 0.19657405
899.89989990 0.07023283 0.19516961
900.90090090 0.06468734 0.18295919
901.90190190 0.06727761 0.19294309
902.90290290 0.06824746 0.19466828
903.90390390 0.06913359 0.19756082
904.90490490 0.07050451 0.19878433
905.90590591 0.06880580 0.19502648
906.90690691 0.06905955 0.19548509
907.90790791 0.06987850 0.19751080
908.90890891 0.07389686 0.20377695
909.90990991 0.07438618 0.20598400
910.91091091 0.07184154 0.20073591
911.91191191 0.07082006 0.19665654
912.91291291 0.07491519 0.20684417
913.91391391 0.07874346 0.21308125
914.91491491 0.07575820 0.20508115
915.91591592 0.08036849 0.21328828
916.91691692 0.08500103 0.22387439
917.91791792 0.08142861 0.21741853
918.91891892 0.07913596 0.21115670
919.91991992 0.07823237 0.21111957
920.92092092 0.07868711 0.21462369
921.92192192 0.08107703 0.21919330
922.92292292 0.07755945 0.21411106
923.92392392 0.07665225 0.21323791
924.92492492 0.07652565 0.21010875
925.92592593 0.08447292 0.22561424
926.92692693 0.08182864 0.21971955
927.92792793 0.08087514 0.21672758
928.92892893 0.08006638 0.21336843
929.92992993 0.08082795 0.21518276
930.93093093 0.07567810 0.20627277
931.93193193 0.07528294 0.20378078
932.93293293 0.07684284 0.20845297
933.93393393 0.07511661 0.20362132
934.93493493 0.07859717 0.21090279
935.93593594 0.07993231 0.21380236
936.93693694 0.08005881 0.21592853
937.93793794 0.08185539 0.22036830
938.93893894 0.08145946 0.21974127
939.93993994 0.08081212 0.21517395
940.94094094 0.07909466 0.21127586
941.94194194 0.08193658 0.21700711
942.94294294 0.08327245 0.21713983
943.94394394 0.07900496 0.20846117
944.94494494 0.08064319 0.20999966
945.94594595 0.07791944 0.20432716
946.94694695 0.07679902 0.20171045
947.94794795 0.08131704 0.21049424
948.94894895 0.08052970 0.20908278
949.94994995 0.07818283 0.20527859
950.95095095 0.07705955 0.20104216
951.95195195 0.07829541 0.20571069
952.95295295 0.07352273 0.19219965
953.95395395 0.06939117 0.18437748
954.95495495 0.07108082 0.19382497
955.95595596 0.06775209 0.18631181
956.95695696 0.06561751 0.18235582
957.95795796 0.06733185 0.18631083
958.95895896 0.06537104 0.18271339
959.95995996 0.06398886 0.17791945
960.96096096 0.06035693 0.16915751
961.96196196 0.05831427 0.16474237
962.96296296 0.05709436 0.16512517
963.96396396 0.05909757 0.17481782
964.96496496 0.05726996 0.17043101
965.96596597 0.05599833 0.16851044
966.96696697 0.05532539 0.16641071
967.96796797 0.05621702 0.16794851
968.96896897 0.05697586 0.17031325
969.96996997 0.05427126 0.16167835
970.97097097 0.05444566 0.16363756
971.97197197 0.05558096 0.16653160
972.97297297 0.05669526 0.16819533
973.97397397 0.05574948 0.16618868
974.97497497 0.05720769 0.16906746
975.97597598 0.05647380 0.16684777
976.97697698 0.05538375 0.16730069
977.97797798 0.05768887 0.17524847
978.97897898 0.05615863 0.17005109
979.97997998 0.06116347 0.18214684
980.98098098 0.06127581 0.18094928
981.98198198 0.06398869 0.18781589
982.98298298 0.06820803 0.19762789
983.98398398 0.06654072 0.19193481
984.98498498 0.06873304 0.19635604
985.98598599 0.06531455 0.18844604
986.98698699 0.06645366 0.19196725
987.98798799 0.06610638 0.19103400
988.98898899 0.07110601 0.20456539
989.98998999 0.06797426 0.19813876
990.99099099 0.06356361 0.18329294
991.99199199 0.06777950 0.19327194
992.99299299 0.06749877 0.19101782
993.99399399 0.06538924 0.18590997
994.99499499 0.06511968 0.18500630
995.99599600 0.06443835 0.18412076
996.99699700 0.06631893 0.18857662
997.99799800 0.06533478 0.18633635
998.99899900 0.06179450 0.17755587
1000.00000000 0.06465346 0.18371814
