0.00000000 4.00000000
2.00400802 3.93989885
4.00801603 3.81615739
6.01202405 3.68916779
8.01603206 3.53929372
10.02004008 3.39991018
12.02404810 3.28003243
14.02805611 3.14796246
16.03206413 3.04331264
18.03607214 2.89637828
20.04008016 2.73984248
22.04408818 2.63526994
24.04809619 2.52413530
26.05210421 2.40667779
28.05611222 2.31987016
30.06012024 2.21463124
32.06412826 2.10450900
34.06813627 2.01122649
36.07214429 1.91925237
38.07615230 1.84213423
40.08016032 1.76964348
42.08416834 1.68867809
44.08817635 1.59624008
46.09218437 1.52499737
48.09619238 1.44805814
50.10020040 1.37069429
52.10420842 1.30403351
54.10821643 1.25891443
56.11222445 1.20370597
58.11623246 1.13922759
60.12024048 1.08915285
62.12424850 1.04636540
64.12825651 0.99735332
66.13226453 0.94217800
68.13627255 0.90622400
70.14028056 0.86822904
72.14428858 0.82992024
74.14829659 0.79149501
76.15230461 0.74975801
78.15631263 0.71364073
80.16032064 0.67937979
82.16432866 0.64702812
84.16833667 0.62493615
86.17234469 0.59623208
88.17635271 0.56567700
90.18036072 0.54436174
92.18436874 0.52111150
94.18837675 0.49813297
96.19238477 0.47371351
98.19639279 0.45244202
100.20040080 0.43132798
102.20440882 0.40544593
104.20841683 0.38405286
106.21242485 0.36603257
108.21643287 0.34897870
110.22044088 0.32938011
112.22444890 0.31324783
114.22845691 0.29987894
116.23246493 0.28831814
118.23647295 0.27428226
120.24048096 0.26405764
122.24448898 0.25265351
124.24849699 0.24139844
126.25250501 0.23341479
128.25651303 0.22241294
130.26052104 0.21250682
132.26452906 0.20222304
134.26853707 0.19022254
136.27254509 0.18122135
138.27655311 0.17041879
140.28056112 0.16133191
142.28456914 0.15303526
144.28857715 0.14607614
146.29258517 0.13722058
148.29659319 0.13048143
150.30060120 0.12514571
152.30460922 0.12090884
154.30861723 0.11565358
156.31262525 0.10902411
158.31663327 0.10386902
160.32064128 0.09965666
162.32464930 0.09622173
164.32865731 0.09252413
166.33266533 0.08830153
168.33667335 0.08401650
170.34068136 0.08002417
172.34468938 0.07543835
174.34869739 0.07230535
176.35270541 0.07087566
178.35671343 0.06858386
180.36072144 0.06511747
182.36472946 0.06145490
184.36873747 0.05784340
186.37274549 0.05517326
188.37675351 0.05481880
190.38076152 0.05238580
192.38476954 0.05034852
194.38877756 0.04633644
196.39278557 0.04416414
198.39679359 0.04293881
200.40080160 0.04068520
202.40480962 0.03992798
204.40881764 0.03814368
206.41282565 0.03616825
208.41683367 0.03706812
210.42084168 0.03627436
212.42484970 0.03439656
214.42885772 0.03260135
216.43286573 0.03152033
218.43687375 0.03013566
220.44088176 0.02892625
222.44488978 0.02957945
224.44889780 0.02958104
226.45290581 0.02912421
228.45691383 0.03073194
230.46092184 0.02947401
232.46492986 0.02966377
234.46893788 0.02977083
236.47294589 0.02721695
238.47695391 0.02600081
240.48096192 0.02475616
242.48496994 0.02370567
244.48897796 0.02253063
246.49298597 0.02170384
248.49699399 0.02214226
250.50100200 0.02454174
252.50501002 0.02438989
254.50901804 0.02403419
256.51302605 0.02552604
258.51703407 0.02568152
260.52104208 0.02540412
262.52505010 0.02563845
264.52905812 0.02484323
266.53306613 0.02343174
268.53707415 0.02114675
270.54108216 0.02053247
272.54509018 0.01976251
274.54909820 0.01939598
276.55310621 0.01985685
278.55711423 0.02438106
280.56112224 0.02402575
282.56513026 0.02288470
284.56913828 0.02296417
286.57314629 0.02583804
288.57715431 0.02480050
290.58116232 0.02558810
292.58517034 0.02511192
294.58917836 0.02478556
296.59318637 0.02401414
298.59719439 0.02325146
300.60120240 0.02233687
302.60521042 0.02149887
304.60921844 0.02108196
306.61322645 0.02273921
308.61723447 0.02147138
310.62124248 0.02244156
312.62525050 0.02279837
314.62925852 0.02174471
316.63326653 0.02157595
318.63727455 0.02123515
320.64128257 0.02128579
322.64529058 0.02186266
324.64929860 0.02134350
326.65330661 0.02185970
328.65731463 0.02173278
330.66132265 0.02442121
332.66533066 0.02564169
334.66933868 0.02444425
336.67334669 0.02474294
338.67735471 0.02275911
340.68136273 0.02153481
342.68537074 0.02098064
344.68937876 0.02071023
346.69338677 0.02128943
348.69739479 0.02056893
350.70140281 0.01987691
352.70541082 0.01805720
354.70941884 0.01871965
356.71342685 0.01815446
358.71743487 0.01965512
360.72144289 0.01911585
362.72545090 0.01868364
364.72945892 0.02169005
366.73346693 0.02167875
368.73747495 0.02118684
370.74148297 0.02268911
372.74549098 0.02203099
374.74949900 0.02183225
376.75350701 0.01925083
378.75751503 0.01889567
380.76152305 0.01846991
382.76553106 0.01765816
384.76953908 0.01695866
386.77354709 0.01861422
388.77755511 0.01832693
390.78156313 0.01981633
392.78557114 0.01958505
394.78957916 0.01901092
396.79358717 0.01833304
398.79759519 0.01691495
400.80160321 0.02214004
402.80561122 0.01829179
404.80961924 0.01966460
406.81362725 0.01886796
408.81763527 0.01923650
410.82164329 0.01783745
412.82565130 0.01682453
414.82965932 0.01482795
416.83366733 0.01429433
418.83767535 0.01533533
420.84168337 0.01478368
422.84569138 0.01612788
424.84969940 0.01720430
426.85370741 0.01788186
428.85771543 0.01710875
430.86172345 0.01673109
432.86573146 0.01612504
434.86973948 0.01595552
436.87374749 0.01540925
438.87775551 0.01493899
440.88176353 0.01627980
442.88577154 0.01475376
444.88977956 0.01757010
446.89378758 0.01894603
448.89779559 0.01851251
450.90180361 0.01989988
452.90581162 0.01981126
454.90981964 0.01960609
456.91382766 0.01621760
458.91783567 0.01638383
460.92184369 0.01717086
462.92585170 0.01670092
464.92985972 0.01735534
466.93386774 0.01716833
468.93787575 0.01820608
470.94188377 0.01665666
472.94589178 0.01854830
474.94989980 0.01806863
476.95390782 0.01740426
478.95791583 0.01703598
480.96192385 0.01656829
482.96593186 0.01626616
484.96993988 0.01561214
486.97394790 0.01689145
488.97795591 0.01633415
490.98196393 0.01660634
492.98597194 0.01604352
494.98997996 0.01542926
496.99398798 0.01479974
498.99799599 0.01574621
501.00200401 0.01580546
503.00601202 0.01734093
505.01002004 0.01689945
507.01402806 0.01645357
509.01803607 0.01566520
511.02204409 0.01565984
513.02605210 0.01963494
515.03006012 0.01918892
517.03406814 0.01867558
519.03807615 0.01750660
521.04208417 0.01708865
523.04609218 0.01839399
525.05010020 0.02009793
527.05410822 0.02279487
529.05811623 0.02168321
531.06212425 0.02179354
533.06613226 0.02048537
535.07014028 0.01949897
537.07414830 0.01840053
539.07815631 0.01957616
541.08216433 0.01823626
543.08617234 0.01806020
545.09018036 0.01700595
547.09418838 0.01667247
549.09819639 0.01468485
551.10220441 0.01538467
553.10621242 0.01877256
555.11022044 0.01857005
557.11422846 0.02154218
559.11823647 0.02407677
561.12224449 0.02247175
563.12625251 0.02197343
565.13026052 0.02254952
567.13426854 0.02184351
569.13827655 0.02152256
571.14228457 0.02147811
573.14629259 0.02145645
575.15030060 0.02126520
577.15430862 0.01951151
579.15831663 0.02220210
581.16232465 0.02029998
583.16633267 0.01996252
585.17034068 0.01847227
587.17434870 0.01795011
589.17835671 0.01887438
591.18236473 0.01845715
593.18637275 0.01964393
595.19038076 0.02038499
597.19438878 0.02028454
599.19839679 0.02158340
601.20240481 0.02109637
603.20641283 0.02078941
605.21042084 0.02056577
607.21442886 0.02018053
609.21843687 0.01870741
611.22244489 0.01834686
613.22645291 0.01792576
615.23046092 0.01976116
617.23446894 0.01928999
619.23847695 0.02170326
621.24248497 0.02168652
623.24649299 0.02113767
625.25050100 0.02054239
627.25450902 0.01861568
629.25851703 0.01969943
631.26252505 0.01932642
633.26653307 0.01918978
635.27054108 0.01873818
637.27454910 0.01699542
639.27855711 0.01475030
641.28256513 0.01748791
643.28657315 0.01698844
645.29058116 0.01648677
647.29458918 0.01684952
649.29859719 0.01667097
651.30260521 0.01754503
653.30661323 0.01715783
655.31062124 0.01689125
657.31462926 0.01603016
659.31863727 0.01699510
661.32264529 0.01499654
663.32665331 0.01462991
665.33066132 0.01575879
667.33466934 0.01650842
669.33867735 0.01614165
671.34268537 0.01579099
673.34669339 0.01415655
675.35070140 0.01374254
677.35470942 0.01343489
679.35871743 0.01518708
681.36272545 0.01479752
683.36673347 0.01452492
685.37074148 0.01615399
687.37474950 0.01561910
689.37875752 0.01693443
691.38276553 0.01904514
693.38677355 0.01866562
695.39078156 0.01794836
697.39478958 0.01795087
699.39879760 0.01972119
701.40280561 0.01854531
703.40681363 0.01826850
705.41082164 0.01794144
707.41482966 0.01942621
709.41883768 0.01830358
711.42284569 0.02177840
713.42685371 0.01836529
715.43086172 0.01754363
717.43486974 0.01855201
719.43887776 0.02156785
721.44288577 0.02128636
723.44689379 0.01854563
725.45090180 0.01810289
727.45490982 0.01814285
729.45891784 0.01771948
731.46292585 0.01903547
733.46693387 0.01860200
735.47094188 0.01561394
737.47494990 0.01665634
739.47895792 0.01767329
741.48296593 0.01764299
743.48697395 0.01722488
745.49098196 0.01877791
747.49498998 0.01842097
749.49899800 0.01790821
751.50300601 0.01760933
753.50701403 0.01682245
755.51102204 0.01650045
757.51503006 0.01452337
759.51903808 0.01297724
761.52304609 0.01458840
763.52705411 0.01420116
765.53106212 0.01403207
767.53507014 0.01548137
769.53907816 0.01351608
771.54308617 0.01311931
773.54709419 0.01098147
775.55110220 0.00928964
777.55511022 0.01104833
779.55911824 0.01084845
781.56312625 0.01114529
783.56713427 0.01272478
785.57114228 0.01269423
787.57515030 0.01441638
789.57915832 0.01390405
791.58316633 0.01366571
793.58717435 0.01172031
795.59118236 0.01349796
797.59519038 0.01304665
799.59919840 0.01480719
801.60320641 0.01663772
803.60721443 0.01506412
805.61122244 0.01506985
807.61523046 0.01478562
809.61923848 0.01320635
811.62324649 0.01367020
813.62725451 0.01295388
815.63126253 0.01227668
817.63527054 0.01398938
819.63927856 0.01218517
821.64328657 0.01193553
823.64729459 0.01200297
825.65130261 0.01330205
827.65531062 0.01305988
829.65931864 0.01599555
831.66332665 0.01773910
833.66733467 0.01955299
835.67134269 0.02155899
837.67535070 0.02114065
839.67935872 0.02067042
841.68336673 0.02421165
843.68737475 0.02394322
845.69138277 0.02195143
847.69539078 0.02165029
849.69939880 0.02418651
851.70340681 0.02585206
853.70741483 0.02388878
855.71142285 0.02448997
857.71543086 0.02579225
859.71943888 0.02502740
861.72344689 0.02333608
863.72745491 0.02149943
865.73146293 0.02065404
867.73547094 0.02023102
869.73947896 0.02237624
871.74348697 0.02378693
873.74749499 0.02523568
875.75150301 0.02324711
877.75551102 0.02213098
879.75951904 0.02349807
881.76352705 0.02493131
883.76753507 0.02443794
885.77154309 0.02234176
887.77555110 0.02201292
889.77955912 0.02013282
891.78356713 0.01853157
893.78757515 0.01832987
895.79158317 0.01663632
897.79559118 0.01608870
899.79959920 0.01554562
901.80360721 0.01140165
903.80761523 0.01096841
905.81162325 0.01050584
907.81563126 0.01001806
909.81963928 0.01049812
911.82364729 0.01005210
913.82765531 0.00958497
915.83166333 0.01081443
917.83567134 0.01062290
919.83967936 0.01194823
921.84368737 0.01454684
923.84769539 0.01415566
925.85170341 0.01374215
927.85571142 0.01514862
929.85971944 0.01452377
931.86372745 0.01533431
933.86773547 0.01477100
935.87174349 0.01425639
937.87575150 0.01306068
939.87975952 0.01382457
941.88376754 0.01333169
943.88777555 0.01296263
945.89178357 0.01275041
947.89579158 0.01246525
949.89979960 0.01212008
951.90380762 0.01182285
953.90781563 0.01075521
955.91182365 0.00884444
957.91583166 0.00905950
959.91983968 0.00864103
961.92384770 0.00828709
963.92785571 0.00898981
965.93186373 0.00780103
967.93587174 0.00747868
969.93987976 0.00718657
971.94388778 0.00694831
973.94789579 0.00660874
975.95190381 0.01249977
977.95591182 0.01204634
979.95991984 0.01712091
981.96392786 0.01620145
983.96793587 0.01587512
985.97194389 0.01359560
987.97595190 0.01187796
989.97995992 0.01216982
991.98396794 0.01366095
993.98797595 0.01362376
995.99198397 0.01318382
997.99599198 0.01347126
1000.00000000 0.01229848
