0.00000000 11.00000000 0.00000036
1.00100100 10.86573119 0.30859709
2.00200200 10.66043943 0.50429684
3.00300300 10.44763703 0.65489051
4.00400400 10.23547169 0.78597748
5.00500501 10.03891203 0.90240746
6.00600601 9.82136431 0.98749046
7.00700701 9.61899957 1.05914676
8.00800801 9.39632221 1.14024607
9.00900901 9.20474699 1.19858327
10.01001001 9.01364162 1.22782362
11.01101101 8.79967342 1.28549929
12.01201201 8.56891455 1.30336328
13.01301301 8.36090707 1.32795949
14.01401401 8.16615881 1.35386407
15.01501502 8.00027831 1.39202314
16.01601602 7.78864767 1.41844470
17.01701702 7.59390504 1.44558351
18.01801802 7.37077932 1.45031994
19.01901902 7.15086035 1.44956486
20.02002002 6.97648180 1.46805587
21.02102102 6.80038294 1.47963316
22.02202202 6.60267422 1.46765502
23.02302302 6.42266747 1.48277625
24.02402402 6.21818722 1.52159425
25.02502503 6.02165645 1.54217335
26.02602603 5.84920979 1.53360832
27.02702703 5.67459727 1.52148763
28.02802803 5.51969885 1.53058715
29.02902903 5.34991670 1.51244209
30.03003003 5.16446337 1.50455819
31.03103103 5.00873354 1.51214425
32.03203203 4.84036134 1.48737842
33.03303303 4.69102155 1.48398626
34.03403403 4.54221189 1.46629110
35.03503504 4.40126226 1.45030822
36.03603604 4.26472195 1.45988785
37.03703704 4.12341626 1.44815462
38.03803804 3.97677812 1.45396436
39.03903904 3.86355169 1.45255098
40.04004004 3.74329625 1.43840963
41.04104104 3.62485708 1.42705898
42.04204204 3.50024442 1.41471487
43.04304304 3.38763886 1.39449524
44.04404404 3.25556756 1.38091745
45.04504505 3.15671431 1.35629780
46.04604605 3.04076658 1.33143037
47.04704705 2.92964619 1.32017404
48.04804805 2.82612027 1.31652686
49.04904905 2.71652725 1.28993154
50.05005005 2.62794167 1.27858151
51.05105105 2.51015145 1.23102309
52.05205205 2.42769971 1.21161637
53.05305305 2.34462196 1.20264663
54.05405405 2.25565537 1.18072194
55.05505506 2.17082029 1.14993644
56.05605606 2.09529837 1.13553214
57.05705706 2.02046480 1.13028831
58.05805806 1.93020955 1.09421943
59.05905906 1.84889175 1.07451229
60.06006006 1.77395256 1.06126648
61.06106106 1.70335393 1.05621218
62.06206206 1.62678916 1.03376172
63.06306306 1.56002289 1.00822145
64.06406406 1.49438256 0.97936999
65.06506507 1.43700893 0.96295746
66.06606607 1.37907721 0.94081041
67.06706707 1.32233698 0.90939178
68.06806807 1.26607795 0.87841919
69.06906907 1.23346964 0.88156200
70.07007007 1.18575213 0.84284632
71.07107107 1.13581827 0.81601395
72.07207207 1.09272572 0.80167727
73.07307307 1.04042938 0.76870190
74.07407407 1.00440376 0.76694260
75.07507508 0.96860824 0.74719174
76.07607608 0.92720242 0.72491163
77.07707708 0.89276073 0.71108893
78.07807808 0.86894844 0.70338699
79.07907908 0.83829916 0.69222927
80.08008008 0.80274900 0.66450358
81.08108108 0.77826998 0.65543927
82.08208208 0.75298799 0.64862771
83.08308308 0.71911795 0.63411591
84.08408408 0.68835559 0.60664998
85.08508509 0.66848703 0.60001205
86.08608609 0.64569843 0.59811224
87.08708709 0.62635103 0.58951605
88.08808809 0.59761531 0.56754709
89.08908909 0.57342980 0.54967797
90.09009009 0.55086976 0.53343028
91.09109109 0.52662186 0.51983287
92.09209209 0.50314322 0.50473646
93.09309309 0.48447945 0.49103116
94.09409409 0.46087447 0.46839805
95.09509510 0.44174399 0.45237748
96.09609610 0.42252824 0.42376207
97.09709710 0.41103654 0.41378760
98.09809810 0.39624625 0.39439922
99.09909910 0.37984165 0.38503150
100.10010010 0.36590470 0.37758369
101.10110110 0.35183573 0.36587054
102.10210210 0.33628985 0.35383249
103.10310310 0.32080946 0.34135775
104.10410410 0.31040644 0.33413274
105.10510511 0.29695249 0.31949602
106.10610611 0.28685303 0.32020167
107.10710711 0.27790951 0.30929906
108.10810811 0.26682459 0.29602441
109.10910911 0.25240789 0.28002247
110.11011011 0.25035634 0.28146693
111.11111111 0.23766551 0.26464780
112.11211211 0.22926220 0.26130042
113.11311311 0.22280902 0.24687022
114.11411411 0.21093443 0.23740136
115.11511512 0.20824549 0.23803565
116.11611612 0.19861737 0.22726923
117.11711712 0.19186230 0.21803821
118.11811812 0.18406558 0.21125440
119.11911912 0.17889959 0.20857843
120.12012012 0.17307994 0.20624834
121.12112112 0.17771678 0.22455628
122.12212212 0.17243569 0.22671143
123.12312312 0.16842743 0.22805925
124.12412412 0.16386291 0.22565358
125.12512513 0.16644152 0.24432844
126.12612613 0.15957668 0.23666423
127.12712713 0.15470240 0.23873506
128.12812813 0.15097078 0.23790175
129.12912913 0.14287040 0.22101322
130.13013013 0.13912694 0.22391660
131.13113113 0.13315251 0.21110405
132.13213213 0.12679804 0.20544459
133.13313313 0.13052557 0.21332689
134.13413413 0.12567067 0.20761690
135.13513514 0.12251869 0.20685427
136.13613614 0.12243741 0.21040032
137.13713714 0.11801975 0.19732568
138.13813814 0.11544861 0.19666212
139.13913914 0.11397813 0.19739257
140.14014014 0.11123419 0.19139833
141.14114114 0.10866961 0.18911721
142.14214214 0.10579242 0.18543103
143.14314314 0.10565719 0.18894100
144.14414414 0.10948502 0.19925484
145.14514515 0.10899576 0.19883911
146.14614615 0.10721217 0.19850821
147.14714715 0.10863720 0.20015857
148.14814815 0.10264317 0.18807624
149.14914915 0.10253516 0.18838335
150.15015015 0.09901835 0.18548976
151.15115115 0.09754486 0.18413219
152.15215215 0.09435077 0.17939465
153.15315315 0.09022249 0.17071069
154.15415415 0.08772194 0.16605950
155.15515516 0.08728126 0.16756383
156.15615616 0.09244330 0.17945865
157.15715716 0.08792639 0.17016186
158.15815816 0.08896487 0.17818010
159.15915916 0.08593945 0.17048587
160.16016016 0.08135858 0.16312165
161.16116116 0.08252967 0.16912936
162.16216216 0.08375918 0.17354312
163.16316316 0.08089971 0.17427119
164.16416416 0.07600368 0.15978514
165.16516517 0.07379510 0.15619783
166.16616617 0.07706390 0.16711774
167.16716717 0.07629551 0.16538158
168.16816817 0.07632562 0.16918491
169.16916917 0.08183558 0.18806862
170.17017017 0.07997233 0.18821200
171.17117117 0.07991229 0.19105619
172.17217217 0.07995497 0.19287088
173.17317317 0.07868889 0.19215881
174.17417417 0.07599917 0.18704745
175.17517518 0.07473418 0.18546793
176.17617618 0.07580457 0.18218041
177.17717718 0.07426012 0.18070823
178.17817818 0.06988767 0.16852161
179.17917918 0.07200043 0.16988157
180.18018018 0.07307877 0.17143316
181.18118118 0.07567168 0.17897504
182.18218218 0.07182811 0.17209849
183.18318318 0.06836189 0.16445058
184.18418418 0.06726166 0.16118546
185.18518519 0.06335879 0.15674966
186.18618619 0.06080895 0.15104829
187.18718719 0.05770382 0.14207573
188.18818819 0.05849054 0.14675280
189.18918919 0.05777331 0.14514677
190.19019019 0.06068759 0.15385336
191.19119119 0.05847896 0.14892799
192.19219219 0.05946058 0.15262457
193.19319319 0.05696787 0.14493336
194.19419419 0.06179789 0.16130580
195.19519520 0.05926344 0.15373458
196.19619620 0.05816435 0.15093247
197.19719720 0.05601063 0.14428697
198.19819820 0.05586930 0.14536262
199.19919920 0.06073574 0.16105476
200.20020020 0.05833713 0.15485849
201.20120120 0.06034482 0.15882792
202.20220220 0.05933496 0.15913175
203.20320320 0.06075130 0.16082738
204.20420420 0.05893688 0.15586026
205.20520521 0.05779403 0.15345850
206.20620621 0.05879824 0.15548645
207.20720721 0.05822089 0.15664297
208.20820821 0.05713175 0.15529422
209.20920921 0.05580999 0.15105917
210.21021021 0.05447062 0.14814969
211.21121121 0.05541877 0.15280297
212.21221221 0.05356402 0.14889209
213.21321321 0.05476198 0.15395500
214.21421421 0.05366922 0.15386208
215.21521522 0.05035776 0.14492284
216.21621622 0.05232812 0.15240463
217.21721722 0.05784541 0.16438220
218.21821822 0.05801370 0.16582693
219.21921922 0.05911065 0.17561326
220.22022022 0.06189421 0.18545270
221.22122122 0.06166929 0.18079121
222.22222222 0.06753180 0.19331163
223.22322322 0.06781371 0.20422199
224.22422422 0.06418078 0.19588449
225.22522523 0.06532767 0.19483382
226.22622623 0.06595051 0.19638603
227.22722723 0.06874376 0.19860754
228.22822823 0.07176528 0.20398665
229.22922923 0.07121745 0.20096854
230.23023023 0.07196948 0.19746959
231.23123123 0.07289262 0.19490596
232.23223223 0.07550254 0.20036631
233.23323323 0.07957804 0.20643309
234.23423423 0.07716769 0.20081910
235.23523524 0.07590969 0.19675217
236.23623624 0.07630229 0.19809080
237.23723724 0.08236229 0.21006622
238.23823824 0.08531953 0.21564320
239.23923924 0.08576617 0.21806505
240.24024024 0.08150499 0.20836172
241.24124124 0.08510106 0.21618817
242.24224224 0.08687591 0.22673250
243.24324324 0.08726926 0.22682722
244.24424424 0.08562531 0.22307739
245.24524525 0.08566021 0.22266362
246.24624625 0.08435931 0.21711232
247.24724725 0.08252040 0.21019863
248.24824825 0.08511992 0.21406865
249.24924925 0.08631931 0.21488101
250.25025025 0.08723905 0.21637272
251.25125125 0.08554621 0.21262513
252.25225225 0.08157147 0.20460441
253.25325325 0.07815732 0.19707813
254.25425425 0.07775922 0.19514633
255.25525526 0.07778067 0.19451252
256.25625626 0.07831736 0.19554020
257.25725726 0.07320518 0.18432802
258.25825826 0.07193966 0.18118318
259.25925926 0.07314450 0.18502981
260.26026026 0.07244457 0.18366756
261.26126126 0.07258025 0.18579847
262.26226226 0.07551992 0.19650205
263.26326326 0.07685050 0.20775712
264.26426426 0.07760388 0.20848955
265.26526527 0.07798426 0.20854694
266.26626627 0.08083177 0.21235834
267.26726727 0.08302992 0.21948551
268.26826827 0.08400509 0.22151249
269.26926927 0.08624005 0.22500185
270.27027027 0.08578926 0.22490451
271.27127127 0.08700034 0.22579980
272.27227227 0.08081448 0.21282533
273.27327327 0.08187321 0.21289428
274.27427427 0.07822054 0.20695353
275.27527528 0.07436031 0.20002447
276.27627628 0.07748763 0.20607034
277.27727728 0.07392842 0.19623908
278.27827828 0.06980140 0.18701960
279.27927928 0.07298474 0.19566324
280.28028028 0.07182706 0.19213987
281.28128128 0.07676632 0.20080289
282.28228228 0.07448870 0.19480823
283.28328328 0.07318349 0.19142441
284.28428428 0.07056154 0.18622630
285.28528529 0.07287675 0.19280225
286.28628629 0.06992682 0.18809133
287.28728729 0.06757433 0.18369988
288.28828829 0.06524045 0.17844934
289.28928929 0.06885411 0.18643374
290.29029029 0.07241283 0.19515250
291.29129129 0.07341058 0.19734598
292.29229229 0.07615272 0.20192215
293.29329329 0.07761729 0.20536045
294.29429429 0.08000406 0.20795641
295.29529530 0.07856703 0.20723334
296.29629630 0.07834299 0.20558267
297.29729730 0.07545315 0.19903696
298.29829830 0.07493945 0.19617535
299.29929930 0.07054026 0.18658180
300.30030030 0.07221023 0.18860980
301.30130130 0.07523444 0.19705013
302.30230230 0.07689057 0.19854620
303.30330330 0.07620701 0.19313536
304.30430430 0.07461087 0.18978655
305.30530531 0.07753119 0.19685974
306.30630631 0.07446021 0.19082008
307.30730731 0.07755380 0.19707295
308.30830831 0.07517466 0.19470216
309.30930931 0.07338158 0.19384357
310.31031031 0.06955409 0.18520066
311.31131131 0.06313082 0.16850465
312.31231231 0.06263550 0.16841804
313.31331331 0.06172684 0.16671532
314.31431431 0.06079735 0.16617243
315.31531532 0.05953404 0.16161628
316.31631632 0.06185433 0.16811931
317.31731732 0.06882780 0.18589725
318.31831832 0.06825448 0.18638854
319.31931932 0.06688583 0.18283248
320.32032032 0.06596302 0.18087855
321.32132132 0.06812029 0.18597200
322.32232232 0.07178537 0.19340222
323.32332332 0.07036216 0.19142432
324.32432432 0.07204674 0.19082782
325.32532533 0.07018372 0.18631313
326.32632633 0.06556930 0.17449263
327.32732733 0.07351581 0.19258719
328.32832833 0.07404147 0.19309142
329.32932933 0.07401625 0.19156010
330.33033033 0.07402639 0.18943048
331.33133133 0.07634315 0.19707681
332.33233233 0.07422667 0.19631676
333.33333333 0.07604660 0.19995561
334.33433433 0.07748973 0.20432128
335.33533534 0.07055102 0.18689173
336.33633634 0.07022979 0.18707166
337.33733734 0.06740307 0.18040559
338.33833834 0.06714574 0.18038573
339.33933934 0.06383483 0.17089858
340.34034034 0.06541554 0.17363248
341.34134134 0.06556227 0.17551755
342.34234234 0.06647753 0.18534239
343.34334334 0.06343448 0.17578482
344.34434434 0.05957658 0.16658142
345.34534535 0.05770538 0.15967987
346.34634635 0.05926423 0.16429276
347.34734735 0.05983048 0.16719654
348.34834835 0.05948408 0.16917248
349.34934935 0.06000321 0.17297090
350.35035035 0.06242459 0.17802406
351.35135135 0.05958165 0.17266025
352.35235235 0.06477464 0.18602705
353.35335335 0.06926899 0.19862186
354.35435435 0.06589934 0.18996970
355.35535536 0.06321232 0.18110558
356.35635636 0.06659650 0.18646284
357.35735736 0.06669125 0.18696556
358.35835836 0.06865486 0.18982666
359.35935936 0.06813154 0.18833659
360.36036036 0.06695468 0.18587936
361.36136136 0.06523977 0.18314289
362.36236236 0.06726780 0.18889381
363.36336336 0.06674697 0.18993062
364.36436436 0.06933425 0.19281505
365.36536537 0.07236170 0.19656106
366.36636637 0.07979343 0.21354762
367.36736737 0.07904428 0.21095404
368.36836837 0.07855517 0.20910752
369.36936937 0.08293468 0.21950588
370.37037037 0.07953102 0.20884794
371.37137137 0.07981096 0.20977278
372.37237237 0.07735370 0.20459831
373.37337337 0.07538175 0.20226150
374.37437437 0.06904997 0.18834837
375.37537538 0.06729055 0.18549308
376.37637638 0.06692704 0.18405702
377.37737738 0.06741475 0.18563236
378.37837838 0.06951887 0.19101412
379.37937938 0.07081188 0.19256139
380.38038038 0.06863181 0.18779343
381.38138138 0.06843901 0.18958471
382.38238238 0.06847156 0.18709217
383.38338338 0.07172158 0.19478688
384.38438438 0.06978887 0.19058738
385.38538539 0.07121680 0.19371186
386.38638639 0.07367889 0.19815098
387.38738739 0.07392328 0.19692542
388.38838839 0.07927313 0.20942052
389.38938939 0.07713100 0.20748789
390.39039039 0.07417127 0.20221149
391.39139139 0.07446880 0.20219383
392.39239239 0.07206839 0.19631130
393.39339339 0.07595596 0.20448886
394.39439439 0.07598673 0.20668980
395.39539540 0.07153048 0.19535519
396.39639640 0.07412189 0.20159192
397.39739740 0.07256461 0.19605846
398.39839840 0.07355583 0.19967191
399.39939940 0.07791993 0.20788532
400.40040040 0.07946759 0.20779383
401.40140140 0.07872941 0.20521307
402.40240240 0.08193826 0.21334207
403.40340340 0.07881316 0.20669272
404.40440440 0.07715419 0.20408221
405.40540541 0.07295900 0.19299818
406.40640641 0.06882794 0.18394075
407.40740741 0.07287744 0.19216636
408.40840841 0.07769474 0.20311447
409.40940941 0.07745258 0.20471244
410.41041041 0.07406215 0.19786048
411.41141141 0.07369861 0.19826427
412.41241241 0.07334294 0.19817089
413.41341341 0.07390711 0.19873634
414.41441441 0.07162603 0.19335774
415.41541542 0.07041728 0.19021346
416.41641642 0.06770022 0.18406571
417.41741742 0.06761654 0.18513690
418.41841842 0.06427556 0.17756274
419.41941942 0.06267503 0.17138533
420.42042042 0.06164429 0.16907948
421.42142142 0.05985546 0.16597788
422.42242242 0.05925477 0.16463964
423.42342342 0.06432172 0.18076152
424.42442442 0.06101083 0.17347482
425.42542543 0.06081674 0.17435555
426.42642643 0.05841336 0.16558274
427.42742743 0.06088538 0.17438745
428.42842843 0.06540526 0.18557123
429.42942943 0.06483203 0.18528995
430.43043043 0.06678389 0.18762203
431.43143143 0.06405369 0.18255850
432.43243243 0.06793841 0.19208923
433.43343343 0.06584990 0.18893823
434.43443443 0.06588551 0.18858027
435.43543544 0.06483692 0.18400710
436.43643644 0.06529575 0.18389203
437.43743744 0.06801396 0.18918131
438.43843844 0.06855025 0.19306208
439.43943944 0.06516268 0.18477079
440.44044044 0.06276910 0.18036757
441.44144144 0.06117427 0.17565851
442.44244244 0.06137388 0.17686139
443.44344344 0.06796177 0.19413330
444.44444444 0.06779706 0.19449152
445.44544545 0.07123114 0.20047612
446.44644645 0.07031604 0.19889776
447.44744745 0.06837509 0.19402680
448.44844845 0.07258479 0.20245519
449.44944945 0.06976107 0.19362543
450.45045045 0.07232129 0.19884277
451.45145145 0.06825172 0.18811317
452.45245245 0.07033748 0.19209272
453.45345345 0.07217501 0.19771272
454.45445445 0.06938956 0.19221626
455.45545546 0.07267290 0.19937674
456.45645646 0.07203179 0.19724999
457.45745746 0.07189761 0.19671104
458.45845846 0.06783659 0.18597904
459.45945946 0.06958881 0.18948563
460.46046046 0.07094151 0.19346595
461.46146146 0.07037670 0.19155543
462.46246246 0.07023396 0.19327705
463.46346346 0.07270727 0.19631859
464.46446446 0.07129777 0.19219383
465.46546547 0.07010268 0.18829026
466.46646647 0.06894472 0.18504448
467.46746747 0.06940804 0.18396002
468.46846847 0.06627992 0.17754361
469.46946947 0.06678942 0.18017838
470.47047047 0.07033816 0.18848792
471.47147147 0.06752217 0.18094401
472.47247247 0.06944826 0.18667492
473.47347347 0.06780130 0.18408750
474.47447447 0.06823394 0.18367733
475.47547548 0.06974049 0.18914017
476.47647648 0.06946018 0.18952011
477.47747748 0.06992664 0.19149576
478.47847848 0.07136506 0.19444455
479.47947948 0.06941332 0.18998752
480.48048048 0.06928309 0.19116284
481.48148148 0.06681105 0.18624665
482.48248248 0.06644016 0.18547159
483.48348348 0.06400550 0.18113804
484.48448448 0.06133878 0.17138407
485.48548549 0.05915619 0.16903708
486.48648649 0.05832698 0.16725301
487.48748749 0.06069621 0.17384954
488.48848849 0.05819400 0.16557051
489.48948949 0.05842885 0.16382599
490.49049049 0.06591017 0.18581741
491.49149149 0.06857430 0.19208851
492.49249249 0.06660101 0.18762443
493.49349349 0.06668803 0.18940845
494.49449449 0.06970582 0.19532991
495.49549550 0.06683989 0.18817811
496.49649650 0.06696734 0.19016280
497.49749750 0.06574327 0.18766670
498.49849850 0.06450829 0.18489330
499.49949950 0.06052568 0.17204571
500.50050050 0.06068500 0.17370039
501.50150150 0.06186075 0.17678741
502.50250250 0.06323150 0.18108267
503.50350350 0.06616621 0.18686365
504.50450450 0.06571722 0.18686114
505.50550551 0.07087108 0.19869696
506.50650651 0.07053179 0.19662931
507.50750751 0.07251748 0.20210022
508.50850851 0.07421893 0.20759653
509.50950951 0.07428696 0.20573039
510.51051051 0.07583207 0.20859738
511.51151151 0.07343192 0.20296498
512.51251251 0.07405066 0.20641071
513.51351351 0.07404405 0.20828790
514.51451451 0.07602401 0.21245863
515.51551552 0.07826551 0.21919941
516.51651652 0.07920334 0.22303789
517.51751752 0.07521638 0.21258935
518.51851852 0.06868250 0.19529978
519.51951952 0.06733676 0.19255207
520.52052052 0.07135043 0.20094807
521.52152152 0.07335076 0.20671001
522.52252252 0.07194427 0.20371510
523.52352352 0.07057506 0.20116258
524.52452452 0.07267021 0.20403867
525.52552553 0.07088081 0.20080808
526.52652653 0.07210144 0.20021701
527.52752753 0.07189285 0.19897156
528.52852853 0.07186766 0.19887163
529.52952953 0.07281417 0.20101971
530.53053053 0.07198326 0.20146667
531.53153153 0.06724737 0.19048967
532.53253253 0.06576212 0.18674998
533.53353353 0.06601719 0.18554968
534.53453453 0.06250167 0.17799528
535.53553554 0.06549285 0.18599771
536.53653654 0.06887263 0.19536047
537.53753754 0.06647014 0.18883821
538.53853854 0.06752071 0.19629686
539.53953954 0.06739234 0.19437392
540.54054054 0.06926943 0.19701039
541.54154154 0.06842648 0.19456016
542.54254254 0.07350487 0.20579650
543.54354354 0.07111749 0.20025661
544.54454454 0.07155705 0.20327778
545.54554555 0.06889096 0.19689648
546.54654655 0.06854016 0.19541670
547.54754755 0.06391002 0.18492626
548.54854855 0.06346588 0.18297662
549.54954955 0.06522856 0.18796936
550.55055055 0.06293048 0.18072726
551.55155155 0.06400184 0.18120986
552.55255255 0.06653631 0.18879647
553.55355355 0.06959601 0.19515099
554.55455455 0.06955015 0.19508719
555.55555556 0.07599582 0.20791183
556.55655656 0.07160525 0.19734018
557.55755756 0.07210814 0.19778348
558.55855856 0.07099664 0.19777881
559.55955956 0.07504247 0.20805711
560.56056056 0.07545290 0.20571806
561.56156156 0.07136494 0.19627387
562.56256256 0.07051063 0.19533493
563.56356356 0.07064243 0.19585085
564.56456456 0.06876485 0.19093824
565.56556557 0.06456541 0.18063856
566.56656657 0.06834114 0.18625677
567.56756757 0.06946411 0.18749348
568.56856857 0.06687964 0.18213540
569.56956957 0.06689393 0.18388506
570.57057057 0.06609224 0.18152511
571.57157157 0.06834538 0.18720516
572.57257257 0.06683422 0.18462432
573.57357357 0.06768694 0.18772212
574.57457457 0.06551808 0.18577752
575.57557558 0.06548382 0.18350325
576.57657658 0.06661495 0.18518720
577.57757758 0.06572618 0.18163789
578.57857858 0.07077383 0.19125251
579.57957958 0.07029496 0.19269232
580.58058058 0.06707105 0.18686403
581.58158158 0.06956332 0.18989087
582.58258258 0.06719721 0.18220067
583.58358358 0.07014653 0.19048121
584.58458458 0.07018216 0.19155202
585.58558559 0.06754162 0.18703368
586.58658659 0.06843135 0.18717292
587.58758759 0.06535716 0.18011652
588.58858859 0.06511739 0.17897924
589.58958959 0.06313162 0.17658111
590.59059059 0.06566412 0.18053399
591.59159159 0.06905650 0.19199016
592.59259259 0.07041723 0.19444782
593.59359359 0.07221877 0.19773865
594.59459459 0.07336732 0.20147238
595.59559560 0.07930579 0.21382383
596.59659660 0.08444660 0.22550915
597.59759760 0.08964558 0.23523356
598.59859860 0.08603620 0.22808052
599.59959960 0.08784570 0.23482225
600.60060060 0.08696245 0.23474552
601.60160160 0.08822393 0.23713326
602.60260260 0.08326562 0.22581383
603.60360360 0.08067179 0.22048183
604.60460460 0.08011915 0.21769705
605.60560561 0.08039843 0.21639575
606.60660661 0.07946176 0.21519462
607.60760761 0.08041828 0.21606684
608.60860861 0.07331042 0.19716645
609.60960961 0.07416824 0.20002660
610.61061061 0.07460486 0.19987955
611.61161161 0.07233975 0.19383074
612.61261261 0.07098981 0.19070146
613.61361361 0.06856726 0.18266469
614.61461461 0.07392898 0.19309500
615.61561562 0.07409487 0.19599272
616.61661662 0.07066845 0.18945428
617.61761762 0.07198865 0.19329113
618.61861862 0.07181780 0.19181594
619.61961962 0.06853626 0.18499352
620.62062062 0.07049758 0.18991873
621.62162162 0.07011432 0.19056683
622.62262262 0.07267784 0.19505869
623.62362362 0.06863208 0.18590505
624.62462462 0.06924559 0.18863361
625.62562563 0.06938449 0.19039572
626.62662663 0.06720981 0.18793471
627.62762763 0.06538003 0.18480041
628.62862863 0.06628877 0.18792334
629.62962963 0.06894343 0.19445333
630.63063063 0.07414567 0.20630330
631.63163163 0.07180515 0.19852387
632.63263263 0.07393541 0.20381045
633.63363363 0.07203413 0.19513628
634.63463463 0.07501999 0.19990749
635.63563564 0.07901165 0.20986905
636.63663664 0.07644375 0.20439471
637.63763764 0.07841206 0.20746940
638.63863864 0.07981073 0.20712619
639.63963964 0.08717794 0.23376006
640.64064064 0.08682516 0.23166758
641.64164164 0.08668226 0.23016446
642.64264264 0.08815172 0.23353540
643.64364364 0.08510013 0.22542775
644.64464464 0.08565517 0.22552221
645.64564565 0.08452038 0.22124604
646.64664665 0.08624013 0.22464057
647.64764765 0.08420652 0.22080395
648.64864865 0.08177181 0.21435345
649.64964965 0.08563079 0.22103138
650.65065065 0.08830689 0.22718126
651.65165165 0.08663192 0.22584432
652.65265265 0.08469633 0.22129910
653.65365365 0.08336191 0.21821593
654.65465465 0.07760151 0.21183840
655.65565566 0.07568815 0.20823706
656.65665666 0.07646047 0.20828914
657.65765766 0.07776661 0.21504786
658.65865866 0.08159656 0.21930116
659.65965966 0.08150566 0.21870043
660.66066066 0.07841519 0.21846030
661.66166166 0.07920575 0.22352003
662.66266266 0.07560576 0.21270922
663.66366366 0.07421227 0.20366823
664.66466466 0.07322934 0.20440317
665.66566567 0.07412563 0.20400081
666.66666667 0.07715125 0.21075503
667.66766767 0.07709317 0.20964253
668.66866867 0.07452170 0.19971625
669.66966967 0.07720754 0.20431607
670.67067067 0.07710242 0.20231042
671.67167167 0.07619732 0.20207748
672.67267267 0.07435949 0.19907476
673.67367367 0.07530871 0.20021935
674.67467467 0.07544716 0.20318469
675.67567568 0.07457115 0.19983409
676.67667668 0.07112075 0.19253044
677.67767768 0.06948054 0.18853907
678.67867868 0.06670553 0.18264991
679.67967968 0.06798439 0.18691894
680.68068068 0.06870842 0.18781508
681.68168168 0.06836845 0.18612552
682.68268268 0.06913396 0.19143672
683.68368368 0.06941125 0.19487672
684.68468468 0.06812389 0.19245034
685.68568569 0.06830545 0.19353132
686.68668669 0.06371745 0.18184366
687.68768769 0.06692203 0.19541834
688.68868869 0.06812789 0.19690385
689.68968969 0.06757773 0.19595971
690.69069069 0.06737211 0.19689423
691.69169169 0.06906500 0.20131879
692.69269269 0.07341662 0.21015967
693.69369369 0.06975458 0.20115121
694.69469469 0.06961457 0.19750526
695.69569570 0.06834207 0.19742684
696.69669670 0.06542397 0.19129220
697.69769770 0.06396815 0.18714124
698.69869870 0.06853920 0.19809808
699.69969970 0.06643388 0.18961479
700.70070070 0.06363054 0.18434071
701.70170170 0.06709825 0.19161084
702.70270270 0.06806723 0.19346844
703.70370370 0.06771826 0.19146824
704.70470470 0.07208716 0.19793148
705.70570571 0.07328097 0.19928485
706.70670671 0.07099726 0.19638268
707.70770771 0.07363664 0.20343987
708.70870871 0.07084289 0.19854893
709.70970971 0.06930898 0.19523830
710.71071071 0.06795075 0.19288024
711.71171171 0.06775610 0.19098480
712.71271271 0.07465496 0.20312438
713.71371371 0.07281527 0.20033075
714.71471471 0.07096883 0.19547476
715.71571572 0.06784161 0.18839860
716.71671672 0.06967987 0.19268167
717.71771772 0.07058816 0.19445573
718.71871872 0.06549158 0.18113095
719.71971972 0.06761023 0.18535956
720.72072072 0.06265372 0.17316033
721.72172172 0.06122453 0.17015622
722.72272272 0.06310746 0.17612646
723.72372372 0.06204581 0.17517474
724.72472472 0.06557815 0.18214736
725.72572573 0.06161065 0.17414410
726.72672673 0.06189653 0.17585191
727.72772773 0.06071378 0.17137863
728.72872873 0.06084445 0.17248371
729.72972973 0.06352326 0.18101646
730.73073073 0.06239620 0.17988014
731.73173173 0.06249753 0.18019725
732.73273273 0.06066675 0.17676102
733.73373373 0.05804921 0.17124707
734.73473473 0.05540847 0.16226220
735.73573574 0.05410722 0.15907609
736.73673674 0.05683671 0.16971725
737.73773774 0.05861096 0.17276525
738.73873874 0.05821740 0.17030263
739.73973974 0.05628957 0.16898661
740.74074074 0.06467289 0.19025438
741.74174174 0.06119245 0.18071055
742.74274274 0.06303203 0.18659387
743.74374374 0.05839112 0.17469937
744.74474474 0.05876381 0.17569584
745.74574575 0.05883586 0.17574737
746.74674675 0.06537052 0.19258589
747.74774775 0.06864552 0.19875213
748.74874875 0.06643354 0.19499603
749.74974975 0.06819520 0.20003635
750.75075075 0.06972467 0.20526016
751.75175175 0.07025855 0.20629370
752.75275275 0.07449643 0.21366713
753.75375375 0.07630501 0.21742304
754.75475475 0.07929030 0.22149975
755.75575576 0.08269557 0.22499139
756.75675676 0.08745266 0.23350952
757.75775776 0.08709261 0.23175950
758.75875876 0.08460790 0.22482693
759.75975976 0.08154649 0.21913714
760.76076076 0.07884810 0.21257841
761.76176176 0.07706715 0.20945997
762.76276276 0.07946716 0.21421130
763.76376376 0.08212899 0.21853013
764.76476476 0.08546993 0.22328416
765.76576577 0.08204131 0.21568165
766.76676677 0.08114121 0.21243843
767.76776777 0.07915860 0.20946482
768.76876877 0.07571391 0.20312827
769.76976977 0.07547302 0.20171479
770.77077077 0.07495152 0.20111712
771.77177177 0.07255452 0.19381761
772.77277277 0.07374512 0.19606132
773.77377377 0.07341755 0.19880459
774.77477477 0.07425559 0.20339978
775.77577578 0.07223383 0.19705120
776.77677678 0.06754894 0.18601405
777.77777778 0.06671054 0.18513873
778.77877878 0.06184605 0.17155562
779.77977978 0.06020688 0.16950784
780.78078078 0.05845705 0.16751218
781.78178178 0.06911850 0.19326395
782.78278278 0.06887001 0.19175450
783.78378378 0.06897291 0.19300652
784.78478478 0.06720896 0.18792419
785.78578579 0.06712858 0.18795100
786.78678679 0.06744664 0.18992209
787.78778779 0.06853600 0.19291402
788.78878879 0.06691926 0.18853009
789.78978979 0.06966185 0.19339352
790.79079079 0.06725479 0.18947686
791.79179179 0.06723647 0.19023739
792.79279279 0.06047727 0.17202819
793.79379379 0.06613536 0.19040277
794.79479479 0.06532105 0.18974266
795.79579580 0.06573054 0.18965582
796.79679680 0.07079991 0.19939337
797.79779780 0.06699063 0.19339554
798.79879880 0.06796195 0.19549500
799.79979980 0.06640898 0.19147224
800.80080080 0.06639534 0.19174412
801.80180180 0.06630534 0.18809130
802.80280280 0.06214704 0.17810588
803.80380380 0.06144703 0.17934956
804.80480480 0.06139822 0.17701360
805.80580581 0.06466025 0.18407293
806.80680681 0.06869148 0.19191123
807.80780781 0.07384415 0.19851131
808.80880881 0.07110995 0.19187374
809.80980981 0.06939730 0.19033189
810.81081081 0.07258555 0.20002022
811.81181181 0.07595969 0.20727713
812.81281281 0.07706524 0.20944673
813.81381381 0.08050258 0.21850305
814.81481481 0.08086301 0.22002370
815.81581582 0.07789617 0.21451794
816.81681682 0.07832768 0.21404886
817.81781782 0.07757282 0.21027573
818.81881882 0.07577406 0.20695776
819.81981982 0.08236453 0.21514883
820.82082082 0.08285472 0.22140791
821.82182182 0.08054070 0.21514348
822.82282282 0.07807750 0.20819053
823.82382382 0.08212902 0.21847503
824.82482482 0.08305036 0.22295475
825.82582583 0.08197968 0.22078650
826.82682683 0.08034998 0.21860583
827.82782783 0.07614165 0.20841044
828.82882883 0.07640106 0.21071184
829.82982983 0.07296385 0.20360700
830.83083083 0.07942526 0.21436178
831.83183183 0.07933441 0.21240267
832.83283283 0.07845269 0.21016574
833.83383383 0.07935953 0.21514527
834.83483483 0.07609899 0.20908434
835.83583584 0.07607761 0.21021404
836.83683684 0.07739079 0.21145919
837.83783784 0.07471244 0.20664562
838.83883884 0.07369765 0.20387712
839.83983984 0.07954531 0.21416461
840.84084084 0.07662456 0.20806961
841.84184184 0.07890883 0.21340234
842.84284284 0.07354219 0.19829607
843.84384384 0.07616844 0.20229614
844.84484484 0.07539182 0.20248403
845.84584585 0.07174063 0.19302250
846.84684685 0.07287544 0.19721273
847.84784785 0.07300522 0.20451815
848.84884885 0.07756819 0.21605593
849.84984985 0.07679736 0.21224567
850.85085085 0.07370848 0.20233638
851.85185185 0.07141387 0.19521220
852.85285285 0.07101963 0.19336553
853.85385385 0.06877114 0.19009340
854.85485485 0.06321353 0.17637407
855.85585586 0.06420857 0.17764560
856.85685686 0.06127379 0.17103738
857.85785786 0.05936462 0.16837228
858.85885886 0.06106099 0.17206491
859.85985986 0.06386670 0.18067506
860.86086086 0.06557766 0.18363121
861.86186186 0.06211520 0.17517581
862.86286286 0.06383630 0.17787348
863.86386386 0.06746143 0.18813101
864.86486486 0.07194249 0.19729852
865.86586587 0.06996016 0.19459836
866.86686687 0.07057375 0.19777110
867.86786787 0.07393969 0.20346743
868.86886887 0.07551927 0.20664207
869.86986987 0.07713241 0.21212184
870.87087087 0.07876919 0.21623800
871.87187187 0.07936781 0.21530423
872.87287287 0.07726060 0.21133426
873.87387387 0.07972685 0.21693744
874.87487487 0.07733980 0.21274183
875.87587588 0.07575659 0.21059448
876.87687688 0.07929494 0.21878246
877.87787788 0.08287150 0.22591546
878.87887888 0.08537886 0.22913817
879.87987988 0.08491872 0.22805841
880.88088088 0.08595654 0.22774540
881.88188188 0.09306904 0.24035937
882.88288288 0.09210509 0.23625985
883.88388388 0.08878903 0.22910210
884.88488488 0.08724440 0.22658794
885.88588589 0.08623258 0.22075528
886.88688689 0.08504361 0.21901841
887.88788789 0.08488472 0.21946313
888.88888889 0.08654156 0.22199093
889.88988989 0.08778960 0.22146753
890.89089089 0.08516441 0.21725736
891.89189189 0.08753764 0.22476837
892.89289289 0.08792394 0.22465741
893.89389389 0.08267693 0.21443049
894.89489489 0.08842169 0.23218521
895.89589590 0.08252538 0.21480254
896.89689690 0.08018009 0.20908922
897.89789790 0.08214877 0.21234939
898.89889890 0.08091669 0.20893583
899.89989990 0.07983624 0.20549276
900.90090090 0.08038460 0.20331651
901.90190190 0.07818427 0.19791737
902.90290290 0.07688790 0.19665684
903.90390390 0.07269549 0.18933575
904.90490490 0.06981970 0.18012812
905.90590591 0.06597214 0.17403313
906.90690691 0.06744345 0.17994456
907.90790791 0.06440532 0.17617197
908.90890891 0.06316346 0.17498831
909.90990991 0.06612969 0.18607703
910.91091091 0.06864633 0.18898148
911.91191191 0.07344345 0.19988597
912.91291291 0.07225241 0.19640369
913.91391391 0.06906711 0.18486143
914.91491491 0.06551014 0.17783712
915.91591592 0.07305087 0.19445446
916.91691692 0.07168472 0.19333836
917.91791792 0.07050318 0.19762419
918.91891892 0.07091590 0.19896556
919.91991992 0.07372178 0.20416348
920.92092092 0.07620737 0.21031012
921.92192192 0.07701113 0.21219251
922.92292292 0.07892646 0.21427551
923.92392392 0.07803108 0.21182005
924.92492492 0.07726640 0.20779931
925.92592593 0.07391114 0.19986742
926.92692693 0.07189587 0.19753889
927.92792793 0.07143476 0.19581691
928.92892893 0.07309894 0.19833367
929.92992993 0.06795878 0.18584947
930.93093093 0.07093691 0.19450100
931.93193193 0.07360735 0.19910789
932.93293293 0.07086343 0.19261904
933.93393393 0.07011718 0.19032196
934.93493493 0.07348605 0.19589884
935.93593594 0.07014311 0.18943237
936.93693694 0.07155016 0.19391972
937.93793794 0.07387924 0.19796553
938.93893894 0.07403405 0.19992996
939.93993994 0.07387026 0.20103018
940.94094094 0.07773723 0.20901473
941.94194194 0.08008579 0.21116638
942.94294294 0.08174812 0.21560650
943.94394394 0.08212676 0.21595360
944.94494494 0.07882365 0.20866083
945.94594595 0.07817790 0.20769075
946.94694695 0.08103646 0.21174485
947.94794795 0.08965172 0.22667873
948.94894895 0.08537155 0.21905482
949.94994995 0.08427587 0.21618799
950.95095095 0.08623907 0.22065950
951.95195195 0.08100458 0.21028842
952.95295295 0.07809226 0.20414517
953.95395395 0.08284366 0.21534183
954.95495495 0.07906915 0.20737706
955.95595596 0.07843814 0.20383178
956.95695696 0.07352835 0.19272014
957.95795796 0.07151050 0.18889492
958.95895896 0.06862174 0.18315203
959.95995996 0.06927288 0.18183923
960.96096096 0.07047779 0.18416349
961.96196196 0.06853410 0.18057334
962.96296296 0.06996658 0.19031690
963.96396396 0.07063351 0.18927703
964.96496496 0.07474380 0.20027838
965.96596597 0.07536797 0.20585364
966.96696697 0.07281353 0.19935572
967.96796797 0.07488122 0.20280284
968.96896897 0.07210634 0.19448488
969.96996997 0.07887565 0.20818069
970.97097097 0.07759510 0.20306167
971.97197197 0.07477454 0.19784942
972.97297297 0.07111477 0.18859079
973.97397397 0.06677750 0.17672879
974.97497497 0.06915671 0.18711513
975.97597598 0.06863887 0.18406602
976.97697698 0.06594306 0.17719310
977.97797798 0.06896508 0.18569375
978.97897898 0.06625190 0.17985633
979.97997998 0.06170950 0.16758808
980.98098098 0.06758733 0.18879232
981.98198198 0.06898984 0.19065547
982.98298298 0.06775403 0.19005618
983.98398398 0.06690893 0.18542960
984.98498498 0.06807568 0.19092587
985.98598599 0.06723662 0.18633040
986.98698699 0.06721714 0.18657990
987.98798799 0.06304702 0.17528805
988.98898899 0.06330414 0.17724496
989.98998999 0.06668783 0.18251828
990.99099099 0.06483281 0.17880825
991.99199199 0.06692699 0.18433172
992.99299299 0.07087206 0.19428581
993.99399399 0.07823418 0.20805954
994.99499499 0.07461140 0.20013014
995.99599600 0.07899991 0.20893103
996.99699700 0.07876302 0.20901546
997.99799800 0.07526511 0.20199792
998.99899900 0.07935843 0.20983675
1000.00000000 0.07733420 0.20502224
