0.00000000 1.00000000 0.00000006
1.00100100 1.00124237 0.07789318
2.00200200 0.97706849 0.12449150
3.00300300 0.94400119 0.17014691
4.00400400 0.91112528 0.21340930
5.00500501 0.88473986 0.23903472
6.00600601 0.85308946 0.26059844
7.00700701 0.80867191 0.29109047
8.00800801 0.78237971 0.29922791
9.00900901 0.74202799 0.31121112
10.01001001 0.71546329 0.32268619
11.01101101 0.69482471 0.32533312
12.01201201 0.66551786 0.32921884
13.01301301 0.64197204 0.33233659
14.01401401 0.62055742 0.33586391
15.01501502 0.58404704 0.33642282
16.01601602 0.55628816 0.33559914
17.01701702 0.52227151 0.33461196
18.01801802 0.49491312 0.33028263
19.01901902 0.47474595 0.32551752
20.02002002 0.45160078 0.31906511
21.02102102 0.43392671 0.31764312
22.02202202 0.42279479 0.31660540
23.02302302 0.40400979 0.31243726
24.02402402 0.38485105 0.30597651
25.02502503 0.36707416 0.29944394
26.02602603 0.35705442 0.30798249
27.02702703 0.34087946 0.30364292
28.02802803 0.32824685 0.29890467
29.02902903 0.32211818 0.29832131
30.03003003 0.31030042 0.29445858
31.03103103 0.29966663 0.28878089
32.03203203 0.29283945 0.28610823
33.03303303 0.27743661 0.27692060
34.03403403 0.26577569 0.26627291
35.03503504 0.25442733 0.26096848
36.03603604 0.24733095 0.26304756
37.03703704 0.23977400 0.26117711
38.03803804 0.22360531 0.24795605
39.03903904 0.21540413 0.24271513
40.04004004 0.20748927 0.23788055
41.04104104 0.19837498 0.23138429
42.04204204 0.18846246 0.22023715
43.04304304 0.17930659 0.21271245
44.04404404 0.17505496 0.21698563
45.04504505 0.17075291 0.21909327
46.04604605 0.16382042 0.20872567
47.04704705 0.15877043 0.20482685
48.04804805 0.15329544 0.20017697
49.04904905 0.14801362 0.19691914
50.05005005 0.14631947 0.19698546
51.05105105 0.14174684 0.19305319
52.05205205 0.13712998 0.18697052
53.05305305 0.13297830 0.18370882
54.05405405 0.12862583 0.17873458
55.05505506 0.12563937 0.17986005
56.05605606 0.12094706 0.17395609
57.05705706 0.12055313 0.18199213
58.05805806 0.11592418 0.17738290
59.05905906 0.11120529 0.16956840
60.06006006 0.10714057 0.16404195
61.06106106 0.10505369 0.16645490
62.06206206 0.10204803 0.16105712
63.06306306 0.10119034 0.15889389
64.06406406 0.10055556 0.16149940
65.06506507 0.09956719 0.16136763
66.06606607 0.09762833 0.15916787
67.06706707 0.09486745 0.15791108
68.06806807 0.09575842 0.16146108
69.06906907 0.09314224 0.15855127
70.07007007 0.09391298 0.16565737
71.07107107 0.09069541 0.16420194
72.07207207 0.09178944 0.16655253
73.07307307 0.09064851 0.16851147
74.07407407 0.08815565 0.16542509
75.07507508 0.08616265 0.16231664
76.07607608 0.08520261 0.15991784
77.07707708 0.08382812 0.16334511
78.07807808 0.08282091 0.16046096
79.07907908 0.08048884 0.15880756
80.08008008 0.07698863 0.15129290
81.08108108 0.07574340 0.15104976
82.08208208 0.07349415 0.14926489
83.08308308 0.07249819 0.14637725
84.08408408 0.07665676 0.15844153
85.08508509 0.07672506 0.16014216
86.08608609 0.07652939 0.16179689
87.08708709 0.07374523 0.15584523
88.08808809 0.07286011 0.15484008
89.08908909 0.07037316 0.15040776
90.09009009 0.07429379 0.16198692
91.09109109 0.07441004 0.16025973
92.09209209 0.07134044 0.15186193
93.09309309 0.07407207 0.16119152
94.09409409 0.07116021 0.15523568
95.09509510 0.06838830 0.15160075
96.09609610 0.06751468 0.14727278
97.09709710 0.07050456 0.15634763
98.09809810 0.07025123 0.15677767
99.09909910 0.07225841 0.16148160
100.10010010 0.07812054 0.17635478
101.10110110 0.07629819 0.17556440
102.10210210 0.07481892 0.17157115
103.10310310 0.07822698 0.17815287
104.10410410 0.07941356 0.18337593
105.10510511 0.07769018 0.18425746
106.10610611 0.07593249 0.18376176
107.10710711 0.07473832 0.18008366
108.10810811 0.07161802 0.17140762
109.10910911 0.07040275 0.16603579
110.11011011 0.06702703 0.15975125
111.11111111 0.06769205 0.16002316
112.11211211 0.06435143 0.15157073
113.11311311 0.06670451 0.15771157
114.11411411 0.06424870 0.15079372
115.11511512 0.06456750 0.15311164
116.11611612 0.06325660 0.14965089
117.11711712 0.06100534 0.14456537
118.11811812 0.06115261 0.14832748
119.11911912 0.05993836 0.15107162
120.12012012 0.05985339 0.15555248
121.12112112 0.05809672 0.15570249
122.12212212 0.06059948 0.16284141
123.12312312 0.06598746 0.17555882
124.12412412 0.06524972 0.17515987
125.12512513 0.06949268 0.18407164
126.12612613 0.07447313 0.20428205
127.12712713 0.07576648 0.20845770
128.12812813 0.07696471 0.21204605
129.12912913 0.07541580 0.20662560
130.13013013 0.07334317 0.20168408
131.13113113 0.06941716 0.18998765
132.13213213 0.06705569 0.18359663
133.13313313 0.06304153 0.17468408
134.13413413 0.06530861 0.18226967
135.13513514 0.06580899 0.18643411
136.13613614 0.06275629 0.17872106
137.13713714 0.05961436 0.17144156
138.13813814 0.05800783 0.16622074
139.13913914 0.05836902 0.16297284
140.14014014 0.05856455 0.16406223
141.14114114 0.05335052 0.14303629
142.14214214 0.05570169 0.15216571
143.14314314 0.05513520 0.15049971
144.14414414 0.05678146 0.15698787
145.14514515 0.06270309 0.17065746
146.14614615 0.06085290 0.16815186
147.14714715 0.06056223 0.16847648
148.14814815 0.06165502 0.17190338
149.14914915 0.05990884 0.16911698
150.15015015 0.05812900 0.16565319
151.15115115 0.05676081 0.16444288
152.15215215 0.05340023 0.15833950
153.15315315 0.05527535 0.16232299
154.15415415 0.05730175 0.16866887
155.15515516 0.05619744 0.16139438
156.15615616 0.05650164 0.16434473
157.15715716 0.06277025 0.17697409
158.15815816 0.06408031 0.18187539
159.15915916 0.06196569 0.17631909
160.16016016 0.06515739 0.18429032
161.16116116 0.06343442 0.17807053
162.16216216 0.06161807 0.17281728
163.16316316 0.06130952 0.17397436
164.16416416 0.05817222 0.16064839
165.16516517 0.06104747 0.16385077
166.16616617 0.06370340 0.17100270
167.16716717 0.06267724 0.17030421
168.16816817 0.06033129 0.16428140
169.16916917 0.05894181 0.16106253
170.17017017 0.05937623 0.16797127
171.17117117 0.05813618 0.16626161
172.17217217 0.06306992 0.17872006
173.17317317 0.06364271 0.17820142
174.17417417 0.06219367 0.17119481
175.17517518 0.05969194 0.16550300
176.17617618 0.06190915 0.16740337
177.17717718 0.06518814 0.17476983
178.17817818 0.06331630 0.17114447
179.17917918 0.06181607 0.16860063
180.18018018 0.05868546 0.15942405
181.18118118 0.05821981 0.15878715
182.18218218 0.05741955 0.15445576
183.18318318 0.05460006 0.14835372
184.18418418 0.05490556 0.15051004
185.18518519 0.05729745 0.15988979
186.18618619 0.05632469 0.15980843
187.18718719 0.05910928 0.16726468
188.18818819 0.06054180 0.16833469
189.18918919 0.06236714 0.17473976
190.19019019 0.06418900 0.17484184
191.19119119 0.06399280 0.17405298
192.19219219 0.06252702 0.17047971
193.19319319 0.06542323 0.17429927
194.19419419 0.06882856 0.18211657
195.19519520 0.06770342 0.18003162
196.19619620 0.07024583 0.18473700
197.19719720 0.06801009 0.18079335
198.19819820 0.06894690 0.18625992
199.19919920 0.06668380 0.18094055
200.20020020 0.06989601 0.18922849
201.20120120 0.07071621 0.19030356
202.20220220 0.06979709 0.18462556
203.20320320 0.07198001 0.18838394
204.20420420 0.06997263 0.18350301
205.20520521 0.06981462 0.18267810
206.20620621 0.06583619 0.17127466
207.20720721 0.06636691 0.17302099
208.20820821 0.07079224 0.18630447
209.20920921 0.07295344 0.19233918
210.21021021 0.07218995 0.18945432
211.21121121 0.07734114 0.19924738
212.21221221 0.07921492 0.20285173
213.21321321 0.07847999 0.20195576
214.21421421 0.07784073 0.20146834
215.21521522 0.07833288 0.20276758
216.21621622 0.07472130 0.19315868
217.21721722 0.07749912 0.20037985
218.21821822 0.07810308 0.20346392
219.21921922 0.07839911 0.20625860
220.22022022 0.07926918 0.20793775
221.22122122 0.07270051 0.19073214
222.22222222 0.07052147 0.18549330
223.22322322 0.07225412 0.18950438
224.22422422 0.07070210 0.18625483
225.22522523 0.07198985 0.18789902
226.22622623 0.07124433 0.18796811
227.22722723 0.06890811 0.18241985
228.22822823 0.07021416 0.18534092
229.22922923 0.06978090 0.18461464
230.23023023 0.06770104 0.18075911
231.23123123 0.06742112 0.18096870
232.23223223 0.07071777 0.18996632
233.23323323 0.07008136 0.18901769
234.23423423 0.06672346 0.18054066
235.23523524 0.06567553 0.17962024
236.23623624 0.06606495 0.18125765
237.23723724 0.06669537 0.18283983
238.23823824 0.06598864 0.18189887
239.23923924 0.06310603 0.17187084
240.24024024 0.06225052 0.17158976
241.24124124 0.06375640 0.17498435
242.24224224 0.06301051 0.17082811
243.24324324 0.06262710 0.17060111
244.24424424 0.07056715 0.19075146
245.24524525 0.06879185 0.19050242
246.24624625 0.06929052 0.19187411
247.24724725 0.06686482 0.18552308
248.24824825 0.06775962 0.18845350
249.24924925 0.06745039 0.18624082
250.25025025 0.06818150 0.18465216
251.25125125 0.06724953 0.18475172
252.25225225 0.06756208 0.18532152
253.25325325 0.06476227 0.17820947
254.25425425 0.06854735 0.18813572
255.25525526 0.07241235 0.19768043
256.25625626 0.06674975 0.18566119
257.25725726 0.06578893 0.18005644
258.25825826 0.06603060 0.18170035
259.25925926 0.06288679 0.17393816
260.26026026 0.06145109 0.17184193
261.26126126 0.06403299 0.18001953
262.26226226 0.06650566 0.18579389
263.26326326 0.06961177 0.19333108
264.26426426 0.07115148 0.19604244
265.26526527 0.06801004 0.19141769
266.26626627 0.07291903 0.20379495
267.26726727 0.06946106 0.19601546
268.26826827 0.06810189 0.19520360
269.26926927 0.06987992 0.20014692
270.27027027 0.06982424 0.19967268
271.27127127 0.07032176 0.20236562
272.27227227 0.07436547 0.21010900
273.27327327 0.07686043 0.21339023
274.27427427 0.07718391 0.21466026
275.27527528 0.07996029 0.22148602
276.27627628 0.07512769 0.21311301
277.27727728 0.07578460 0.21290990
278.27827828 0.07161136 0.20347122
279.27927928 0.06537881 0.18709102
280.28028028 0.06596782 0.18867171
281.28128128 0.06542268 0.18737822
282.28228228 0.06564536 0.18837861
283.28328328 0.06536849 0.18944214
284.28428428 0.06440407 0.18896854
285.28528529 0.06359098 0.18840600
286.28628629 0.06954413 0.20278855
287.28728729 0.06927101 0.20140108
288.28828829 0.07258699 0.21145482
289.28928929 0.06766140 0.19958789
290.29029029 0.06814824 0.20158121
291.29129129 0.06816838 0.20191928
292.29229229 0.06898008 0.20443969
293.29329329 0.06844109 0.20197930
294.29429429 0.07034625 0.20483688
295.29529530 0.06887452 0.19931242
296.29629630 0.07210229 0.20620324
297.29729730 0.07075755 0.20109815
298.29829830 0.07069563 0.20248678
299.29929930 0.06865034 0.19407782
300.30030030 0.06849190 0.19092967
301.30130130 0.06853841 0.18833188
302.30230230 0.06524310 0.17830239
303.30330330 0.06574941 0.18136612
304.30430430 0.06560841 0.18249558
305.30530531 0.06215320 0.17507188
306.30630631 0.06275212 0.17402025
307.30730731 0.06193560 0.17298562
308.30830831 0.06167897 0.17040102
309.30930931 0.06101601 0.16936768
310.31031031 0.05931556 0.16473759
311.31131131 0.06254960 0.17164251
312.31231231 0.06031733 0.16634139
313.31331331 0.05986674 0.16768704
314.31431431 0.06084351 0.17134840
315.31531532 0.06359261 0.17779817
316.31631632 0.06350209 0.17432997
317.31731732 0.06869504 0.18709616
318.31831832 0.07069044 0.19178533
319.31931932 0.07320816 0.19921377
320.32032032 0.07305337 0.19901903
321.32132132 0.07294710 0.19866389
322.32232232 0.07561851 0.20400926
323.32332332 0.07514696 0.20256970
324.32432432 0.07561234 0.20430709
325.32532533 0.07110859 0.19408608
326.32632633 0.06787040 0.18712103
327.32732733 0.07173885 0.19686945
328.32832833 0.07318185 0.19865831
329.32932933 0.07252669 0.19684559
330.33033033 0.07574176 0.20605769
331.33133133 0.07532322 0.20560223
332.33233233 0.07014283 0.19394878
333.33333333 0.07286906 0.20044167
334.33433433 0.07485592 0.20959456
335.33533534 0.07523861 0.20774938
336.33633634 0.07999779 0.21581141
337.33733734 0.07642862 0.20730463
338.33833834 0.07584600 0.20049170
339.33933934 0.07291105 0.19539811
340.34034034 0.07083952 0.19145362
341.34134134 0.06857120 0.18627385
342.34234234 0.06597684 0.18171906
343.34334334 0.06163883 0.17085070
344.34434434 0.06656733 0.18296269
345.34534535 0.06386971 0.17667567
346.34634635 0.06158359 0.17103033
347.34734735 0.05972276 0.16632260
348.34834835 0.06570724 0.18306952
349.34934935 0.06382038 0.17970533
350.35035035 0.06302856 0.17921689
351.35135135 0.06293746 0.17708141
352.35235235 0.06565432 0.18628207
353.35335335 0.06872648 0.19451700
354.35435435 0.06916820 0.19532553
355.35535536 0.06787233 0.19086391
356.35635636 0.06901034 0.19453185
357.35735736 0.06570702 0.18239776
358.35835836 0.07236973 0.19804224
359.35935936 0.07119644 0.19561334
360.36036036 0.07146278 0.19770258
361.36136136 0.07265007 0.20068401
362.36236236 0.07774263 0.21131634
363.36336336 0.07841595 0.21235746
364.36436436 0.07926121 0.21447486
365.36536537 0.08425870 0.22306983
366.36636637 0.08112668 0.21586210
367.36736737 0.07908820 0.20844994
368.36836837 0.08420417 0.21769236
369.36936937 0.08215877 0.21432819
370.37037037 0.08146058 0.21089254
371.37137137 0.07893954 0.20642282
372.37237237 0.07953807 0.20829098
373.37337337 0.07644039 0.20120389
374.37437437 0.07633518 0.20048679
375.37537538 0.07104585 0.18708533
376.37637638 0.06837757 0.18054286
377.37737738 0.06699545 0.17497721
378.37837838 0.06903844 0.18132953
379.37937938 0.07166186 0.18665023
380.38038038 0.06783065 0.17776534
381.38138138 0.06882779 0.17972755
382.38238238 0.06828460 0.17932196
383.38338338 0.06700819 0.17646377
384.38438438 0.06596368 0.17678874
385.38538539 0.06331798 0.17016558
386.38638639 0.06330024 0.17052025
387.38738739 0.06448720 0.17669089
388.38838839 0.06907497 0.18903204
389.38938939 0.06649032 0.18586108
390.39039039 0.06736984 0.18972879
391.39139139 0.06704537 0.18741221
392.39239239 0.07131204 0.19773725
393.39339339 0.06914292 0.19330873
394.39439439 0.06660238 0.18973739
395.39539540 0.06610183 0.19073242
396.39639640 0.06629001 0.19046318
397.39739740 0.06864342 0.19393475
398.39839840 0.07156017 0.20136098
399.39939940 0.07323791 0.20236191
400.40040040 0.07263146 0.20525348
401.40140140 0.07289433 0.20501609
402.40240240 0.06951055 0.19514108
403.40340340 0.06837378 0.19314426
404.40440440 0.06581337 0.18615543
405.40540541 0.06782559 0.18954338
406.40640641 0.06498937 0.18268237
407.40740741 0.06131964 0.17378431
408.40840841 0.06228589 0.17508938
409.40940941 0.06089820 0.17126062
410.41041041 0.05867578 0.16697310
411.41141141 0.05702229 0.16487592
412.41241241 0.05988317 0.17531184
413.41341341 0.05725328 0.17032560
414.41441441 0.05513965 0.16589938
415.41541542 0.05730493 0.17032353
416.41641642 0.05724985 0.16799696
417.41741742 0.05835082 0.16818478
418.41841842 0.05749791 0.16506399
419.41941942 0.06030774 0.17363492
420.42042042 0.06458007 0.18314700
421.42142142 0.06571632 0.18645207
422.42242242 0.06419291 0.18544018
423.42342342 0.06676855 0.19148355
424.42442442 0.06375582 0.18426241
425.42542543 0.06499455 0.18731330
426.42642643 0.06995123 0.19712822
427.42742743 0.06752032 0.19247795
428.42842843 0.06825990 0.19265304
429.42942943 0.07145830 0.20098891
430.43043043 0.07197323 0.20032135
431.43143143 0.06997328 0.19708390
432.43243243 0.07024169 0.19747392
433.43343343 0.06663485 0.18842285
434.43443443 0.06732566 0.18742282
435.43543544 0.06589764 0.18500527
436.43643644 0.06324031 0.17802077
437.43743744 0.06381627 0.17997107
438.43843844 0.06554215 0.18400263
439.43943944 0.06320202 0.18021527
440.44044044 0.06082959 0.17532809
441.44144144 0.06315863 0.18229302
442.44244244 0.06755876 0.19400243
443.44344344 0.06784518 0.19432062
444.44444444 0.06450173 0.18460508
445.44544545 0.06550516 0.18860116
446.44644645 0.06486016 0.18820920
447.44744745 0.06338007 0.18828022
448.44844845 0.06295641 0.18842708
449.44944945 0.06132727 0.18427244
450.45045045 0.06396764 0.19138659
451.45145145 0.06544248 0.19449094
452.45245245 0.06545742 0.19533038
453.45345345 0.06380792 0.19231949
454.45445445 0.06449221 0.19387450
455.45545546 0.06681839 0.19788377
456.45645646 0.06380748 0.19129351
457.45745746 0.06492187 0.19560438
458.45845846 0.06517416 0.19539650
459.45945946 0.06809993 0.20036857
460.46046046 0.06548599 0.19432177
461.46146146 0.06141928 0.18570552
462.46246246 0.06394960 0.19029965
463.46346346 0.06117272 0.18434923
464.46446446 0.06299857 0.18846572
465.46546547 0.06341576 0.19012823
466.46646647 0.06114060 0.18454354
467.46746747 0.06121690 0.18642711
468.46846847 0.06005197 0.18383540
469.46946947 0.06155235 0.18465626
470.47047047 0.06318113 0.19025403
471.47147147 0.06631295 0.19634428
472.47247247 0.06780136 0.20020500
473.47347347 0.06737900 0.19413493
474.47447447 0.07098553 0.20029482
475.47547548 0.07178157 0.20448670
476.47647648 0.07263834 0.20445148
477.47747748 0.07924362 0.21689310
478.47847848 0.07585947 0.20829191
479.47947948 0.07818432 0.21491702
480.48048048 0.07663871 0.21061752
481.48148148 0.07492120 0.20477814
482.48248248 0.07754699 0.20929171
483.48348348 0.07846231 0.20887667
484.48448448 0.07641679 0.20436808
485.48548549 0.07666229 0.20452038
486.48648649 0.07587718 0.20261141
487.48748749 0.07544159 0.20295650
488.48848849 0.07488840 0.20125933
489.48948949 0.07498059 0.20266918
490.49049049 0.07458845 0.20030247
491.49149149 0.07306121 0.19652752
492.49249249 0.07145093 0.19301527
493.49349349 0.07262510 0.19547364
494.49449449 0.06919656 0.18675470
495.49549550 0.06771111 0.18298005
496.49649650 0.07252219 0.19581992
497.49749750 0.07742955 0.20552093
498.49849850 0.07992005 0.20958711
499.49949950 0.07755022 0.20399214
500.50050050 0.08377742 0.21827265
501.50150150 0.08037670 0.21291731
502.50250250 0.07960539 0.21299290
503.50350350 0.08427098 0.22027618
504.50450450 0.08132818 0.21379114
505.50550551 0.08075604 0.21394828
506.50650651 0.08029277 0.21368534
507.50750751 0.07964158 0.21096423
508.50850851 0.07834989 0.20775722
509.50950951 0.07638371 0.20422626
510.51051051 0.07775728 0.20670156
511.51151151 0.07746844 0.20682700
512.51251251 0.07658332 0.20452856
513.51351351 0.07833009 0.20913592
514.51451451 0.08114313 0.21342248
515.51551552 0.08000575 0.21312719
516.51651652 0.08246885 0.21844877
517.51751752 0.08158588 0.21624289
518.51851852 0.07731548 0.20644912
519.51951952 0.08166403 0.21631469
520.52052052 0.08107846 0.21939010
521.52152152 0.08198460 0.22145708
522.52252252 0.07922693 0.21814783
523.52352352 0.07877643 0.21830655
524.52452452 0.07745480 0.21456579
525.52552553 0.07723351 0.21460709
526.52652653 0.07574791 0.20908309
527.52752753 0.07585898 0.21035860
528.52852853 0.07931593 0.21779339
529.52952953 0.07715267 0.21089931
530.53053053 0.07429066 0.20452104
531.53153153 0.07353907 0.20415246
532.53253253 0.07420818 0.20610441
533.53353353 0.07436871 0.20626487
534.53453453 0.07352843 0.20327473
535.53553554 0.07736331 0.21216314
536.53653654 0.07277839 0.20210476
537.53753754 0.07086112 0.19697899
538.53853854 0.07277655 0.20200615
539.53953954 0.07169639 0.20123395
540.54054054 0.06785524 0.19046028
541.54154154 0.07363054 0.20444129
542.54254254 0.07494883 0.20758361
543.54354354 0.07743728 0.21299629
544.54454454 0.07709598 0.21280604
545.54554555 0.07873230 0.21559396
546.54654655 0.07886102 0.21643408
547.54754755 0.08031856 0.22207721
548.54854855 0.08553690 0.23050800
549.54954955 0.08145482 0.21891404
550.55055055 0.07939955 0.21288503
551.55155155 0.08052806 0.21684477
552.55255255 0.08219361 0.22444629
553.55355355 0.08335579 0.22290433
554.55455455 0.08117730 0.21924054
555.55555556 0.08021170 0.21601181
556.55655656 0.07685348 0.21024207
557.55755756 0.07603401 0.20945818
558.55855856 0.07290306 0.20194447
559.55955956 0.06866835 0.19238739
560.56056056 0.06826032 0.18775884
561.56156156 0.06982079 0.18959580
562.56256256 0.06719707 0.18261730
563.56356356 0.06873154 0.18606712
564.56456456 0.06480252 0.17635229
565.56556557 0.06141996 0.16788491
566.56656657 0.05702647 0.15674781
567.56756757 0.05451642 0.15105614
568.56856857 0.05332299 0.14972084
569.56956957 0.05730185 0.16317869
570.57057057 0.05625056 0.16316296
571.57157157 0.05871862 0.17009422
572.57257257 0.05955797 0.17147278
573.57357357 0.06504048 0.18406643
574.57457457 0.06604422 0.18724182
575.57557558 0.06627334 0.18908523
576.57657658 0.06983962 0.19505267
577.57757758 0.07047739 0.19676445
578.57857858 0.06728317 0.18863568
579.57957958 0.06442014 0.18170681
580.58058058 0.06349596 0.17951726
581.58158158 0.06049886 0.17038055
582.58258258 0.06141592 0.17499945
583.58358358 0.06389277 0.18032052
584.58458458 0.06573064 0.18527600
585.58558559 0.06536554 0.18431937
586.58658659 0.06554071 0.18607501
587.58758759 0.06561492 0.18537243
588.58858859 0.06222568 0.17620847
589.58958959 0.06289228 0.17966571
590.59059059 0.05983963 0.17213432
591.59159159 0.06439743 0.18500676
592.59259259 0.06066662 0.17483589
593.59359359 0.06120953 0.17483957
594.59459459 0.06480019 0.18494194
595.59559560 0.06851609 0.19233674
596.59659660 0.06778935 0.19239205
597.59759760 0.06885965 0.19693103
598.59859860 0.06857298 0.19421502
599.59959960 0.06663828 0.19070392
600.60060060 0.06326911 0.18332270
601.60160160 0.06110136 0.17675157
602.60260260 0.06069394 0.17235643
603.60360360 0.05799772 0.16550563
604.60460460 0.05854585 0.16898002
605.60560561 0.05619428 0.16339487
606.60660661 0.05843951 0.16985207
607.60760761 0.06037161 0.17421556
608.60860861 0.06060935 0.17640544
609.60960961 0.06422252 0.18488920
610.61061061 0.06547254 0.18927701
611.61161161 0.06530759 0.19013043
612.61261261 0.05992168 0.17593201
613.61361361 0.05933921 0.17069307
614.61461461 0.06329717 0.17972617
615.61561562 0.06446822 0.18408384
616.61661662 0.06402397 0.18383529
617.61761762 0.06162746 0.17884505
618.61861862 0.06398253 0.18441507
619.61961962 0.06443847 0.18803499
620.62062062 0.06784447 0.19599283
621.62162162 0.06533684 0.18953602
622.62262262 0.07229168 0.20421610
623.62362362 0.07110456 0.20135383
624.62462462 0.07109315 0.20395588
625.62562563 0.06680032 0.19596905
626.62662663 0.06380338 0.18932647
627.62762763 0.06901554 0.20017737
628.62862863 0.06823772 0.19704500
629.62962963 0.06461016 0.18801315
630.63063063 0.06175734 0.18233856
631.63163163 0.06087159 0.18251669
632.63263263 0.06181445 0.18710869
633.63363363 0.06492726 0.19288027
634.63463463 0.06535047 0.19405671
635.63563564 0.06446770 0.19136773
636.63663664 0.06310014 0.18638005
637.63763764 0.06154122 0.18530884
638.63863864 0.06197964 0.18787811
639.63963964 0.06452722 0.19116666
640.64064064 0.06447562 0.19073978
641.64164164 0.06388985 0.19110923
642.64264264 0.06373803 0.19294479
643.64364364 0.06159501 0.18922918
644.64464464 0.06217921 0.19072185
645.64564565 0.06222127 0.19151729
646.64664665 0.06097852 0.18729902
647.64764765 0.05980078 0.18378255
648.64864865 0.05911827 0.18157665
649.64964965 0.05831476 0.17996396
650.65065065 0.06309598 0.19310244
651.65165165 0.06529538 0.19818551
652.65265265 0.06492374 0.19630260
653.65365365 0.06379084 0.19318114
654.65465465 0.06286885 0.19065121
655.65565566 0.06592965 0.19573927
656.65665666 0.06382941 0.19193092
657.65765766 0.06156911 0.18616764
658.65865866 0.06067581 0.18411384
659.65965966 0.05879371 0.18043696
660.66066066 0.05879050 0.18213936
661.66166166 0.06210755 0.18963710
662.66266266 0.06250275 0.19123310
663.66366366 0.05983558 0.18503319
664.66466466 0.05978616 0.18583201
665.66566567 0.05996232 0.18462005
666.66666667 0.05869374 0.18128631
667.66766767 0.05958608 0.18374589
668.66866867 0.05817706 0.18044914
669.66966967 0.05878262 0.18272840
670.67067067 0.06124031 0.18842669
671.67167167 0.05858165 0.18033553
672.67267267 0.06892357 0.20334066
673.67367367 0.06816021 0.20198757
674.67467467 0.06748805 0.20400107
675.67567568 0.06638564 0.20478406
676.67667668 0.06324523 0.19562916
677.67767768 0.06250663 0.19415175
678.67867868 0.05874355 0.18465861
679.67967968 0.06141549 0.19187694
680.68068068 0.06131137 0.19279591
681.68168168 0.05983692 0.19133142
682.68268268 0.06136229 0.19500641
683.68368368 0.05911245 0.18588873
684.68468468 0.05693006 0.18034042
685.68568569 0.05987620 0.18686712
686.68668669 0.06310132 0.19337978
687.68768769 0.06283480 0.19249632
688.68868869 0.06307016 0.19217361
689.68968969 0.06532952 0.19640695
690.69069069 0.06572609 0.19754377
691.69169169 0.06476648 0.19541423
692.69269269 0.06923947 0.20295098
693.69369369 0.07138949 0.20811022
694.69469469 0.06593267 0.19495086
695.69569570 0.06433238 0.19283852
696.69669670 0.06641591 0.19642381
697.69769770 0.06365518 0.19109222
698.69869870 0.06725009 0.19765035
699.69969970 0.06827416 0.20045747
700.70070070 0.06918104 0.20233270
701.70170170 0.06639361 0.19522798
702.70270270 0.06303282 0.18541917
703.70370370 0.06662823 0.19645849
704.70470470 0.06713937 0.19605539
705.70570571 0.06712096 0.19680162
706.70670671 0.06622976 0.19542653
707.70770771 0.06789861 0.20069752
708.70870871 0.06872313 0.20311518
709.70970971 0.06690460 0.19737214
710.71071071 0.06386261 0.18914297
711.71171171 0.06383654 0.18940602
712.71271271 0.06483876 0.19205681
713.71371371 0.06214951 0.18644290
714.71471471 0.05964175 0.18070806
715.71571572 0.06336326 0.19058848
716.71671672 0.06188786 0.18745095
717.71771772 0.06042846 0.18078093
718.71871872 0.05757341 0.17413745
719.71971972 0.05410791 0.16592222
720.72072072 0.05422791 0.16676195
721.72172172 0.05352886 0.16652270
722.72272272 0.05456740 0.16851912
723.72372372 0.05404774 0.16475239
724.72472472 0.05136170 0.15784148
725.72572573 0.05174057 0.15699567
726.72672673 0.05208653 0.15960601
727.72772773 0.05293538 0.16240918
728.72872873 0.05497077 0.16920489
729.72972973 0.05722299 0.17654119
730.73073073 0.05909145 0.18095897
731.73173173 0.06198418 0.18929026
732.73273273 0.06204134 0.18901383
733.73373373 0.06401165 0.19261465
734.73473473 0.06179277 0.18745930
735.73573574 0.06222724 0.18915909
736.73673674 0.05824134 0.18049975
737.73773774 0.05723068 0.17731516
738.73873874 0.05314375 0.16733348
739.73973974 0.05281532 0.16614999
740.74074074 0.05158047 0.16282327
741.74174174 0.05421415 0.16977349
742.74274274 0.05364703 0.16573938
743.74374374 0.05538557 0.17220905
744.74474474 0.05538746 0.17421286
745.74574575 0.05570261 0.17080393
746.74674675 0.05699798 0.17458690
747.74774775 0.05555105 0.17212756
748.74874875 0.05391398 0.16753584
749.74974975 0.05394373 0.16841232
750.75075075 0.05455787 0.16967572
751.75175175 0.05416461 0.16799675
752.75275275 0.05704976 0.17665303
753.75375375 0.05566899 0.17298917
754.75475475 0.05438265 0.16605645
755.75575576 0.05217583 0.15954131
756.75675676 0.05096569 0.15669410
757.75775776 0.05358703 0.16341281
758.75875876 0.05446968 0.16614438
759.75975976 0.05504395 0.16862560
760.76076076 0.05753243 0.17558496
761.76176176 0.06065853 0.18332914
762.76276276 0.05785192 0.17671762
763.76376376 0.05844104 0.17915797
764.76476476 0.06084281 0.18543179
765.76576577 0.06235733 0.19145647
766.76676677 0.06291035 0.19341061
767.76776777 0.06172562 0.19078905
768.76876877 0.06315939 0.19041308
769.76976977 0.06357495 0.18929807
770.77077077 0.05825299 0.17092697
771.77177177 0.06470635 0.18609862
772.77277277 0.06661874 0.18845577
773.77377377 0.06594294 0.18600215
774.77477477 0.06971854 0.19526959
775.77577578 0.07218105 0.20122127
776.77677678 0.07041120 0.19723640
777.77777778 0.06970403 0.19751303
778.77877878 0.06812942 0.19410004
779.77977978 0.06940706 0.19770978
780.78078078 0.07112363 0.19713094
781.78178178 0.07056659 0.19660596
782.78278278 0.06856369 0.19434515
783.78378378 0.06781673 0.19437285
784.78478478 0.06466093 0.18720779
785.78578579 0.06528317 0.18922547
786.78678679 0.06857290 0.19675360
787.78778779 0.07447922 0.21047451
788.78878879 0.08070310 0.22122166
789.78978979 0.07816667 0.21409533
790.79079079 0.08177731 0.22083210
791.79179179 0.08294422 0.22192079
792.79279279 0.08109290 0.21708326
793.79379379 0.07979415 0.21325051
794.79479479 0.08395657 0.22484673
795.79579580 0.08484194 0.22566278
796.79679680 0.08402175 0.23290628
797.79779780 0.08332448 0.23297981
798.79879880 0.08296588 0.22850412
799.79979980 0.08127716 0.22385116
800.80080080 0.08232154 0.22251120
801.80180180 0.07547778 0.20758233
802.80280280 0.07537189 0.20753084
803.80380380 0.07531981 0.20722004
804.80480480 0.07535117 0.20749074
805.80580581 0.07293420 0.20190975
806.80680681 0.07468625 0.20882051
807.80780781 0.07670819 0.21325640
808.80880881 0.07832973 0.21933792
809.80980981 0.08395083 0.23002375
810.81081081 0.09097433 0.24404498
811.81181181 0.09545524 0.24918605
812.81281281 0.09672335 0.25085091
813.81381381 0.09864437 0.25420380
814.81481481 0.09784362 0.25366346
815.81581582 0.09534404 0.24837989
816.81681682 0.09508023 0.24460727
817.81781782 0.09336352 0.24144115
818.81881882 0.09283049 0.24136951
819.81981982 0.09150827 0.23842864
820.82082082 0.09114969 0.23771432
821.82182182 0.09567555 0.24664607
822.82282282 0.09251148 0.24122697
823.82382382 0.09251303 0.24079214
824.82482482 0.09390632 0.24053984
825.82582583 0.08986264 0.23619945
826.82682683 0.08664267 0.22613884
827.82782783 0.08394443 0.22101247
828.82882883 0.08392852 0.22176886
829.82982983 0.08120762 0.21558554
830.83083083 0.07810961 0.20834638
831.83183183 0.07715178 0.20760971
832.83283283 0.07693295 0.20714836
833.83383383 0.07789204 0.20912892
834.83483483 0.07790076 0.21060959
835.83583584 0.08043745 0.21474354
836.83683684 0.08321668 0.22036200
837.83783784 0.08189912 0.21796423
838.83883884 0.07800661 0.21006214
839.83983984 0.07561740 0.20854478
840.84084084 0.07381076 0.20358061
841.84184184 0.07089305 0.19776047
842.84284284 0.07041546 0.19887733
843.84384384 0.07322661 0.20485250
844.84484484 0.07615129 0.20958194
845.84584585 0.07646822 0.20728309
846.84684685 0.07647291 0.20720459
847.84784785 0.08176606 0.21863273
848.84884885 0.07881647 0.21217968
849.84984985 0.08010261 0.21434957
850.85085085 0.07712376 0.20759698
851.85185185 0.07364688 0.20216269
852.85285285 0.07645392 0.20652103
853.85385385 0.07762557 0.20820457
854.85485485 0.08109464 0.21362385
855.85585586 0.07801740 0.20771085
856.85685686 0.07687616 0.20624588
857.85785786 0.07749864 0.20823858
858.85885886 0.07550519 0.20493171
859.85985986 0.07564300 0.20527916
860.86086086 0.07414611 0.20137355
861.86186186 0.07257093 0.19928811
862.86286286 0.07664008 0.20559265
863.86386386 0.07478080 0.20179151
864.86486486 0.07566987 0.20451847
865.86586587 0.07526421 0.20531390
866.86686687 0.07874565 0.21064432
867.86786787 0.07439494 0.20277631
868.86886887 0.07183285 0.19898803
869.86986987 0.07239116 0.19964070
870.87087087 0.07724534 0.20950225
871.87187187 0.07446529 0.20416334
872.87287287 0.07476395 0.20469143
873.87387387 0.07058072 0.19293950
874.87487487 0.06635496 0.18114909
875.87587588 0.06582294 0.18075437
876.87687688 0.06628103 0.18244052
877.87787788 0.06436208 0.18064068
878.87887888 0.06785380 0.19128945
879.87987988 0.06508944 0.18604310
880.88088088 0.07197817 0.20105606
881.88188188 0.07404859 0.20327562
882.88288288 0.07258718 0.20019995
883.88388388 0.07589346 0.20613542
884.88488488 0.07765892 0.20871038
885.88588589 0.07922584 0.21283584
886.88688689 0.07670697 0.20627754
887.88788789 0.07656248 0.20564397
888.88888889 0.07230518 0.19154293
889.88988989 0.07275359 0.19264051
890.89089089 0.07443915 0.19726539
891.89189189 0.07233160 0.19025268
892.89289289 0.06831064 0.17972397
893.89389389 0.06973269 0.18294489
894.89489489 0.06963131 0.18248956
895.89589590 0.07609005 0.19736219
896.89689690 0.07727038 0.20101969
897.89789790 0.07708614 0.19843811
898.89889890 0.07519128 0.19235666
899.89989990 0.07648931 0.19338463
900.90090090 0.07254580 0.18465036
901.90190190 0.07570656 0.19329757
902.90290290 0.07040987 0.17688258
903.90390390 0.07037803 0.17722844
904.90490490 0.06983824 0.17804962
905.90590591 0.07399689 0.18848548
906.90690691 0.07253028 0.18647284
907.90790791 0.07407470 0.18962489
908.90890891 0.07139522 0.18273352
909.90990991 0.07486711 0.18985091
910.91091091 0.07471905 0.19100025
911.91191191 0.07076407 0.18394443
912.91291291 0.06945362 0.18165844
913.91391391 0.06827747 0.18071662
914.91491491 0.06983891 0.18321458
915.91591592 0.06602557 0.17422134
916.91691692 0.06476123 0.17172510
917.91791792 0.06479486 0.17544159
918.91891892 0.06269509 0.16759723
919.91991992 0.06448476 0.17272009
920.92092092 0.06517110 0.17568784
921.92192192 0.06223789 0.16995051
922.92292292 0.06814053 0.18495657
923.92392392 0.06839328 0.18788861
924.92492492 0.06948365 0.18857814
925.92592593 0.06881097 0.18938670
926.92692693 0.06947824 0.19088823
927.92792793 0.06834550 0.18826992
928.92892893 0.06791662 0.18675981
929.92992993 0.06804994 0.18610258
930.93093093 0.07203599 0.19769283
931.93193193 0.07537027 0.20473653
932.93293293 0.07269646 0.19824517
933.93393393 0.07339078 0.20045914
934.93493493 0.06871729 0.18914592
935.93593594 0.07061164 0.19268791
936.93693694 0.06980439 0.19127157
937.93793794 0.07035987 0.19428931
938.93893894 0.06871028 0.19405149
939.93993994 0.06896982 0.19503867
940.94094094 0.06937860 0.19686526
941.94194194 0.06831914 0.19257894
942.94294294 0.07099113 0.19789102
943.94394394 0.07246287 0.20093244
944.94494494 0.07058500 0.19838350
945.94594595 0.07409116 0.20658685
946.94694695 0.07372885 0.20433383
947.94794795 0.07605221 0.20887741
948.94894895 0.07626477 0.20789325
949.94994995 0.07661780 0.20915979
950.95095095 0.07919785 0.21360019
951.95195195 0.07592404 0.20593802
952.95295295 0.07299101 0.19958233
953.95395395 0.07318076 0.19924159
954.95495495 0.07147213 0.19501496
955.95595596 0.07382329 0.19491216
956.95695696 0.07814269 0.20424305
957.95795796 0.07786934 0.20488511
958.95895896 0.07749824 0.20542188
959.95995996 0.07686575 0.20451581
960.96096096 0.07604039 0.20094293
961.96196196 0.07318418 0.19411586
962.96296296 0.06584352 0.17728257
963.96396396 0.06401501 0.17370948
964.96496496 0.06514467 0.17719630
965.96596597 0.06493019 0.17475856
966.96696697 0.06606863 0.17800461
967.96796797 0.06419407 0.17566535
968.96896897 0.06232638 0.17009895
969.96996997 0.05830923 0.16343708
970.97097097 0.05910503 0.16612497
971.97197197 0.05825796 0.16399205
972.97297297 0.06443348 0.17889010
973.97397397 0.06127277 0.17245370
974.97497497 0.06543647 0.18316985
975.97597598 0.06443472 0.18160726
976.97697698 0.06307952 0.17713474
977.97797798 0.06223040 0.17729145
978.97897898 0.06838660 0.19405036
979.97997998 0.06582575 0.18793811
980.98098098 0.06770035 0.19278816
981.98198198 0.06618630 0.18909643
982.98298298 0.06646031 0.19231504
983.98398398 0.06797700 0.19258956
984.98498498 0.06832633 0.19479073
985.98598599 0.06861144 0.19717369
986.98698699 0.06725071 0.19284378
987.98798799 0.06447871 0.18763008
988.98898899 0.06431744 0.18691536
989.98998999 0.06520924 0.18963701
990.99099099 0.06298774 0.18165505
991.99199199 0.06508402 0.18570921
992.99299299 0.06274840 0.18024370
993.99399399 0.06483780 0.18354538
994.99499499 0.06927601 0.19382164
995.99599600 0.06944382 0.19655709
996.99699700 0.06995837 0.19677561
997.99799800 0.07424268 0.20675844
998.99899900 0.07121911 0.19918972
1000.00000000 0.07100071 0.19776641
