0.00000000 5.00000000 0.00000038
1.00100100 4.99888845 0.00690099
2.00200200 4.99517918 0.02211294
3.00300300 4.99439845 0.02297602
4.00400400 4.98849382 0.05561332
5.00500501 4.98367413 0.06863288
6.00600601 4.98054499 0.07503217
7.00700701 4.97482187 0.09251043
8.00800801 4.96747429 0.11084737
9.00900901 4.95964459 0.12992957
10.01001001 4.95497079 0.14020044
11.01101101 4.94680174 0.15096140
12.01201201 4.93953178 0.16322337
13.01301301 4.93380178 0.17136129
14.01401401 4.93174799 0.17250755
15.01501502 4.92474393 0.18437897
16.01601602 4.92057422 0.19108464
17.01701702 4.91275643 0.20438287
18.01801802 4.90403875 0.21675467
19.01901902 4.89989691 0.21968902
20.02002002 4.89416771 0.22624836
21.02102102 4.88673205 0.24012359
22.02202202 4.87996150 0.25353063
23.02302302 4.87836714 0.25662163
24.02402402 4.86832425 0.27138714
25.02502503 4.86690135 0.27304270
26.02602603 4.86120635 0.27717314
27.02702703 4.85665877 0.28184620
28.02802803 4.85136583 0.28676118
29.02902903 4.84746784 0.29015404
30.03003003 4.84575041 0.29155594
31.03103103 4.84405884 0.29315860
32.03203203 4.83845484 0.30329123
33.03303303 4.83451452 0.30750644
34.03403403 4.82811579 0.31206509
35.03503504 4.82339243 0.31859376
36.03603604 4.82064779 0.31979421
37.03703704 4.81755841 0.32088823
38.03803804 4.81163052 0.32585882
39.03903904 4.80577291 0.32993085
40.04004004 4.80132088 0.33718102
41.04104104 4.79840031 0.33854431
42.04204204 4.79430778 0.33998470
43.04304304 4.78821308 0.34287785
44.04404404 4.78513315 0.34616063
45.04504505 4.77817653 0.35338954
46.04604605 4.77127272 0.35766948
47.04704705 4.76543869 0.36095151
48.04804805 4.76306424 0.36257738
49.04904905 4.76076567 0.36373038
50.05005005 4.75366530 0.36915361
51.05105105 4.74662921 0.37278920
52.05205205 4.74344206 0.37357222
53.05305305 4.73983559 0.37650849
54.05405405 4.73436543 0.37906683
55.05505506 4.72818595 0.38153844
56.05605606 4.72423000 0.38287276
57.05705706 4.71833943 0.38810441
58.05805806 4.71330002 0.39337955
59.05905906 4.71176812 0.39614352
60.06006006 4.70974756 0.39690133
61.06106106 4.70298672 0.40372276
62.06206206 4.69936663 0.40643624
63.06306306 4.69396900 0.40870035
64.06406406 4.68857736 0.41118428
65.06506507 4.68414024 0.41238378
66.06606607 4.68066770 0.41412114
67.06706707 4.67915068 0.41562085
68.06806807 4.67743562 0.41840497
69.06906907 4.66577037 0.42999888
70.07007007 4.66270171 0.43129853
71.07107107 4.65714560 0.43243030
72.07207207 4.65534287 0.43244474
73.07307307 4.65306487 0.43237246
74.07407407 4.64899457 0.43494425
75.07507508 4.64492273 0.43617024
76.07607608 4.63925338 0.44007519
77.07707708 4.62862384 0.44505761
78.07807808 4.62625394 0.44569646
79.07907908 4.62001685 0.45053564
80.08008008 4.61393142 0.45655433
81.08108108 4.61367830 0.45668476
82.08208208 4.60603527 0.46612519
83.08308308 4.60488949 0.46623367
84.08408408 4.59673422 0.46752961
85.08508509 4.58676317 0.46856932
86.08608609 4.57901076 0.46865612
87.08708709 4.57475220 0.46986140
88.08808809 4.56884973 0.47117852
89.08908909 4.56089087 0.47300424
90.09009009 4.55836872 0.47352026
91.09109109 4.55077881 0.47656543
92.09209209 4.54717146 0.47775119
93.09309309 4.54091441 0.48006340
94.09409409 4.53133769 0.48608383
95.09509510 4.52409132 0.48917645
96.09609610 4.51789013 0.48866643
97.09709710 4.51556114 0.49101354
98.09809810 4.50992595 0.49342336
99.09909910 4.50576912 0.49895415
100.10010010 4.49900498 0.50531397
101.10110110 4.48976059 0.50935827
102.10210210 4.48496349 0.50951119
103.10310310 4.48265044 0.51310727
104.10410410 4.48025313 0.51472012
105.10510511 4.47622345 0.51516905
106.10610611 4.46826971 0.51618778
107.10710711 4.46217930 0.51539739
108.10810811 4.45903041 0.51652476
109.10910911 4.45694061 0.51675570
110.11011011 4.45604703 0.51795203
111.11111111 4.45065065 0.52196797
112.11211211 4.44364875 0.52207508
113.11311311 4.43259194 0.52679821
114.11411411 4.42551926 0.53276879
115.11511512 4.42033944 0.53398767
116.11611612 4.41649660 0.53653070
117.11711712 4.40923223 0.54124505
118.11811812 4.40802310 0.54203396
119.11911912 4.40112681 0.54413456
120.12012012 4.39782544 0.54581653
121.12112112 4.39457892 0.54822169
122.12212212 4.38587670 0.55480163
123.12312312 4.38540398 0.55507618
124.12412412 4.38073202 0.55571895
125.12512513 4.37451116 0.55735681
126.12612613 4.36516142 0.55972409
127.12712713 4.36006962 0.55943181
128.12812813 4.35577454 0.55846639
129.12912913 4.35173980 0.55803444
130.13013013 4.34770458 0.55663611
131.13113113 4.34187302 0.56160750
132.13213213 4.33636958 0.56599182
133.13313313 4.33404140 0.56699064
134.13413413 4.32793386 0.56980420
135.13513514 4.32540716 0.56965028
136.13613614 4.32191591 0.57403765
137.13713714 4.31901837 0.57609526
138.13813814 4.31633030 0.57472557
139.13913914 4.31152718 0.58122362
140.14014014 4.30932471 0.58427353
141.14114114 4.30172444 0.58760873
142.14214214 4.29820055 0.58689873
143.14314314 4.29393043 0.58870620
144.14414414 4.29061751 0.58978082
145.14514515 4.29050948 0.58992075
146.14614615 4.28435614 0.59288574
147.14714715 4.28291203 0.59309063
148.14814815 4.27424660 0.59612137
149.14914915 4.26927632 0.59534513
150.15015015 4.25945741 0.59953442
151.15115115 4.25429023 0.59779877
152.15215215 4.24812598 0.59909620
153.15315315 4.24344918 0.59744615
154.15415415 4.23405505 0.60088884
155.15515516 4.23119737 0.60113439
156.15615616 4.22386138 0.60238136
157.15715716 4.21927522 0.60438164
158.15815816 4.21400049 0.60620572
159.15915916 4.21165287 0.60540137
160.16016016 4.20792502 0.60642705
161.16116116 4.20397429 0.60588927
162.16216216 4.19870863 0.60583737
163.16316316 4.19320827 0.60521903
164.16416416 4.18777349 0.60774497
165.16516517 4.18332991 0.61101897
166.16616617 4.17923260 0.61012496
167.16716717 4.17739041 0.61116602
168.16816817 4.17041377 0.61656739
169.16916917 4.16609360 0.61465906
170.17017017 4.16067794 0.61388830
171.17117117 4.15567768 0.61680339
172.17217217 4.15249112 0.61865327
173.17317317 4.14794669 0.62454938
174.17417417 4.14254429 0.62662624
175.17517518 4.13700844 0.62857835
176.17617618 4.13399708 0.63208981
177.17717718 4.12984171 0.63557800
178.17817818 4.12896097 0.63590653
179.17917918 4.12301046 0.63597465
180.18018018 4.12070047 0.63849927
181.18118118 4.11792772 0.63882649
182.18218218 4.11524895 0.64211973
183.18318318 4.11173837 0.64315876
184.18418418 4.10951607 0.64430327
185.18518519 4.10683103 0.64545122
186.18618619 4.10291805 0.64380114
187.18718719 4.09552977 0.64422639
188.18818819 4.09415240 0.64497183
189.18918919 4.08787322 0.64787855
190.19019019 4.08499272 0.65254249
191.19119119 4.08115406 0.65248914
192.19219219 4.07522650 0.65152298
193.19319319 4.07227713 0.65149976
194.19419419 4.06812947 0.65092488
195.19519520 4.06298994 0.65291688
196.19619620 4.05958202 0.65272435
197.19719720 4.05502750 0.65476075
198.19819820 4.05197959 0.65483184
199.19919920 4.04678054 0.65557812
200.20020020 4.04116169 0.65304248
201.20120120 4.03687863 0.65479051
202.20220220 4.02993659 0.65548655
203.20320320 4.02576407 0.65796728
204.20420420 4.02213690 0.65635648
205.20520521 4.01937669 0.65919036
206.20620621 4.01081453 0.66258252
207.20720721 4.00488615 0.66480490
208.20820821 3.99984583 0.66535785
209.20920921 3.99274052 0.66784849
210.21021021 3.98452607 0.66799824
211.21121121 3.97879461 0.66583478
212.21221221 3.97485329 0.66579178
213.21321321 3.96857525 0.67060958
214.21421421 3.96370135 0.67187307
215.21521522 3.95751844 0.67457657
216.21621622 3.95066673 0.67795898
217.21721722 3.94897777 0.67937219
218.21821822 3.94517375 0.68171568
219.21921922 3.94123319 0.68489904
220.22022022 3.94079825 0.68473588
221.22122122 3.93828770 0.68317332
222.22222222 3.93291823 0.68543869
223.22322322 3.92880760 0.68905700
224.22422422 3.92794981 0.68937980
225.22522523 3.92605886 0.68996615
226.22622623 3.92070728 0.68718754
227.22722723 3.91592402 0.68604324
228.22822823 3.91346245 0.68762704
229.22922923 3.90985204 0.68633571
230.23023023 3.90550220 0.68585289
231.23123123 3.89949733 0.68635490
232.23223223 3.89344893 0.68982346
233.23323323 3.88790964 0.69057995
234.23423423 3.88599897 0.69125318
235.23523524 3.88528681 0.69151660
236.23623624 3.88336688 0.69247006
237.23723724 3.87693802 0.69151805
238.23823824 3.87303883 0.69432409
239.23923924 3.86686928 0.69133548
240.24024024 3.86432486 0.69354828
241.24124124 3.85828011 0.69555924
242.24224224 3.85388183 0.69582094
243.24324324 3.84466864 0.70664242
244.24424424 3.83907266 0.71163442
245.24524525 3.83437053 0.71147946
246.24624625 3.83145852 0.71157617
247.24724725 3.82775233 0.71570821
248.24824825 3.82167539 0.71302044
249.24924925 3.80662845 0.71541171
250.25025025 3.80246921 0.71535634
251.25125125 3.79635290 0.71710892
252.25225225 3.79517738 0.71775185
253.25325325 3.79058293 0.72280139
254.25425425 3.78769485 0.72397802
255.25525526 3.78453414 0.72542985
256.25625626 3.78422331 0.72544859
257.25725726 3.78038199 0.72529457
258.25825826 3.77685023 0.72320366
259.25925926 3.77544060 0.72356293
260.26026026 3.76937141 0.72279497
261.26126126 3.76562916 0.72410443
262.26226226 3.76132056 0.72248478
263.26326326 3.75862097 0.72411819
264.26426426 3.75259328 0.72213298
265.26526527 3.74760588 0.72556020
266.26626627 3.74481840 0.72825828
267.26726727 3.74150448 0.72879042
268.26826827 3.73730776 0.72759563
269.26926927 3.73095599 0.72842317
270.27027027 3.72660377 0.73105312
271.27127127 3.72174133 0.73219115
272.27227227 3.71599103 0.73341992
273.27327327 3.71442487 0.73440891
274.27427427 3.70905589 0.73708546
275.27527528 3.70713878 0.73713080
276.27627628 3.70635680 0.73750014
277.27727728 3.70566206 0.73792573
278.27827828 3.70304911 0.73794053
279.27927928 3.70083062 0.73764356
280.28028028 3.69969944 0.73889456
281.28128128 3.69173189 0.73996857
282.28228228 3.69127379 0.74058212
283.28328328 3.68700990 0.74270018
284.28428428 3.68111050 0.74452060
285.28528529 3.67744771 0.74668896
286.28628629 3.67223828 0.74799527
287.28728729 3.66539723 0.74544202
288.28828829 3.65886506 0.74580974
289.28928929 3.65422664 0.74291895
290.29029029 3.65058225 0.74113336
291.29129129 3.64646530 0.74368781
292.29229229 3.64326366 0.74351778
293.29329329 3.63949179 0.74460782
294.29429429 3.63110118 0.74798501
295.29529530 3.62977050 0.74834188
296.29629630 3.62755416 0.74922415
297.29729730 3.62471899 0.74921383
298.29829830 3.61851115 0.74792018
299.29929930 3.61540258 0.74750844
300.30030030 3.61011352 0.74574162
301.30130130 3.60030056 0.74748095
302.30230230 3.59737905 0.74713156
303.30330330 3.59661177 0.74740948
304.30430430 3.59442458 0.74849228
305.30530531 3.58882788 0.75184612
306.30630631 3.58431823 0.75211963
307.30730731 3.57485132 0.74783946
308.30830831 3.57013170 0.75065298
309.30930931 3.56376734 0.74602477
310.31031031 3.55812540 0.74489277
311.31131131 3.55577403 0.74465922
312.31231231 3.54826888 0.74039479
313.31331331 3.54598344 0.74218901
314.31431431 3.53922465 0.74152992
315.31531532 3.53565464 0.74282006
316.31631632 3.52926018 0.74675047
317.31731732 3.52623621 0.74761678
318.31831832 3.52011032 0.74796526
319.31931932 3.51501758 0.75086314
320.32032032 3.51117206 0.74813061
321.32132132 3.50689267 0.74689995
322.32232232 3.50140006 0.74315111
323.32332332 3.49444218 0.74443825
324.32432432 3.49392051 0.74482165
325.32532533 3.49111638 0.74675960
326.32632633 3.48530970 0.74319966
327.32732733 3.48042753 0.74565954
328.32832833 3.47713061 0.74550016
329.32932933 3.47512415 0.74381140
330.33033033 3.47389914 0.74400949
331.33133133 3.46931400 0.74100396
332.33233233 3.46622417 0.74175931
333.33333333 3.46260879 0.74242670
334.33433433 3.45698515 0.73987303
335.33533534 3.45702359 0.74025398
336.33633634 3.45076101 0.74312806
337.33733734 3.44714892 0.74586146
338.33833834 3.44312311 0.74974138
339.33933934 3.44125828 0.75041099
340.34034034 3.43645016 0.74916233
341.34134134 3.43010990 0.75218550
342.34234234 3.42322672 0.75605603
343.34334334 3.42039608 0.75722259
344.34434434 3.41416344 0.76177647
345.34534535 3.41103431 0.76382576
346.34634635 3.41045549 0.76413905
347.34734735 3.40532229 0.76270812
348.34834835 3.40233780 0.76454028
349.34934935 3.39689662 0.76304765
350.35035035 3.39219242 0.76357358
351.35135135 3.39009234 0.76363315
352.35235235 3.38687371 0.76550427
353.35335335 3.38007956 0.76360009
354.35435435 3.37944206 0.76388337
355.35535536 3.37644920 0.76355331
356.35635636 3.36871910 0.76162292
357.35735736 3.36685655 0.76114186
358.35835836 3.36389416 0.76088674
359.35935936 3.35948606 0.76072520
360.36036036 3.35427968 0.76414137
361.36136136 3.34771455 0.76073273
362.36236236 3.34251420 0.76193297
363.36336336 3.33610891 0.76295190
364.36436436 3.32491506 0.76083561
365.36536537 3.32052571 0.75963225
366.36636637 3.31295154 0.75880097
367.36736737 3.30755765 0.76204865
368.36836837 3.30383079 0.76312736
369.36936937 3.30001441 0.76488494
370.37037037 3.29801026 0.76593356
371.37137137 3.29314624 0.76739167
372.37237237 3.29211012 0.76728740
373.37337337 3.28363301 0.76678314
374.37437437 3.27968673 0.76827559
375.37537538 3.27560645 0.76839198
376.37637638 3.27319731 0.76959496
377.37737738 3.27057757 0.76907899
378.37837838 3.26944272 0.76965516
379.37937938 3.26591617 0.76687745
380.38038038 3.26156703 0.76378067
381.38138138 3.25876846 0.76546762
382.38238238 3.25283183 0.77197740
383.38338338 3.25193490 0.77248325
384.38438438 3.24704472 0.77219066
385.38538539 3.24462364 0.77165043
386.38638639 3.24262620 0.77455960
387.38738739 3.24123452 0.77506609
388.38838839 3.23710207 0.77766199
389.38938939 3.23613957 0.77778627
390.39039039 3.23134470 0.77967955
391.39139139 3.22471862 0.78128712
392.39239239 3.22119865 0.78069219
393.39339339 3.21694032 0.78449036
394.39439439 3.21427280 0.78579798
395.39539540 3.20531804 0.78923627
396.39639640 3.20388145 0.79004404
397.39739740 3.19967149 0.79075131
398.39839840 3.19704531 0.78897827
399.39939940 3.19446024 0.78883616
400.40040040 3.19362219 0.78881688
401.40140140 3.19226371 0.79000515
402.40240240 3.18624272 0.79158118
403.40340340 3.18015047 0.79386874
404.40440440 3.17611761 0.79456726
405.40540541 3.17370723 0.79558122
406.40640641 3.16711076 0.79542224
407.40740741 3.16482084 0.79516694
408.40840841 3.16201581 0.79627378
409.40940941 3.15515115 0.79940460
410.41041041 3.15441526 0.79968964
411.41141141 3.14875855 0.79879379
412.41241241 3.14739905 0.79869183
413.41341341 3.14386411 0.79665859
414.41441441 3.14016358 0.79607744
415.41541542 3.13631747 0.79727539
416.41641642 3.13465033 0.79825827
417.41741742 3.13294945 0.79932128
418.41841842 3.12608373 0.79896479
419.41941942 3.12203207 0.80001137
420.42042042 3.11834276 0.80047725
421.42142142 3.11496362 0.80091704
422.42242242 3.11271554 0.80031490
423.42342342 3.10817553 0.79852919
424.42442442 3.10519263 0.79856517
425.42542543 3.10156316 0.79894621
426.42642643 3.09909375 0.79842286
427.42742743 3.09671368 0.79759390
428.42842843 3.09476888 0.79791946
429.42942943 3.08809665 0.79567023
430.43043043 3.08310204 0.79945096
431.43143143 3.07673187 0.80247066
432.43243243 3.07373747 0.80511285
433.43343343 3.07172604 0.80541032
434.43443443 3.06982263 0.80676490
435.43543544 3.06410608 0.80888736
436.43643644 3.05746408 0.81019783
437.43743744 3.05590855 0.81089174
438.43843844 3.05523369 0.81078321
439.43943944 3.05371874 0.81168377
440.44044044 3.05150852 0.81255054
441.44144144 3.04686116 0.81192569
442.44244244 3.04617123 0.81157403
443.44344344 3.03888413 0.80781961
444.44444444 3.03773423 0.80816581
445.44544545 3.03261627 0.81007855
446.44644645 3.02962194 0.81187632
447.44744745 3.02622195 0.81076375
448.44844845 3.02336305 0.81144307
449.44944945 3.02081276 0.81411455
450.45045045 3.01555948 0.81742566
451.45145145 3.01186721 0.81899206
452.45245245 3.00423185 0.82268943
453.45345345 3.00347973 0.82295123
454.45445445 2.99708095 0.82095755
455.45545546 2.99284712 0.82419916
456.45645646 2.99149597 0.82418051
457.45745746 2.98862494 0.82075830
458.45845846 2.98332515 0.82054707
459.45945946 2.97991836 0.81970338
460.46046046 2.97670833 0.81952456
461.46146146 2.97572473 0.81951233
462.46246246 2.97506708 0.81963576
463.46346346 2.97350452 0.81908642
464.46446446 2.97156614 0.81916167
465.46546547 2.97094785 0.81972582
466.46646647 2.96759536 0.81651372
467.46746747 2.96519316 0.81588867
468.46846847 2.95763534 0.80887104
469.46946947 2.95542408 0.80917094
470.47047047 2.95178668 0.80973387
471.47147147 2.95038577 0.81041717
472.47247247 2.94924032 0.81031647
473.47347347 2.94813885 0.81076655
474.47447447 2.94589395 0.81054489
475.47547548 2.94214565 0.81407068
476.47647648 2.94034283 0.81312387
477.47747748 2.93856745 0.81325078
478.47847848 2.93453425 0.81164683
479.47947948 2.92920623 0.80860452
480.48048048 2.92604243 0.80735558
481.48148148 2.92523640 0.80757286
482.48248248 2.92363785 0.80801663
483.48348348 2.92119660 0.81015562
484.48448448 2.91708526 0.80825994
485.48548549 2.91196996 0.81027101
486.48648649 2.90372322 0.81020529
487.48748749 2.90001485 0.80901098
488.48848849 2.89698720 0.81287336
489.48948949 2.89544492 0.81508085
490.49049049 2.89104967 0.81427541
491.49149149 2.88760537 0.81432270
492.49249249 2.88618229 0.81442959
493.49349349 2.88580530 0.81486727
494.49449449 2.87536424 0.81418337
495.49549550 2.87432376 0.81447469
496.49649650 2.86802145 0.81651879
497.49749750 2.86598641 0.81729248
498.49849850 2.86421297 0.81884060
499.49949950 2.86342348 0.81901223
500.50050050 2.86076933 0.82062921
501.50150150 2.85820173 0.82126328
502.50250250 2.85513256 0.82115003
503.50350350 2.85222925 0.82005289
504.50450450 2.84512487 0.81785339
505.50550551 2.84286519 0.81993045
506.50650651 2.83787527 0.81700235
507.50750751 2.83450129 0.81711101
508.50850851 2.83180134 0.81591305
509.50950951 2.82936124 0.81701247
510.51051051 2.82647808 0.81659702
511.51151151 2.82419535 0.81790453
512.51251251 2.82328298 0.81812232
513.51351351 2.81894730 0.81807210
514.51451451 2.81784177 0.81838124
515.51551552 2.81468983 0.81814074
516.51651652 2.81207700 0.81643449
517.51751752 2.81131704 0.81673030
518.51851852 2.81029640 0.81705317
519.51951952 2.80694184 0.81913882
520.52052052 2.80331044 0.81998771
521.52152152 2.80024986 0.82089355
522.52252252 2.79721028 0.82270286
523.52352352 2.79613790 0.82328014
524.52452452 2.79412477 0.82329884
525.52552553 2.78730352 0.81834899
526.52652653 2.78468860 0.81921315
527.52752753 2.78092118 0.81588859
528.52852853 2.77287358 0.81846833
529.52952953 2.77176672 0.81920723
530.53053053 2.76777517 0.81784252
531.53153153 2.76343151 0.81725088
532.53253253 2.75992920 0.81664831
533.53353353 2.75909947 0.81689359
534.53453453 2.75498700 0.81656882
535.53553554 2.74959036 0.81528619
536.53653654 2.74552119 0.81741959
537.53753754 2.74357705 0.81737888
538.53853854 2.74087338 0.81371435
539.53953954 2.73964885 0.81371718
540.54054054 2.73667899 0.81426008
541.54154154 2.73381981 0.81610324
542.54254254 2.73150238 0.81440995
543.54354354 2.73013597 0.81503720
544.54454454 2.72899790 0.81532336
545.54554555 2.72789584 0.81563078
546.54654655 2.72471463 0.81751038
547.54754755 2.72306958 0.81785547
548.54854855 2.72133676 0.82027726
549.54954955 2.71838441 0.82117635
550.55055055 2.71625117 0.82329229
551.55155155 2.71424212 0.82422400
552.55255255 2.71033755 0.82469069
553.55355355 2.70840575 0.82482548
554.55455455 2.70401384 0.82389810
555.55555556 2.70081986 0.82431035
556.55655656 2.69865069 0.82483852
557.55755756 2.69412360 0.82453457
558.55855856 2.69327366 0.82469494
559.55955956 2.69213002 0.82490650
560.56056056 2.69105746 0.82503857
561.56156156 2.68846841 0.82648158
562.56256256 2.68465614 0.82636032
563.56356356 2.68011350 0.82316711
564.56456456 2.67538586 0.82356932
565.56556557 2.67464456 0.82352902
566.56656657 2.66900356 0.82354945
567.56756757 2.66622277 0.82418180
568.56856857 2.66553636 0.82410686
569.56956957 2.66389264 0.82479163
570.57057057 2.65937767 0.82380288
571.57157157 2.65521980 0.82269977
572.57257257 2.64997817 0.82282676
573.57357357 2.64628462 0.82077944
574.57457457 2.64275764 0.82010486
575.57557558 2.63854428 0.81858059
576.57657658 2.63665010 0.81962386
577.57757758 2.63579414 0.81943333
578.57857858 2.63440834 0.81992867
579.57957958 2.63034530 0.81841212
580.58058058 2.62632372 0.81814859
581.58158158 2.62490905 0.81875053
582.58258258 2.61863754 0.81641190
583.58358358 2.61672328 0.81692694
584.58458458 2.61292880 0.81834074
585.58558559 2.61161215 0.81929307
586.58658659 2.60782179 0.82079365
587.58758759 2.60695813 0.82100001
588.58858859 2.60607686 0.82124970
589.58958959 2.60502988 0.82154807
590.59059059 2.60399472 0.82190564
591.59159159 2.60140040 0.82243175
592.59259259 2.59903014 0.82292831
593.59359359 2.59387726 0.82439637
594.59459459 2.59338487 0.82448012
595.59559560 2.58914094 0.82072072
596.59659660 2.58788723 0.82054044
597.59759760 2.58550141 0.81940732
598.59859860 2.58322669 0.81956027
599.59959960 2.58108172 0.82152930
600.60060060 2.58026034 0.82175932
601.60160160 2.57720025 0.82173154
602.60260260 2.57333436 0.81962806
603.60360360 2.57197644 0.81939197
604.60460460 2.56900253 0.81846913
605.60560561 2.56782015 0.81883308
606.60660661 2.56666797 0.81917934
607.60760761 2.56571541 0.81949700
608.60860861 2.56338393 0.81829084
609.60960961 2.56282113 0.81853995
610.61061061 2.56045053 0.81797630
611.61161161 2.55791185 0.81888631
612.61261261 2.55532380 0.81796260
613.61361361 2.55268456 0.81922420
614.61461461 2.55054630 0.81426594
615.61561562 2.54737398 0.81376484
616.61661662 2.54535835 0.81339216
617.61761762 2.54329043 0.81434147
618.61861862 2.54208604 0.81461601
619.61961962 2.54125781 0.81469733
620.62062062 2.53937180 0.81528539
621.62162162 2.53170380 0.81768377
622.62262262 2.52778556 0.81225305
623.62362362 2.52330876 0.80607797
624.62462462 2.51755014 0.80914151
625.62562563 2.51118741 0.80352113
626.62662663 2.50896334 0.80326784
627.62762763 2.50634140 0.80496201
628.62862863 2.50590906 0.80530352
629.62962963 2.50334690 0.80495262
630.63063063 2.50130713 0.80516685
631.63163163 2.50052279 0.80526290
632.63263263 2.49950537 0.80546111
633.63363363 2.49831056 0.80575371
634.63463463 2.49740815 0.80595836
635.63563564 2.49546105 0.80728693
636.63663664 2.49329938 0.80849671
637.63763764 2.49152775 0.80976095
638.63863864 2.48616989 0.80362905
639.63963964 2.48466608 0.80366690
640.64064064 2.48320138 0.80427990
641.64164164 2.47981082 0.80110001
642.64264264 2.47691422 0.80206192
643.64364364 2.47426215 0.80334589
644.64464464 2.47028591 0.80174664
645.64564565 2.46774980 0.80196258
646.64664665 2.46051925 0.79662633
647.64764765 2.45843079 0.79433039
648.64864865 2.45723911 0.79449947
649.64964965 2.45439600 0.79411345
650.65065065 2.45156333 0.79146602
651.65165165 2.44838854 0.79094314
652.65265265 2.44584337 0.79229099
653.65365365 2.44312989 0.79174596
654.65465465 2.44114394 0.79169017
655.65565566 2.44030590 0.79197256
656.65665666 2.43740909 0.79113906
657.65765766 2.43642581 0.79137813
658.65865866 2.43361413 0.79238443
659.65965966 2.42845718 0.79527039
660.66066066 2.42701564 0.79571376
661.66166166 2.42388622 0.79651723
662.66266266 2.42102524 0.79705111
663.66366366 2.41852634 0.79677023
664.66466466 2.41486239 0.79575567
665.66566567 2.41096074 0.79708910
666.66666667 2.40975624 0.79736646
667.66766767 2.40390777 0.79700726
668.66866867 2.40298360 0.79729570
669.66966967 2.39924545 0.79817861
670.67067067 2.39738310 0.79857594
671.67167167 2.39444950 0.79924639
672.67267267 2.39153245 0.79777531
673.67367367 2.38891685 0.79957250
674.67467467 2.38504243 0.79821795
675.67567568 2.38234740 0.79607776
676.67667668 2.37716597 0.79677128
677.67767768 2.37600705 0.79725703
678.67867868 2.37265041 0.79495248
679.67967968 2.36882257 0.79570796
680.68068068 2.36599128 0.79513006
681.68168168 2.36458224 0.79454181
682.68268268 2.36212447 0.79445783
683.68368368 2.36067841 0.79403279
684.68468468 2.35797418 0.79556041
685.68568569 2.35600573 0.79549217
686.68668669 2.35370522 0.79358319
687.68768769 2.35548815 0.79287858
688.68868869 2.35163548 0.79365985
689.68968969 2.35003356 0.79428312
690.69069069 2.34524146 0.79471534
691.69169169 2.34082294 0.79734903
692.69269269 2.33946862 0.79782420
693.69369369 2.33684159 0.79863251
694.69469469 2.33458868 0.79964481
695.69569570 2.33288599 0.80012829
696.69669670 2.33029304 0.79758736
697.69769770 2.32921240 0.79892972
698.69869870 2.32824955 0.79913548
699.69969970 2.32522898 0.79792393
700.70070070 2.32224836 0.79958817
701.70170170 2.31421584 0.79609262
702.70270270 2.31132937 0.79553052
703.70370370 2.30977161 0.79664086
704.70470470 2.30897785 0.79674950
705.70570571 2.30570525 0.79335714
706.70670671 2.30380512 0.79416159
707.70770771 2.29797361 0.78691084
708.70870871 2.29736609 0.78642863
709.70970971 2.29467507 0.78412702
710.71071071 2.29204998 0.78570382
711.71171171 2.28726794 0.77611195
712.71271271 2.27972848 0.77315474
713.71371371 2.27841404 0.77370417
714.71471471 2.27561000 0.77325622
715.71571572 2.27351024 0.77354490
716.71671672 2.26475103 0.77540697
717.71771772 2.26187618 0.77559087
718.71871872 2.25927929 0.77523441
719.71971972 2.25772883 0.77500271
720.72072072 2.25647229 0.77524887
721.72172172 2.25328197 0.77458956
722.72272272 2.25235468 0.77491842
723.72372372 2.25099991 0.77474126
724.72472472 2.24999541 0.77503911
725.72572573 2.24835281 0.77564086
726.72672673 2.24741470 0.77583366
727.72772773 2.24621819 0.77608440
728.72872873 2.24429833 0.77676171
729.72972973 2.24191296 0.77852701
730.73073073 2.24080822 0.77889081
731.73173173 2.23994851 0.77917817
732.73273273 2.23600456 0.77851054
733.73373373 2.23317560 0.77861044
734.73473473 2.22820091 0.77026845
735.73573574 2.22601598 0.76970033
736.73673674 2.22310454 0.76763337
737.73773774 2.22016720 0.76308340
738.73873874 2.21845176 0.76300890
739.73973974 2.21528058 0.76033024
740.74074074 2.21292091 0.75991570
741.74174174 2.21202593 0.76000664
742.74274274 2.20911731 0.76253178
743.74374374 2.20640314 0.76452025
744.74474474 2.20535104 0.76466747
745.74574575 2.20226205 0.76215159
746.74674675 2.20139054 0.76195913
747.74774775 2.19540801 0.75637081
748.74874875 2.19203252 0.75706228
749.74974975 2.19054597 0.75713852
750.75075075 2.18977940 0.75720113
751.75175175 2.18622713 0.75636690
752.75275275 2.18525011 0.75657075
753.75375375 2.18082713 0.75978985
754.75475475 2.17708098 0.76112493
755.75575576 2.17197758 0.75943296
756.75675676 2.17101668 0.75859035
757.75775776 2.16889847 0.75900746
758.75875876 2.16785450 0.75923791
759.75975976 2.16560273 0.75975546
760.76076076 2.16349299 0.76060875
761.76176176 2.16147099 0.75953832
762.76276276 2.16088791 0.75900360
763.76376376 2.15991186 0.75915035
764.76476476 2.15935418 0.75898367
765.76576577 2.15821694 0.75889387
766.76676677 2.15570234 0.75947148
767.76776777 2.15483622 0.75967439
768.76876877 2.15208185 0.75996086
769.76976977 2.15124926 0.76006170
770.77077077 2.15024382 0.76020176
771.77177177 2.14850226 0.76062449
772.77277277 2.14289670 0.75777743
773.77377377 2.14023930 0.75726351
774.77477477 2.13903550 0.75755760
775.77577578 2.13596402 0.75556988
776.77677678 2.13521241 0.75561218
777.77777778 2.13290168 0.75626952
778.77877878 2.13190153 0.75646023
779.77977978 2.12745710 0.75677289
780.78078078 2.12666016 0.75702456
781.78178178 2.12575722 0.75712154
782.78278278 2.12311326 0.75551707
783.78378378 2.12034689 0.75337701
784.78478478 2.11421219 0.74702044
785.78578579 2.11336146 0.74712283
786.78678679 2.10955895 0.74434214
787.78778779 2.10632770 0.74079998
788.78878879 2.10480314 0.74162421
789.78978979 2.10377826 0.74163090
790.79079079 2.10267940 0.74152158
791.79179179 2.09954128 0.74187788
792.79279279 2.09807382 0.74191095
793.79379379 2.09610152 0.74136699
794.79479479 2.09249175 0.74271407
795.79579580 2.09004389 0.74303811
796.79679680 2.08875691 0.74336375
797.79779780 2.08604175 0.74233968
798.79879880 2.08204474 0.74014677
799.79979980 2.08063190 0.74029985
800.80080080 2.07942820 0.74053896
801.80180180 2.07571575 0.74208335
802.80280280 2.07139539 0.73948393
803.80380380 2.07027207 0.73941905
804.80480480 2.06952595 0.73962705
805.80580581 2.06839374 0.73993938
806.80680681 2.06348229 0.73950178
807.80780781 2.06173095 0.74075404
808.80880881 2.05945835 0.74061231
809.80980981 2.05586923 0.74089723
810.81081081 2.05425995 0.74140616
811.81181181 2.05185008 0.73882579
812.81281281 2.04978839 0.73884732
813.81381381 2.04517362 0.74052633
814.81481481 2.04356798 0.74116434
815.81581582 2.04234595 0.74129749
816.81681682 2.03797184 0.74151743
817.81781782 2.03456566 0.74210471
818.81881882 2.03365936 0.74225351
819.81981982 2.03057277 0.74390324
820.82082082 2.02832047 0.74274673
821.82182182 2.02719849 0.74275063
822.82282282 2.02503914 0.74188504
823.82382382 2.02401404 0.74216257
824.82482482 2.02308800 0.74225142
825.82582583 2.01828775 0.74432615
826.82682683 2.01573998 0.74208069
827.82782783 2.01313597 0.74187538
828.82882883 2.01217176 0.74200841
829.82982983 2.00899250 0.73998533
830.83083083 2.00640565 0.73966803
831.83183183 2.00405315 0.73896162
832.83283283 2.00064647 0.73499931
833.83383383 1.99933435 0.73551954
834.83483483 1.99670404 0.73549896
835.83583584 1.99564201 0.73566461
836.83683684 1.99510013 0.73575085
837.83783784 1.99190259 0.73548171
838.83883884 1.99066242 0.73568875
839.83983984 1.98825952 0.73623712
840.84084084 1.98519248 0.73554336
841.84184184 1.98460237 0.73523036
842.84284284 1.98217374 0.73304940
843.84384384 1.98034299 0.73263869
844.84484484 1.97949722 0.73273570
845.84584585 1.97840481 0.73202982
846.84684685 1.97253863 0.73122926
847.84784785 1.97137540 0.73143405
848.84884885 1.96977399 0.73047458
849.84984985 1.96941597 0.73077146
850.85085085 1.96736136 0.73027342
851.85185185 1.96633846 0.73043435
852.85285285 1.96544980 0.73049864
853.85385385 1.96205484 0.72889446
854.85485485 1.95846637 0.72715215
855.85585586 1.95639403 0.72326892
856.85685686 1.95547084 0.72336490
857.85785786 1.95097464 0.72010257
858.85885886 1.94830408 0.71847061
859.85985986 1.94378798 0.71461991
860.86086086 1.94106999 0.71374763
861.86186186 1.93850247 0.71601887
862.86286286 1.93652663 0.71606823
863.86386386 1.93489132 0.71608813
864.86486486 1.93236793 0.71688810
865.86586587 1.92989579 0.71750021
866.86686687 1.92693296 0.71479331
867.86786787 1.92621073 0.71425756
868.86886887 1.92332854 0.71466148
869.86986987 1.92068442 0.71541623
870.87087087 1.91998228 0.71456186
871.87187187 1.91741787 0.71266935
872.87287287 1.91396635 0.71165656
873.87387387 1.91316214 0.71155360
874.87487487 1.90998944 0.71013070
875.87587588 1.90970993 0.70947062
876.87687688 1.90637215 0.70850949
877.87787788 1.90323434 0.70539789
878.87887888 1.89928630 0.70152174
879.87987988 1.89584883 0.70335759
880.88088088 1.89447985 0.70332123
881.88188188 1.89052840 0.70134643
882.88288288 1.88934186 0.70154221
883.88388388 1.88694839 0.70173937
884.88488488 1.88105755 0.69672545
885.88588589 1.87764418 0.69690496
886.88688689 1.87645632 0.69700619
887.88788789 1.87551522 0.69730113
888.88888889 1.87427762 0.69763931
889.88988989 1.87241489 0.69753468
890.89089089 1.87084758 0.69728444
891.89189189 1.86981103 0.69736565
892.89289289 1.86569818 0.69882335
893.89389389 1.86343762 0.69792995
894.89489489 1.86257504 0.69799700
895.89589590 1.85920877 0.69684906
896.89689690 1.85796244 0.69745134
897.89789790 1.85685103 0.69762226
898.89889890 1.85495285 0.69844315
899.89989990 1.85233579 0.69839495
900.90090090 1.84996637 0.69869683
901.90190190 1.84658376 0.69732518
902.90290290 1.84565768 0.69745625
903.90390390 1.84217265 0.69519496
904.90490490 1.83927411 0.69640739
905.90590591 1.83716734 0.69709365
906.90690691 1.83594133 0.69700635
907.90790791 1.83256722 0.69517062
908.90890891 1.82996196 0.69534751
909.90990991 1.82908173 0.69549597
910.91091091 1.82812200 0.69563692
911.91191191 1.82412562 0.69124918
912.91291291 1.82131294 0.69201326
913.91391391 1.82049233 0.69212784
914.91491491 1.81956005 0.69225336
915.91591592 1.81836308 0.69246832
916.91691692 1.81738689 0.69255906
917.91791792 1.81530390 0.69453426
918.91891892 1.81305888 0.69477143
919.91991992 1.81063409 0.69214961
920.92092092 1.80832651 0.69181316
921.92192192 1.80322748 0.68989208
922.92292292 1.80124945 0.69115207
923.92392392 1.79845448 0.69084480
924.92492492 1.79605639 0.69275539
925.92592593 1.79410345 0.69328511
926.92692693 1.78803952 0.69119140
927.92792793 1.78509407 0.69146021
928.92892893 1.78309932 0.69162524
929.92992993 1.78090060 0.69117357
930.93093093 1.77985014 0.69126393
931.93193193 1.77795010 0.69190055
932.93293293 1.77549410 0.69218280
933.93393393 1.77090158 0.68961310
934.93493493 1.76776318 0.68927998
935.93593594 1.76617284 0.68850835
936.93693694 1.76417088 0.68885181
937.93793794 1.76330544 0.68891276
938.93893894 1.76275014 0.68864652
939.93993994 1.76194789 0.68904238
940.94094094 1.76085134 0.68936380
941.94194194 1.75977651 0.68950738
942.94294294 1.75750853 0.68965008
943.94394394 1.75682087 0.68952764
944.94494494 1.75594296 0.68953773
945.94594595 1.75307470 0.68775766
946.94694695 1.75163534 0.68692267
947.94794795 1.75079162 0.68692049
948.94894895 1.74987984 0.68715244
949.94994995 1.74892472 0.68723605
950.95095095 1.74692985 0.68799236
951.95195195 1.74580805 0.68823279
952.95295295 1.74450312 0.68832180
953.95395395 1.74251037 0.68998654
954.95495495 1.73987838 0.69101646
955.95595596 1.73800573 0.69129022
956.95695696 1.73748635 0.69095844
957.95795796 1.73580725 0.69114504
958.95895896 1.73022651 0.68898287
959.95995996 1.72900342 0.68939309
960.96096096 1.72759590 0.68988421
961.96196196 1.72724105 0.68917826
962.96296296 1.72550434 0.68898147
963.96396396 1.72324478 0.68774014
964.96496496 1.72057210 0.68684245
965.96596597 1.71694957 0.68591113
966.96696697 1.71537241 0.68623640
967.96796797 1.71439570 0.68640831
968.96896897 1.71249514 0.68738072
969.96996997 1.71181396 0.68723119
970.97097097 1.71087253 0.68731502
971.97197197 1.70987093 0.68749837
972.97297297 1.70719304 0.68490602
973.97397397 1.70624539 0.68497546
974.97497497 1.70350710 0.68512711
975.97597598 1.70193195 0.68538924
976.97697698 1.69987967 0.68608449
977.97797798 1.69617444 0.68625850
978.97897898 1.69549186 0.68612099
979.97997998 1.69136907 0.68358334
980.98098098 1.68863434 0.68326801
981.98198198 1.68565781 0.68293291
982.98298298 1.68444003 0.68293704
983.98398398 1.68308081 0.68234578
984.98498498 1.68068636 0.68042490
985.98598599 1.67882133 0.67960937
986.98698699 1.67874415 0.67887063
987.98798799 1.67416119 0.67836915
988.98898899 1.67215018 0.67825640
989.98998999 1.67136599 0.67835646
990.99099099 1.66834500 0.67893083
991.99199199 1.66735077 0.67897538
992.99299299 1.66583539 0.67873419
993.99399399 1.66506011 0.67892547
994.99499499 1.66258037 0.67588652
995.99599600 1.66039109 0.67719891
996.99699700 1.65848423 0.67711601
997.99799800 1.65686773 0.67754667
998.99899900 1.65475424 0.67771414
1000.00000000 1.65296466 0.67878855
