0.00000000 9.00000000 0.00000040
1.00050025 9.09495479 0.16086889
2.00100050 9.02527092 0.27926897
3.00150075 8.85506817 0.29931343
4.00200100 8.89228609 0.35790093
5.00250125 8.86799863 0.40691268
6.00300150 8.74233508 0.43379137
7.00350175 8.77699602 0.53721359
8.00400200 8.70139803 0.57667576
9.00450225 8.59762483 0.59475746
10.00500250 8.53582631 0.60607421
11.00550275 8.52266918 0.66759519
12.00600300 8.47912199 0.67054313
13.00650325 8.45160528 0.70802850
14.00700350 8.40648900 0.74188260
15.00750375 8.37550679 0.78197405
16.00800400 8.33942697 0.83516036
17.00850425 8.30208450 0.84313813
18.00900450 8.25630956 0.84638173
19.00950475 8.20803064 0.87501266
20.01000500 8.17776520 0.90374082
21.01050525 8.12720974 0.91352702
22.01100550 8.09580777 0.94763576
23.01150575 8.05170521 0.97389400
24.01200600 8.01714168 0.99733959
25.01250625 7.97279167 1.01916974
26.01300650 7.94773383 1.04806157
27.01350675 7.90591937 1.05681250
28.01400700 7.88376186 1.05583651
29.01450725 7.86330241 1.06161310
30.01500750 7.81978138 1.07474866
31.01550775 7.79388924 1.08544610
32.01600800 7.74400319 1.11279059
33.01650825 7.72996097 1.13566061
34.01700850 7.69052712 1.15561123
35.01750875 7.65844728 1.16418782
36.01800900 7.62066190 1.19315459
37.01850925 7.58711478 1.21701371
38.01900950 7.55070321 1.22645694
39.01950975 7.53270059 1.24101685
40.02001001 7.51541767 1.25286714
41.02051026 7.48454425 1.26540539
42.02101051 7.46048343 1.27495794
43.02151076 7.44700651 1.29326660
44.02201101 7.40718232 1.32975655
45.02251126 7.37139912 1.34252201
46.02301151 7.35486831 1.35569468
47.02351176 7.32856979 1.37900023
48.02401201 7.29824867 1.39604824
49.02451226 7.26308380 1.41761560
50.02501251 7.23929186 1.43581650
51.02551276 7.20913962 1.44803878
52.02601301 7.18361395 1.46237547
53.02651326 7.15571048 1.47958840
54.02701351 7.12483055 1.48983963
55.02751376 7.09404011 1.50663501
56.02801401 7.08221492 1.51886557
57.02851426 7.06106329 1.52217131
58.02901451 7.04123733 1.53914273
59.02951476 7.01984752 1.55634605
60.03001501 6.98937502 1.55674589
61.03051526 6.96656896 1.57988263
62.03101551 6.93159368 1.60328435
63.03151576 6.89644502 1.61282757
64.03201601 6.87521803 1.61869766
65.03251626 6.85624144 1.62996948
66.03301651 6.84966113 1.63327726
67.03351676 6.82595699 1.64500887
68.03401701 6.81154855 1.64850546
69.03451726 6.78459129 1.65520851
70.03501751 6.77563268 1.66134950
71.03551776 6.75196396 1.68342517
72.03601801 6.72550734 1.70006505
73.03651826 6.69054183 1.71212250
74.03701851 6.67025993 1.72747418
75.03751876 6.65798060 1.74122549
76.03801901 6.63135295 1.74516730
77.03851926 6.61094732 1.75903167
78.03901951 6.58421565 1.77625213
79.03951976 6.56406322 1.78894645
80.04002001 6.54154320 1.78812491
81.04052026 6.52293131 1.80331019
82.04102051 6.51497190 1.81044482
83.04152076 6.49878664 1.82266700
84.04202101 6.48609144 1.82960820
85.04252126 6.46622740 1.84042135
86.04302151 6.46597449 1.84502565
87.04352176 6.45575274 1.85777888
88.04402201 6.42980798 1.87648059
89.04452226 6.42087520 1.86855015
90.04502251 6.39692486 1.88432088
91.04552276 6.38365030 1.88856670
92.04602301 6.37238123 1.90516406
93.04652326 6.36736371 1.90098295
94.04702351 6.34855025 1.91120277
95.04752376 6.32608133 1.92366977
96.04802401 6.30783982 1.95137258
97.04852426 6.29936092 1.95004827
98.04902451 6.28353291 1.95315648
99.04952476 6.27185971 1.96113266
100.05002501 6.25722103 1.96172801
101.05052526 6.23861319 1.97378120
102.05102551 6.22798328 1.98342864
103.05152576 6.20358769 2.00489341
104.05202601 6.18955990 2.01050681
105.05252626 6.16454505 2.02234587
106.05302651 6.13538868 2.03933894
107.05352676 6.12434035 2.03854853
108.05402701 6.09565390 2.05097309
109.05452726 6.08646579 2.06764157
110.05502751 6.06049911 2.08264528
111.05552776 6.03390100 2.09481281
112.05602801 6.01374876 2.11301614
113.05652826 5.99586311 2.12075531
114.05702851 5.98335761 2.12919554
115.05752876 5.96497993 2.13805846
116.05802901 5.93983724 2.14885017
117.05852926 5.92942609 2.15863364
118.05902951 5.90511069 2.17035587
119.05952976 5.88747644 2.18932393
120.06003002 5.87785626 2.19162596
121.06053027 5.86163348 2.19960413
122.06103052 5.85064891 2.20653603
123.06153077 5.82217804 2.21428655
124.06203102 5.81286562 2.21365661
125.06253127 5.79188205 2.22160995
126.06303152 5.78030575 2.22830946
127.06353177 5.75337686 2.24520053
128.06403202 5.74351951 2.24717209
129.06453227 5.72130405 2.26190488
130.06503252 5.70959769 2.27179273
131.06553277 5.69324123 2.28236611
132.06603302 5.67517278 2.30308046
133.06653327 5.65529821 2.31456893
134.06703352 5.64632675 2.31474805
135.06753377 5.62352762 2.32101469
136.06803402 5.59852655 2.33640938
137.06853427 5.57470173 2.33552057
138.06903452 5.55369407 2.34456298
139.06953477 5.53367223 2.34554821
140.07003502 5.52070936 2.36400117
141.07053527 5.49506844 2.37437314
142.07103552 5.48464300 2.37732848
143.07153577 5.46293235 2.37773708
144.07203602 5.43955585 2.37909499
145.07253627 5.40823299 2.38541959
146.07303652 5.39265198 2.38720650
147.07353677 5.38063451 2.40018228
148.07403702 5.36119714 2.39639542
149.07453727 5.33936842 2.40663346
150.07503752 5.32392741 2.41555868
151.07553777 5.31676311 2.42328512
152.07603802 5.30043418 2.42569098
153.07653827 5.28874425 2.43643123
154.07703852 5.28444775 2.44026866
155.07753877 5.26963622 2.44685476
156.07803902 5.24341884 2.45173678
157.07853927 5.23625378 2.44839707
158.07903952 5.21939541 2.44725875
159.07953977 5.20554525 2.45870085
160.08004002 5.19380726 2.46842373
161.08054027 5.17601056 2.46419590
162.08104052 5.15077465 2.47309203
163.08154077 5.12176974 2.47444916
164.08204102 5.10588310 2.47758305
165.08254127 5.08496539 2.48927339
166.08304152 5.06920461 2.49846568
167.08354177 5.03368697 2.50474925
168.08404202 5.02000453 2.51551800
169.08454227 5.00071571 2.51571829
170.08504252 4.97853037 2.52480017
171.08554277 4.96160864 2.53004998
172.08604302 4.91787737 2.52554481
173.08654327 4.90043402 2.54219337
174.08704352 4.87465478 2.55485729
175.08754377 4.86540612 2.55090918
176.08804402 4.84387212 2.54570949
177.08854427 4.81135298 2.55520891
178.08904452 4.80489860 2.56453279
179.08954477 4.78838385 2.57583414
180.09004502 4.77213589 2.57592803
181.09054527 4.75966174 2.57873659
182.09104552 4.73704465 2.59135522
183.09154577 4.72683057 2.60105637
184.09204602 4.70681722 2.60027927
185.09254627 4.69198364 2.60113416
186.09304652 4.68196119 2.61021021
187.09354677 4.65909695 2.61202698
188.09404702 4.64385651 2.61657344
189.09454727 4.62558531 2.61915274
190.09504752 4.61001363 2.62216380
191.09554777 4.57602494 2.61756487
192.09604802 4.56127890 2.61780215
193.09654827 4.54429124 2.61595436
194.09704852 4.52692695 2.62541292
195.09754877 4.51131793 2.63094026
196.09804902 4.50141768 2.63759606
197.09854927 4.47321999 2.64973390
198.09904952 4.46488982 2.65098218
199.09954977 4.44956462 2.65242810
200.10005003 4.43185112 2.65452251
201.10055028 4.41619129 2.66690870
202.10105053 4.39719598 2.66818725
203.10155078 4.38808437 2.67507404
204.10205103 4.36914363 2.68053356
205.10255128 4.36065538 2.68441237
206.10305153 4.34359084 2.67698929
207.10355178 4.32254829 2.68303022
208.10405203 4.31897299 2.68540452
209.10455228 4.31341449 2.69240694
210.10505253 4.29426755 2.69413706
211.10555278 4.28102087 2.69799550
212.10605303 4.26243843 2.69910339
213.10655328 4.24890647 2.69479117
214.10705353 4.22846003 2.69554199
215.10755378 4.21892345 2.70575894
216.10805403 4.19788609 2.69560731
217.10855428 4.19455736 2.70167295
218.10905453 4.18624134 2.70181075
219.10955478 4.17391748 2.69374102
220.11005503 4.15503109 2.69791322
221.11055528 4.13247565 2.69741085
222.11105553 4.11814338 2.70376254
223.11155578 4.09532454 2.70134410
224.11205603 4.08146732 2.68867022
225.11255628 4.07109955 2.69008820
226.11305653 4.06685757 2.69381213
227.11355678 4.05985205 2.69668632
228.11405703 4.04130299 2.70413557
229.11455728 4.03920011 2.70096086
230.11505753 4.02327497 2.70701541
231.11555778 4.01076972 2.70835950
232.11605803 4.00743007 2.71403663
233.11655828 3.97743451 2.71270215
234.11705853 3.95356192 2.71697261
235.11755878 3.94282135 2.72004354
236.11805903 3.93002159 2.72258001
237.11855928 3.91301037 2.72059985
238.11905953 3.89989986 2.72392638
239.11955978 3.87529080 2.72599564
240.12006003 3.86602242 2.73206151
241.12056028 3.84900350 2.72815308
242.12106053 3.84014586 2.73416314
243.12156078 3.82706495 2.73821465
244.12206103 3.81716654 2.73928170
245.12256128 3.80825283 2.74332427
246.12306153 3.79058678 2.74070438
247.12356178 3.77929418 2.73832254
248.12406203 3.77085387 2.74846323
249.12456228 3.74222051 2.74108726
250.12506253 3.71850463 2.73886775
251.12556278 3.70765520 2.74298338
252.12606303 3.68353329 2.74093308
253.12656328 3.67657733 2.74637700
254.12706353 3.66025797 2.74358402
255.12756378 3.63819930 2.73566314
256.12806403 3.62562010 2.72639367
257.12856428 3.60743509 2.72293216
258.12906453 3.58960640 2.71828040
259.12956478 3.57179891 2.72294857
260.13006503 3.57071646 2.72384433
261.13056528 3.54935578 2.72481389
262.13106553 3.53296775 2.72678298
263.13156578 3.52509235 2.72565811
264.13206603 3.50039055 2.72812186
265.13256628 3.48914891 2.73083156
266.13306653 3.47218974 2.72622753
267.13356678 3.46552357 2.72705095
268.13406703 3.45366504 2.72905320
269.13456728 3.42994225 2.72524538
270.13506753 3.41431295 2.72394995
271.13556778 3.39016012 2.71809881
272.13606803 3.39040632 2.71743100
273.13656828 3.37704501 2.71134740
274.13706853 3.35987553 2.71691792
275.13756878 3.34455720 2.71779827
276.13806903 3.32941195 2.71880063
277.13856928 3.32031190 2.71738695
278.13906953 3.30358873 2.71865867
279.13956978 3.28337200 2.71489742
280.14007004 3.27187288 2.71546919
281.14057029 3.26229477 2.71792207
282.14107054 3.25326552 2.71796858
283.14157079 3.24117161 2.71975478
284.14207104 3.21659589 2.71060218
285.14257129 3.20734004 2.71211072
286.14307154 3.20807947 2.71063183
287.14357179 3.19570144 2.71243976
288.14407204 3.18220113 2.70670025
289.14457229 3.16749121 2.71050036
290.14507254 3.14203008 2.71704667
291.14557279 3.12729769 2.72388931
292.14607304 3.10781715 2.72493404
293.14657329 3.09506797 2.72061263
294.14707354 3.08060363 2.71971521
295.14757379 3.07296797 2.72050664
296.14807404 3.05892689 2.72511444
297.14857429 3.05227657 2.72431533
298.14907454 3.04298783 2.72504447
299.14957479 3.03139084 2.71870566
300.15007504 3.01663691 2.71525268
301.15057529 3.00409327 2.70794184
302.15107554 3.00083592 2.70972934
303.15157579 2.97744691 2.70692540
304.15207604 2.96078655 2.71040118
305.15257629 2.94859507 2.70782559
306.15307654 2.94361011 2.70634725
307.15357679 2.93312517 2.70614532
308.15407704 2.92814145 2.70064226
309.15457729 2.90805532 2.70118361
310.15507754 2.89251381 2.70383867
311.15557779 2.88454225 2.70440571
312.15607804 2.87131669 2.70188044
313.15657829 2.86606029 2.70693531
314.15707854 2.85281763 2.70726620
315.15757879 2.84611419 2.70363875
316.15807904 2.83819333 2.70140021
317.15857929 2.82857705 2.69574324
318.15907954 2.82062981 2.69986041
319.15957979 2.80896365 2.69864576
320.16008004 2.78942380 2.69558898
321.16058029 2.78157065 2.69594376
322.16108054 2.76751402 2.68998784
323.16158079 2.76434187 2.69515323
324.16208104 2.74981504 2.69356347
325.16258129 2.73130102 2.69621036
326.16308154 2.72267244 2.69663767
327.16358179 2.70377251 2.69276180
328.16408204 2.69601229 2.69352215
329.16458229 2.68268037 2.69415247
330.16508254 2.67071456 2.69331037
331.16558279 2.66651391 2.69134519
332.16608304 2.64495449 2.67190456
333.16658329 2.63463354 2.67572350
334.16708354 2.62608134 2.67536977
335.16758379 2.61804743 2.66962537
336.16808404 2.59608117 2.66445877
337.16858429 2.57781339 2.65432866
338.16908454 2.56242490 2.64976378
339.16958479 2.55674210 2.64677235
340.17008504 2.54812079 2.64224514
341.17058529 2.53475743 2.64115900
342.17108554 2.51814002 2.64028554
343.17158579 2.50838031 2.64341360
344.17208604 2.50348236 2.64284909
345.17258629 2.49012515 2.64296334
346.17308654 2.48994645 2.64233670
347.17358679 2.47257206 2.63246779
348.17408704 2.46612367 2.62680685
349.17458729 2.43358167 2.61752874
350.17508754 2.42370535 2.61490243
351.17558779 2.40983528 2.60918716
352.17608804 2.39801533 2.60568192
353.17658829 2.38330239 2.60243717
354.17708854 2.37652612 2.60224015
355.17758879 2.36381621 2.59728088
356.17808904 2.34257370 2.58626757
357.17858929 2.33067649 2.57701980
358.17908954 2.31746265 2.57771359
359.17958979 2.30496745 2.57649709
360.18009005 2.29932165 2.57795909
361.18059030 2.28993978 2.58056646
362.18109055 2.28336923 2.57529720
363.18159080 2.28286746 2.57415467
364.18209105 2.26526653 2.56574976
365.18259130 2.26216146 2.56694178
366.18309155 2.24517239 2.55371133
367.18359180 2.23842250 2.55531630
368.18409205 2.24125289 2.55435079
369.18459230 2.23416402 2.55277769
370.18509255 2.22675669 2.55386542
371.18559280 2.21606074 2.54818707
372.18609305 2.21346558 2.55273480
373.18659330 2.20269020 2.55302797
374.18709355 2.18955166 2.54890902
375.18759380 2.17622358 2.53817395
376.18809405 2.16563324 2.53827931
377.18859430 2.15536323 2.52924369
378.18909455 2.13559375 2.51585888
379.18959480 2.13961351 2.52576290
380.19009505 2.12902870 2.52513134
381.19059530 2.11677013 2.52507263
382.19109555 2.10053307 2.51990125
383.19159580 2.08450863 2.50848736
384.19209605 2.07771371 2.51020333
385.19259630 2.06693424 2.50621427
386.19309655 2.06118777 2.50598392
387.19359680 2.06043292 2.50087680
388.19409705 2.04274739 2.49278549
389.19459730 2.03618281 2.49463652
390.19509755 2.02719108 2.48602730
391.19559780 2.01602588 2.47905715
392.19609805 2.00215887 2.47219334
393.19659830 1.99543353 2.47184984
394.19709855 1.97839209 2.46371764
395.19759880 1.96487252 2.45748452
396.19809905 1.95051565 2.44274678
397.19859930 1.94439680 2.44504066
398.19909955 1.93055904 2.43340867
399.19959980 1.92890437 2.43437321
400.20010005 1.92585297 2.42881790
401.20060030 1.90288831 2.42001154
402.20110055 1.89166918 2.41098673
403.20160080 1.88133480 2.40412154
404.20210105 1.86793621 2.40761818
405.20260130 1.85882070 2.40271181
406.20310155 1.83774173 2.38924432
407.20360180 1.82297844 2.38353253
408.20410205 1.81128814 2.37742280
409.20460230 1.80562228 2.37732119
410.20510255 1.78828174 2.36687193
411.20560280 1.77837711 2.36120185
412.20610305 1.77022532 2.35946689
413.20660330 1.76109930 2.35671366
414.20710355 1.75371930 2.36140126
415.20760380 1.73609890 2.34414286
416.20810405 1.72322923 2.33978150
417.20860430 1.70849782 2.33042980
418.20910455 1.70046488 2.33666983
419.20960480 1.68756218 2.32337229
420.21010505 1.66945781 2.30273072
421.21060530 1.65816725 2.30330890
422.21110555 1.64891108 2.30104055
423.21160580 1.64511649 2.29882398
424.21210605 1.63302967 2.29065331
425.21260630 1.62131726 2.29617279
426.21310655 1.61180994 2.28979415
427.21360680 1.60482035 2.28783380
428.21410705 1.60021191 2.29499776
429.21460730 1.58540801 2.28468227
430.21510755 1.58226921 2.28645511
431.21560780 1.58042681 2.28538606
432.21610805 1.58015793 2.28741589
433.21660830 1.57486330 2.28420391
434.21710855 1.56666296 2.28283544
435.21760880 1.56248953 2.27409421
436.21810905 1.55305418 2.27041551
437.21860930 1.54434715 2.26036378
438.21910955 1.53404286 2.26257713
439.21960980 1.52949137 2.26074284
440.22011006 1.52769661 2.26215774
441.22061031 1.52564183 2.26438346
442.22111056 1.51716585 2.25880170
443.22161081 1.51319347 2.25345336
444.22211106 1.51393663 2.26224218
445.22261131 1.50329309 2.25593033
446.22311156 1.49630329 2.25243163
447.22361181 1.48803621 2.24379387
448.22411206 1.48024520 2.24578540
449.22461231 1.47326879 2.24494301
450.22511256 1.47008536 2.25222316
451.22561281 1.45888717 2.24229472
452.22611306 1.45113270 2.22948205
453.22661331 1.44651851 2.22863084
454.22711356 1.43774485 2.22507598
455.22761381 1.42509131 2.21457257
456.22811406 1.40948497 2.19792334
457.22861431 1.39858440 2.18805783
458.22911456 1.39105038 2.18963691
459.22961481 1.37924484 2.18349042
460.23011506 1.36812494 2.17567243
461.23061531 1.36186747 2.17785610
462.23111556 1.34888829 2.17201117
463.23161581 1.34674936 2.16560718
464.23211606 1.33738040 2.16146297
465.23261631 1.33576486 2.16085021
466.23311656 1.31995852 2.15066991
467.23361681 1.31286584 2.14811819
468.23411706 1.30407563 2.14383511
469.23461731 1.29937633 2.14013325
470.23511756 1.29686550 2.14313818
471.23561781 1.29225707 2.14056441
472.23611806 1.28755590 2.13659009
473.23661831 1.28005310 2.13673723
474.23711856 1.27322727 2.13463172
475.23761881 1.26878593 2.13162345
476.23811906 1.25977203 2.12296532
477.23861931 1.24947091 2.11618769
478.23911956 1.24731802 2.11992484
479.23961981 1.24035961 2.11519559
480.24012006 1.23183357 2.11718176
481.24062031 1.22608300 2.11107148
482.24112056 1.22045165 2.10391750
483.24162081 1.21537737 2.10301424
484.24212106 1.20527607 2.08368792
485.24262131 1.20038909 2.07988213
486.24312156 1.19326885 2.07473720
487.24362181 1.18900425 2.07900715
488.24412206 1.18147017 2.07482267
489.24462231 1.18035594 2.07436102
490.24512256 1.17456494 2.07593656
491.24562281 1.16740414 2.07443176
492.24612306 1.15930117 2.06664002
493.24662331 1.15219281 2.05925064
494.24712356 1.15415714 2.06361474
495.24762381 1.15165114 2.06275594
496.24812406 1.14681631 2.06339986
497.24862431 1.14554872 2.05424131
498.24912456 1.13334098 2.04342156
499.24962481 1.12759867 2.04143626
500.25012506 1.12626028 2.04397135
501.25062531 1.12584753 2.04277431
502.25112556 1.12231648 2.03870608
503.25162581 1.12205971 2.03984107
504.25212606 1.11841751 2.03729582
505.25262631 1.11193901 2.02939314
506.25312656 1.10582180 2.02013643
507.25362681 1.09778237 2.01129491
508.25412706 1.08862418 2.00797674
509.25462731 1.08545398 2.00670818
510.25512756 1.08480757 2.00344218
511.25562781 1.07520466 1.99137115
512.25612806 1.06975749 1.98570332
513.25662831 1.06530377 1.97436914
514.25712856 1.06174968 1.97047543
515.25762881 1.05679990 1.96533228
516.25812906 1.05133534 1.96241261
517.25862931 1.03978322 1.95409478
518.25912956 1.03269986 1.94223542
519.25962981 1.02908497 1.94077408
520.26013007 1.01918914 1.93278692
521.26063032 1.01572368 1.93007376
522.26113057 1.00928877 1.92103671
523.26163082 1.00245193 1.91758105
524.26213107 0.99633131 1.91454854
525.26263132 0.99001825 1.90893851
526.26313157 0.98241263 1.90554111
527.26363182 0.97691617 1.89942868
528.26413207 0.97918862 1.90545106
529.26463232 0.97440620 1.90338649
530.26513257 0.97069812 1.90182933
531.26563282 0.96201304 1.88738956
532.26613307 0.96038615 1.88965685
533.26663332 0.95790859 1.88860026
534.26713357 0.95153776 1.88256117
535.26763382 0.94617278 1.88278217
536.26813407 0.93888941 1.87747930
537.26863432 0.93189329 1.87199611
538.26913457 0.92602672 1.86645469
539.26963482 0.92251584 1.85885586
540.27013507 0.92048787 1.86188899
541.27063532 0.91427528 1.85398592
542.27113557 0.91586611 1.85313166
543.27163582 0.91058034 1.85387708
544.27213607 0.90622033 1.84627257
545.27263632 0.90595111 1.85266291
546.27313657 0.90002118 1.83911831
547.27363682 0.89322843 1.83124932
548.27413707 0.88262386 1.81102750
549.27463732 0.88296449 1.81361903
550.27513757 0.88012684 1.81135371
551.27563782 0.87820965 1.81155907
552.27613807 0.87392933 1.80850578
553.27663832 0.86464457 1.79607422
554.27713857 0.86121174 1.79803739
555.27763882 0.85536276 1.79228433
556.27813907 0.85433555 1.79123760
557.27863932 0.84720088 1.78834587
558.27913957 0.84726183 1.78954466
559.27963982 0.83979508 1.78399098
560.28014007 0.83356466 1.77969098
561.28064032 0.82891831 1.77939159
562.28114057 0.82414857 1.77750098
563.28164082 0.82526045 1.78045036
564.28214107 0.82469028 1.77799506
565.28264132 0.81698289 1.77368030
566.28314157 0.81285731 1.77106579
567.28364182 0.80779635 1.76698972
568.28414207 0.80294674 1.76740771
569.28464232 0.80054139 1.76790590
570.28514257 0.80061411 1.76973291
571.28564282 0.79307120 1.76812238
572.28614307 0.79088562 1.76313425
573.28664332 0.78978972 1.76113989
574.28714357 0.78364816 1.75156464
575.28764382 0.77837737 1.73776478
576.28814407 0.77240418 1.73262619
577.28864432 0.77082185 1.73099479
578.28914457 0.76100011 1.72093616
579.28964482 0.75337328 1.71419527
580.29014507 0.75132907 1.71411118
581.29064532 0.74569722 1.70726104
582.29114557 0.74033063 1.70206273
583.29164582 0.73813260 1.70267683
584.29214607 0.73767719 1.70477090
585.29264632 0.73187971 1.70127725
586.29314657 0.72919823 1.70147181
587.29364682 0.72516236 1.69193103
588.29414707 0.72317698 1.68296032
589.29464732 0.72016332 1.67715298
590.29514757 0.71781819 1.67351343
591.29564782 0.71361836 1.67160358
592.29614807 0.70932960 1.66242074
593.29664832 0.71231558 1.67102961
594.29714857 0.70831961 1.66766226
595.29764882 0.70325420 1.66357761
596.29814907 0.69572260 1.65171923
597.29864932 0.69488103 1.65166932
598.29914957 0.69180032 1.64850936
599.29964982 0.69501286 1.65519899
600.30015008 0.69359970 1.65373496
601.30065033 0.68828852 1.64932108
602.30115058 0.68593509 1.64251561
603.30165083 0.67646372 1.62348177
604.30215108 0.67063842 1.61822524
605.30265133 0.66041360 1.60343599
606.30315158 0.65414855 1.59479502
607.30365183 0.65326356 1.59984019
608.30415208 0.64443916 1.58085433
609.30465233 0.64279868 1.58233183
610.30515258 0.63750963 1.57133579
611.30565283 0.63290639 1.56805194
612.30615308 0.63541309 1.57259756
613.30665333 0.62954185 1.55299635
614.30715358 0.62581209 1.54682641
615.30765383 0.62019602 1.53727801
616.30815408 0.61719865 1.53604199
617.30865433 0.61099845 1.52083820
618.30915458 0.61170965 1.51965942
619.30965483 0.60973709 1.51937687
620.31015508 0.60435595 1.51178491
621.31065533 0.59963611 1.50561520
622.31115558 0.59759657 1.49766331
623.31165583 0.59741856 1.50297178
624.31215608 0.59510842 1.49908257
625.31265633 0.59548548 1.49816660
626.31315658 0.58992777 1.48417084
627.31365683 0.58786245 1.48266880
628.31415708 0.58370318 1.47446930
629.31465733 0.57712767 1.46086759
630.31515758 0.56895210 1.44144049
631.31565783 0.56668532 1.44110578
632.31615808 0.57087561 1.44338716
633.31665833 0.56408219 1.43177407
634.31715858 0.55842887 1.43081850
635.31765883 0.55635472 1.42873630
636.31815908 0.55289657 1.42445511
637.31865933 0.54792021 1.41769753
638.31915958 0.54489245 1.41862577
639.31965983 0.54453437 1.41499341
640.32016008 0.53985108 1.40487977
641.32066033 0.53760808 1.40728781
642.32116058 0.53192765 1.40224424
643.32166083 0.53100978 1.40244797
644.32216108 0.52412464 1.39518467
645.32266133 0.51337028 1.38370602
646.32316158 0.51126614 1.38396348
647.32366183 0.50397364 1.37929021
648.32416208 0.49375991 1.34954271
649.32466233 0.48459144 1.33028039
650.32516258 0.47932506 1.32228822
651.32566283 0.47340663 1.31178046
652.32616308 0.47530184 1.31170265
653.32666333 0.47637468 1.31606429
654.32716358 0.47804850 1.31574120
655.32766383 0.47996325 1.31028688
656.32816408 0.47738731 1.31175480
657.32866433 0.47012855 1.29888263
658.32916458 0.45955665 1.28017978
659.32966483 0.45508976 1.27391048
660.33016508 0.45360524 1.27090611
661.33066533 0.45046611 1.27438156
662.33116558 0.44907270 1.27318881
663.33166583 0.44562024 1.26816457
664.33216608 0.44359896 1.26679650
665.33266633 0.43500571 1.25212261
666.33316658 0.43054939 1.24676672
667.33366683 0.42836219 1.24391403
668.33416708 0.42662111 1.24300661
669.33466733 0.41990745 1.23677921
670.33516758 0.42167782 1.23230823
671.33566783 0.41779661 1.23060952
672.33616808 0.41684442 1.23570224
673.33666833 0.41317873 1.23050267
674.33716858 0.40810353 1.21909032
675.33766883 0.40695577 1.21916934
676.33816908 0.40290879 1.21435527
677.33866933 0.40081572 1.20988981
678.33916958 0.39959076 1.21049458
679.33966983 0.39766839 1.20483535
680.34017009 0.39639595 1.20691738
681.34067034 0.39450659 1.19609473
682.34117059 0.39151954 1.19169675
683.34167084 0.38908030 1.18906934
684.34217109 0.38870326 1.18641640
685.34267134 0.38220202 1.16880331
686.34317159 0.38292081 1.17471075
687.34367184 0.37933109 1.14933761
688.34417209 0.37578815 1.13667317
689.34467234 0.37470328 1.13822348
690.34517259 0.37347101 1.13496772
691.34567284 0.37279743 1.13853881
692.34617309 0.36599225 1.13134845
693.34667334 0.36225825 1.12993711
694.34717359 0.35714070 1.11112799
695.34767384 0.35619227 1.10954442
696.34817409 0.35722276 1.11718410
697.34867434 0.35605539 1.11814000
698.34917459 0.35329397 1.11432650
699.34967484 0.35097227 1.11061334
700.35017509 0.34988128 1.11876068
701.35067534 0.34806990 1.11721346
702.35117559 0.34503305 1.11275091
703.35167584 0.34198461 1.10803055
704.35217609 0.33945019 1.10505934
705.35267634 0.33933565 1.10976760
706.35317659 0.33354900 1.09601084
707.35367684 0.32873138 1.09021433
708.35417709 0.32622986 1.08918861
709.35467734 0.32699060 1.08782648
710.35517759 0.32653771 1.08234649
711.35567784 0.32497852 1.07777360
712.35617809 0.32335993 1.08068700
713.35667834 0.32219965 1.08068886
714.35717859 0.31818269 1.07261667
715.35767884 0.31868737 1.07669409
716.35817909 0.31501092 1.06926433
717.35867934 0.31258508 1.06430328
718.35917959 0.31297522 1.06477216
719.35967984 0.31163175 1.06587416
720.36018009 0.30858963 1.06109854
721.36068034 0.30516867 1.05083975
722.36118059 0.30283248 1.04220158
723.36168084 0.30830795 1.04985083
724.36218109 0.30414034 1.03744675
725.36268134 0.30244769 1.03359177
726.36318159 0.30120217 1.03064452
727.36368184 0.29865316 1.02722744
728.36418209 0.29944648 1.03270400
729.36468234 0.29720191 1.03099653
730.36518259 0.29718116 1.03282031
731.36568284 0.29682145 1.03274144
732.36618309 0.29261518 1.02198111
733.36668334 0.29208334 1.02156554
734.36718359 0.29207844 1.02358468
735.36768384 0.29199467 1.01161794
736.36818409 0.28503172 0.99891012
737.36868434 0.28654106 1.00127435
738.36918459 0.28445105 0.99654387
739.36968484 0.27652897 0.96854098
740.37018509 0.27753597 0.97257025
741.37068534 0.26690805 0.93329014
742.37118559 0.26452287 0.92333629
743.37168584 0.26411211 0.92676310
744.37218609 0.26095640 0.92156600
745.37268634 0.25600066 0.90462019
746.37318659 0.25583422 0.90422862
747.37368684 0.25510352 0.90480858
748.37418709 0.25165122 0.89660823
749.37468734 0.24773098 0.88351944
750.37518759 0.24696143 0.88522506
751.37568784 0.24547713 0.88353392
752.37618809 0.24311864 0.88094112
753.37668834 0.24290860 0.88378806
754.37718859 0.24654234 0.89031840
755.37768884 0.24347988 0.88447431
756.37818909 0.23918145 0.88083420
757.37868934 0.23866064 0.88094964
758.37918959 0.23497593 0.87622412
759.37968984 0.23262209 0.87379806
760.38019010 0.23435339 0.87686315
761.38069035 0.23344256 0.87460758
762.38119060 0.23372018 0.87682264
763.38169085 0.23373434 0.87701218
764.38219110 0.22955302 0.87026472
765.38269135 0.23311136 0.88371265
766.38319160 0.22944465 0.87489114
767.38369185 0.22800079 0.87475236
768.38419210 0.22693285 0.87334314
769.38469235 0.22425441 0.86710412
770.38519260 0.22282760 0.86589668
771.38569285 0.21956484 0.86206575
772.38619310 0.22213853 0.86503516
773.38669335 0.22136352 0.86430062
774.38719360 0.22080335 0.86404198
775.38769385 0.21917413 0.85784173
776.38819410 0.21837167 0.85721063
777.38869435 0.21852491 0.85890886
778.38919460 0.21844731 0.86076032
779.38969485 0.21525380 0.85401814
780.39019510 0.21351143 0.84612387
781.39069535 0.21395343 0.84313629
782.39119560 0.21576305 0.84344890
783.39169585 0.21349927 0.83563394
784.39219610 0.21421164 0.83660176
785.39269635 0.21851326 0.84044942
786.39319660 0.21826766 0.84090773
787.39369685 0.21648979 0.83910735
788.39419710 0.21412529 0.84016157
789.39469735 0.21400218 0.83958896
790.39519760 0.21247617 0.83837673
791.39569785 0.21312230 0.84254223
792.39619810 0.21218032 0.84331692
793.39669835 0.21166787 0.84137580
794.39719860 0.21134236 0.84119270
795.39769885 0.20816957 0.83894975
796.39819910 0.20729147 0.83779772
797.39869935 0.20498825 0.82860292
798.39919960 0.20402558 0.82888657
799.39969985 0.20246311 0.82431611
800.40020010 0.20341570 0.82362781
801.40070035 0.20277954 0.82326111
802.40120060 0.20468197 0.82507334
803.40170085 0.20653866 0.82609923
804.40220110 0.20583599 0.82620417
805.40270135 0.20451171 0.82622023
806.40320160 0.20125700 0.82134669
807.40370185 0.20154131 0.82332488
808.40420210 0.20041307 0.82382353
809.40470235 0.19955967 0.82245419
810.40520260 0.19869586 0.82295513
811.40570285 0.19940688 0.83193611
812.40620310 0.19800666 0.82849952
813.40670335 0.19697889 0.82887220
814.40720360 0.19467098 0.81856603
815.40770385 0.19489111 0.82015948
816.40820410 0.19399896 0.81598935
817.40870435 0.19291504 0.81360300
818.40920460 0.19196940 0.81181706
819.40970485 0.19319009 0.81314993
820.41020510 0.19155714 0.81405762
821.41070535 0.18930002 0.81050855
822.41120560 0.18447112 0.80699212
823.41170585 0.18573201 0.80803657
824.41220610 0.18413647 0.80736883
825.41270635 0.18294718 0.79331890
826.41320660 0.18255627 0.79084450
827.41370685 0.17899076 0.78686554
828.41420710 0.17743653 0.78146782
829.41470735 0.17684810 0.78595990
830.41520760 0.17423830 0.76824135
831.41570785 0.17112569 0.75885188
832.41620810 0.16817523 0.74803444
833.41670835 0.16802343 0.74708668
834.41720860 0.16657452 0.74635672
835.41770885 0.16549876 0.74507752
836.41820910 0.16378491 0.74317380
837.41870935 0.15965312 0.73848071
838.41920960 0.16001584 0.73835228
839.41970985 0.15914019 0.73790319
840.42021011 0.15954409 0.73692638
841.42071036 0.15927640 0.73695334
842.42121061 0.15887507 0.73719867
843.42171086 0.15611376 0.73810359
844.42221111 0.15730495 0.73860883
845.42271136 0.15433126 0.72801932
846.42321161 0.15436324 0.72137645
847.42371186 0.15328449 0.71224663
848.42421211 0.15123295 0.70822203
849.42471236 0.15261979 0.71199762
850.42521261 0.15157958 0.71243152
851.42571286 0.15007450 0.71146601
852.42621311 0.14906323 0.71089319
853.42671336 0.14903367 0.70541902
854.42721361 0.14979023 0.70790321
855.42771386 0.14719443 0.70272367
856.42821411 0.14692894 0.70370819
857.42871436 0.14694443 0.70478375
858.42921461 0.14736446 0.70209268
859.42971486 0.14555628 0.70067019
860.43021511 0.14424040 0.69915007
861.43071536 0.14500522 0.69851774
862.43121561 0.14271569 0.69558950
863.43171586 0.14074064 0.69468869
864.43221611 0.14258449 0.69696047
865.43271636 0.14210936 0.69536263
866.43321661 0.14010755 0.69389037
867.43371686 0.13761722 0.66597907
868.43421711 0.13592892 0.65898278
869.43471736 0.13501143 0.65648967
870.43521761 0.13344655 0.65566576
871.43571786 0.13411077 0.64262321
872.43621811 0.13552731 0.64921021
873.43671836 0.13444464 0.64510409
874.43721861 0.13542730 0.64984765
875.43771886 0.13876910 0.65050094
876.43821911 0.13814291 0.64863506
877.43871936 0.13743548 0.64896026
878.43921961 0.13440696 0.63529546
879.43971986 0.13581608 0.65289086
880.44022011 0.13396123 0.64739794
881.44072036 0.13492444 0.64981474
882.44122061 0.13363928 0.64317928
883.44172086 0.13167745 0.64282067
884.44222111 0.13099275 0.63723198
885.44272136 0.12833651 0.62281400
886.44322161 0.12651260 0.62216862
887.44372186 0.12352775 0.60505689
888.44422211 0.12332033 0.60847119
889.44472236 0.12213439 0.60423419
890.44522261 0.12114539 0.60316303
891.44572286 0.12212775 0.61706716
892.44622311 0.12221954 0.61827353
893.44672336 0.12074884 0.61477095
894.44722361 0.11955381 0.61462216
895.44772386 0.12309583 0.62084657
896.44822411 0.12272092 0.61887603
897.44872436 0.12199277 0.61976106
898.44922461 0.12193754 0.62078680
899.44972486 0.12202931 0.62153403
900.45022511 0.12118952 0.61923026
901.45072536 0.11770834 0.58981721
902.45122561 0.11689782 0.59671960
903.45172586 0.11431751 0.58126390
904.45222611 0.11473925 0.58425219
905.45272636 0.11365438 0.58092606
906.45322661 0.11124101 0.57766430
907.45372686 0.11132930 0.57950682
908.45422711 0.11007861 0.57608416
909.45472736 0.10922462 0.57620523
910.45522761 0.11064793 0.57663727
911.45572786 0.10982332 0.57767228
912.45622811 0.10669957 0.57502018
913.45672836 0.10662048 0.57400608
914.45722861 0.10867987 0.58115509
915.45772886 0.10695526 0.57762279
916.45822911 0.10611693 0.57457995
917.45872936 0.10660233 0.57517531
918.45922961 0.10636499 0.57752425
919.45972986 0.10584121 0.57801219
920.46023012 0.10495290 0.57509857
921.46073037 0.10559856 0.57731092
922.46123062 0.10622445 0.57770538
923.46173087 0.10660363 0.58310894
924.46223112 0.10567016 0.58057317
925.46273137 0.10518309 0.57423551
926.46323162 0.10460574 0.57243028
927.46373187 0.10277586 0.57402288
928.46423212 0.10256518 0.56998642
929.46473237 0.10317121 0.57524948
930.46523262 0.10304159 0.57587509
931.46573287 0.10102722 0.57179674
932.46623312 0.10146828 0.57500590
933.46673337 0.10072089 0.57171359
934.46723362 0.10169644 0.57794594
935.46773387 0.09980653 0.56374336
936.46823412 0.10076700 0.56163229
937.46873437 0.10146382 0.56351919
938.46923462 0.10165375 0.56262392
939.46973487 0.09834978 0.53104355
940.47023512 0.10035639 0.53436402
941.47073537 0.09991915 0.53330813
942.47123562 0.10075788 0.53522422
943.47173587 0.09928005 0.53188912
944.47223612 0.09526611 0.51658055
945.47273637 0.09579250 0.51867836
946.47323662 0.09278713 0.50160907
947.47373687 0.09081328 0.49859982
948.47423712 0.09074408 0.49567527
949.47473737 0.08896806 0.48835668
950.47523762 0.08905554 0.48825342
951.47573787 0.08826540 0.48796050
952.47623812 0.08816194 0.48791540
953.47673837 0.08857638 0.48541036
954.47723862 0.08791162 0.48517875
955.47773887 0.08600433 0.48306175
956.47823912 0.08489631 0.48033245
957.47873937 0.08425537 0.47822967
958.47923962 0.08369552 0.47691967
959.47973987 0.08001835 0.45620355
960.48024012 0.07953411 0.45468525
961.48074037 0.07897071 0.45610479
962.48124062 0.07745520 0.44499887
963.48174087 0.07927292 0.44983118
964.48224112 0.07883003 0.45124059
965.48274137 0.07795396 0.44982891
966.48324162 0.07795281 0.45127419
967.48374187 0.07830969 0.45068254
968.48424212 0.07749404 0.44680554
969.48474237 0.08005545 0.45176872
970.48524262 0.07994074 0.45258447
971.48574287 0.07853167 0.44934204
972.48624312 0.07825416 0.45201679
973.48674337 0.07716674 0.44974454
974.48724362 0.07654020 0.44936455
975.48774387 0.07821127 0.44887720
976.48824412 0.07805191 0.44909949
977.48874437 0.07811699 0.44987346
978.48924462 0.07703010 0.44612095
979.48974487 0.07615836 0.44578772
980.49024512 0.07631743 0.44673439
981.49074537 0.07429324 0.43877346
982.49124562 0.07402624 0.43844194
983.49174587 0.07389802 0.43928134
984.49224612 0.07483072 0.43884045
985.49274637 0.07402675 0.43723292
986.49324662 0.07231606 0.43393079
987.49374687 0.07173461 0.43284972
988.49424712 0.07189916 0.43434390
989.49474737 0.07307449 0.43442230
990.49524762 0.07193880 0.42883819
991.49574787 0.07341024 0.43932403
992.49624812 0.07295455 0.43715467
993.49674837 0.07402908 0.43768909
994.49724862 0.07121712 0.42299873
995.49774887 0.07295143 0.42563651
996.49824912 0.07194241 0.42115984
997.49874937 0.07054049 0.42257653
998.49924962 0.06975035 0.42247918
999.49974987 0.06954093 0.41930102
1000.50025013 0.06933032 0.41888964
1001.50075038 0.07010329 0.42189280
1002.50125063 0.07039255 0.42074241
1003.50175088 0.06935865 0.41950369
1004.50225113 0.06817276 0.41455034
1005.50275138 0.06478474 0.37793588
1006.50325163 0.06587772 0.38848041
1007.50375188 0.06560949 0.38916927
1008.50425213 0.06708507 0.39623648
1009.50475238 0.06877290 0.40534068
1010.50525263 0.06746842 0.39937611
1011.50575288 0.06692074 0.40044695
1012.50625313 0.06683995 0.39829280
1013.50675338 0.06516611 0.39311448
1014.50725363 0.06437120 0.39012596
1015.50775388 0.06365057 0.39103752
1016.50825413 0.06341632 0.38705623
1017.50875438 0.06257359 0.38115027
1018.50925463 0.06264699 0.38283864
1019.50975488 0.06212313 0.38116973
1020.51025513 0.06217900 0.38499194
1021.51075538 0.06006281 0.36603248
1022.51125563 0.06012521 0.36915763
1023.51175588 0.05789553 0.35969025
1024.51225613 0.05689758 0.35578934
1025.51275638 0.05456756 0.33899822
1026.51325663 0.05265038 0.32734215
1027.51375688 0.05289859 0.33042276
1028.51425713 0.05031313 0.31462910
1029.51475738 0.05104747 0.32011313
1030.51525763 0.05092035 0.31905078
1031.51575788 0.05154812 0.32553802
1032.51625813 0.05110765 0.32321578
1033.51675838 0.05136933 0.32180141
1034.51725863 0.04967978 0.31212900
1035.51775888 0.04979492 0.31059983
1036.51825913 0.05021121 0.31206028
1037.51875938 0.04931681 0.31290195
1038.51925963 0.04819247 0.30895803
1039.51975988 0.04841972 0.31183643
1040.52026013 0.04805838 0.30957885
1041.52076038 0.04832287 0.30847192
1042.52126063 0.04747218 0.30714730
1043.52176088 0.04886334 0.31305433
1044.52226113 0.04888470 0.31346041
1045.52276138 0.04826890 0.31176967
1046.52326163 0.04742268 0.31010582
1047.52376188 0.04721478 0.30888881
1048.52426213 0.04870675 0.31297335
1049.52476238 0.04655389 0.30789388
1050.52526263 0.04709170 0.30811340
1051.52576288 0.04632683 0.30893416
1052.52626313 0.04517534 0.30733571
1053.52676338 0.04554512 0.30728854
1054.52726363 0.04449173 0.30679310
1055.52776388 0.04368495 0.30787459
1056.52826413 0.04347469 0.30665645
1057.52876438 0.04303615 0.30563344
1058.52926463 0.04693723 0.31729670
1059.52976488 0.04734260 0.31894443
1060.53026513 0.04712265 0.31743480
1061.53076538 0.04671520 0.31881876
1062.53126563 0.04750161 0.32115318
1063.53176588 0.04733867 0.32203176
1064.53226613 0.04904391 0.32509332
1065.53276638 0.04835810 0.32306815
1066.53326663 0.04986216 0.32461677
1067.53376688 0.04672293 0.28720940
1068.53426713 0.04557118 0.28579886
1069.53476738 0.04600369 0.29268153
1070.53526763 0.04554709 0.29305504
1071.53576788 0.04651506 0.29378728
1072.53626813 0.04669653 0.29489799
1073.53676838 0.04515245 0.29414329
1074.53726863 0.04549473 0.30212263
1075.53776888 0.04575232 0.29633524
1076.53826913 0.04570536 0.29975294
1077.53876938 0.04460260 0.29412111
1078.53926963 0.04508727 0.29906119
1079.53976988 0.04456467 0.29850780
1080.54027014 0.04333104 0.28385553
1081.54077039 0.04514225 0.28903086
1082.54127064 0.04500882 0.28577431
1083.54177089 0.04508927 0.28818691
1084.54227114 0.04574560 0.29034316
1085.54277139 0.04592588 0.28988633
1086.54327164 0.04604254 0.29620117
1087.54377189 0.04578946 0.29369686
1088.54427214 0.04486170 0.29125622
1089.54477239 0.04402877 0.28815548
1090.54527264 0.04523463 0.29140387
1091.54577289 0.04596988 0.29228679
1092.54627314 0.04348337 0.28693306
1093.54677339 0.04403815 0.28717030
1094.54727364 0.04422168 0.28627479
1095.54777389 0.04577996 0.28776715
1096.54827414 0.04558121 0.28631251
1097.54877439 0.04459762 0.28449597
1098.54927464 0.04564567 0.28778687
1099.54977489 0.04494855 0.28402323
1100.55027514 0.04642253 0.28801243
1101.55077539 0.04555257 0.28614277
1102.55127564 0.04564583 0.28730897
1103.55177589 0.04490673 0.28220189
1104.55227614 0.04549298 0.28086267
1105.55277639 0.04594903 0.28310541
1106.55327664 0.04706098 0.28132925
1107.55377689 0.04724221 0.28251929
1108.55427714 0.04591486 0.27888224
1109.55477739 0.04561397 0.27710696
1110.55527764 0.04568522 0.27788137
1111.55577789 0.04442646 0.27363607
1112.55627814 0.04504067 0.27223649
1113.55677839 0.04574372 0.27325546
1114.55727864 0.04504690 0.27276062
1115.55777889 0.04450608 0.27031731
1116.55827914 0.04410369 0.26975399
1117.55877939 0.04518115 0.27325485
1118.55927964 0.04256191 0.25160590
1119.55977989 0.04229784 0.25313469
1120.56028014 0.04150345 0.24738548
1121.56078039 0.04135778 0.24822710
1122.56128064 0.04198962 0.25321977
1123.56178089 0.04220950 0.25540089
1124.56228114 0.04154471 0.25222822
1125.56278139 0.04236042 0.25371319
1126.56328164 0.03965067 0.22903367
1127.56378189 0.03630824 0.21024258
1128.56428214 0.03557460 0.20730649
1129.56478239 0.03529067 0.20712835
1130.56528264 0.03464784 0.19648442
1131.56578289 0.03412991 0.19499027
1132.56628314 0.03369043 0.19266378
1133.56678339 0.03362901 0.19132320
1134.56728364 0.03516798 0.19007394
1135.56778389 0.03523859 0.19117481
1136.56828414 0.03489004 0.18856900
1137.56878439 0.03406183 0.18482660
1138.56928464 0.03487735 0.18630909
1139.56978489 0.03575975 0.19117629
1140.57028514 0.03554254 0.18887440
1141.57078539 0.03376273 0.18222532
1142.57128564 0.03274195 0.17779879
1143.57178589 0.03254144 0.18654752
1144.57228614 0.03161455 0.18281703
1145.57278639 0.03108435 0.17974369
1146.57328664 0.03047192 0.17819021
1147.57378689 0.03025773 0.17819598
1148.57428714 0.02942142 0.17519518
1149.57478739 0.02961493 0.17553365
1150.57528764 0.02937669 0.17491436
1151.57578789 0.02811591 0.17225084
1152.57628814 0.03089253 0.19715194
1153.57678839 0.03115083 0.19985750
1154.57728864 0.03112668 0.20097222
1155.57778889 0.02913983 0.18303397
1156.57828914 0.03222942 0.19387598
1157.57878939 0.03128309 0.18646835
1158.57928964 0.03046978 0.18278978
1159.57978989 0.03029175 0.18164542
1160.58029015 0.02991785 0.18100774
1161.58079040 0.03254195 0.23462924
1162.58129065 0.03262589 0.23365296
1163.58179090 0.03384537 0.21789269
1164.58229115 0.03293027 0.21296416
1165.58279140 0.03287034 0.21607063
1166.58329165 0.03107110 0.16436200
1167.58379190 0.03122370 0.16606623
1168.58429215 0.02897552 0.15164518
1169.58479240 0.02948236 0.15270174
1170.58529265 0.02852952 0.14875731
1171.58579290 0.02746245 0.14471719
1172.58629315 0.02685201 0.14253944
1173.58679340 0.02470303 0.13572360
1174.58729365 0.02493569 0.13789198
1175.58779390 0.02446132 0.13507361
1176.58829415 0.02369019 0.13194709
1177.58879440 0.02359041 0.13078128
1178.58929465 0.02468418 0.13003811
1179.58979490 0.02607700 0.13541239
1180.59029515 0.02564445 0.13270602
1181.59079540 0.02576606 0.13068191
1182.59129565 0.02568569 0.13190209
1183.59179590 0.02507242 0.12948286
1184.59229615 0.02435505 0.12549513
1185.59279640 0.02256423 0.12090271
1186.59329665 0.02175558 0.11806793
1187.59379690 0.02167005 0.11648396
1188.59429715 0.02164481 0.11603432
1189.59479740 0.02125092 0.11647283
1190.59529765 0.02131919 0.11585211
1191.59579790 0.02115450 0.11470325
1192.59629815 0.02149010 0.11443946
1193.59679840 0.02096549 0.11313414
1194.59729865 0.02117593 0.11309463
1195.59779890 0.02151887 0.11396595
1196.59829915 0.02119638 0.11169893
1197.59879940 0.02111844 0.11080029
1198.59929965 0.02064995 0.11002438
1199.59979990 0.02057422 0.10950500
1200.60030015 0.02054515 0.10818684
1201.60080040 0.02033305 0.10785544
1202.60130065 0.02028770 0.10678714
1203.60180090 0.02070263 0.11127395
1204.60230115 0.02075117 0.11051225
1205.60280140 0.02075149 0.11050869
1206.60330165 0.02013587 0.10418146
1207.60380190 0.01901837 0.10061570
1208.60430215 0.01892226 0.09821457
1209.60480240 0.02043945 0.10553941
1210.60530265 0.02012833 0.10431374
1211.60580290 0.02022030 0.10318612
1212.60630315 0.02021823 0.10246107
1213.60680340 0.02024340 0.10215430
1214.60730365 0.01924743 0.09942635
1215.60780390 0.01904990 0.09886000
1216.60830415 0.01906751 0.09833270
1217.60880440 0.01883873 0.09678534
1218.60930465 0.01854338 0.09675663
1219.60980490 0.01858834 0.09565974
1220.61030515 0.01949861 0.10705874
1221.61080540 0.02031183 0.11287902
1222.61130565 0.01882592 0.10091658
1223.61180590 0.01911290 0.10081136
1224.61230615 0.01876655 0.10000658
1225.61280640 0.01780074 0.09302051
1226.61330665 0.01681698 0.08888473
1227.61380690 0.01683551 0.08615853
1228.61430715 0.01868140 0.09359815
1229.61480740 0.01813668 0.08852049
1230.61530765 0.01764944 0.08475322
1231.61580790 0.01743863 0.08473112
1232.61630815 0.01692825 0.08078138
1233.61680840 0.01653030 0.07755721
1234.61730865 0.01622416 0.07705091
1235.61780890 0.01605536 0.07865377
1236.61830915 0.01589962 0.07752422
1237.61880940 0.01647667 0.07903708
1238.61930965 0.01915418 0.12209018
1239.61980990 0.01997797 0.12234726
1240.62031016 0.01903006 0.11640774
1241.62081041 0.01921108 0.11724073
1242.62131066 0.01905141 0.11358322
1243.62181091 0.01919721 0.11334062
1244.62231116 0.01977817 0.11456576
1245.62281141 0.01981150 0.11140145
1246.62331166 0.01863443 0.10963899
1247.62381191 0.01836500 0.10783004
1248.62431216 0.01811151 0.10477161
1249.62481241 0.01750226 0.10159062
1250.62531266 0.01734474 0.10162166
1251.62581291 0.01596885 0.09724871
1252.62631316 0.01636392 0.09739245
1253.62681341 0.01620350 0.09672927
1254.62731366 0.01567625 0.09476721
1255.62781391 0.01719759 0.10292866
1256.62831416 0.01750649 0.10396800
1257.62881441 0.01760725 0.10221022
1258.62931466 0.01774549 0.10125672
1259.62981491 0.01767996 0.10185296
1260.63031516 0.01778782 0.10177939
1261.63081541 0.01726425 0.09589796
1262.63131566 0.01699606 0.09542415
1263.63181591 0.01738481 0.09380423
1264.63231616 0.01788508 0.09517904
1265.63281641 0.01616836 0.08988192
1266.63331666 0.01556472 0.08773391
1267.63381691 0.01593450 0.08856043
1268.63431716 0.01581923 0.08819607
1269.63481741 0.01476692 0.08461611
1270.63531766 0.01443789 0.08365963
1271.63581791 0.01482732 0.08377537
1272.63631816 0.01635959 0.09100059
1273.63681841 0.01592565 0.09161323
1274.63731866 0.01537996 0.08920452
1275.63781891 0.01612073 0.08984828
1276.63831916 0.01812805 0.09855263
1277.63881941 0.01818123 0.10018613
1278.63931966 0.01773162 0.09776125
1279.63981991 0.01788753 0.09989301
1280.64032016 0.01778398 0.10015365
1281.64082041 0.01674332 0.09159962
1282.64132066 0.01622227 0.08923749
1283.64182091 0.01711864 0.09134588
1284.64232116 0.01761369 0.09337302
1285.64282141 0.01727182 0.09155482
1286.64332166 0.01686572 0.08970055
1287.64382191 0.01723040 0.09248293
1288.64432216 0.01708093 0.09358627
1289.64482241 0.01627313 0.08928197
1290.64532266 0.01631310 0.09040437
1291.64582291 0.01690984 0.09246609
1292.64632316 0.01682012 0.09124787
1293.64682341 0.01813261 0.09861415
1294.64732366 0.01872407 0.10119024
1295.64782391 0.01759972 0.09244522
1296.64832416 0.01707224 0.09043035
1297.64882441 0.01700597 0.09198056
1298.64932466 0.01713991 0.09194991
1299.64982491 0.01789413 0.09333167
1300.65032516 0.01782620 0.09414695
1301.65082541 0.01738892 0.09243287
1302.65132566 0.01686350 0.08896558
1303.65182591 0.01669919 0.08786995
1304.65232616 0.01636527 0.08660563
1305.65282641 0.01636638 0.08591852
1306.65332666 0.01715061 0.08850905
1307.65382691 0.01738642 0.08982579
1308.65432716 0.01677542 0.08811639
1309.65482741 0.01718545 0.08783837
1310.65532766 0.01773786 0.08913442
1311.65582791 0.01805802 0.08945098
1312.65632816 0.01779028 0.08713392
1313.65682841 0.01607925 0.07867085
1314.65732866 0.01712631 0.08414690
1315.65782891 0.01824244 0.08832357
1316.65832916 0.01869592 0.08885381
1317.65882941 0.01960322 0.09373430
1318.65932966 0.01922263 0.09269040
1319.65982991 0.01925588 0.09195658
1320.66033017 0.02026493 0.09396565
1321.66083042 0.01993072 0.09762425
1322.66133067 0.01867841 0.09476696
1323.66183092 0.01873963 0.09331956
1324.66233117 0.01739714 0.08512543
1325.66283142 0.01635877 0.07999685
1326.66333167 0.01680880 0.08254288
1327.66383192 0.01667465 0.08369090
1328.66433217 0.01590526 0.07855566
1329.66483242 0.01698125 0.08550599
1330.66533267 0.01677783 0.08361151
1331.66583292 0.01638057 0.08145480
1332.66633317 0.01698392 0.08581567
1333.66683342 0.01714611 0.08460973
1334.66733367 0.01803469 0.08875654
1335.66783392 0.01750934 0.08781545
1336.66833417 0.01824592 0.08932054
1337.66883442 0.02178990 0.10243713
1338.66933467 0.02061775 0.09810431
1339.66983492 0.02003519 0.09556061
1340.67033517 0.01975782 0.09416800
1341.67083542 0.01852339 0.08879346
1342.67133567 0.01835787 0.08840848
1343.67183592 0.01855113 0.08978567
1344.67233617 0.01858406 0.09167480
1345.67283642 0.01859096 0.09408290
1346.67333667 0.01711553 0.08487409
1347.67383692 0.01632399 0.08283485
1348.67433717 0.01596890 0.08122054
1349.67483742 0.01593100 0.08130555
1350.67533767 0.01565949 0.08094358
1351.67583792 0.01577089 0.08183628
1352.67633817 0.01582927 0.08023112
1353.67683842 0.01562142 0.07903818
1354.67733867 0.01491495 0.07636915
1355.67783892 0.01435613 0.07450745
1356.67833917 0.01469620 0.07584914
1357.67883942 0.01462177 0.07636323
1358.67933967 0.01601966 0.08551170
1359.67983992 0.01769286 0.09676083
1360.68034017 0.01738219 0.09513141
1361.68084042 0.01719456 0.09411295
1362.68134067 0.01684574 0.09223359
1363.68184092 0.01647764 0.08763809
1364.68234117 0.01573968 0.08539404
1365.68284142 0.01564664 0.08408633
1366.68334167 0.01482174 0.07825359
1367.68384192 0.01492802 0.07726831
1368.68434217 0.01569938 0.08309914
1369.68484242 0.01610809 0.08920211
1370.68534267 0.01509349 0.08193719
1371.68584292 0.01477206 0.07939613
1372.68634317 0.01438573 0.07836330
1373.68684342 0.01396237 0.07499582
1374.68734367 0.01298648 0.06944290
1375.68784392 0.01341094 0.07202909
1376.68834417 0.01415547 0.07406228
1377.68884442 0.01590436 0.08622317
1378.68934467 0.01575049 0.08590887
1379.68984492 0.01563254 0.08772490
1380.69034517 0.01526561 0.08561992
1381.69084542 0.01348258 0.06946620
1382.69134567 0.01699295 0.09028077
1383.69184592 0.01705143 0.09389938
1384.69234617 0.01680657 0.09289602
1385.69284642 0.01668733 0.09068123
1386.69334667 0.01654445 0.08987272
1387.69384692 0.01645977 0.09133156
1388.69434717 0.01798310 0.10246018
1389.69484742 0.01838454 0.10996235
1390.69534767 0.01848416 0.10541695
1391.69584792 0.01849313 0.10508727
1392.69634817 0.01788471 0.10493399
1393.69684842 0.01802787 0.10413327
1394.69734867 0.01800006 0.10313934
1395.69784892 0.01729973 0.10260706
1396.69834917 0.01686484 0.10022906
1397.69884942 0.01608449 0.09519201
1398.69934967 0.01649307 0.09909017
1399.69984992 0.01717501 0.09963147
1400.70035018 0.01690002 0.09832162
1401.70085043 0.01654123 0.09818150
1402.70135068 0.01867309 0.11033529
1403.70185093 0.01805174 0.10654216
1404.70235118 0.01747149 0.10401001
1405.70285143 0.01778995 0.09966742
1406.70335168 0.01890433 0.10684811
1407.70385193 0.01836915 0.10276978
1408.70435218 0.01796003 0.10230019
1409.70485243 0.01791488 0.10129312
1410.70535268 0.01793651 0.09990614
1411.70585293 0.01703836 0.09405405
1412.70635318 0.01635744 0.09033957
1413.70685343 0.01618652 0.08829643
1414.70735368 0.02279130 0.17718025
1415.70785393 0.02210752 0.17442624
1416.70835418 0.02124002 0.17027466
1417.70885443 0.02154039 0.17154529
1418.70935468 0.02141333 0.17153283
1419.70985493 0.02076971 0.17123798
1420.71035518 0.02112067 0.17524688
1421.71085543 0.02128294 0.17857016
1422.71135568 0.02047327 0.17061920
1423.71185593 0.02031986 0.16814468
1424.71235618 0.01988564 0.16698143
1425.71285643 0.01942212 0.16532357
1426.71335668 0.02013883 0.17129208
1427.71385693 0.01977987 0.16889765
1428.71435718 0.01955419 0.16927956
1429.71485743 0.02019370 0.17235411
1430.71535768 0.01937711 0.17049186
1431.71585793 0.01785089 0.16119289
1432.71635818 0.01884814 0.16400762
1433.71685843 0.01934037 0.16513162
1434.71735868 0.01789928 0.15763778
1435.71785893 0.01792867 0.15966230
1436.71835918 0.01712025 0.15892038
1437.71885943 0.01629178 0.15639616
1438.71935968 0.01616247 0.15682095
1439.71985993 0.01608549 0.15724615
1440.72036018 0.01580141 0.15487336
1441.72086043 0.01608932 0.15541494
1442.72136068 0.01584036 0.15584740
1443.72186093 0.01556719 0.15439149
1444.72236118 0.01867791 0.16170392
1445.72286143 0.01939551 0.16434738
1446.72336168 0.01961942 0.16561517
1447.72386193 0.01901643 0.16310371
1448.72436218 0.01946292 0.16377136
1449.72486243 0.01998049 0.16629595
1450.72536268 0.01905311 0.16100921
1451.72586293 0.01878418 0.16023646
1452.72636318 0.02130439 0.16938892
1453.72686343 0.02234113 0.17078892
1454.72736368 0.02149504 0.17084423
1455.72786393 0.02054216 0.16824044
1456.72836418 0.02047119 0.16782796
1457.72886443 0.02018855 0.16636215
1458.72936468 0.01940548 0.16330234
1459.72986493 0.01912738 0.16276898
1460.73036518 0.01875869 0.16174134
1461.73086543 0.01989719 0.16160232
1462.73136568 0.02119289 0.16530859
1463.73186593 0.01915035 0.15945280
1464.73236618 0.01931636 0.15973028
1465.73286643 0.01976204 0.16006358
1466.73336668 0.02150015 0.16652872
1467.73386693 0.02224828 0.16687716
1468.73436718 0.02189378 0.16622573
1469.73486743 0.02293759 0.17025006
1470.73536768 0.02297736 0.17113389
1471.73586793 0.02251330 0.16831632
1472.73636818 0.02482058 0.17367390
1473.73686843 0.02486620 0.17470996
1474.73736868 0.02382441 0.17175750
1475.73786893 0.02306947 0.16744145
1476.73836918 0.02305453 0.16717206
1477.73886943 0.02321707 0.16804715
1478.73936968 0.02255677 0.16581755
1479.73986993 0.02265846 0.16725481
1480.74037019 0.02306164 0.16798801
1481.74087044 0.02082609 0.15763394
1482.74137069 0.02101176 0.15875931
1483.74187094 0.02139070 0.16085281
1484.74237119 0.02161583 0.15899617
1485.74287144 0.02110527 0.15715191
1486.74337169 0.02105597 0.15649933
1487.74387194 0.02142129 0.15566042
1488.74437219 0.02182753 0.15697525
1489.74487244 0.02111483 0.15447331
1490.74537269 0.02101218 0.15205087
1491.74587294 0.02254941 0.15967301
1492.74637319 0.02196279 0.15481130
1493.74687344 0.02207224 0.15428504
1494.74737369 0.02511118 0.16428723
1495.74787394 0.02666846 0.16932895
1496.74837419 0.02795517 0.17102866
1497.74887444 0.03053812 0.17810469
1498.74937469 0.02919210 0.17300895
1499.74987494 0.02774748 0.16488096
1500.75037519 0.02713736 0.16643194
1501.75087544 0.02648356 0.16437321
1502.75137569 0.02592597 0.16218903
1503.75187594 0.02572870 0.16023466
1504.75237619 0.02530148 0.15997267
1505.75287644 0.02509791 0.15783425
1506.75337669 0.02415415 0.15638475
1507.75387694 0.02402037 0.15533669
1508.75437719 0.02355338 0.15521592
1509.75487744 0.02322371 0.15228547
1510.75537769 0.02299324 0.15182659
1511.75587794 0.02257087 0.15091265
1512.75637819 0.02243500 0.14882122
1513.75687844 0.02234507 0.14849313
1514.75737869 0.02199893 0.15025170
1515.75787894 0.02187615 0.15414086
1516.75837919 0.02228281 0.15485071
1517.75887944 0.02399440 0.15713737
1518.75937969 0.02322545 0.15407647
1519.75987994 0.02344004 0.15239101
1520.76038019 0.02447987 0.15786091
1521.76088044 0.02352240 0.15063129
1522.76138069 0.02248393 0.14654350
1523.76188094 0.02225863 0.14641493
1524.76238119 0.02236068 0.14659929
1525.76288144 0.02220695 0.14573821
1526.76338169 0.02197770 0.14536562
1527.76388194 0.02301893 0.15871006
1528.76438219 0.02440071 0.16513626
1529.76488244 0.02394666 0.16119921
1530.76538269 0.02341301 0.15815848
1531.76588294 0.02374515 0.15671959
1532.76638319 0.02360182 0.15543344
1533.76688344 0.02364346 0.15281518
1534.76738369 0.02437640 0.15455057
1535.76788394 0.02390034 0.15020897
1536.76838419 0.02284033 0.14978115
1537.76888444 0.02238166 0.14770094
1538.76938469 0.02191270 0.14424441
1539.76988494 0.02175311 0.14230474
1540.77038519 0.02172438 0.14365923
1541.77088544 0.02312156 0.14815293
1542.77138569 0.02278421 0.14456016
1543.77188594 0.02302433 0.14549593
1544.77238619 0.02259471 0.14478060
1545.77288644 0.02261045 0.14377505
1546.77338669 0.02189507 0.14229143
1547.77388694 0.02230929 0.14369563
1548.77438719 0.02175820 0.14155931
1549.77488744 0.02126824 0.13940825
1550.77538769 0.02103189 0.13806623
1551.77588794 0.02120116 0.13772783
1552.77638819 0.02081450 0.13576040
1553.77688844 0.01926992 0.12929861
1554.77738869 0.02147054 0.13622316
1555.77788894 0.02135124 0.13700005
1556.77838919 0.02177175 0.13575992
1557.77888944 0.02119086 0.13310227
1558.77938969 0.02067303 0.13255322
1559.77988994 0.02052109 0.13059417
1560.78039020 0.02063665 0.12985234
1561.78089045 0.01985307 0.12826224
1562.78139070 0.02004075 0.12745828
1563.78189095 0.01935586 0.12632793
1564.78239120 0.01886294 0.12525125
1565.78289145 0.01898306 0.12400825
1566.78339170 0.01867104 0.12297058
1567.78389195 0.01832710 0.12194853
1568.78439220 0.01839930 0.12157591
1569.78489245 0.01819726 0.12092319
1570.78539270 0.01962636 0.12626429
1571.78589295 0.01931749 0.12490119
1572.78639320 0.01928705 0.12392774
1573.78689345 0.02409130 0.14048460
1574.78739370 0.02400054 0.13983677
1575.78789395 0.02308796 0.13484583
1576.78839420 0.02534666 0.14587370
1577.78889445 0.02565341 0.14571398
1578.78939470 0.02571133 0.14423905
1579.78989495 0.02719386 0.15176829
1580.79039520 0.02848554 0.15307575
1581.79089545 0.02813125 0.14866070
1582.79139570 0.03035985 0.15313100
1583.79189595 0.02650312 0.13635403
1584.79239620 0.02532383 0.13201728
1585.79289645 0.02463109 0.12858902
1586.79339670 0.02373387 0.12619997
1587.79389695 0.02409953 0.12763404
1588.79439720 0.02388729 0.12916916
1589.79489745 0.02344601 0.12765903
1590.79539770 0.02283873 0.12757767
1591.79589795 0.02527583 0.13515795
1592.79639820 0.02461035 0.12959002
1593.79689845 0.02373731 0.12749379
1594.79739870 0.02412051 0.13142965
1595.79789895 0.02312323 0.12446264
1596.79839920 0.02202050 0.11816613
1597.79889945 0.02080464 0.11470635
1598.79939970 0.02046690 0.11234367
1599.79989995 0.02021628 0.11022701
1600.80040020 0.01847835 0.10252885
1601.80090045 0.01783000 0.10305154
1602.80140070 0.01879142 0.10339292
1603.80190095 0.01855425 0.10321261
1604.80240120 0.01783391 0.10032896
1605.80290145 0.01795245 0.09855150
1606.80340170 0.01773057 0.09649852
1607.80390195 0.01669602 0.09242619
1608.80440220 0.01671199 0.09379225
1609.80490245 0.01687771 0.09740169
1610.80540270 0.01623807 0.09476625
1611.80590295 0.01628669 0.09519977
1612.80640320 0.01615735 0.09564445
1613.80690345 0.01547445 0.09081820
1614.80740370 0.01600672 0.08972645
1615.80790395 0.01580729 0.08863869
1616.80840420 0.01666297 0.09159817
1617.80890445 0.01679855 0.09423492
1618.80940470 0.01575097 0.09203847
1619.80990495 0.01629387 0.09195260
1620.81040520 0.01715289 0.09440755
1621.81090545 0.01777012 0.09419294
1622.81140570 0.01685503 0.08942317
1623.81190595 0.01668980 0.08931441
1624.81240620 0.01627557 0.08777507
1625.81290645 0.01549812 0.08566304
1626.81340670 0.01529851 0.08454566
1627.81390695 0.01564345 0.08570318
1628.81440720 0.01584309 0.08592160
1629.81490745 0.01616947 0.08615779
1630.81540770 0.01619156 0.08530223
1631.81590795 0.01579032 0.08337421
1632.81640820 0.01590521 0.08347980
1633.81690845 0.01629637 0.08476524
1634.81740870 0.01571607 0.08197509
1635.81790895 0.01528702 0.08068927
1636.81840920 0.01752449 0.09351621
1637.81890945 0.01764040 0.09354238
1638.81940970 0.01639018 0.08685053
1639.81990995 0.01590240 0.08488392
1640.82041021 0.01672112 0.08673430
1641.82091046 0.01670407 0.08562281
1642.82141071 0.01613289 0.08413323
1643.82191096 0.01549512 0.08163003
1644.82241121 0.01592206 0.08239768
1645.82291146 0.01640212 0.08419454
1646.82341171 0.01571206 0.08077621
1647.82391196 0.01559599 0.07990875
1648.82441221 0.01614941 0.08140388
1649.82491246 0.01580787 0.08011991
1650.82541271 0.01614398 0.08021602
1651.82591296 0.01621713 0.07903995
1652.82641321 0.01478325 0.07274614
1653.82691346 0.01471326 0.07204267
1654.82741371 0.01457911 0.07166747
1655.82791396 0.01430294 0.07104957
1656.82841421 0.01423567 0.07010833
1657.82891446 0.01453655 0.07052784
1658.82941471 0.01483568 0.07373952
1659.82991496 0.01398063 0.06777827
1660.83041521 0.01441682 0.06811560
1661.83091546 0.01534516 0.07380115
1662.83141571 0.01697228 0.08203888
1663.83191596 0.01606434 0.07761942
1664.83241621 0.01636945 0.07899756
1665.83291646 0.01621631 0.07867670
1666.83341671 0.01632349 0.07681940
1667.83391696 0.01503752 0.06801917
1668.83441721 0.01519358 0.06815411
1669.83491746 0.01530254 0.06830106
1670.83541771 0.01471400 0.06432027
1671.83591796 0.01430882 0.06485828
1672.83641821 0.01638443 0.07679177
1673.83691846 0.01533960 0.07235312
1674.83741871 0.01488807 0.07250576
1675.83791896 0.01492738 0.07365752
1676.83841921 0.01528401 0.07494568
1677.83891946 0.01488518 0.07345677
1678.83941971 0.01481541 0.07138293
1679.83991996 0.01537814 0.07372047
1680.84042021 0.01590584 0.07269499
1681.84092046 0.01597595 0.07230824
1682.84142071 0.01488826 0.06538152
1683.84192096 0.01538334 0.06601593
1684.84242121 0.01575520 0.06929716
1685.84292146 0.01489441 0.06579246
1686.84342171 0.01506134 0.07004831
1687.84392196 0.01877334 0.08988220
1688.84442221 0.01863822 0.08572706
1689.84492246 0.01807208 0.08312316
1690.84542271 0.01753185 0.08196111
1691.84592296 0.01769729 0.07964205
1692.84642321 0.01813803 0.08374496
1693.84692346 0.01799146 0.08486803
1694.84742371 0.01779369 0.08076743
1695.84792396 0.01817387 0.08348487
1696.84842421 0.01692812 0.07905121
1697.84892446 0.01687793 0.07701902
1698.84942471 0.01714756 0.07786296
1699.84992496 0.01771541 0.07981222
1700.85042521 0.01775840 0.08018999
1701.85092546 0.01726066 0.07897164
1702.85142571 0.01732506 0.07892874
1703.85192596 0.01687222 0.07767893
1704.85242621 0.01598608 0.07563409
1705.85292646 0.01705326 0.07996388
1706.85342671 0.01682692 0.07961360
1707.85392696 0.01634828 0.07720077
1708.85442721 0.01612651 0.07710250
1709.85492746 0.01655641 0.07712117
1710.85542771 0.01692618 0.07829146
1711.85592796 0.01835592 0.08844685
1712.85642821 0.01782250 0.08620363
1713.85692846 0.01961451 0.09516485
1714.85742871 0.01898899 0.09123448
1715.85792896 0.01755998 0.08373042
1716.85842921 0.01740923 0.08457940
1717.85892946 0.01691844 0.08347095
1718.85942971 0.01686567 0.07782831
1719.85992996 0.01657745 0.07686169
1720.86043022 0.01695884 0.08133610
1721.86093047 0.01721117 0.08452761
1722.86143072 0.01676278 0.08208349
1723.86193097 0.01634417 0.08124703
1724.86243122 0.01935438 0.09799134
1725.86293147 0.01973083 0.09697486
1726.86343172 0.01939370 0.09358332
1727.86393197 0.01861809 0.09154308
1728.86443222 0.02026262 0.10060022
1729.86493247 0.02014732 0.09787947
1730.86543272 0.01968988 0.09585969
1731.86593297 0.01959542 0.09722745
1732.86643322 0.01940457 0.09771060
1733.86693347 0.01903124 0.09644474
1734.86743372 0.01922975 0.10031551
1735.86793397 0.01873770 0.09752310
1736.86843422 0.01908418 0.09526650
1737.86893447 0.01868794 0.09350826
1738.86943472 0.01773849 0.08755052
1739.86993497 0.01761480 0.08773441
1740.87043522 0.01700345 0.08446870
1741.87093547 0.01527940 0.07429451
1742.87143572 0.01629153 0.08322701
1743.87193597 0.01590184 0.07947314
1744.87243622 0.01434490 0.06965404
1745.87293647 0.01526227 0.07650959
1746.87343672 0.01580132 0.07536827
1747.87393697 0.01533469 0.07494531
1748.87443722 0.01698806 0.08197472
1749.87493747 0.01909264 0.09256943
1750.87543772 0.01892866 0.09001457
1751.87593797 0.01906836 0.09128175
1752.87643822 0.01739249 0.08491348
1753.87693847 0.01658210 0.07850935
1754.87743872 0.01653571 0.07775229
1755.87793897 0.01586516 0.07267669
1756.87843922 0.01554425 0.07534151
1757.87893947 0.01505352 0.07397255
1758.87943972 0.01546721 0.07366278
1759.87993997 0.01465061 0.06989181
1760.88044022 0.01450590 0.06809784
1761.88094047 0.01259443 0.05777821
1762.88144072 0.01339067 0.05970187
1763.88194097 0.01283156 0.05653497
1764.88244122 0.01462394 0.06998846
1765.88294147 0.01482701 0.06931837
1766.88344172 0.01418705 0.06370561
1767.88394197 0.01306070 0.06005485
1768.88444222 0.01322733 0.06129762
1769.88494247 0.01243452 0.05316491
1770.88544272 0.01256932 0.05384673
1771.88594297 0.01286981 0.06144884
1772.88644322 0.01284548 0.06115961
1773.88694347 0.01202244 0.05606669
1774.88744372 0.01172375 0.05307532
1775.88794397 0.01346279 0.06797767
1776.88844422 0.01324155 0.06382106
1777.88894447 0.01270999 0.06166100
1778.88944472 0.01267341 0.06222239
1779.88994497 0.01327389 0.06572511
1780.89044522 0.01301789 0.06731953
1781.89094547 0.01271419 0.06665019
1782.89144572 0.01217709 0.06420217
1783.89194597 0.01179045 0.05745354
1784.89244622 0.01165129 0.05596221
1785.89294647 0.01115552 0.05389868
1786.89344672 0.01113540 0.05780498
1787.89394697 0.01119078 0.05881625
1788.89444722 0.01191962 0.06064638
1789.89494747 0.01202390 0.06291795
1790.89544772 0.01186058 0.06032741
1791.89594797 0.01178685 0.05922533
1792.89644822 0.01151052 0.05982821
1793.89694847 0.01118242 0.05717769
1794.89744872 0.01275013 0.06327489
1795.89794897 0.01294664 0.06478100
1796.89844922 0.01247145 0.06149361
1797.89894947 0.01284213 0.06537493
1798.89944972 0.01297508 0.06780070
1799.89994997 0.01338528 0.06743109
1800.90045023 0.01319568 0.06581155
1801.90095048 0.01179215 0.05941844
1802.90145073 0.01238321 0.06377383
1803.90195098 0.01392811 0.07436302
1804.90245123 0.01286092 0.06652293
1805.90295148 0.01241577 0.06505288
1806.90345173 0.01317065 0.06856867
1807.90395198 0.01317693 0.06867681
1808.90445223 0.01297455 0.06877003
1809.90495248 0.01298335 0.07178975
1810.90545273 0.01346249 0.07061383
1811.90595298 0.01495928 0.07992033
1812.90645323 0.01428691 0.07849548
1813.90695348 0.01462258 0.08352450
1814.90745373 0.01432572 0.07932825
1815.90795398 0.01370392 0.07614496
1816.90845423 0.01282581 0.07157834
1817.90895448 0.01195723 0.06755236
1818.90945473 0.01162043 0.06327618
1819.90995498 0.01122417 0.05843982
1820.91045523 0.01024996 0.05193114
1821.91095548 0.01018168 0.05189636
1822.91145573 0.01070422 0.05467081
1823.91195598 0.01042945 0.05425402
1824.91245623 0.01032504 0.05368608
1825.91295648 0.01059055 0.05554433
1826.91345673 0.01062515 0.05465967
1827.91395698 0.01216743 0.06724457
1828.91445723 0.01232465 0.06668718
1829.91495748 0.01206055 0.06420196
1830.91545773 0.01198853 0.06440384
1831.91595798 0.01133180 0.06063322
1832.91645823 0.01096782 0.05600063
1833.91695848 0.01636646 0.08872840
1834.91745873 0.01673430 0.09459140
1835.91795898 0.01548390 0.08476890
1836.91845923 0.01602322 0.08276316
1837.91895948 0.01653876 0.08444771
1838.91945973 0.01851461 0.09484940
1839.91995998 0.01765077 0.09302344
1840.92046023 0.01681880 0.08969883
1841.92096048 0.01674877 0.08992220
1842.92146073 0.01654331 0.08782374
1843.92196098 0.01637530 0.08810733
1844.92246123 0.01687389 0.09268739
1845.92296148 0.01838188 0.10090399
1846.92346173 0.01759397 0.09691477
1847.92396198 0.01738087 0.09326954
1848.92446223 0.01703101 0.09181688
1849.92496248 0.01689814 0.09342304
1850.92546273 0.01648745 0.08960174
1851.92596298 0.01693127 0.09469785
1852.92646323 0.01584407 0.09001998
1853.92696348 0.01503546 0.08682731
1854.92746373 0.01478052 0.08563645
1855.92796398 0.01526770 0.09172001
1856.92846423 0.01512752 0.09401403
1857.92896448 0.01427305 0.08452654
1858.92946473 0.01445359 0.08529383
1859.92996498 0.01459559 0.08693998
1860.93046523 0.01397829 0.08046518
1861.93096548 0.01394933 0.08177168
1862.93146573 0.01459294 0.08201851
1863.93196598 0.01550340 0.09074265
1864.93246623 0.01511690 0.08976455
1865.93296648 0.01534874 0.09096175
1866.93346673 0.01536558 0.09095494
1867.93396698 0.01465230 0.08330863
1868.93446723 0.01464300 0.08509635
1869.93496748 0.01674104 0.09682177
1870.93546773 0.01696207 0.09425194
1871.93596798 0.01681144 0.09023950
1872.93646823 0.01628048 0.08780977
1873.93696848 0.01569374 0.08424631
1874.93746873 0.01607422 0.08461512
1875.93796898 0.01650718 0.08792142
1876.93846923 0.01639448 0.08928774
1877.93896948 0.01667638 0.08926430
1878.93946973 0.01623333 0.08550436
1879.93996998 0.01584586 0.08073546
1880.94047024 0.01499641 0.07116775
1881.94097049 0.01410249 0.06517949
1882.94147074 0.01802346 0.09179558
1883.94197099 0.01781348 0.09051399
1884.94247124 0.01853107 0.09268737
1885.94297149 0.01741459 0.08813402
1886.94347174 0.01740207 0.08840228
1887.94397199 0.01852174 0.09341606
1888.94447224 0.01838211 0.09564846
1889.94497249 0.01804740 0.09164124
1890.94547274 0.01809550 0.09149360
1891.94597299 0.01796066 0.08867258
1892.94647324 0.01899535 0.09186309
1893.94697349 0.01963765 0.09648399
1894.94747374 0.01946361 0.09222849
1895.94797399 0.01989386 0.09508811
1896.94847424 0.02032999 0.09753958
1897.94897449 0.01809485 0.08340701
1898.94947474 0.01743405 0.07896438
1899.94997499 0.01631537 0.07497304
1900.95047524 0.01687846 0.08140256
1901.95097549 0.01681837 0.08205974
1902.95147574 0.01652127 0.08123230
1903.95197599 0.01590825 0.08010366
1904.95247624 0.01640508 0.07993830
1905.95297649 0.01573227 0.07720340
1906.95347674 0.01371860 0.06402985
1907.95397699 0.01536554 0.07714391
1908.95447724 0.01511510 0.07129898
1909.95497749 0.01523362 0.07066296
1910.95547774 0.01580614 0.07492146
1911.95597799 0.01530606 0.07042182
1912.95647824 0.01552588 0.07209040
1913.95697849 0.01548045 0.07254759
1914.95747874 0.01512357 0.07042814
1915.95797899 0.01458465 0.07002708
1916.95847924 0.01621474 0.08303700
1917.95897949 0.01556379 0.07413006
1918.95947974 0.01579502 0.07751589
1919.95997999 0.01527845 0.07664977
1920.96048024 0.01449262 0.06927833
1921.96098049 0.01502217 0.07031836
1922.96148074 0.01556927 0.07714205
1923.96198099 0.01528435 0.07859810
1924.96248124 0.01402353 0.06785487
1925.96298149 0.01404399 0.06712530
1926.96348174 0.01323515 0.06157332
1927.96398199 0.01249974 0.05676668
1928.96448224 0.01306736 0.05690177
1929.96498249 0.01267763 0.05495379
1930.96548274 0.01233381 0.05582786
1931.96598299 0.01210916 0.05815630
1932.96648324 0.01204303 0.05722162
1933.96698349 0.01195556 0.05756156
1934.96748374 0.01172231 0.05604668
1935.96798399 0.01061222 0.04818510
1936.96848424 0.00958966 0.03878231
1937.96898449 0.00946957 0.03872733
1938.96948474 0.00928347 0.03823223
1939.96998499 0.00919181 0.03736014
1940.97048524 0.00902715 0.03581783
1941.97098549 0.01122611 0.05746242
1942.97148574 0.01128929 0.05523380
1943.97198599 0.01133714 0.05730977
1944.97248624 0.01143449 0.05841199
1945.97298649 0.01119573 0.05494969
1946.97348674 0.01489839 0.07799750
1947.97398699 0.01742657 0.09114977
1948.97448724 0.01712686 0.08859215
1949.97498749 0.01678356 0.08764395
1950.97548774 0.01594467 0.08444302
1951.97598799 0.01592283 0.08404821
1952.97648824 0.01591312 0.08399245
1953.97698849 0.01584178 0.08478476
1954.97748874 0.01842026 0.09440490
1955.97798899 0.01803658 0.09091723
1956.97848924 0.01872741 0.09470852
1957.97898949 0.01792445 0.09267888
1958.97948974 0.01739492 0.08900268
1959.97998999 0.01668304 0.08416864
1960.98049025 0.01670340 0.08591820
1961.98099050 0.01657783 0.08525373
1962.98149075 0.01650166 0.08739998
1963.98199100 0.01522538 0.07600996
1964.98249125 0.01581783 0.08316055
1965.98299150 0.01605073 0.08179440
1966.98349175 0.01498645 0.07231513
1967.98399200 0.01509956 0.07812336
1968.98449225 0.01546672 0.07846059
1969.98499250 0.01364035 0.06598310
1970.98549275 0.01353044 0.07221136
1971.98599300 0.01277809 0.05846220
1972.98649325 0.01236260 0.05178188
1973.98699350 0.01233438 0.05315116
1974.98749375 0.01184986 0.05259004
1975.98799400 0.01223856 0.05054847
1976.98849425 0.01254223 0.05351357
1977.98899450 0.01176423 0.05003239
1978.98949475 0.01141437 0.04835342
1979.98999500 0.01147647 0.04842726
1980.99049525 0.01108899 0.04591566
1981.99099550 0.01049834 0.04293584
1982.99149575 0.01042328 0.04278061
1983.99199600 0.01053593 0.04305540
1984.99249625 0.01040982 0.04348429
1985.99299650 0.00977296 0.03929920
1986.99349675 0.01176532 0.05791592
1987.99399700 0.01131041 0.05208358
1988.99449725 0.01145839 0.05420301
1989.99499750 0.01113619 0.05187640
1990.99549775 0.01095903 0.05084448
1991.99599800 0.01007200 0.04233337
1992.99649825 0.01044485 0.04612374
1993.99699850 0.01221005 0.06060893
1994.99749875 0.01233331 0.06336653
1995.99799900 0.01192472 0.06113984
1996.99849925 0.01145820 0.05873495
1997.99899950 0.01150435 0.05885794
1998.99949975 0.01341718 0.07165747
2000.00000000 0.01426672 0.07583074
