0.00000000 2.00000000 0.00000017
1.00050025 2.03715363 0.02843886
2.00100050 2.05618921 0.08333799
3.00150075 2.01992728 0.09477728
4.00200100 1.98734387 0.11606345
5.00250125 1.99193587 0.13340935
6.00300150 1.99849342 0.14667597
7.00350175 1.98290553 0.16129043
8.00400200 1.97096014 0.15934720
9.00450225 1.97010872 0.17167180
10.00500250 1.97104928 0.18073414
11.00550275 1.96478513 0.18407184
12.00600300 1.95364562 0.19915410
13.00650325 1.94867383 0.21118924
14.00700350 1.94826489 0.21721478
15.00750375 1.94269621 0.22477116
16.00800400 1.93797605 0.23022724
17.00850425 1.92970091 0.23958140
18.00900450 1.91866213 0.25504667
19.00950475 1.91611521 0.25744505
20.01000500 1.91372073 0.26058159
21.01050525 1.90758613 0.26959742
22.01100550 1.90252320 0.27784543
23.01150575 1.90100402 0.27732476
24.01200600 1.89789236 0.28025150
25.01250625 1.89330655 0.28485218
26.01300650 1.88991883 0.28767340
27.01350675 1.88644742 0.29554385
28.01400700 1.87989538 0.30341158
29.01450725 1.87671582 0.30651718
30.01500750 1.87375215 0.31103902
31.01550775 1.86599645 0.32084952
32.01600800 1.86333302 0.32339495
33.01650825 1.85542069 0.33061232
34.01700850 1.84746194 0.34200174
35.01750875 1.84529301 0.34275456
36.01800900 1.84149253 0.34398768
37.01850925 1.83894777 0.35222781
38.01900950 1.83381214 0.35514297
39.01950975 1.83187437 0.35638767
40.02001001 1.82996556 0.35750096
41.02051026 1.82308717 0.36242683
42.02101051 1.81488545 0.37295796
43.02151076 1.80539547 0.38330438
44.02201101 1.80308871 0.38423108
45.02251126 1.79481500 0.39095546
46.02301151 1.79089984 0.39456492
47.02351176 1.79089805 0.39533081
48.02401201 1.79008291 0.39610258
49.02451226 1.78543604 0.40246174
50.02501251 1.77723185 0.40772679
51.02551276 1.76986103 0.41437661
52.02601301 1.76082712 0.41889828
53.02651326 1.75714562 0.42107700
54.02701351 1.75426999 0.42361778
55.02751376 1.74911051 0.42800127
56.02801401 1.74354567 0.43218847
57.02851426 1.73972718 0.43311470
58.02901451 1.73876526 0.43331419
59.02951476 1.72458445 0.44592381
60.03001501 1.72024448 0.44885555
61.03051526 1.71626513 0.44934267
62.03101551 1.71124503 0.45061460
63.03151576 1.70417266 0.45417782
64.03201601 1.69965064 0.45839737
65.03251626 1.69596964 0.45930665
66.03301651 1.69090299 0.46250248
67.03351676 1.68759742 0.46328421
68.03401701 1.68633655 0.46549799
69.03451726 1.67570457 0.47293923
70.03501751 1.67183354 0.47442206
71.03551776 1.67003834 0.47515115
72.03601801 1.66923328 0.47721293
73.03651826 1.66404304 0.48221708
74.03701851 1.66229590 0.48292150
75.03751876 1.65855783 0.48431083
76.03801901 1.65859234 0.48473952
77.03851926 1.65538254 0.48843395
78.03901951 1.65385283 0.48807319
79.03951976 1.65197851 0.48981550
80.04002001 1.64669905 0.49196099
81.04052026 1.64216838 0.49274595
82.04102051 1.63533644 0.49840559
83.04152076 1.62947640 0.50333697
84.04202101 1.62245250 0.50948909
85.04252126 1.61862383 0.51012088
86.04302151 1.61507537 0.51193943
87.04352176 1.61000481 0.51767577
88.04402201 1.60934570 0.51765181
89.04452226 1.60611750 0.51849928
90.04502251 1.59714685 0.52674789
91.04552276 1.59320752 0.53083745
92.04602301 1.58754305 0.53171284
93.04652326 1.58272015 0.53139396
94.04702351 1.58134898 0.53263232
95.04752376 1.57752334 0.53317792
96.04802401 1.57562688 0.53280057
97.04852426 1.57245251 0.53373246
98.04902451 1.56870718 0.53665835
99.04952476 1.56532527 0.53977385
100.05002501 1.56038432 0.54210872
101.05052526 1.55090818 0.54642364
102.05102551 1.54721826 0.54685358
103.05152576 1.54334312 0.54648485
104.05202601 1.54085955 0.54800025
105.05252626 1.53362574 0.54936248
106.05302651 1.52760240 0.55018428
107.05352676 1.52500062 0.55217189
108.05402701 1.52157795 0.55223413
109.05452726 1.51917000 0.55524266
110.05502751 1.51735451 0.55600421
111.05552776 1.51095254 0.56523971
112.05602801 1.50911445 0.56462031
113.05652826 1.50634314 0.56556117
114.05702851 1.50587954 0.56632371
115.05752876 1.50529096 0.56659919
116.05802901 1.50209544 0.56758806
117.05852926 1.49986866 0.56865966
118.05902951 1.49858510 0.57074095
119.05952976 1.49651761 0.57268366
120.06003002 1.49121295 0.57346302
121.06053027 1.48650130 0.57691074
122.06103052 1.48150516 0.57917377
123.06153077 1.48037476 0.57952906
124.06203102 1.47700195 0.58136849
125.06253127 1.47306002 0.58310356
126.06303152 1.47139497 0.58256880
127.06353177 1.46295448 0.58435683
128.06403202 1.45674361 0.58605041
129.06453227 1.45452532 0.58574960
130.06503252 1.45134927 0.58666927
131.06553277 1.45012918 0.58683293
132.06603302 1.44394393 0.58972840
133.06653327 1.44233742 0.58950081
134.06703352 1.43907898 0.59087761
135.06753377 1.43271280 0.59380826
136.06803402 1.43024312 0.59573374
137.06853427 1.42732074 0.59537313
138.06903452 1.42193120 0.59410725
139.06953477 1.41905826 0.59745372
140.07003502 1.41381107 0.59692190
141.07053527 1.41234504 0.59580095
142.07103552 1.40721714 0.59443495
143.07153577 1.39759533 0.59615339
144.07203602 1.39375743 0.59771338
145.07253627 1.39081226 0.59776064
146.07303652 1.38502973 0.60395662
147.07353677 1.37951814 0.60611092
148.07403702 1.37909997 0.60653317
149.07453727 1.37857482 0.60682941
150.07503752 1.37598098 0.60961021
151.07553777 1.37238098 0.61057397
152.07603802 1.36887513 0.61194773
153.07653827 1.36730844 0.61366277
154.07703852 1.36279744 0.61519259
155.07753877 1.35703068 0.61659416
156.07803902 1.35433807 0.61697396
157.07853927 1.35027261 0.61794323
158.07903952 1.34982647 0.61826350
159.07953977 1.34629185 0.61924902
160.08004002 1.34126084 0.61998634
161.08054027 1.33882810 0.62025745
162.08104052 1.33698105 0.62205444
163.08154077 1.33396655 0.62280066
164.08204102 1.33156032 0.62523021
165.08254127 1.32743587 0.62486118
166.08304152 1.32418498 0.62437559
167.08354177 1.32263927 0.62587281
168.08404202 1.31896545 0.62444838
169.08454227 1.31476664 0.62847765
170.08504252 1.31061460 0.63081709
171.08554277 1.30997713 0.63186288
172.08604302 1.30654102 0.63139052
173.08654327 1.30047776 0.63285977
174.08704352 1.29708318 0.63250938
175.08754377 1.29452711 0.63454271
176.08804402 1.28905402 0.63530564
177.08854427 1.28684271 0.63475996
178.08904452 1.28638720 0.63489456
179.08954477 1.28217869 0.63637983
180.09004502 1.27851443 0.63499084
181.09054527 1.27643658 0.63663366
182.09104552 1.27173839 0.63866548
183.09154577 1.26767249 0.63702067
184.09204602 1.26729908 0.63700467
185.09254627 1.26472472 0.63624668
186.09304652 1.26066830 0.63806117
187.09354677 1.25694630 0.63796441
188.09404702 1.25510083 0.63905837
189.09454727 1.24809880 0.63897158
190.09504752 1.24754195 0.63893299
191.09554777 1.23923950 0.64091931
192.09604802 1.23533657 0.64283336
193.09654827 1.23350226 0.64374534
194.09704852 1.23229669 0.64394948
195.09754877 1.23193542 0.64406608
196.09804902 1.23142705 0.64443040
197.09854927 1.22626140 0.64483267
198.09904952 1.22497599 0.64545345
199.09954977 1.22430286 0.64606015
200.10005003 1.22154441 0.64563400
201.10055028 1.21761033 0.64385267
202.10105053 1.21530004 0.64311498
203.10155078 1.20886589 0.64255901
204.10205103 1.20714968 0.64323505
205.10255128 1.20446480 0.64211357
206.10305153 1.20422339 0.64258038
207.10355178 1.20382228 0.64290796
208.10405203 1.20364066 0.64348611
209.10455228 1.19884052 0.64200301
210.10505253 1.19478922 0.64150329
211.10555278 1.19427126 0.64184096
212.10605303 1.19225410 0.64116852
213.10655328 1.19163600 0.64097534
214.10705353 1.18837896 0.63986479
215.10755378 1.18490202 0.63976758
216.10805403 1.18334519 0.63957274
217.10855428 1.18340236 0.63945098
218.10905453 1.17517168 0.64130709
219.10955478 1.17471423 0.64145670
220.11005503 1.16659894 0.64049505
221.11055528 1.16240300 0.64187382
222.11105553 1.16198443 0.64195797
223.11155578 1.15835249 0.64392887
224.11205603 1.15567971 0.64626772
225.11255628 1.15141391 0.64720878
226.11305653 1.14551689 0.64608315
227.11355678 1.14224672 0.64488597
228.11405703 1.13948395 0.64739549
229.11455728 1.13654530 0.64939785
230.11505753 1.13589729 0.64989401
231.11555778 1.13237612 0.65214414
232.11605803 1.12993150 0.65131603
233.11655828 1.12719089 0.65075640
234.11705853 1.12252826 0.65165227
235.11755878 1.11835305 0.65200995
236.11805903 1.11407506 0.65020003
237.11855928 1.11184143 0.64996154
238.11905953 1.10471981 0.65039658
239.11955978 1.09971279 0.65349688
240.12006003 1.09514501 0.65146264
241.12056028 1.09114462 0.65470066
242.12106053 1.08581559 0.65398734
243.12156078 1.08327258 0.65302484
244.12206103 1.08063682 0.65278190
245.12256128 1.07893099 0.65350558
246.12306153 1.07537345 0.65615149
247.12356178 1.07341512 0.65536279
248.12406203 1.07033448 0.65703747
249.12456228 1.06761880 0.65718942
250.12506253 1.06374199 0.65528940
251.12556278 1.06193594 0.65492670
252.12606303 1.05996364 0.65334909
253.12656328 1.05924341 0.65319639
254.12706353 1.05638293 0.65262970
255.12756378 1.05436376 0.65214500
256.12806403 1.05260840 0.65238370
257.12856428 1.04866619 0.65245096
258.12906453 1.04724594 0.65316907
259.12956478 1.04492317 0.65482404
260.13006503 1.04192476 0.65548400
261.13056528 1.04144814 0.65589779
262.13106553 1.04079523 0.65592883
263.13156578 1.03861737 0.65642984
264.13206603 1.03507208 0.65852485
265.13256628 1.03312214 0.65914446
266.13306653 1.03195700 0.65944387
267.13356678 1.03144140 0.65988405
268.13406703 1.02948321 0.65892892
269.13456728 1.02501648 0.65621307
270.13506753 1.02101234 0.65852702
271.13556778 1.02064342 0.65885217
272.13606803 1.01864428 0.65768975
273.13656828 1.01559094 0.65705054
274.13706853 1.01446265 0.65711227
275.13756878 1.01224402 0.65812259
276.13806903 1.00888051 0.65566000
277.13856928 1.00680266 0.65467767
278.13906953 1.00463885 0.65363041
279.13956978 1.00063540 0.65578927
280.14007004 1.00027298 0.65593701
281.14057029 0.99979926 0.65591786
282.14107054 0.99941122 0.65605202
283.14157079 0.99782509 0.65700961
284.14207104 0.99349520 0.65455856
285.14257129 0.98996334 0.65638239
286.14307154 0.98843470 0.65605832
287.14357179 0.98661278 0.65674101
288.14407204 0.98458287 0.65544766
289.14457229 0.98395741 0.65589709
290.14507254 0.98055719 0.65491552
291.14557279 0.97519899 0.65496029
292.14607304 0.97278245 0.65382412
293.14657329 0.97261684 0.65395090
294.14707354 0.97131120 0.65185535
295.14757379 0.96938843 0.65246298
296.14807404 0.96733714 0.65216889
297.14857429 0.96508844 0.65353068
298.14907454 0.95993387 0.65597915
299.14957479 0.95744055 0.65766357
300.15007504 0.95348292 0.65609608
301.15057529 0.95021641 0.65718394
302.15107554 0.94988894 0.65716133
303.15157579 0.94919931 0.65775008
304.15207604 0.94880042 0.65802511
305.15257629 0.94621057 0.65984921
306.15307654 0.94027567 0.65747148
307.15357679 0.93701098 0.65873579
308.15407704 0.93552979 0.65908799
309.15457729 0.93481182 0.65949420
310.15507754 0.93238992 0.65805930
311.15557779 0.93172249 0.65870894
312.15607804 0.93167615 0.65861772
313.15657829 0.93118604 0.65919086
314.15707854 0.92828213 0.65756149
315.15757879 0.92694078 0.65632966
316.15807904 0.92647191 0.65680837
317.15857929 0.92656308 0.65535062
318.15907954 0.92614556 0.65556637
319.15957979 0.92565495 0.65593240
320.16008004 0.92214419 0.65555722
321.16058029 0.92161583 0.65568792
322.16108054 0.91734850 0.65445112
323.16158079 0.91663099 0.65499148
324.16208104 0.91601084 0.65493543
325.16258129 0.91408528 0.65356136
326.16308154 0.91409935 0.65399276
327.16358179 0.91131806 0.65469878
328.16408204 0.90720566 0.65174985
329.16458229 0.90453600 0.65022455
330.16508254 0.90392385 0.65035220
331.16558279 0.90262181 0.65128185
332.16608304 0.90110001 0.65200111
333.16658329 0.90066339 0.65190553
334.16708354 0.90002352 0.65254000
335.16758379 0.89951060 0.65276855
336.16808404 0.89903289 0.65271626
337.16858429 0.89703743 0.65315068
338.16908454 0.89687414 0.65315178
339.16958479 0.89296722 0.64969904
340.17008504 0.88851294 0.64881828
341.17058529 0.88350801 0.64522086
342.17108554 0.88082681 0.64346852
343.17158579 0.88040831 0.64364493
344.17208604 0.87833981 0.64198538
345.17258629 0.87630880 0.64289308
346.17308654 0.87600009 0.64295571
347.17358679 0.87149387 0.63929336
348.17408704 0.86881663 0.64045969
349.17458729 0.86567246 0.64169246
350.17508754 0.86192268 0.64238408
351.17558779 0.85845687 0.64129014
352.17608804 0.85194795 0.63963656
353.17658829 0.85137999 0.63949322
354.17708854 0.84950681 0.63759652
355.17758879 0.84767990 0.63885357
356.17808904 0.84536757 0.63708985
357.17858929 0.84418460 0.63748675
358.17908954 0.84380669 0.63727438
359.17958979 0.84101046 0.63552449
360.18009005 0.83930283 0.63602193
361.18059030 0.83683851 0.63395117
362.18109055 0.83613314 0.63395119
363.18159080 0.83566071 0.63420189
364.18209105 0.83256949 0.63583487
365.18259130 0.83073169 0.63662361
366.18309155 0.82990766 0.63638202
367.18359180 0.82931972 0.63640972
368.18409205 0.82827557 0.63663298
369.18459230 0.82459490 0.63279804
370.18509255 0.82089972 0.63412113
371.18559280 0.81832540 0.63201176
372.18609305 0.81798307 0.63214841
373.18659330 0.81633397 0.63000992
374.18709355 0.81597789 0.62999012
375.18759380 0.80907561 0.62868521
376.18809405 0.80872834 0.62891826
377.18859430 0.80782187 0.62948530
378.18909455 0.80557241 0.62745754
379.18959480 0.80513206 0.62751938
380.19009505 0.80493685 0.62756273
381.19059530 0.80156016 0.62658615
382.19109555 0.80120126 0.62678227
383.19159580 0.80048795 0.62621773
384.19209605 0.79698686 0.62486367
385.19259630 0.79325611 0.62223199
386.19309655 0.78813060 0.62078778
387.19359680 0.78596396 0.62169320
388.19409705 0.78387699 0.61969932
389.19459730 0.78349479 0.61979957
390.19509755 0.78122443 0.61739409
391.19559780 0.78077898 0.61747504
392.19609805 0.77756485 0.61869587
393.19659830 0.77721742 0.61889562
394.19709855 0.77662617 0.61873950
395.19759880 0.77368494 0.61680674
396.19809905 0.77042662 0.61473650
397.19859930 0.77013480 0.61498214
398.19909955 0.76997537 0.61486165
399.19959980 0.76933420 0.61518807
400.20010005 0.76505079 0.61427302
401.20060030 0.76422648 0.61463567
402.20110055 0.76360308 0.61480509
403.20160080 0.76337802 0.61503757
404.20210105 0.76147976 0.61312966
405.20260130 0.75940697 0.61348082
406.20310155 0.75315953 0.61257946
407.20360180 0.75260375 0.61282785
408.20410205 0.75090408 0.61332339
409.20460230 0.75003514 0.61330467
410.20510255 0.74906243 0.61307248
411.20560280 0.74455949 0.61090468
412.20610305 0.74293411 0.61102816
413.20660330 0.74103413 0.61093932
414.20710355 0.73466542 0.61016685
415.20760380 0.73365188 0.61034734
416.20810405 0.73336271 0.61044878
417.20860430 0.73312595 0.61048925
418.20910455 0.73246974 0.61084797
419.20960480 0.73159734 0.61044559
420.21010505 0.73084490 0.61030954
421.21060530 0.72989835 0.61057103
422.21110555 0.72461087 0.61062353
423.21160580 0.72235145 0.61047555
424.21210605 0.72220678 0.61049576
425.21260630 0.72185731 0.61068626
426.21310655 0.72158160 0.61067466
427.21360680 0.72119645 0.61074136
428.21410705 0.71896848 0.61145338
429.21460730 0.71864589 0.61151352
430.21510755 0.71814891 0.61163246
431.21560780 0.71784532 0.61166773
432.21610805 0.71600272 0.61174974
433.21660830 0.71557261 0.61190861
434.21710855 0.71594834 0.61195335
435.21760880 0.71263627 0.61042467
436.21810905 0.71274355 0.61055892
437.21860930 0.71236521 0.61038893
438.21910955 0.70878325 0.60814479
439.21960980 0.70839386 0.60823351
440.22011006 0.70649052 0.60626647
441.22061031 0.70432642 0.60706451
442.22111056 0.70202804 0.60731974
443.22161081 0.70165660 0.60736105
444.22211106 0.70145898 0.60755364
445.22261131 0.70124268 0.60763242
446.22311156 0.70046790 0.60790629
447.22361181 0.69825591 0.60833115
448.22411206 0.69704157 0.60875013
449.22461231 0.69670206 0.60890823
450.22511256 0.69498904 0.60932350
451.22561281 0.69256019 0.60705273
452.22611306 0.68854714 0.60835001
453.22661331 0.68830185 0.60836636
454.22711356 0.68643021 0.60625640
455.22761381 0.68459963 0.60670162
456.22811406 0.68251207 0.60718039
457.22861431 0.68199493 0.60716668
458.22911456 0.68138065 0.60748377
459.22961481 0.68094630 0.60748783
460.23011506 0.68046675 0.60758386
461.23061531 0.68028952 0.60764716
462.23111556 0.68021973 0.60761007
463.23161581 0.67974633 0.60771494
464.23211606 0.67925478 0.60772967
465.23261631 0.67897241 0.60779428
466.23311656 0.67661389 0.60542967
467.23361681 0.67619899 0.60565170
468.23411706 0.67349696 0.60453733
469.23461731 0.67311907 0.60460829
470.23511756 0.66910411 0.59937323
471.23561781 0.66691512 0.59944137
472.23611806 0.66438760 0.59994856
473.23661831 0.66270370 0.60019631
474.23711856 0.66260660 0.60009008
475.23761881 0.65907913 0.60018445
476.23811906 0.65862932 0.60040523
477.23861931 0.65813413 0.60041156
478.23911956 0.65583659 0.59797547
479.23961981 0.65515161 0.59756286
480.24012006 0.65479850 0.59759533
481.24062031 0.65305941 0.59715254
482.24112056 0.65270680 0.59723547
483.24162081 0.65042051 0.59460681
484.24212106 0.64861898 0.59452893
485.24262131 0.64693330 0.59416515
486.24312156 0.64674013 0.59420309
487.24362181 0.64438657 0.59488165
488.24412206 0.64389350 0.59502904
489.24462231 0.64336236 0.59471494
490.24512256 0.64012627 0.59395092
491.24562281 0.63990405 0.59422445
492.24612306 0.63925220 0.59398678
493.24662331 0.63898273 0.59407794
494.24712356 0.63869958 0.59434250
495.24762381 0.63846574 0.59451656
496.24812406 0.63437806 0.59214173
497.24862431 0.63212904 0.58955947
498.24912456 0.63204340 0.58965205
499.24962481 0.62862216 0.58958898
500.25012506 0.62630871 0.58900486
501.25062531 0.62626808 0.58925014
502.25112556 0.62405354 0.58667509
503.25162581 0.62355595 0.58670977
504.25212606 0.62313938 0.58639136
505.25262631 0.62129797 0.58412725
506.25312656 0.62060131 0.58447454
507.25362681 0.61550126 0.58097880
508.25412706 0.61367654 0.58154467
509.25462731 0.61342669 0.58169959
510.25512756 0.61182948 0.58166075
511.25562781 0.60700761 0.58052313
512.25612806 0.60667071 0.58023781
513.25662831 0.60627216 0.58036423
514.25712856 0.60592647 0.58031812
515.25762881 0.60491150 0.58015756
516.25812906 0.60279764 0.57728873
517.25862931 0.60175394 0.57726586
518.25912956 0.60126527 0.57723226
519.25962981 0.60108036 0.57735218
520.26013007 0.59730346 0.57502862
521.26063032 0.59707049 0.57502499
522.26113057 0.59438949 0.57207199
523.26163082 0.59360852 0.57182365
524.26213107 0.59334755 0.57183631
525.26263132 0.58987925 0.57210845
526.26313157 0.58940242 0.57183787
527.26363182 0.58613042 0.57238618
528.26413207 0.58275098 0.57263051
529.26463232 0.58037958 0.57200433
530.26513257 0.57865596 0.57193566
531.26563282 0.57836215 0.57184251
532.26613307 0.57782197 0.57187132
533.26663332 0.57679505 0.57201950
534.26713357 0.57430290 0.57226672
535.26763382 0.57433517 0.57225460
536.26813407 0.57199637 0.57246328
537.26863432 0.56974591 0.57267445
538.26913457 0.56945543 0.57247984
539.26963482 0.56920085 0.57256930
540.27013507 0.56901406 0.57282827
541.27063532 0.56837847 0.57276567
542.27113557 0.56664911 0.57281948
543.27163582 0.56447965 0.57257964
544.27213607 0.56247021 0.56955783
545.27263632 0.56208662 0.56961776
546.27313657 0.55938877 0.56633684
547.27363682 0.55896629 0.56649142
548.27413707 0.55740713 0.56696360
549.27463732 0.55664656 0.56659583
550.27513757 0.55456495 0.56678072
551.27563782 0.55428774 0.56684355
552.27613807 0.55278778 0.56664851
553.27663832 0.55216555 0.56644343
554.27713857 0.54854756 0.56663092
555.27763882 0.54688467 0.56635136
556.27813907 0.54425614 0.56213329
557.27863932 0.54404650 0.56236223
558.27913957 0.54391985 0.56271155
559.27963982 0.54394631 0.56281808
560.28014007 0.54190686 0.56247567
561.28064032 0.54036037 0.56250477
562.28114057 0.54020193 0.56279703
563.28164082 0.54015680 0.56282040
564.28214107 0.53976131 0.56267374
565.28264132 0.53758220 0.56227135
566.28314157 0.53555051 0.56242570
567.28364182 0.53518581 0.56252941
568.28414207 0.53480762 0.56246100
569.28464232 0.53426920 0.56230326
570.28514257 0.53388653 0.56205001
571.28564282 0.53343007 0.56176545
572.28614307 0.53293168 0.56166318
573.28664332 0.53098149 0.56121412
574.28714357 0.53067387 0.56134107
575.28764382 0.53031038 0.56113855
576.28814407 0.52863951 0.56065396
577.28864432 0.52853958 0.56071786
578.28914457 0.52466534 0.56075024
579.28964482 0.52250421 0.56093126
580.29014507 0.51986282 0.56113012
581.29064532 0.51971328 0.56104348
582.29114557 0.51939507 0.56100655
583.29164582 0.51884827 0.56105626
584.29214607 0.51856539 0.56103170
585.29264632 0.51657900 0.55812686
586.29314657 0.51636374 0.55828031
587.29364682 0.51595374 0.55812490
588.29414707 0.51569857 0.55814823
589.29464732 0.51536882 0.55810351
590.29514757 0.51356072 0.55787252
591.29564782 0.51332245 0.55778614
592.29614807 0.51088359 0.55745244
593.29664832 0.51073457 0.55752687
594.29714857 0.51039645 0.55761891
595.29764882 0.51013079 0.55757555
596.29814907 0.50693311 0.55731145
597.29864932 0.50481872 0.55760700
598.29914957 0.50459469 0.55758854
599.29964982 0.50420737 0.55748543
600.30015008 0.50231857 0.55728813
601.30065033 0.50035704 0.55402604
602.30115058 0.49998907 0.55408607
603.30165083 0.49969621 0.55419465
604.30215108 0.49941290 0.55419958
605.30265133 0.49760597 0.55159127
606.30315158 0.49690511 0.55119310
607.30365183 0.49501134 0.55084409
608.30415208 0.49446142 0.55065750
609.30465233 0.49270358 0.55065879
610.30515258 0.49260495 0.55058831
611.30565283 0.49083087 0.54997726
612.30615308 0.48890565 0.54969976
613.30665333 0.48689389 0.54957035
614.30715358 0.48578620 0.54990171
615.30765383 0.48379754 0.54926495
616.30815408 0.48350232 0.54913337
617.30865433 0.48302408 0.54873391
618.30915458 0.48269782 0.54875780
619.30965483 0.48238927 0.54881885
620.31015508 0.48199431 0.54890066
621.31065533 0.48047030 0.54908869
622.31115558 0.48034960 0.54895203
623.31165583 0.47995929 0.54881655
624.31215608 0.47772611 0.54535514
625.31265633 0.47733116 0.54528002
626.31315658 0.47663740 0.54461690
627.31365683 0.47643742 0.54461304
628.31415708 0.47591935 0.54480804
629.31465733 0.47622570 0.54475866
630.31515758 0.47588887 0.54468856
631.31565783 0.47347701 0.54394546
632.31615808 0.47332066 0.54393371
633.31665833 0.47108607 0.54340554
634.31715858 0.46698110 0.54272911
635.31765883 0.46447081 0.54255398
636.31815908 0.46436902 0.54264141
637.31865933 0.46432081 0.54250870
638.31915958 0.46398864 0.54251382
639.31965983 0.46368484 0.54248536
640.32016008 0.46341808 0.54248410
641.32066033 0.46319394 0.54244400
642.32116058 0.45895905 0.53874297
643.32166083 0.45871869 0.53869361
644.32216108 0.45358561 0.53178584
645.32266133 0.45167595 0.52823019
646.32316158 0.45134616 0.52827135
647.32366183 0.45111335 0.52826291
648.32416208 0.45195976 0.52789628
649.32466233 0.45163333 0.52790811
650.32516258 0.45131401 0.52791435
651.32566283 0.45110978 0.52806106
652.32616308 0.45091090 0.52806236
653.32666333 0.45059898 0.52797010
654.32716358 0.45036174 0.52796958
655.32766383 0.45000130 0.52811778
656.32816408 0.44995512 0.52807181
657.32866433 0.44940911 0.52809292
658.32916458 0.44909761 0.52796923
659.32966483 0.44739771 0.52750408
660.33016508 0.44723446 0.52752802
661.33066533 0.44684649 0.52759607
662.33116558 0.44660595 0.52757324
663.33166583 0.44628610 0.52719204
664.33216608 0.44593977 0.52724630
665.33266633 0.44551704 0.52730499
666.33316658 0.44531823 0.52721484
667.33366683 0.44503281 0.52715402
668.33416708 0.44297906 0.52335774
669.33466733 0.44283515 0.52330804
670.33516758 0.44292145 0.52332252
671.33566783 0.44268893 0.52331250
672.33616808 0.44241422 0.52326937
673.33666833 0.43894570 0.52240828
674.33716858 0.43726407 0.52181043
675.33766883 0.43685015 0.52172242
676.33816908 0.43618093 0.52193083
677.33866933 0.43595483 0.52197586
678.33916958 0.43580513 0.52192073
679.33966983 0.43561996 0.52185459
680.34017009 0.43370313 0.52104562
681.34067034 0.43156978 0.51723026
682.34117059 0.43136086 0.51718711
683.34167084 0.43105699 0.51713732
684.34217109 0.43094512 0.51699303
685.34267134 0.43077570 0.51699090
686.34317159 0.42674220 0.51237059
687.34367184 0.42653980 0.51239140
688.34417209 0.42297532 0.51080612
689.34467234 0.42258446 0.51086340
690.34517259 0.42235491 0.51077684
691.34567284 0.42213624 0.51073134
692.34617309 0.42180932 0.51072414
693.34667334 0.42152252 0.51070010
694.34717359 0.42132091 0.51070269
695.34767384 0.42105994 0.51072782
696.34817409 0.42063816 0.51080721
697.34867434 0.42058370 0.51066815
698.34917459 0.42027162 0.51066226
699.34967484 0.42002387 0.51052970
700.35017509 0.41837868 0.51013372
701.35067534 0.41815447 0.51012520
702.35117559 0.41780582 0.51015298
703.35167584 0.41742841 0.51020077
704.35217609 0.41782397 0.50995195
705.35267634 0.41774069 0.50988252
706.35317659 0.41387614 0.50890355
707.35367684 0.41354525 0.50886468
708.35417709 0.41325196 0.50885472
709.35467734 0.41271241 0.50871139
710.35517759 0.41259194 0.50863405
711.35567784 0.41238328 0.50860375
712.35617809 0.41083597 0.50826904
713.35667834 0.41059523 0.50825235
714.35717859 0.41034684 0.50825274
715.35767884 0.41017912 0.50816127
716.35817909 0.40994552 0.50809169
717.35867934 0.40964680 0.50805943
718.35917959 0.40939862 0.50801493
719.35967984 0.40919340 0.50800074
720.36018009 0.40891896 0.50805742
721.36068034 0.40873137 0.50800818
722.36118059 0.40887890 0.50792915
723.36168084 0.40857640 0.50789863
724.36218109 0.40835093 0.50785717
725.36268134 0.40815993 0.50777445
726.36318159 0.40625834 0.50744907
727.36368184 0.40593895 0.50744912
728.36418209 0.40384539 0.50365698
729.36468234 0.40365263 0.50366689
730.36518259 0.40341369 0.50369056
731.36568284 0.40311711 0.50365417
732.36618309 0.40186371 0.50319218
733.36668334 0.40158275 0.50313523
734.36718359 0.40136482 0.50310107
735.36768384 0.40106962 0.50313755
736.36818409 0.40106685 0.50296858
737.36868434 0.40094179 0.50290310
738.36918459 0.40065818 0.50293227
739.36968484 0.39989698 0.50309140
740.37018509 0.39967367 0.50294095
741.37068534 0.39946085 0.50279196
742.37118559 0.39914368 0.50285243
743.37168584 0.39713299 0.50235288
744.37218609 0.39691271 0.50229441
745.37268634 0.39552685 0.50161297
746.37318659 0.39542001 0.50161988
747.37368684 0.39487771 0.50169411
748.37418709 0.39471629 0.50167469
749.37468734 0.39450107 0.50158420
750.37518759 0.39412647 0.50152244
751.37568784 0.39104872 0.49713564
752.37618809 0.39076930 0.49715063
753.37668834 0.39060852 0.49714207
754.37718859 0.39037832 0.49714761
755.37768884 0.38840131 0.49334176
756.37818909 0.38814114 0.49325297
757.37868934 0.38793887 0.49322295
758.37918959 0.38771603 0.49314038
759.37968984 0.38541396 0.49314184
760.38019010 0.38510993 0.49318912
761.38069035 0.38490731 0.49312068
762.38119060 0.38475651 0.49308487
763.38169085 0.38439742 0.49319383
764.38219110 0.38263474 0.49267421
765.38269135 0.38064052 0.49187449
766.38319160 0.38113051 0.49185706
767.38369185 0.38088445 0.49180034
768.38419210 0.38059421 0.49175976
769.38469235 0.38027168 0.49175072
770.38519260 0.38014083 0.49182595
771.38569285 0.37970226 0.49207339
772.38619310 0.37780744 0.49096478
773.38669335 0.37780394 0.49106633
774.38719360 0.37755867 0.49108977
775.38769385 0.37740503 0.49096204
776.38819410 0.37549828 0.49071279
777.38869435 0.37537577 0.49076064
778.38919460 0.37500256 0.49034631
779.38969485 0.37288084 0.49050283
780.39019510 0.37272968 0.49075420
781.39069535 0.37252853 0.49076739
782.39119560 0.37224122 0.49044914
783.39169585 0.37189877 0.49020865
784.39219610 0.37160953 0.49016032
785.39269635 0.37010889 0.48833599
786.39319660 0.36995482 0.48834117
787.39369685 0.36928469 0.48792407
788.39419710 0.36908437 0.48797975
789.39469735 0.36891616 0.48783169
790.39519760 0.36872068 0.48788174
791.39569785 0.36710003 0.48589210
792.39619810 0.36659695 0.48568206
793.39669835 0.36481999 0.48470449
794.39719860 0.36477881 0.48457274
795.39769885 0.36418260 0.48475863
796.39819910 0.36389182 0.48477962
797.39869935 0.36263337 0.48459689
798.39919960 0.36273574 0.48487271
799.39969985 0.36266890 0.48471581
800.40020010 0.36247919 0.48465169
801.40070035 0.36214592 0.48461187
802.40120060 0.36167189 0.48455249
803.40170085 0.35976927 0.48390147
804.40220110 0.35942418 0.48402686
805.40270135 0.35917023 0.48407000
806.40320160 0.35815699 0.48402875
807.40370185 0.35793664 0.48398697
808.40420210 0.35774151 0.48392584
809.40470235 0.35615805 0.48332280
810.40520260 0.35418326 0.48211174
811.40570285 0.35397262 0.48207269
812.40620310 0.35171430 0.47739586
813.40670335 0.35170454 0.47726431
814.40720360 0.35145305 0.47730506
815.40770385 0.35103688 0.47735321
816.40820410 0.35080985 0.47725165
817.40870435 0.35068015 0.47715097
818.40920460 0.35038312 0.47660936
819.40970485 0.35028657 0.47664975
820.41020510 0.34992361 0.47654477
821.41070535 0.34818842 0.47329487
822.41120560 0.34807542 0.47338809
823.41170585 0.34800925 0.47335131
824.41220610 0.34776555 0.47324191
825.41270635 0.34745466 0.47314480
826.41320660 0.34725857 0.47309853
827.41370685 0.34701600 0.47307923
828.41420710 0.34678689 0.47303982
829.41470735 0.34479032 0.47221544
830.41520760 0.34576841 0.47205002
831.41570785 0.34548229 0.47208030
832.41620810 0.34418797 0.47138336
833.41670835 0.34295234 0.47018508
834.41720860 0.34151818 0.46967218
835.41770885 0.34127684 0.46961013
836.41820910 0.34094464 0.46966252
837.41870935 0.34073100 0.46960622
838.41920960 0.34053930 0.46961767
839.41970985 0.34007849 0.46976903
840.42021011 0.33985213 0.46971198
841.42071036 0.33774027 0.46488888
842.42121061 0.33744837 0.46486115
843.42171086 0.33539947 0.46222614
844.42221111 0.33510771 0.46217232
845.42271136 0.33490237 0.46218068
846.42321161 0.33470231 0.46218300
847.42371186 0.33448882 0.46214355
848.42421211 0.33433241 0.46210421
849.42471236 0.33417650 0.46207276
850.42521261 0.33387801 0.46203416
851.42571286 0.33365673 0.46192608
852.42621311 0.33160454 0.46112589
853.42671336 0.33111132 0.46126020
854.42721361 0.33096418 0.46120289
855.42771386 0.33081625 0.46114600
856.42821411 0.32887262 0.46028239
857.42871436 0.32860284 0.46029999
858.42921461 0.32868789 0.46015005
859.42971486 0.32854124 0.46005193
860.43021511 0.32840911 0.45995197
861.43071536 0.32814758 0.45992090
862.43121561 0.32774976 0.45992881
863.43171586 0.32478807 0.45463283
864.43221611 0.32503058 0.45444014
865.43271636 0.32483490 0.45448667
866.43321661 0.32453215 0.45441139
867.43371686 0.32417640 0.45433162
868.43421711 0.32402520 0.45428730
869.43471736 0.32391181 0.45421853
870.43521761 0.32362771 0.45420458
871.43571786 0.32200789 0.45274335
872.43621811 0.32173989 0.45275370
873.43671836 0.32023740 0.45244728
874.43721861 0.31953357 0.45186767
875.43771886 0.31930989 0.45179416
876.43821911 0.31870974 0.45185805
877.43871936 0.31856293 0.45191553
878.43921961 0.31822861 0.45177902
879.43971986 0.31804729 0.45169160
880.44022011 0.31785906 0.45163270
881.44072036 0.31768858 0.45170417
882.44122061 0.31800777 0.45284737
883.44172086 0.31766388 0.45277897
884.44222111 0.31569929 0.44825098
885.44272136 0.31547164 0.44826299
886.44322161 0.31528331 0.44820724
887.44372186 0.31508553 0.44811883
888.44422211 0.31492353 0.44808325
889.44472236 0.31361003 0.44540906
890.44522261 0.31367672 0.44555087
891.44572286 0.31357538 0.44557002
892.44622311 0.31321871 0.44540162
893.44672336 0.31293422 0.44522126
894.44722361 0.31151525 0.44370392
895.44772386 0.31163122 0.44389982
896.44822411 0.31138384 0.44382751
897.44872436 0.31083433 0.44370363
898.44922461 0.31053461 0.44359544
899.44972486 0.31046388 0.44362655
900.45022511 0.30835148 0.44259195
901.45072536 0.30801902 0.44247504
902.45122561 0.30761217 0.44218728
903.45172586 0.30751215 0.44217132
904.45222611 0.30736783 0.44213638
905.45272636 0.30714636 0.44210285
906.45322661 0.30695309 0.44204821
907.45372686 0.30691716 0.44197307
908.45422711 0.30678158 0.44193207
909.45472736 0.30490232 0.44136134
910.45522761 0.30448012 0.44101934
911.45572786 0.30451677 0.44104216
912.45622811 0.30418336 0.44099005
913.45672836 0.30396087 0.44093595
914.45722861 0.30388314 0.44094174
915.45772886 0.30324518 0.44092467
916.45822911 0.30307196 0.44089614
917.45872936 0.30300359 0.44084806
918.45922961 0.30280430 0.44070675
919.45972986 0.30287594 0.44065190
920.46023012 0.30279643 0.44072156
921.46073037 0.30243034 0.44043580
922.46123062 0.30228559 0.44035643
923.46173087 0.30064769 0.43981452
924.46223112 0.30047454 0.43982362
925.46273137 0.30009412 0.43978079
926.46323162 0.29989380 0.43969404
927.46373187 0.29980603 0.43962384
928.46423212 0.29930765 0.43963261
929.46473237 0.29902416 0.43960859
930.46523262 0.29870493 0.43924231
931.46573287 0.29853681 0.43904325
932.46623312 0.29831101 0.43874852
933.46673337 0.29807919 0.43845941
934.46723362 0.29761683 0.43829799
935.46773387 0.29656511 0.43764523
936.46823412 0.29631505 0.43740074
937.46873437 0.29608870 0.43741115
938.46923462 0.29581155 0.43740777
939.46973487 0.29562711 0.43731140
940.47023512 0.29506456 0.43719366
941.47073537 0.29312243 0.43628542
942.47123562 0.29295961 0.43632708
943.47173587 0.29277763 0.43606228
944.47223612 0.29260589 0.43592888
945.47273637 0.29048275 0.43472879
946.47323662 0.29059899 0.43467298
947.47373687 0.29040337 0.43469886
948.47423712 0.28850635 0.43347155
949.47473737 0.28813110 0.43345977
950.47523762 0.28743283 0.43364595
951.47573787 0.28587083 0.43325446
952.47623812 0.28564590 0.43318543
953.47673837 0.28552288 0.43318824
954.47723862 0.28525973 0.43313212
955.47773887 0.28501998 0.43305443
956.47823912 0.28487099 0.43301436
957.47873937 0.28471735 0.43300849
958.47923962 0.28454795 0.43296235
959.47973987 0.28436407 0.43290141
960.48024012 0.28442053 0.43295159
961.48074037 0.28415296 0.43279915
962.48124062 0.28379280 0.43276629
963.48174087 0.28360674 0.43272781
964.48224112 0.28219980 0.43226280
965.48274137 0.28202384 0.43224468
966.48324162 0.28184348 0.43216908
967.48374187 0.28167000 0.43211589
968.48424212 0.28150431 0.43204427
969.48474237 0.28132258 0.43198947
970.48524262 0.28111433 0.43194217
971.48574287 0.28079753 0.43196796
972.48624312 0.28064109 0.43193783
973.48674337 0.28047431 0.43190295
974.48724362 0.28030415 0.43187294
975.48774387 0.27832662 0.43052036
976.48824412 0.27817831 0.43044729
977.48874437 0.27801388 0.43038616
978.48924462 0.27771501 0.43038939
979.48974487 0.27763124 0.43031401
980.49024512 0.27755113 0.43025022
981.49074537 0.27742862 0.43019629
982.49124562 0.27696935 0.43024497
983.49174587 0.27689620 0.43011687
984.49224612 0.27676226 0.43005953
985.49274637 0.27639544 0.43002185
986.49324662 0.27615699 0.42997802
987.49374687 0.27524656 0.43008759
988.49424712 0.27512719 0.43004050
989.49474737 0.27414268 0.42458912
990.49524762 0.27404503 0.42448379
991.49574787 0.27263164 0.41959849
992.49624812 0.27258813 0.41981413
993.49674837 0.27244099 0.41998156
994.49724862 0.27019182 0.41865763
995.49774887 0.27000020 0.41840870
996.49824912 0.26932418 0.41850532
997.49874937 0.26899930 0.41832379
998.49924962 0.26873318 0.41816364
999.49974987 0.26841156 0.41820134
1000.50025013 0.26825558 0.41827222
1001.50075038 0.26809170 0.41821357
1002.50125063 0.26789250 0.41808756
1003.50175088 0.26588786 0.41678656
1004.50225113 0.26561995 0.41681201
1005.50275138 0.26549232 0.41678906
1006.50325163 0.26549852 0.41674722
1007.50375188 0.26545470 0.41667446
1008.50425213 0.26344286 0.41157331
1009.50475238 0.26315516 0.41152424
1010.50525263 0.26304662 0.41142078
1011.50575288 0.26290927 0.41132022
1012.50625313 0.26091121 0.41000853
1013.50675338 0.25881426 0.40859585
1014.50725363 0.25875617 0.40852806
1015.50775388 0.25868158 0.40845849
1016.50825413 0.25850506 0.40842699
1017.50875438 0.25825377 0.40840397
1018.50925463 0.25802726 0.40834418
1019.50975488 0.25811299 0.40817449
1020.51025513 0.25604783 0.40250577
1021.51075538 0.25593642 0.40255236
1022.51125563 0.25570961 0.40241347
1023.51175588 0.25566606 0.40237709
1024.51225613 0.25534766 0.40229525
1025.51275638 0.25532830 0.40232566
1026.51325663 0.25366711 0.40100416
1027.51375688 0.25394661 0.40079317
1028.51425713 0.25038847 0.39838586
1029.51475738 0.25027434 0.39838431
1030.51525763 0.24900059 0.39373678
1031.51575788 0.24882161 0.39375751
1032.51625813 0.24830101 0.39341057
1033.51675838 0.24636991 0.38724832
1034.51725863 0.24434732 0.38119789
1035.51775888 0.24417293 0.38128983
1036.51825913 0.24234554 0.37550038
1037.51875938 0.24213908 0.37527788
1038.51925963 0.24199575 0.37524268
1039.51975988 0.24167378 0.37511193
1040.52026013 0.24142324 0.37497135
1041.52076038 0.23936002 0.37340731
1042.52126063 0.23927535 0.37343858
1043.52176088 0.23907357 0.37331213
1044.52226113 0.23889372 0.37330748
1045.52276138 0.23874559 0.37322606
1046.52326163 0.23855721 0.37314614
1047.52376188 0.23842966 0.37310525
1048.52426213 0.23642281 0.37147635
1049.52476238 0.23846376 0.37339301
1050.52526263 0.23836334 0.37338956
1051.52576288 0.23826477 0.37323261
1052.52626313 0.23799017 0.37327627
1053.52676338 0.23853573 0.37321604
1054.52726363 0.23864871 0.37311178
1055.52776388 0.23860735 0.37304840
1056.52826413 0.23836657 0.37294677
1057.52876438 0.23811454 0.37291624
1058.52926463 0.23777669 0.37293062
1059.52976488 0.23785110 0.37284350
1060.53026513 0.23776595 0.37273807
1061.53076538 0.23775354 0.37255505
1062.53126563 0.23759766 0.37253200
1063.53176588 0.23747752 0.37246627
1064.53226613 0.23734283 0.37243352
1065.53276638 0.23705939 0.37237382
1066.53326663 0.23684337 0.37232035
1067.53376688 0.23678485 0.37225874
1068.53426713 0.23667876 0.37219600
1069.53476738 0.23660109 0.37210514
1070.53526763 0.23444125 0.37059955
1071.53576788 0.23419508 0.37057013
1072.53626813 0.23408876 0.37049309
1073.53676838 0.23399160 0.37040659
1074.53726863 0.23273692 0.36989114
1075.53776888 0.23280365 0.36973094
1076.53826913 0.23256718 0.36971456
1077.53876938 0.23227383 0.36972705
1078.53926963 0.23016281 0.36818854
1079.53976988 0.23004347 0.36809520
1080.54027014 0.22991397 0.36799459
1081.54077039 0.22965362 0.36803391
1082.54127064 0.22953778 0.36795506
1083.54177089 0.22936866 0.36790030
1084.54227114 0.22906680 0.36783967
1085.54277139 0.22895262 0.36778430
1086.54327164 0.22850587 0.36782925
1087.54377189 0.22721720 0.36753359
1088.54427214 0.22724195 0.36755762
1089.54477239 0.22705170 0.36745126
1090.54527264 0.22687348 0.36736630
1091.54577289 0.22654813 0.36729510
1092.54627314 0.22630752 0.36722060
1093.54677339 0.22428833 0.36555078
1094.54727364 0.22441865 0.36539606
1095.54777389 0.22426366 0.36533825
1096.54827414 0.22413582 0.36522623
1097.54877439 0.22399032 0.36517134
1098.54927464 0.22390194 0.36512749
1099.54977489 0.22387127 0.36505662
1100.55027514 0.22382065 0.36492765
1101.55077539 0.22295307 0.36488528
1102.55127564 0.22292167 0.36482753
1103.55177589 0.22265990 0.36476806
1104.55227614 0.22255675 0.36460863
1105.55277639 0.22232907 0.36456630
1106.55327664 0.22207069 0.36452845
1107.55377689 0.22197461 0.36447412
1108.55427714 0.22211339 0.36477043
1109.55477739 0.22201813 0.36487881
1110.55527764 0.22172767 0.36477521
1111.55577789 0.22166040 0.36474460
1112.55627814 0.22152324 0.36473744
1113.55677839 0.22136246 0.36461894
1114.55727864 0.22054154 0.36403497
1115.55777889 0.22054642 0.36408339
1116.55827914 0.22037022 0.36399640
1117.55877939 0.22021481 0.36390313
1118.55927964 0.21946537 0.36396656
1119.55977989 0.21929986 0.36399451
1120.56028014 0.21913750 0.36392261
1121.56078039 0.21890555 0.36380130
1122.56128064 0.21531436 0.36010163
1123.56178089 0.21511337 0.36014042
1124.56228114 0.21484193 0.36007884
1125.56278139 0.21502975 0.35998005
1126.56328164 0.21486485 0.35992686
1127.56378189 0.21479039 0.35987407
1128.56428214 0.21456663 0.35980777
1129.56478239 0.21441914 0.35971641
1130.56528264 0.21434265 0.35967782
1131.56578289 0.21416223 0.35963614
1132.56628314 0.21403623 0.35957034
1133.56678339 0.21395765 0.35952349
1134.56728364 0.21361950 0.35954054
1135.56778389 0.21353685 0.35943710
1136.56828414 0.21341028 0.35932921
1137.56878439 0.21330366 0.35926463
1138.56928464 0.21315606 0.35922024
1139.56978489 0.21287135 0.35920516
1140.57028514 0.21273099 0.35914272
1141.57078539 0.21267812 0.35905868
1142.57128564 0.21224425 0.35890571
1143.57178589 0.21205226 0.35885529
1144.57228614 0.21188449 0.35878178
1145.57278639 0.21175156 0.35870849
1146.57328664 0.21162226 0.35863848
1147.57378689 0.21145599 0.35857179
1148.57428714 0.21130433 0.35850522
1149.57478739 0.21118288 0.35844601
1150.57528764 0.21106252 0.35839969
1151.57578789 0.21089473 0.35834267
1152.57628814 0.21049108 0.35835256
1153.57678839 0.20896549 0.35734055
1154.57728864 0.20887373 0.35725032
1155.57778889 0.20875903 0.35718414
1156.57828914 0.20864120 0.35709944
1157.57878939 0.20860010 0.35700932
1158.57928964 0.20863192 0.35690193
1159.57978989 0.20855442 0.35685943
1160.58029015 0.20518750 0.35387475
1161.58079040 0.20522557 0.35381484
1162.58129065 0.20509218 0.35379977
1163.58179090 0.20490935 0.35370204
1164.58229115 0.20480075 0.35354795
1165.58279140 0.20467409 0.35352062
1166.58329165 0.20224012 0.35173711
1167.58379190 0.20206378 0.35170074
1168.58429215 0.20200623 0.35162243
1169.58479240 0.20115673 0.35073330
1170.58529265 0.20110580 0.35120958
1171.58579290 0.20107580 0.35151987
1172.58629315 0.20085137 0.35114093
1173.58679340 0.20084734 0.35142690
1174.58729365 0.20072483 0.35145154
1175.58779390 0.19863228 0.34965997
1176.58829415 0.19857054 0.34962074
1177.58879440 0.19842225 0.34960271
1178.58929465 0.19823223 0.34955158
1179.58979490 0.19806667 0.34944011
1180.59029515 0.19643052 0.34799823
1181.59079540 0.19629556 0.34797118
1182.59129565 0.19603546 0.34782427
1183.59179590 0.19555200 0.34784180
1184.59229615 0.19549195 0.34782806
1185.59279640 0.19533406 0.34776669
1186.59329665 0.19513448 0.34767090
1187.59379690 0.19507291 0.34756773
1188.59429715 0.19237528 0.34535460
1189.59479740 0.19249906 0.34526679
1190.59529765 0.19241353 0.34519431
1191.59579790 0.19222652 0.34507523
1192.59629815 0.19342238 0.34593035
1193.59679840 0.19331025 0.34594253
1194.59729865 0.19319234 0.34589810
1195.59779890 0.19299596 0.34580377
1196.59829915 0.19304474 0.34567757
1197.59879940 0.19296345 0.34563092
1198.59929965 0.19285600 0.34554038
1199.59979990 0.19268539 0.34548891
1200.60030015 0.19256179 0.34545002
1201.60080040 0.19045842 0.33791993
1202.60130065 0.19031270 0.33780487
1203.60180090 0.19014879 0.33772257
1204.60230115 0.18996971 0.33766596
1205.60280140 0.18977110 0.33764318
1206.60330165 0.18972587 0.33761889
1207.60380190 0.18954919 0.33755302
1208.60430215 0.18948500 0.33742615
1209.60480240 0.18930721 0.33737064
1210.60530265 0.18923529 0.33728968
1211.60580290 0.18910269 0.33727919
1212.60630315 0.18904746 0.33719140
1213.60680340 0.18896850 0.33709024
1214.60730365 0.18875984 0.33701233
1215.60780390 0.18857783 0.33697497
1216.60830415 0.18849941 0.33693305
1217.60880440 0.18843666 0.33687895
1218.60930465 0.18834698 0.33678916
1219.60980490 0.18820989 0.33668461
1220.61030515 0.18798911 0.33664465
1221.61080540 0.18790051 0.33659232
1222.61130565 0.18770322 0.33630310
1223.61180590 0.18762575 0.33627111
1224.61230615 0.18554501 0.33426620
1225.61280640 0.18532096 0.33432026
1226.61330665 0.18518484 0.33422770
1227.61380690 0.18510252 0.33417146
1228.61430715 0.18493310 0.33413426
1229.61480740 0.18484516 0.33398246
1230.61530765 0.18498730 0.33390167
1231.61580790 0.18469639 0.33384682
1232.61630815 0.18467457 0.33378373
1233.61680840 0.18448588 0.33372932
1234.61730865 0.18461987 0.33356686
1235.61780890 0.18439505 0.33352267
1236.61830915 0.18419812 0.33347879
1237.61880940 0.18404622 0.33343626
1238.61930965 0.18389332 0.33339758
1239.61980990 0.18374484 0.33330303
1240.62031016 0.18354640 0.33325436
1241.62081041 0.18340904 0.33315129
1242.62131066 0.18332275 0.33310375
1243.62181091 0.18202015 0.33238854
1244.62231116 0.18218835 0.33225460
1245.62281141 0.18202842 0.33219778
1246.62331166 0.18191364 0.33212058
1247.62381191 0.18179925 0.33205637
1248.62431216 0.18166037 0.33199805
1249.62481241 0.18155823 0.33192525
1250.62531266 0.18144744 0.33186218
1251.62581291 0.18121684 0.33181030
1252.62631316 0.18120818 0.33173095
1253.62681341 0.18105205 0.33169738
1254.62731366 0.18107476 0.33165881
1255.62781391 0.18079615 0.33167530
1256.62831416 0.18072558 0.33161524
1257.62881441 0.18245903 0.33375188
1258.62931466 0.18244837 0.33412354
1259.62981491 0.18101791 0.33320127
1260.63031516 0.17916200 0.33130129
1261.63081541 0.17903503 0.33133432
1262.63131566 0.17888460 0.33134670
1263.63181591 0.17874872 0.33132329
1264.63231616 0.17857814 0.33106732
1265.63281641 0.17852336 0.33121152
1266.63331666 0.17658726 0.32925725
1267.63381691 0.17635335 0.32908182
1268.63431716 0.17477746 0.32779103
1269.63481741 0.17515197 0.32850897
1270.63531766 0.17521582 0.32827132
1271.63581791 0.17512478 0.32819249
1272.63631816 0.17515773 0.32818866
1273.63681841 0.17503033 0.32810690
1274.63731866 0.17472130 0.32798335
1275.63781891 0.17432457 0.32728662
1276.63831916 0.17435922 0.32727063
1277.63881941 0.17424980 0.32710820
1278.63931966 0.17404272 0.32703470
1279.63981991 0.17398726 0.32695667
1280.64032016 0.17247630 0.32596836
1281.64082041 0.17237936 0.32587134
1282.64132066 0.17206769 0.32548190
1283.64182091 0.17192648 0.32540022
1284.64232116 0.17186089 0.32534342
1285.64282141 0.16996805 0.32337824
1286.64332166 0.16977775 0.32336247
1287.64382191 0.16966965 0.32326949
1288.64432216 0.16804850 0.32132399
1289.64482241 0.16770249 0.32128623
1290.64532266 0.16757127 0.32126927
1291.64582291 0.16747246 0.32121099
1292.64632316 0.16738476 0.32114037
1293.64682341 0.16724264 0.32106231
1294.64732366 0.16709854 0.32099411
1295.64782391 0.16693856 0.32094717
1296.64832416 0.16542275 0.31591549
1297.64882441 0.16528335 0.31573943
1298.64932466 0.16361439 0.31215409
1299.64982491 0.16351096 0.31216077
1300.65032516 0.16341354 0.31217342
1301.65082541 0.16340631 0.31199558
1302.65132566 0.16330524 0.31196307
1303.65182591 0.16321363 0.31197005
1304.65232616 0.16307940 0.31185208
1305.65282641 0.16299386 0.31175967
1306.65332666 0.16298090 0.31171357
1307.65382691 0.16289007 0.31165713
1308.65432716 0.16270364 0.31159207
1309.65482741 0.16255605 0.31151803
1310.65532766 0.16251591 0.31145000
1311.65582791 0.16251222 0.31136784
1312.65632816 0.16238830 0.31130776
1313.65682841 0.16224771 0.31126931
1314.65732866 0.16217417 0.31118936
1315.65782891 0.16047476 0.30882631
1316.65832916 0.16033811 0.30875990
1317.65882941 0.16018449 0.30871555
1318.65932966 0.16019357 0.30864853
1319.65982991 0.15883946 0.30724331
1320.66033017 0.15874160 0.30717050
1321.66083042 0.15861776 0.30712277
1322.66133067 0.15847229 0.30706742
1323.66183092 0.15840070 0.30701763
1324.66233117 0.15828316 0.30696812
1325.66283142 0.15822336 0.30691033
1326.66333167 0.15802985 0.30684563
1327.66383192 0.15617539 0.30468999
1328.66433217 0.15629374 0.30500588
1329.66483242 0.15576307 0.30530914
1330.66533267 0.15572852 0.30540814
1331.66583292 0.15560381 0.30517263
1332.66633317 0.15550127 0.30466655
1333.66683342 0.15543363 0.30457483
1334.66733367 0.15538613 0.30486485
1335.66783392 0.15531540 0.30494239
1336.66833417 0.15526013 0.30468184
1337.66883442 0.15514613 0.30451133
1338.66933467 0.15497985 0.30456602
1339.66983492 0.15487077 0.30458912
1340.67033517 0.15437733 0.30422815
1341.67083542 0.15264637 0.30182697
1342.67133567 0.15251134 0.30177205
1343.67183592 0.15238996 0.30173642
1344.67233617 0.15051487 0.29955073
1345.67283642 0.15041114 0.29949562
1346.67333667 0.14818362 0.29569869
1347.67383692 0.14778257 0.29564396
1348.67433717 0.14780201 0.29559467
1349.67483742 0.14590804 0.28828865
1350.67533767 0.14355989 0.28661676
1351.67583792 0.14345107 0.28637263
1352.67633817 0.14371751 0.28636784
1353.67683842 0.14366965 0.28643792
1354.67733867 0.14369977 0.28649881
1355.67783892 0.14367375 0.28641688
1356.67833917 0.14349708 0.28613159
1357.67883942 0.14350703 0.28630854
1358.67933967 0.14345565 0.28632545
1359.67983992 0.14330266 0.28609816
1360.68034017 0.14362143 0.28615896
1361.68084042 0.14355088 0.28616426
1362.68134067 0.14342165 0.28608549
1363.68184092 0.14329793 0.28596775
1364.68234117 0.14252567 0.28566492
1365.68284142 0.14223400 0.28561760
1366.68334167 0.14197969 0.28551914
1367.68384192 0.13968051 0.28288057
1368.68434217 0.13963992 0.28285201
1369.68484242 0.14001555 0.28288576
1370.68534267 0.13981863 0.28280245
1371.68584292 0.13969327 0.28274183
1372.68634317 0.13840745 0.28150496
1373.68684342 0.13829613 0.28145882
1374.68734367 0.13819045 0.28139092
1375.68784392 0.13809495 0.28133881
1376.68834417 0.13799821 0.28128034
1377.68884442 0.13644166 0.27989066
1378.68934467 0.13493269 0.27578889
1379.68984492 0.13474535 0.27555280
1380.69034517 0.13455325 0.27528922
1381.69084542 0.13436237 0.27511921
1382.69134567 0.13427609 0.27509788
1383.69184592 0.13421832 0.27508890
1384.69234617 0.13407894 0.27500919
1385.69284642 0.13395354 0.27492964
1386.69334667 0.13306010 0.27440057
1387.69384692 0.13134928 0.27236433
1388.69434717 0.13123067 0.27229752
1389.69484742 0.13115064 0.27217113
1390.69534767 0.13109424 0.27210388
1391.69584792 0.12919697 0.26950898
1392.69634817 0.12910657 0.26947800
1393.69684842 0.12897159 0.26942424
1394.69734867 0.12886264 0.26938122
1395.69784892 0.12882746 0.26931610
1396.69834917 0.12869641 0.26924251
1397.69884942 0.12818608 0.26909247
1398.69934967 0.12805429 0.26901103
1399.69984992 0.12793136 0.26892214
1400.70035018 0.12745576 0.26845968
1401.70085043 0.12728942 0.26837126
1402.70135068 0.12717598 0.26831093
1403.70185093 0.12712791 0.26828251
1404.70235118 0.12703514 0.26825811
1405.70285143 0.12689709 0.26818739
1406.70335168 0.12678645 0.26807443
1407.70385193 0.12665098 0.26799096
1408.70435218 0.12651549 0.26796387
1409.70485243 0.12595975 0.26653689
1410.70535268 0.12600417 0.26646040
1411.70585293 0.12594288 0.26638788
1412.70635318 0.12580755 0.26631793
1413.70685343 0.12565483 0.26623427
1414.70735368 0.12555784 0.26615221
1415.70785393 0.12459189 0.26445080
1416.70835418 0.12453030 0.26442111
1417.70885443 0.12441818 0.26436815
1418.70935468 0.12427981 0.26430139
1419.70985493 0.12421167 0.26425520
1420.71035518 0.12412395 0.26421169
1421.71085543 0.12650572 0.26581937
1422.71135568 0.12647599 0.26573410
1423.71185593 0.12501646 0.26430083
1424.71235618 0.12487866 0.26428127
1425.71285643 0.12478486 0.26428157
1426.71335668 0.12467337 0.26417799
1427.71385693 0.12455629 0.26408642
1428.71435718 0.12443929 0.26406692
1429.71485743 0.12415051 0.26399811
1430.71535768 0.12426847 0.26393828
1431.71585793 0.12442651 0.26385985
1432.71635818 0.12438845 0.26396492
1433.71685843 0.12407856 0.26377151
1434.71735868 0.12402556 0.26376181
1435.71785893 0.12408721 0.26377454
1436.71835918 0.12403292 0.26370551
1437.71885943 0.12393702 0.26358382
1438.71935968 0.12376379 0.26347641
1439.71985993 0.12365615 0.26345530
1440.72036018 0.12371199 0.26342718
1441.72086043 0.12383534 0.26331360
1442.72136068 0.12369311 0.26325314
1443.72186093 0.12361097 0.26322481
1444.72236118 0.12340517 0.26316833
1445.72286143 0.12330350 0.26311113
1446.72336168 0.12312651 0.26300648
1447.72386193 0.12299547 0.26288779
1448.72436218 0.12292318 0.26283266
1449.72486243 0.12296437 0.26275672
1450.72536268 0.12293119 0.26267902
1451.72586293 0.12277383 0.26260081
1452.72636318 0.12267718 0.26254183
1453.72686343 0.12266321 0.26245727
1454.72736368 0.12253277 0.26238763
1455.72786393 0.12247929 0.26229630
1456.72836418 0.12236873 0.26221607
1457.72886443 0.12225797 0.26215583
1458.72936468 0.12225675 0.26208529
1459.72986493 0.12201736 0.26205529
1460.73036518 0.12204502 0.26197062
1461.73086543 0.12183215 0.26195035
1462.73136568 0.12170348 0.26180788
1463.73186593 0.12169467 0.26187751
1464.73236618 0.12011668 0.26018136
1465.73286643 0.12000562 0.26011943
1466.73336668 0.11931273 0.25963428
1467.73386693 0.11936250 0.25963159
1468.73436718 0.11750961 0.25742574
1469.73486743 0.11733221 0.25731827
1470.73536768 0.11731970 0.25721768
1471.73586793 0.11736852 0.25715481
1472.73636818 0.11719987 0.25709453
1473.73686843 0.11703020 0.25701954
1474.73736868 0.11696225 0.25693935
1475.73786893 0.11686825 0.25688641
1476.73836918 0.11683391 0.25679800
1477.73886943 0.11671723 0.25672875
1478.73936968 0.11658318 0.25665300
1479.73986993 0.11653822 0.25656813
1480.74037019 0.11647466 0.25650737
1481.74087044 0.11631267 0.25645213
1482.74137069 0.11620456 0.25637850
1483.74187094 0.11608779 0.25631292
1484.74237119 0.11599203 0.25625084
1485.74287144 0.11590406 0.25619450
1486.74337169 0.11579986 0.25613599
1487.74387194 0.11569050 0.25606700
1488.74437219 0.11558186 0.25599906
1489.74487244 0.11618335 0.25609357
1490.74537269 0.11454922 0.24863147
1491.74587294 0.11444485 0.24858980
1492.74637319 0.11420039 0.24858000
1493.74687344 0.11407650 0.24849545
1494.74737369 0.11390232 0.24820337
1495.74787394 0.11377842 0.24804336
1496.74837419 0.11371299 0.24807261
1497.74887444 0.11357443 0.24787900
1498.74937469 0.11315399 0.24765053
1499.74987494 0.11306857 0.24770530
1500.75037519 0.11299152 0.24766673
1501.75087544 0.11148610 0.24588756
1502.75137569 0.10974717 0.24332635
1503.75187594 0.10963228 0.24332153
1504.75237619 0.10958909 0.24321754
1505.75287644 0.10949003 0.24309967
1506.75337669 0.10943569 0.24305579
1507.75387694 0.10932690 0.24300884
1508.75437719 0.10921555 0.24292607
1509.75487744 0.10908126 0.24287103
1510.75537769 0.10906708 0.24280417
1511.75587794 0.10899441 0.24273936
1512.75637819 0.10887706 0.24266854
1513.75687844 0.10875232 0.24260797
1514.75737869 0.10865283 0.24253855
1515.75787894 0.10854459 0.24245468
1516.75837919 0.10828969 0.24242045
1517.75887944 0.10824807 0.24235862
1518.75937969 0.10627368 0.23118998
1519.75987994 0.10614307 0.23142442
1520.76038019 0.10599277 0.23107762
1521.76088044 0.10588165 0.23101635
1522.76138069 0.10573257 0.23076981
1523.76188094 0.10563645 0.23066994
1524.76238119 0.10558621 0.23064650
1525.76288144 0.10545265 0.23052501
1526.76338169 0.10547924 0.23046258
1527.76388194 0.10545510 0.23039624
1528.76438219 0.10539021 0.23029648
1529.76488244 0.10525901 0.23024571
1530.76538269 0.10322234 0.21942807
1531.76588294 0.10321918 0.21935364
1532.76638319 0.10311135 0.21929688
1533.76688344 0.10301367 0.21920123
1534.76738369 0.10294463 0.21914157
1535.76788394 0.10289391 0.21907705
1536.76838419 0.10120370 0.21586389
1537.76888444 0.10104194 0.21578291
1538.76938469 0.10087380 0.21571989
1539.76988494 0.10080477 0.21564852
1540.77038519 0.10069091 0.21558871
1541.77088544 0.10100621 0.21565099
1542.77138569 0.10075228 0.21548034
1543.77188594 0.10070050 0.21539882
1544.77238619 0.10061279 0.21532641
1545.77288644 0.10048807 0.21528341
1546.77338669 0.10039413 0.21521462
1547.77388694 0.10029742 0.21516114
1548.77438719 0.10022603 0.21509825
1549.77488744 0.10018304 0.21504704
1550.77538769 0.10019021 0.21495356
1551.77588794 0.10083573 0.21515214
1552.77638819 0.10069338 0.21511216
1553.77688844 0.10060001 0.21504141
1554.77738869 0.10057596 0.21493643
1555.77788894 0.10048713 0.21485862
1556.77838919 0.09865182 0.21195682
1557.77888944 0.09853048 0.21190889
1558.77938969 0.09843017 0.21183674
1559.77988994 0.09836797 0.21173253
1560.78039020 0.09830510 0.21166099
1561.78089045 0.09824905 0.21159796
1562.78139070 0.09815516 0.21155244
1563.78189095 0.09805157 0.21148176
1564.78239120 0.09795058 0.21138357
1565.78289145 0.09607184 0.20969256
1566.78339170 0.09596236 0.20962669
1567.78389195 0.09583343 0.20959806
1568.78439220 0.09573488 0.20953436
1569.78489245 0.09564962 0.20942958
1570.78539270 0.09568113 0.20933968
1571.78589295 0.09615437 0.20949680
1572.78639320 0.09620370 0.20963061
1573.78689345 0.09603837 0.20946237
1574.78739370 0.09600451 0.20933992
1575.78789395 0.09589439 0.20924436
1576.78839420 0.09590028 0.20919216
1577.78889445 0.09583309 0.20912247
1578.78939470 0.09574184 0.20906914
1579.78989495 0.09569213 0.20898626
1580.79039520 0.09558833 0.20888924
1581.79089545 0.09550323 0.20881502
1582.79139570 0.09541691 0.20873989
1583.79189595 0.09522439 0.20871167
1584.79239620 0.09508563 0.20867634
1585.79289645 0.09507154 0.20857156
1586.79339670 0.09495303 0.20851170
1587.79389695 0.09485401 0.20845692
1588.79439720 0.09484234 0.20837447
1589.79489745 0.09474191 0.20831974
1590.79539770 0.09512735 0.20839968
1591.79589795 0.09504936 0.20829275
1592.79639820 0.09499927 0.20823817
1593.79689845 0.09490601 0.20826281
1594.79739870 0.09470684 0.20808967
1595.79789895 0.09456155 0.20800002
1596.79839920 0.09448291 0.20793513
1597.79889945 0.09439564 0.20781081
1598.79939970 0.09250382 0.20382265
1599.79989995 0.09241546 0.20381893
1600.80040020 0.09227528 0.20372583
1601.80090045 0.09255480 0.20443463
1602.80140070 0.09251996 0.20436547
1603.80190095 0.09239558 0.20425037
1604.80240120 0.09228386 0.20422343
1605.80290145 0.09220317 0.20418167
1606.80340170 0.09214611 0.20413763
1607.80390195 0.09201132 0.20395900
1608.80440220 0.09193365 0.20394812
1609.80490245 0.09188647 0.20397184
1610.80540270 0.09178748 0.20388069
1611.80590295 0.09149972 0.20382097
1612.80640320 0.09139643 0.20371362
1613.80690345 0.09082324 0.20348372
1614.80740370 0.09080300 0.20343851
1615.80790395 0.09070264 0.20336760
1616.80840420 0.09069318 0.20329684
1617.80890445 0.09060540 0.20319892
1618.80940470 0.09052274 0.20313008
1619.80990495 0.09037542 0.20289309
1620.81040520 0.09041088 0.20323418
1621.81090545 0.09045293 0.20346545
1622.81140570 0.09024305 0.20299449
1623.81190595 0.09010433 0.20266689
1624.81240620 0.09015105 0.20289686
1625.81290645 0.09005608 0.20216856
1626.81340670 0.08994090 0.20199787
1627.81390695 0.08984816 0.20211417
1628.81440720 0.08979950 0.20213380
1629.81490745 0.08969612 0.20197026
1630.81540770 0.08961647 0.20181545
1631.81590795 0.08957367 0.20177019
1632.81640820 0.08943598 0.20175394
1633.81690845 0.08931930 0.20166334
1634.81740870 0.08926633 0.20154102
1635.81790895 0.08921859 0.20148093
1636.81840920 0.08912129 0.20143926
1637.81890945 0.08899386 0.20137044
1638.81940970 0.08890155 0.20126226
1639.81990995 0.08883841 0.20117786
1640.82041021 0.08881467 0.20111141
1641.82091046 0.08872044 0.20105533
1642.82141071 0.08863527 0.20095909
1643.82191096 0.08853496 0.20084627
1644.82241121 0.08845223 0.20078949
1645.82291146 0.08838225 0.20075497
1646.82341171 0.08830226 0.20068933
1647.82391196 0.08826562 0.20057663
1648.82441221 0.08825671 0.20049099
1649.82491246 0.08658136 0.19765509
1650.82541271 0.08647275 0.19757172
1651.82591296 0.08641016 0.19750512
1652.82641321 0.08627439 0.19744908
1653.82691346 0.08617796 0.19737477
1654.82741371 0.08612357 0.19727853
1655.82791396 0.08605746 0.19718541
1656.82841421 0.08601504 0.19710653
1657.82891446 0.08584017 0.19706347
1658.82941471 0.08574727 0.19696245
1659.82991496 0.08575865 0.19689871
1660.83041521 0.08569430 0.19685295
1661.83091546 0.08560736 0.19680105
1662.83141571 0.08554610 0.19674029
1663.83191596 0.08544922 0.19665810
1664.83241621 0.08632365 0.19738612
1665.83291646 0.08624824 0.19730553
1666.83341671 0.08607655 0.19720671
1667.83391696 0.08600640 0.19716179
1668.83441721 0.08636706 0.19768478
1669.83491746 0.08637259 0.19783241
1670.83541771 0.08650270 0.19821876
1671.83591796 0.08641050 0.19810536
1672.83641821 0.08615300 0.19762369
1673.83691846 0.08615549 0.19764912
1674.83741871 0.08633119 0.19808780
1675.83791896 0.08630193 0.19810084
1676.83841921 0.08606536 0.19772127
1677.83891946 0.08601551 0.19759085
1678.83941971 0.08614173 0.19778360
1679.83991996 0.08610658 0.19782723
1680.84042021 0.08593131 0.19759704
1681.84092046 0.08720790 0.19936722
1682.84142071 0.08711700 0.19960657
1683.84192096 0.08700702 0.19930812
1684.84242121 0.08687926 0.19903261
1685.84292146 0.08673683 0.19872717
1686.84342171 0.08655612 0.19840938
1687.84392196 0.08645670 0.19833387
1688.84442221 0.08645020 0.19840326
1689.84492246 0.08657500 0.19833142
1690.84542271 0.08701960 0.19841487
1691.84592296 0.08777363 0.19888987
1692.84642321 0.08942683 0.20193345
1693.84692346 0.08913559 0.20221184
1694.84742371 0.08902204 0.20179409
1695.84792396 0.08891488 0.20141853
1696.84842421 0.08875801 0.20119533
1697.84892446 0.08868927 0.20124732
1698.84942471 0.08872049 0.20118371
1699.84992496 0.08854134 0.20097311
1700.85042521 0.08847888 0.20086319
1701.85092546 0.08842757 0.20087642
1702.85142571 0.08833369 0.20080040
1703.85192596 0.08834597 0.20090392
1704.85242621 0.08825838 0.20073218
1705.85292646 0.08819150 0.20066568
1706.85342671 0.08803839 0.20046440
1707.85392696 0.08796533 0.20038678
1708.85442721 0.08803252 0.20028824
1709.85492746 0.08795144 0.20018440
1710.85542771 0.08782427 0.20006130
1711.85592796 0.08768379 0.19999603
1712.85642821 0.08758730 0.19992645
1713.85692846 0.08746555 0.19981239
1714.85742871 0.08582481 0.19703321
1715.85792896 0.08577851 0.19691076
1716.85842921 0.08605398 0.19781686
1717.85892946 0.08597410 0.19777446
1718.85942971 0.08367729 0.19390831
1719.85992996 0.08359901 0.19378136
1720.86043022 0.08356799 0.19369911
1721.86093047 0.08352699 0.19361064
1722.86143072 0.08340437 0.19354110
1723.86193097 0.08333852 0.19343186
1724.86243122 0.08444687 0.19453609
1725.86293147 0.08431188 0.19443638
1726.86343172 0.08431369 0.19440086
1727.86393197 0.08334836 0.19234997
1728.86443222 0.08309258 0.19213890
1729.86493247 0.08297851 0.19207143
1730.86543272 0.08300110 0.19203045
1731.86593297 0.08266771 0.19185250
1732.86643322 0.08266322 0.19181919
1733.86693347 0.08172344 0.19059591
1734.86743372 0.08178615 0.19052708
1735.86793397 0.08171154 0.19042913
1736.86843422 0.08156550 0.19033778
1737.86893447 0.08159674 0.19026789
1738.86943472 0.08152136 0.19020749
1739.86993497 0.08143340 0.19012825
1740.87043522 0.08128425 0.19001630
1741.87093547 0.08120034 0.18995522
1742.87143572 0.08113848 0.18990437
1743.87193597 0.08125943 0.19019672
1744.87243622 0.08133877 0.19038889
1745.87293647 0.08124384 0.19029415
1746.87343672 0.08108056 0.19010011
1747.87393697 0.08098183 0.19002114
1748.87443722 0.08089996 0.18985066
1749.87493747 0.08089007 0.18992324
1750.87543772 0.07905725 0.18609816
1751.87593797 0.07890894 0.18588564
1752.87643822 0.07881960 0.18582541
1753.87693847 0.07878735 0.18582747
1754.87743872 0.07869205 0.18575980
1755.87793897 0.07854098 0.18562898
1756.87843922 0.07850049 0.18551890
1757.87893947 0.07838296 0.18549430
1758.87943972 0.07832277 0.18542674
1759.87993997 0.07821161 0.18531377
1760.88044022 0.07816313 0.18521627
1761.88094047 0.07649006 0.18171863
1762.88144072 0.07644585 0.18164074
1763.88194097 0.07640269 0.18157183
1764.88244122 0.07632944 0.18150168
1765.88294147 0.07619129 0.18142080
1766.88344172 0.07608993 0.18133257
1767.88394197 0.07608016 0.18125211
1768.88444222 0.07603419 0.18119122
1769.88494247 0.07590072 0.18112214
1770.88544272 0.07392288 0.17689113
1771.88594297 0.07387082 0.17679587
1772.88644322 0.07383863 0.17672714
1773.88694347 0.07374399 0.17666632
1774.88744372 0.07361807 0.17657797
1775.88794397 0.07353568 0.17648468
1776.88844422 0.07347443 0.17640434
1777.88894447 0.07339714 0.17633428
1778.88944472 0.07329838 0.17626614
1779.88994497 0.07320451 0.17618982
1780.89044522 0.07313361 0.17612202
1781.89094547 0.07319234 0.17602822
1782.89144572 0.07311886 0.17594268
1783.89194597 0.07302080 0.17585301
1784.89244622 0.07301819 0.17576060
1785.89294647 0.07292717 0.17570135
1786.89344672 0.07285827 0.17562806
1787.89394697 0.07278251 0.17555082
1788.89444722 0.07269535 0.17548548
1789.89494747 0.07261467 0.17542498
1790.89544772 0.07253294 0.17534320
1791.89594797 0.07244569 0.17525462
1792.89644822 0.07236607 0.17518112
1793.89694847 0.07229230 0.17511039
1794.89744872 0.07220592 0.17502377
1795.89794897 0.07211273 0.17495109
1796.89844922 0.07204814 0.17488164
1797.89894947 0.07197288 0.17483167
1798.89944972 0.07188425 0.17474646
1799.89994997 0.07180590 0.17464554
1800.90045023 0.07173507 0.17458838
1801.90095048 0.07166092 0.17453359
1802.90145073 0.07157535 0.17446580
1803.90195098 0.07150157 0.17438347
1804.90245123 0.07149516 0.17433966
1805.90295148 0.07148480 0.17428355
1806.90345173 0.07128653 0.17420966
1807.90395198 0.07141827 0.17417739
1808.90445223 0.07133056 0.17410963
1809.90495248 0.07130115 0.17403216
1810.90545273 0.07117931 0.17373815
1811.90595298 0.07218793 0.17476849
1812.90645323 0.07222251 0.17486468
1813.90695348 0.07205086 0.17496843
1814.90745373 0.07193470 0.17480117
1815.90795398 0.07182216 0.17459148
1816.90845423 0.07175160 0.17454945
1817.90895448 0.07169989 0.17454011
1818.90945473 0.07160514 0.17445132
1819.90995498 0.07150158 0.17432698
1820.91045523 0.07142668 0.17424030
1821.91095548 0.07135738 0.17417569
1822.91145573 0.07128285 0.17412082
1823.91195598 0.07120083 0.17403890
1824.91245623 0.07112430 0.17394009
1825.91295648 0.07108764 0.17383717
1826.91345673 0.07130348 0.17415881
1827.91395698 0.07118079 0.17400907
1828.91445723 0.07125600 0.17415174
1829.91495748 0.07116273 0.17394040
1830.91545773 0.07113450 0.17389306
1831.91595798 0.07109357 0.17375357
1832.91645823 0.07090189 0.17359925
1833.91695848 0.07083373 0.17359564
1834.91745873 0.07081920 0.17359723
1835.91795898 0.07080333 0.17347502
1836.91845923 0.07064667 0.17326856
1837.91895948 0.07058637 0.17323248
1838.91945973 0.07061641 0.17336827
1839.91995998 0.07076062 0.17360580
1840.92046023 0.06867182 0.16839630
1841.92096048 0.06849250 0.16827575
1842.92146073 0.06842110 0.16822432
1843.92196098 0.06846715 0.16831257
1844.92246123 0.06838688 0.16816841
1845.92296148 0.06825462 0.16797559
1846.92346173 0.06821438 0.16803352
1847.92396198 0.06814415 0.16792188
1848.92446223 0.06820221 0.16782101
1849.92496248 0.06822910 0.16779806
1850.92546273 0.06811376 0.16770713
1851.92596298 0.06802300 0.16762129
1852.92646323 0.06797592 0.16751288
1853.92696348 0.06636463 0.16409645
1854.92746373 0.06629415 0.16404048
1855.92796398 0.06620207 0.16394383
1856.92846423 0.06617314 0.16390275
1857.92896448 0.06616744 0.16381603
1858.92946473 0.06614651 0.16370991
1859.92996498 0.06607534 0.16364054
1860.93046523 0.06594425 0.16361075
1861.93096548 0.06584524 0.16352413
1862.93146573 0.06577763 0.16343916
1863.93196598 0.06571299 0.16338035
1864.93246623 0.06419511 0.15970864
1865.93296648 0.06410233 0.15964081
1866.93346673 0.06404794 0.15955371
1867.93396698 0.06394465 0.15945998
1868.93446723 0.06364155 0.15920316
1869.93496748 0.06357546 0.15911875
1870.93546773 0.06345097 0.15905825
1871.93596798 0.06346801 0.15900689
1872.93646823 0.06339723 0.15893307
1873.93696848 0.06339487 0.15884373
1874.93746873 0.06521992 0.16406021
1875.93796898 0.06521227 0.16401944
1876.93846923 0.06708972 0.16870675
1877.93896948 0.06700742 0.16884856
1878.93946973 0.06690512 0.16879001
1879.93996998 0.06682284 0.16856528
1880.94047024 0.06631455 0.16610626
1881.94097049 0.06627935 0.16633757
1882.94147074 0.06615499 0.16620451
1883.94197099 0.06607317 0.16611180
1884.94247124 0.06599326 0.16592975
1885.94297149 0.06593183 0.16583111
1886.94347174 0.06587990 0.16584305
1887.94397199 0.06580831 0.16579098
1888.94447224 0.06573128 0.16568069
1889.94497249 0.06566610 0.16560004
1890.94547274 0.06562787 0.16558549
1891.94597299 0.06558885 0.16553600
1892.94647324 0.06552291 0.16541498
1893.94697349 0.06544303 0.16533371
1894.94747374 0.06536805 0.16528216
1895.94797399 0.06534537 0.16524290
1896.94847424 0.06530571 0.16516987
1897.94897449 0.06522044 0.16508872
1898.94947474 0.06517075 0.16500509
1899.94997499 0.06603497 0.16592324
1900.95047524 0.06599440 0.16584649
1901.95097549 0.06578718 0.16539257
1902.95147574 0.06569975 0.16535875
1903.95197599 0.06564276 0.16529378
1904.95247624 0.06558650 0.16519386
1905.95297649 0.06466483 0.16428303
1906.95347674 0.06456592 0.16420704
1907.95397699 0.06450365 0.16414187
1908.95447724 0.06444364 0.16405253
1909.95497749 0.06438036 0.16395203
1910.95547774 0.06430920 0.16390837
1911.95597799 0.06423580 0.16384046
1912.95647824 0.06417765 0.16378963
1913.95697849 0.06410942 0.16370176
1914.95747874 0.06442536 0.16373600
1915.95797899 0.06437681 0.16368527
1916.95847924 0.06439356 0.16361052
1917.95897949 0.06473453 0.16375628
1918.95947974 0.06465788 0.16369674
1919.95997999 0.06469219 0.16362376
1920.96048024 0.06467924 0.16354436
1921.96098049 0.06466884 0.16348520
1922.96148074 0.06450107 0.16343844
1923.96198099 0.06444221 0.16336897
1924.96248124 0.06308655 0.15794388
1925.96298149 0.06313176 0.15837866
1926.96348174 0.06308863 0.15835857
1927.96398199 0.06294648 0.15793614
1928.96448224 0.06290775 0.15796756
1929.96498249 0.06274521 0.15798791
1930.96548274 0.06302454 0.15919913
1931.96598299 0.06321803 0.16021708
1932.96648324 0.06282907 0.15854732
1933.96698349 0.06340301 0.15894920
1934.96748374 0.06344622 0.15925193
1935.96798399 0.06344202 0.15892937
1936.96848424 0.06341347 0.15880538
1937.96898449 0.06346624 0.15885552
1938.96948474 0.06338783 0.15867692
1939.96998499 0.06338682 0.15860961
1940.97048524 0.06318583 0.15851135
1941.97098549 0.06307151 0.15845301
1942.97148574 0.06301146 0.15837707
1943.97198599 0.06294035 0.15822792
1944.97248624 0.06283953 0.15814835
1945.97298649 0.06281187 0.15807898
1946.97348674 0.06294467 0.15796412
1947.97398699 0.06227012 0.15738470
1948.97448724 0.06221878 0.15729037
1949.97498749 0.06205640 0.15718817
1950.97548774 0.06196340 0.15710419
1951.97598799 0.06190965 0.15703664
1952.97648824 0.06186981 0.15698135
1953.97698849 0.06242457 0.15730587
1954.97748874 0.06229074 0.15721205
1955.97798899 0.06221105 0.15711574
1956.97848924 0.06211442 0.15704206
1957.97898949 0.06229221 0.15701711
1958.97948974 0.06224869 0.15695159
1959.97998999 0.06226515 0.15690200
1960.98049025 0.06216214 0.15677766
1961.98099050 0.06110761 0.15534371
1962.98149075 0.06109992 0.15532236
1963.98199100 0.06104304 0.15527401
1964.98249125 0.06098967 0.15520101
1965.98299150 0.06087668 0.15507273
1966.98349175 0.06083060 0.15501364
1967.98399200 0.06078220 0.15496096
1968.98449225 0.06076798 0.15486033
1969.98499250 0.06058762 0.15476939
1970.98549275 0.06053568 0.15468946
1971.98599300 0.06046555 0.15460641
1972.98649325 0.06039738 0.15454774
1973.98699350 0.06033704 0.15448717
1974.98749375 0.06025002 0.15441676
1975.98799400 0.06010864 0.15428343
1976.98849425 0.06004379 0.15418251
1977.98899450 0.05999278 0.15411137
1978.98949475 0.05994664 0.15406527
1979.98999500 0.05988437 0.15400513
1980.99049525 0.05991496 0.15390851
1981.99099550 0.05983706 0.15383318
1982.99149575 0.05973854 0.15374281
1983.99199600 0.05962008 0.15367931
1984.99249625 0.05961208 0.15360546
1985.99299650 0.05967439 0.15353774
1986.99349675 0.05968206 0.15349064
1987.99399700 0.05989544 0.15352196
1988.99449725 0.05985145 0.15349062
1989.99499750 0.05972790 0.15339125
1990.99549775 0.05964900 0.15328836
1991.99599800 0.05960325 0.15320626
1992.99649825 0.05955058 0.15312249
1993.99699850 0.05951603 0.15304397
1994.99749875 0.05930413 0.15286840
1995.99799900 0.05924684 0.15281101
1996.99849925 0.05910542 0.15271777
1997.99899950 0.05907166 0.15265479
1998.99949975 0.05896944 0.15254075
2000.00000000 0.05886578 0.15243938
