0.00000000 6.00000000 0.00000098
1.00050025 6.04279713 0.04139897
2.00100050 5.98673347 0.06404174
3.00150075 6.02857574 0.12232187
4.00200100 5.95208389 0.13526864
5.00250125 5.96050962 0.16769700
6.00300150 5.93104963 0.18607634
7.00350175 5.93185889 0.20396989
8.00400200 5.90846534 0.21394124
9.00450225 5.91640617 0.24840809
10.00500250 5.86737746 0.26270204
11.00550275 5.86048525 0.27493413
12.00600300 5.85349043 0.29136837
13.00650325 5.84394784 0.29096219
14.00700350 5.82707280 0.30341380
15.00750375 5.82234228 0.33401168
16.00800400 5.79546263 0.34633226
17.00850425 5.78963910 0.36002445
18.00900450 5.77110017 0.37449176
19.00950475 5.75007995 0.38196032
20.01000500 5.72788242 0.41087682
21.01050525 5.72816487 0.41825949
22.01100550 5.69479827 0.42543510
23.01150575 5.69119442 0.43397310
24.01200600 5.67622820 0.44250837
25.01250625 5.65353621 0.44211379
26.01300650 5.64135670 0.45078178
27.01350675 5.62986523 0.46582961
28.01400700 5.60929942 0.47158095
29.01450725 5.59004058 0.49300850
30.01500750 5.57461998 0.50236627
31.01550775 5.55349909 0.50043192
32.01600800 5.53326468 0.51074357
33.01650825 5.51984075 0.52808168
34.01700850 5.50788242 0.52530025
35.01750875 5.50267987 0.53557385
36.01800900 5.48307364 0.54375413
37.01850925 5.46239971 0.54279731
38.01900950 5.45013481 0.55439475
39.01950975 5.43143863 0.56670696
40.02001001 5.40780120 0.57376285
41.02051026 5.38820146 0.58789379
42.02101051 5.37593138 0.59771874
43.02151076 5.36012877 0.60071118
44.02201101 5.33634535 0.62261847
45.02251126 5.32824826 0.62146301
46.02301151 5.30588328 0.62747838
47.02351176 5.29154822 0.63534501
48.02401201 5.27908735 0.64077369
49.02451226 5.25930484 0.64851361
50.02501251 5.24242767 0.66877593
51.02551276 5.22370030 0.67679231
52.02601301 5.19927156 0.68137338
53.02651326 5.19068516 0.69310035
54.02701351 5.17069856 0.70532566
55.02751376 5.14992903 0.70781389
56.02801401 5.12733553 0.71648162
57.02851426 5.11813624 0.72209216
58.02901451 5.10265282 0.72434092
59.02951476 5.08907797 0.73392708
60.03001501 5.07330127 0.73938107
61.03051526 5.05435421 0.74612750
62.03101551 5.04598339 0.75430901
63.03151576 5.02610376 0.76162241
64.03201601 5.00813827 0.77652711
65.03251626 4.98874501 0.78784914
66.03301651 4.97702853 0.79409990
67.03351676 4.96502071 0.79654260
68.03401701 4.95519647 0.80124187
69.03451726 4.94063176 0.80136973
70.03501751 4.92385856 0.80679786
71.03551776 4.91213847 0.81665964
72.03601801 4.89659762 0.82442497
73.03651826 4.88405818 0.82788255
74.03701851 4.86994649 0.83727166
75.03751876 4.85377184 0.84327208
76.03801901 4.84260169 0.84580924
77.03851926 4.82024794 0.85842255
78.03901951 4.80234773 0.86370468
79.03951976 4.78504818 0.87277450
80.04002001 4.76457757 0.87858206
81.04052026 4.75167343 0.87975055
82.04102051 4.74502208 0.88207445
83.04152076 4.74133951 0.87904172
84.04202101 4.72280002 0.88677300
85.04252126 4.70444469 0.89403322
86.04302151 4.68770905 0.90161848
87.04352176 4.67362756 0.90856121
88.04402201 4.65495358 0.91456759
89.04452226 4.63730135 0.91325746
90.04502251 4.62236290 0.92116375
91.04552276 4.60451856 0.92405137
92.04602301 4.59636729 0.92672879
93.04652326 4.57986996 0.92762773
94.04702351 4.56593710 0.92483527
95.04752376 4.54499217 0.93945235
96.04802401 4.52242287 0.94703204
97.04852426 4.51092376 0.94552952
98.04902451 4.48430619 0.95374952
99.04952476 4.46740330 0.95665091
100.05002501 4.45826780 0.95761189
101.05052526 4.42844993 0.97243027
102.05102551 4.41005415 0.97683870
103.05152576 4.40461515 0.98729022
104.05202601 4.38481467 0.99355243
105.05252626 4.37248536 1.00106351
106.05302651 4.35819271 1.00510025
107.05352676 4.33394718 1.01223801
108.05402701 4.32686276 1.01360836
109.05452726 4.29983665 1.01469004
110.05502751 4.28954530 1.01314331
111.05552776 4.27596334 1.00848863
112.05602801 4.27042597 1.00918716
113.05652826 4.25309685 1.01770665
114.05702851 4.23796268 1.02244990
115.05752876 4.21919944 1.03123031
116.05802901 4.19716049 1.03328807
117.05852926 4.18250660 1.03577829
118.05902951 4.16852617 1.04435273
119.05952976 4.15427491 1.04111448
120.06003002 4.14642384 1.04667862
121.06053027 4.12586227 1.05340829
122.06103052 4.10320657 1.05382689
123.06153077 4.09174552 1.05306525
124.06203102 4.08358301 1.06032763
125.06253127 4.06858433 1.05709876
126.06303152 4.06059501 1.05621243
127.06353177 4.04564520 1.06056577
128.06403202 4.03344584 1.05881517
129.06453227 4.01839396 1.06183229
130.06503252 4.01102989 1.06158990
131.06553277 3.99135704 1.06133219
132.06603302 3.97282058 1.06321948
133.06653327 3.95229478 1.06730539
134.06703352 3.94208128 1.06723348
135.06753377 3.91864623 1.06150093
136.06803402 3.90487069 1.05719580
137.06853427 3.89103803 1.06317165
138.06903452 3.88237771 1.06923391
139.06953477 3.86894271 1.07439580
140.07003502 3.85101699 1.06801838
141.07053527 3.83722738 1.06833554
142.07103552 3.81792675 1.07942760
143.07153577 3.80520532 1.08119538
144.07203602 3.79364051 1.08674599
145.07253627 3.78709082 1.08473994
146.07303652 3.77169303 1.08315458
147.07353677 3.76169977 1.07761188
148.07403702 3.74084895 1.07767249
149.07453727 3.71779498 1.07717589
150.07503752 3.70727425 1.07171916
151.07553777 3.69947215 1.07018494
152.07603802 3.67758896 1.06573088
153.07653827 3.66925197 1.06749676
154.07703852 3.65539008 1.07550988
155.07753877 3.64346099 1.08234048
156.07803902 3.63285175 1.08321498
157.07853927 3.62440050 1.08164148
158.07903952 3.60875821 1.08505572
159.07953977 3.59225927 1.09026106
160.08004002 3.57888969 1.09630822
161.08054027 3.57449995 1.09534159
162.08104052 3.56806844 1.09490814
163.08154077 3.55725510 1.09777829
164.08204102 3.54414945 1.10244571
165.08254127 3.53325597 1.10329697
166.08304152 3.51686320 1.10151380
167.08354177 3.49811710 1.10382890
168.08404202 3.48580132 1.10499787
169.08454227 3.47420759 1.10338163
170.08504252 3.46008408 1.09781957
171.08554277 3.45341504 1.09601805
172.08604302 3.43629287 1.09428174
173.08654327 3.43223501 1.09789426
174.08704352 3.41339533 1.10415682
175.08754377 3.40283843 1.10812895
176.08804402 3.38882048 1.10462679
177.08854427 3.38350707 1.10608744
178.08904452 3.36588049 1.11549369
179.08954477 3.35310945 1.11553451
180.09004502 3.33886877 1.11805929
181.09054527 3.32940984 1.12227329
182.09104552 3.31525595 1.11970053
183.09154577 3.30643262 1.11650247
184.09204602 3.29770684 1.11550888
185.09254627 3.27844354 1.11527264
186.09304652 3.27138663 1.11824255
187.09354677 3.25978947 1.12085971
188.09404702 3.24693788 1.12651024
189.09454727 3.23394299 1.12640027
190.09504752 3.22901507 1.13134878
191.09554777 3.21379221 1.13498567
192.09604802 3.20765477 1.13250957
193.09654827 3.19202843 1.13596217
194.09704852 3.18337806 1.13335008
195.09754877 3.16859926 1.13491741
196.09804902 3.16073043 1.13292326
197.09854927 3.15024426 1.13387232
198.09904952 3.12710074 1.12971993
199.09954977 3.10914232 1.13121626
200.10005003 3.09642289 1.13234173
201.10055028 3.08279533 1.13060053
202.10105053 3.07389647 1.12937292
203.10155078 3.06680279 1.13365933
204.10205103 3.05672419 1.13261812
205.10255128 3.04933524 1.13111316
206.10305153 3.03820675 1.12966001
207.10355178 3.02448624 1.12715468
208.10405203 3.01646985 1.13284176
209.10455228 3.00405959 1.13270225
210.10505253 2.98443085 1.13463230
211.10555278 2.96948884 1.13441603
212.10605303 2.95881954 1.13338203
213.10655328 2.94934384 1.13608694
214.10705353 2.93611615 1.13405240
215.10755378 2.92926143 1.13564346
216.10805403 2.92238181 1.13653423
217.10855428 2.91401171 1.13875404
218.10905453 2.89999802 1.14150889
219.10955478 2.89094506 1.14141933
220.11005503 2.88107066 1.14167221
221.11055528 2.86737727 1.14238224
222.11105553 2.85431241 1.13895622
223.11155578 2.84404700 1.13105473
224.11205603 2.83277117 1.13278270
225.11255628 2.82361358 1.13302295
226.11305653 2.81498155 1.13359015
227.11355678 2.80157045 1.13219370
228.11405703 2.78922213 1.13762835
229.11455728 2.77990082 1.13672610
230.11505753 2.77251902 1.13445955
231.11555778 2.75988451 1.12991288
232.11605803 2.74929287 1.13077775
233.11655828 2.74205702 1.13222516
234.11705853 2.73027225 1.13043603
235.11755878 2.72263444 1.13182245
236.11805903 2.71333935 1.13177213
237.11855928 2.70576520 1.12918995
238.11905953 2.69600055 1.12504262
239.11955978 2.68683055 1.12241005
240.12006003 2.67546581 1.12039877
241.12056028 2.66632359 1.12027142
242.12106053 2.65451650 1.11938998
243.12156078 2.64636165 1.12097920
244.12206103 2.63667171 1.12105397
245.12256128 2.61821206 1.11998551
246.12306153 2.61410946 1.12052829
247.12356178 2.60606484 1.11398064
248.12406203 2.59284922 1.11319494
249.12456228 2.58468563 1.10955007
250.12506253 2.57916262 1.11007083
251.12556278 2.56292893 1.09972405
252.12606303 2.54961110 1.09983706
253.12656328 2.54045621 1.09906846
254.12706353 2.53343482 1.09901196
255.12756378 2.52093972 1.09505025
256.12806403 2.51070778 1.09597354
257.12856428 2.50309555 1.09681143
258.12906453 2.49727749 1.09910363
259.12956478 2.48516351 1.10017258
260.13006503 2.47574737 1.10055671
261.13056528 2.46391257 1.09838945
262.13106553 2.45850656 1.09700968
263.13156578 2.44030535 1.09925733
264.13206603 2.42685908 1.09932481
265.13256628 2.41471428 1.09969424
266.13306653 2.40112294 1.09638137
267.13356678 2.38710376 1.09322029
268.13406703 2.38082243 1.09058878
269.13456728 2.37062465 1.09625919
270.13506753 2.36298090 1.09657871
271.13556778 2.34786653 1.09547649
272.13606803 2.33797552 1.09677889
273.13656828 2.33132480 1.09875996
274.13706853 2.32324968 1.09716996
275.13756878 2.31593619 1.09660094
276.13806903 2.30621402 1.09540290
277.13856928 2.30333682 1.09937478
278.13906953 2.29397031 1.09478521
279.13956978 2.28768784 1.09399165
280.14007004 2.28080954 1.09129333
281.14057029 2.27570495 1.09355048
282.14107054 2.26387151 1.08581333
283.14157079 2.25529215 1.08803884
284.14207104 2.24776522 1.08386527
285.14257129 2.23790332 1.08806762
286.14307154 2.23200027 1.08771489
287.14357179 2.22074886 1.08466364
288.14407204 2.20660289 1.08300581
289.14457229 2.19649013 1.08378862
290.14507254 2.18629156 1.08176797
291.14557279 2.18136483 1.08280340
292.14607304 2.17105259 1.08126266
293.14657329 2.16384033 1.07827441
294.14707354 2.15286007 1.07765122
295.14757379 2.14845117 1.07548876
296.14807404 2.13813691 1.07611984
297.14857429 2.12349203 1.06533008
298.14907454 2.11684053 1.06095968
299.14957479 2.10543639 1.05616703
300.15007504 2.09942034 1.05690415
301.15057529 2.08828044 1.05821600
302.15107554 2.07976559 1.05480423
303.15157579 2.07233640 1.05394831
304.15207604 2.06957485 1.05400163
305.15257629 2.05870122 1.05353135
306.15307654 2.04667862 1.05326101
307.15357679 2.03701399 1.05478473
308.15407704 2.02360581 1.04885770
309.15457729 2.02351086 1.05041027
310.15507754 2.01591301 1.04994907
311.15557779 2.00634420 1.04374656
312.15607804 2.00078449 1.04301172
313.15657829 1.99350631 1.04479609
314.15707854 1.98743634 1.04297765
315.15757879 1.97888923 1.03903214
316.15807904 1.96905501 1.03572571
317.15857929 1.96028537 1.03928953
318.15907954 1.95441269 1.03780951
319.15957979 1.94964127 1.03821543
320.16008004 1.94485263 1.03845633
321.16058029 1.93337727 1.04151651
322.16108054 1.92452848 1.04211220
323.16158079 1.91918205 1.03527675
324.16208104 1.91249404 1.03373295
325.16258129 1.90614996 1.03496310
326.16308154 1.90511498 1.03450209
327.16358179 1.89567451 1.03267455
328.16408204 1.88712875 1.03250764
329.16458229 1.88158006 1.03362158
330.16508254 1.87330028 1.02638152
331.16558279 1.86370845 1.02388564
332.16608304 1.85764600 1.02553678
333.16658329 1.84562318 1.02264244
334.16708354 1.83826024 1.02267785
335.16758379 1.82852521 1.02167275
336.16808404 1.82351819 1.01854936
337.16858429 1.81614988 1.01331596
338.16908454 1.81012523 1.01448930
339.16958479 1.79946049 1.00663916
340.17008504 1.79572516 1.00973382
341.17058529 1.78979063 1.01060591
342.17108554 1.78137755 1.00748109
343.17158579 1.77394336 1.00470107
344.17208604 1.76573450 1.00231213
345.17258629 1.75927771 1.00223698
346.17308654 1.75525759 1.00344837
347.17358679 1.74748779 1.00282809
348.17408704 1.73580923 0.99606849
349.17458729 1.72559299 0.99104416
350.17508754 1.71812248 0.98659491
351.17558779 1.71031144 0.98376032
352.17608804 1.70195811 0.98369931
353.17658829 1.69366050 0.98356825
354.17708854 1.68579482 0.98031027
355.17758879 1.67399786 0.97408310
356.17808904 1.66814502 0.97415505
357.17858929 1.66282520 0.97080524
358.17908954 1.65639425 0.96822039
359.17958979 1.65309107 0.96844571
360.18009005 1.64697478 0.96764384
361.18059030 1.64125804 0.96485770
362.18109055 1.63382894 0.96345589
363.18159080 1.62991173 0.96482472
364.18209105 1.62182294 0.96354791
365.18259130 1.61578165 0.96608819
366.18309155 1.60603118 0.96279310
367.18359180 1.59564882 0.96254883
368.18409205 1.58507166 0.96069946
369.18459230 1.57527234 0.95907447
370.18509255 1.56138318 0.95134754
371.18559280 1.55831252 0.95324575
372.18609305 1.55358219 0.95244313
373.18659330 1.54592484 0.95319100
374.18709355 1.54068813 0.95397931
375.18759380 1.53748939 0.95318088
376.18809405 1.53086255 0.95283129
377.18859430 1.52509326 0.95194563
378.18909455 1.51849024 0.94948336
379.18959480 1.51090309 0.95021860
380.19009505 1.50020766 0.95168147
381.19059530 1.49361319 0.95073906
382.19109555 1.48447986 0.94302086
383.19159580 1.47049638 0.94155309
384.19209605 1.46317816 0.93821572
385.19259630 1.45390201 0.93365117
386.19309655 1.44916717 0.93662157
387.19359680 1.44122329 0.93400344
388.19409705 1.43495860 0.93301858
389.19459730 1.42949329 0.93002495
390.19509755 1.42466766 0.92880009
391.19559780 1.42033941 0.92908101
392.19609805 1.41190668 0.92910316
393.19659830 1.40301931 0.92307099
394.19709855 1.39318827 0.92427073
395.19759880 1.38941002 0.92603079
396.19809905 1.38555774 0.92779549
397.19859930 1.37616608 0.92719944
398.19909955 1.36639914 0.91898997
399.19959980 1.36008086 0.91586500
400.20010005 1.35553810 0.91535343
401.20060030 1.34374856 0.90332480
402.20110055 1.34040507 0.90398899
403.20160080 1.33212496 0.90326552
404.20210105 1.32451997 0.89645858
405.20260130 1.32074768 0.89677632
406.20310155 1.31561868 0.89571927
407.20360180 1.30964759 0.89454680
408.20410205 1.30386221 0.89224989
409.20460230 1.29336335 0.89098345
410.20510255 1.29070547 0.88914717
411.20560280 1.28406480 0.88529187
412.20610305 1.27788338 0.88478451
413.20660330 1.26954592 0.88018827
414.20710355 1.26366609 0.88028150
415.20760380 1.26157981 0.87871961
416.20810405 1.25643705 0.87606994
417.20860430 1.25229390 0.87779763
418.20910455 1.24548014 0.87594922
419.20960480 1.23906773 0.87675728
420.21010505 1.23294889 0.87724703
421.21060530 1.22844990 0.87831937
422.21110555 1.22192965 0.87741014
423.21160580 1.21663195 0.87162113
424.21210605 1.21067454 0.86782547
425.21260630 1.20635870 0.86730556
426.21310655 1.19698316 0.86620226
427.21360680 1.19180295 0.86124700
428.21410705 1.18723508 0.86136905
429.21460730 1.18454862 0.86079682
430.21510755 1.17981056 0.85895231
431.21560780 1.17358942 0.85444199
432.21610805 1.16866710 0.85210955
433.21660830 1.16757307 0.84941460
434.21710855 1.16344041 0.84687501
435.21760880 1.15887069 0.84508477
436.21810905 1.15336432 0.83938027
437.21860930 1.14799012 0.83896821
438.21910955 1.14012328 0.83585513
439.21960980 1.13751983 0.83553199
440.22011006 1.12535994 0.83243434
441.22061031 1.12251805 0.83280323
442.22111056 1.11332863 0.82638020
443.22161081 1.10937686 0.82489273
444.22211106 1.10571853 0.82501874
445.22261131 1.09741707 0.82081726
446.22311156 1.09438476 0.82130382
447.22361181 1.08838371 0.81993587
448.22411206 1.08436189 0.81909733
449.22461231 1.07616099 0.81800150
450.22511256 1.07529272 0.81889013
451.22561281 1.07128123 0.81651403
452.22611306 1.06409254 0.81307154
453.22661331 1.06014727 0.81303814
454.22711356 1.05462181 0.81148671
455.22761381 1.05288255 0.81219773
456.22811406 1.04660814 0.80832367
457.22861431 1.04453713 0.80723359
458.22911456 1.03944947 0.80419248
459.22961481 1.03941655 0.80618946
460.23011506 1.03189594 0.80422953
461.23061531 1.02629735 0.80209592
462.23111556 1.01944686 0.80145848
463.23161581 1.01389232 0.80204304
464.23211606 1.00952333 0.80141758
465.23261631 1.00555747 0.80078206
466.23311656 1.00308599 0.80079688
467.23361681 0.99724422 0.79780548
468.23411706 0.99201245 0.79660019
469.23461731 0.98948922 0.79545024
470.23511756 0.98490890 0.79304192
471.23561781 0.98118337 0.79253769
472.23611806 0.97580227 0.79000361
473.23661831 0.97075146 0.78390670
474.23711856 0.96861172 0.78243417
475.23761881 0.96577134 0.78179808
476.23811906 0.96291633 0.78158922
477.23861931 0.95894861 0.77790008
478.23911956 0.95509927 0.77690262
479.23961981 0.95094925 0.77457748
480.24012006 0.94515405 0.77013227
481.24062031 0.94254082 0.77161194
482.24112056 0.93663151 0.76274647
483.24162081 0.93569950 0.76372316
484.24212106 0.93047207 0.76460904
485.24262131 0.92786237 0.76316530
486.24312156 0.92307781 0.75907214
487.24362181 0.91984640 0.76032137
488.24412206 0.91630616 0.75925224
489.24462231 0.90992574 0.75990931
490.24512256 0.90694162 0.75750416
491.24562281 0.89960443 0.74676731
492.24612306 0.89629699 0.74817645
493.24662331 0.88771328 0.74318918
494.24712356 0.87963289 0.74038842
495.24762381 0.87272002 0.73644737
496.24812406 0.86889107 0.73578109
497.24862431 0.86650590 0.73595285
498.24912456 0.86397897 0.73695208
499.24962481 0.85948224 0.73680753
500.25012506 0.85622434 0.73166662
501.25062531 0.84905078 0.72689471
502.25112556 0.84483259 0.72364820
503.25162581 0.84180632 0.72073083
504.25212606 0.83929171 0.71885732
505.25262631 0.83704638 0.72203337
506.25312656 0.83397746 0.71927961
507.25362681 0.83136019 0.72164696
508.25412706 0.82647075 0.72108268
509.25462731 0.82387208 0.71963146
510.25512756 0.81793547 0.71681437
511.25562781 0.81364267 0.71654468
512.25612806 0.81200268 0.71638568
513.25662831 0.80840953 0.71562831
514.25712856 0.80561932 0.71416482
515.25762881 0.80203604 0.71324567
516.25812906 0.80095975 0.71221144
517.25862931 0.79770332 0.71191261
518.25912956 0.79624634 0.71024052
519.25962981 0.79205627 0.70900846
520.26013007 0.78923664 0.70650702
521.26063032 0.78641759 0.70630424
522.26113057 0.78579863 0.70425403
523.26163082 0.78167512 0.70383601
524.26213107 0.77796771 0.70202818
525.26263132 0.77190012 0.69739185
526.26313157 0.76933891 0.69657422
527.26363182 0.76716274 0.69641288
528.26413207 0.76216024 0.69545527
529.26463232 0.75881162 0.69246484
530.26513257 0.75448563 0.68917446
531.26563282 0.74985192 0.68149886
532.26613307 0.74850157 0.68030444
533.26663332 0.74644442 0.67991361
534.26713357 0.74339196 0.67824151
535.26763382 0.74166211 0.67938810
536.26813407 0.73874057 0.67891534
537.26863432 0.73196352 0.67216479
538.26913457 0.72838618 0.66957713
539.26963482 0.72466806 0.66877068
540.27013507 0.72273114 0.66786385
541.27063532 0.71746851 0.66432424
542.27113557 0.71501474 0.66262492
543.27163582 0.71153642 0.66112735
544.27213607 0.71098979 0.65997789
545.27263632 0.70888168 0.66105526
546.27313657 0.70576680 0.66161292
547.27363682 0.70078444 0.66090687
548.27413707 0.69893292 0.65855196
549.27463732 0.69427554 0.65266404
550.27513757 0.69242021 0.65159581
551.27563782 0.68895798 0.64810867
552.27613807 0.68566457 0.64668286
553.27663832 0.68226955 0.64438332
554.27713857 0.67818914 0.64238043
555.27763882 0.67291449 0.63805710
556.27813907 0.66983436 0.63571567
557.27863932 0.66545873 0.63262275
558.27913957 0.66068298 0.62789720
559.27963982 0.65706425 0.62785826
560.28014007 0.65522594 0.62760598
561.28064032 0.65040620 0.62306180
562.28114057 0.64865900 0.62147592
563.28164082 0.64581712 0.61926359
564.28214107 0.64363836 0.61840524
565.28264132 0.64055452 0.61675170
566.28314157 0.63897634 0.61760681
567.28364182 0.63521409 0.61436672
568.28414207 0.63203486 0.61372339
569.28464232 0.62885965 0.61305375
570.28514257 0.62552131 0.61268479
571.28564282 0.62227225 0.61219860
572.28614307 0.61806612 0.60995657
573.28664332 0.61559728 0.60897822
574.28714357 0.60864690 0.60036233
575.28764382 0.60698217 0.60143590
576.28814407 0.60878933 0.60179463
577.28864432 0.60569275 0.60125600
578.28914457 0.60366716 0.60031691
579.28964482 0.60093984 0.59874593
580.29014507 0.59634995 0.59504904
581.29064532 0.59363466 0.59358956
582.29114557 0.59218302 0.59171727
583.29164582 0.58754351 0.58887648
584.29214607 0.58381199 0.58768103
585.29264632 0.57875081 0.58356175
586.29314657 0.57819569 0.58681015
587.29364682 0.57496662 0.58395178
588.29414707 0.57223461 0.58243364
589.29464732 0.57008894 0.58132778
590.29514757 0.56930348 0.58205059
591.29564782 0.56719742 0.58299476
592.29614807 0.56441692 0.58236573
593.29664832 0.56318786 0.58193640
594.29714857 0.55966230 0.58018519
595.29764882 0.55577688 0.57591636
596.29814907 0.55406383 0.57546679
597.29864932 0.55284524 0.57448786
598.29914957 0.55022086 0.57192341
599.29964982 0.54853528 0.57223838
600.30015008 0.54558413 0.57020731
601.30065033 0.54299327 0.56886032
602.30115058 0.54148895 0.56818269
603.30165083 0.53850132 0.56679099
604.30215108 0.53440413 0.56339089
605.30265133 0.53242439 0.56333900
606.30315158 0.52962986 0.56289097
607.30365183 0.52824461 0.56255355
608.30415208 0.52256362 0.55716085
609.30465233 0.51918255 0.55477052
610.30515258 0.51976975 0.55680444
611.30565283 0.51959792 0.55368768
612.30615308 0.51823635 0.55357247
613.30665333 0.51706792 0.55427429
614.30715358 0.51601678 0.55454471
615.30765383 0.51386200 0.55303962
616.30815408 0.51155893 0.55300196
617.30865433 0.50821344 0.55180767
618.30915458 0.50535675 0.54898294
619.30965483 0.50327357 0.54835897
620.31015508 0.50068265 0.54345421
621.31065533 0.50038363 0.54508047
622.31115558 0.49879717 0.54570276
623.31165583 0.49524817 0.54257791
624.31215608 0.49173217 0.54097951
625.31265633 0.48762416 0.53749981
626.31315658 0.48673207 0.53608298
627.31365683 0.48638877 0.53594954
628.31415708 0.48363250 0.53461722
629.31465733 0.47790890 0.53078297
630.31515758 0.47964503 0.53598724
631.31565783 0.47828807 0.53412399
632.31615808 0.47533776 0.53548994
633.31665833 0.47217146 0.53385720
634.31715858 0.47039392 0.53289803
635.31765883 0.46520408 0.53014231
636.31815908 0.46437359 0.53173323
637.31865933 0.46060379 0.52963923
638.31915958 0.45727126 0.52754341
639.31965983 0.45557044 0.52653007
640.32016008 0.45704417 0.53094628
641.32066033 0.45524994 0.53047029
642.32116058 0.45381818 0.53011075
643.32166083 0.45319171 0.52972334
644.32216108 0.45259868 0.53390423
645.32266133 0.44739052 0.53215640
646.32316158 0.44589462 0.53129946
647.32366183 0.44200380 0.52809733
648.32416208 0.44002416 0.52665129
649.32466233 0.43836348 0.52675319
650.32516258 0.43702293 0.52638770
651.32566283 0.43477782 0.52548126
652.32616308 0.43369580 0.52690286
653.32666333 0.43144779 0.52545457
654.32716358 0.42845803 0.52146623
655.32766383 0.42716000 0.52150867
656.32816408 0.42494337 0.51980375
657.32866433 0.42117426 0.51626016
658.32916458 0.42092283 0.51637890
659.32966483 0.41954121 0.51605702
660.33016508 0.41659664 0.51324367
661.33066533 0.41417634 0.51201378
662.33116558 0.41280040 0.51133213
663.33166583 0.41223857 0.51134119
664.33216608 0.40977215 0.50834112
665.33266633 0.40929968 0.50865847
666.33316658 0.40813241 0.50860589
667.33366683 0.40498915 0.50795678
668.33416708 0.40308461 0.50402723
669.33466733 0.40075015 0.49804189
670.33516758 0.39971503 0.49793188
671.33566783 0.39761808 0.49453312
672.33616808 0.39527202 0.49307068
673.33666833 0.39226909 0.48840230
674.33716858 0.39061609 0.48639212
675.33766883 0.38889816 0.48687674
676.33816908 0.38670550 0.48693010
677.33866933 0.38497300 0.48401126
678.33916958 0.38263343 0.48271471
679.33966983 0.37700363 0.48120720
680.34017009 0.37428414 0.47744577
681.34067034 0.37346823 0.47578724
682.34117059 0.37134585 0.47754145
683.34167084 0.36905758 0.47505809
684.34217109 0.36595728 0.47294192
685.34267134 0.36460909 0.47366952
686.34317159 0.36255121 0.47209214
687.34367184 0.36152150 0.47165233
688.34417209 0.35718118 0.46244193
689.34467234 0.35527663 0.45832506
690.34517259 0.35447417 0.46029322
691.34567284 0.35225818 0.45720781
692.34617309 0.34988279 0.45447862
693.34667334 0.34951425 0.45507183
694.34717359 0.34820528 0.45524952
695.34767384 0.34488136 0.45328291
696.34817409 0.34253931 0.45180171
697.34867434 0.34242878 0.45226610
698.34917459 0.33981611 0.45022404
699.34967484 0.33780568 0.44762326
700.35017509 0.33596669 0.44672991
701.35067534 0.33481723 0.44660886
702.35117559 0.33305955 0.44718748
703.35167584 0.33050885 0.44607747
704.35217609 0.32814185 0.44468976
705.35267634 0.32662668 0.44335687
706.35317659 0.32607022 0.44393629
707.35367684 0.32486819 0.44303141
708.35417709 0.32300112 0.44002340
709.35467734 0.32025869 0.43838866
710.35517759 0.31943733 0.43717790
711.35567784 0.31876776 0.43623535
712.35617809 0.31724586 0.43591536
713.35667834 0.31492470 0.43244430
714.35717859 0.31272129 0.43113304
715.35767884 0.30960690 0.42592047
716.35817909 0.30833585 0.42547898
717.35867934 0.30522814 0.40781695
718.35917959 0.30262673 0.40259716
719.35967984 0.30101906 0.40105632
720.36018009 0.29930231 0.40364700
721.36068034 0.29803151 0.40122106
722.36118059 0.29774183 0.40126958
723.36168084 0.29601873 0.40032785
724.36218109 0.29360636 0.39862991
725.36268134 0.29314010 0.39855938
726.36318159 0.29205024 0.39831063
727.36368184 0.29069054 0.39578750
728.36418209 0.28831071 0.39374021
729.36468234 0.28588988 0.39453287
730.36518259 0.28445607 0.39143379
731.36568284 0.28466914 0.39180184
732.36618309 0.28426807 0.39328999
733.36668334 0.28284990 0.39214449
734.36718359 0.28199874 0.39193021
735.36768384 0.28035105 0.39051393
736.36818409 0.27947085 0.38900529
737.36868434 0.27833247 0.38838497
738.36918459 0.27708437 0.38858263
739.36968484 0.27545100 0.38625734
740.37018509 0.27412618 0.38450178
741.37068534 0.27211486 0.37882924
742.37118559 0.27087331 0.37807520
743.37168584 0.26908818 0.37621866
744.37218609 0.26818130 0.37625009
745.37268634 0.26530738 0.37239350
746.37318659 0.26296162 0.36831598
747.37368684 0.26158145 0.36577341
748.37418709 0.26044942 0.36536640
749.37468734 0.25948205 0.36550481
750.37518759 0.25797756 0.36441221
751.37568784 0.25825596 0.36670988
752.37618809 0.25648791 0.36305500
753.37668834 0.25495061 0.35917642
754.37718859 0.25262898 0.35801837
755.37768884 0.25202917 0.35957852
756.37818909 0.24945133 0.35689750
757.37868934 0.24862661 0.35534460
758.37918959 0.24752776 0.35478355
759.37968984 0.24633235 0.35389746
760.38019010 0.24558107 0.35362252
761.38069035 0.24472643 0.35362540
762.38119060 0.24373199 0.35236676
763.38169085 0.24246248 0.35070399
764.38219110 0.24127935 0.35047636
765.38269135 0.23974514 0.34948766
766.38319160 0.23940248 0.34861564
767.38369185 0.23849317 0.34804785
768.38419210 0.23687231 0.34706224
769.38469235 0.23561784 0.34659522
770.38519260 0.23349012 0.34361859
771.38569285 0.23291477 0.34235586
772.38619310 0.23113209 0.34161518
773.38669335 0.23004129 0.34005945
774.38719360 0.22843325 0.33922978
775.38769385 0.22737358 0.33793731
776.38819410 0.22424930 0.33485698
777.38869435 0.22352497 0.33471174
778.38919460 0.22239073 0.33402162
779.38969485 0.22111843 0.33307012
780.39019510 0.22001145 0.33217047
781.39069535 0.21874210 0.33103752
782.39119560 0.21679183 0.32740418
783.39169585 0.21478507 0.32559339
784.39219610 0.21391675 0.32478869
785.39269635 0.21266611 0.32390934
786.39319660 0.21178248 0.32309296
787.39369685 0.21057031 0.32213771
788.39419710 0.20977642 0.32166588
789.39469735 0.20822245 0.31960961
790.39519760 0.20758371 0.31920682
791.39569785 0.20627443 0.31808810
792.39619810 0.20591453 0.31738390
793.39669835 0.20565997 0.31818649
794.39719860 0.20430759 0.31710656
795.39769885 0.20313930 0.31541602
796.39819910 0.20126089 0.31316338
797.39869935 0.19893864 0.30355575
798.39919960 0.19871807 0.30296165
799.39969985 0.19793800 0.30242241
800.40020010 0.19743100 0.30265266
801.40070035 0.19582439 0.30114029
802.40120060 0.19515098 0.29994276
803.40170085 0.19390051 0.29883847
804.40220110 0.19302583 0.29847153
805.40270135 0.19194493 0.29801662
806.40320160 0.19231534 0.29754386
807.40370185 0.19054513 0.29296373
808.40420210 0.18953565 0.29185233
809.40470235 0.18753947 0.29115667
810.40520260 0.18684740 0.29022209
811.40570285 0.18622504 0.28911482
812.40620310 0.18543360 0.28794924
813.40670335 0.18452308 0.28719437
814.40720360 0.18386097 0.28693606
815.40770385 0.18313831 0.28607941
816.40820410 0.18273216 0.28559783
817.40870435 0.18183494 0.28490841
818.40920460 0.18087286 0.28385734
819.40970485 0.18012248 0.28312823
820.41020510 0.18079044 0.28287301
821.41070535 0.18006609 0.28201416
822.41120560 0.17925899 0.28131470
823.41170585 0.17790565 0.28044376
824.41220610 0.17662784 0.27889986
825.41270635 0.17591129 0.27833921
826.41320660 0.17444938 0.27735839
827.41370685 0.17312621 0.27595094
828.41420710 0.17236474 0.27503378
829.41470735 0.17146935 0.27418784
830.41520760 0.17090335 0.27379943
831.41570785 0.16986627 0.27262054
832.41620810 0.16856736 0.27159014
833.41670835 0.16812990 0.26630476
834.41720860 0.16709349 0.26551693
835.41770885 0.16621182 0.26499931
836.41820910 0.16477495 0.26346041
837.41870935 0.16415446 0.26306423
838.41920960 0.16420851 0.26400563
839.41970985 0.16284871 0.26241300
840.42021011 0.16194585 0.25979666
841.42071036 0.16137211 0.25983442
842.42121061 0.16028929 0.25818587
843.42171086 0.15950224 0.25752125
844.42221111 0.15881594 0.25643766
845.42271136 0.15668580 0.25102485
846.42321161 0.15606854 0.25105783
847.42371186 0.15535795 0.24970041
848.42421211 0.15452899 0.24894841
849.42471236 0.15285102 0.24211332
850.42521261 0.15176221 0.24025048
851.42571286 0.15081499 0.23966374
852.42621311 0.15047934 0.23926415
853.42671336 0.14979731 0.23886764
854.42721361 0.14896215 0.23784331
855.42771386 0.14837982 0.23725260
856.42821411 0.14778935 0.23696024
857.42871436 0.14737564 0.23638537
858.42921461 0.14640557 0.23562025
859.42971486 0.14621577 0.23523961
860.43021511 0.14558775 0.23429872
861.43071536 0.14352379 0.23297331
862.43121561 0.14308197 0.23273480
863.43171586 0.14242280 0.23210383
864.43221611 0.14164843 0.23168247
865.43271636 0.14116731 0.23149501
866.43321661 0.14125171 0.23084460
867.43371686 0.13948540 0.22806481
868.43421711 0.13841074 0.22743788
869.43471736 0.13807551 0.22704623
870.43521761 0.13726763 0.22592993
871.43571786 0.13612165 0.22492158
872.43621811 0.13572298 0.22392404
873.43671836 0.13523391 0.22354840
874.43721861 0.13490363 0.22340473
875.43771886 0.13421311 0.22296769
876.43821911 0.13346691 0.22210359
877.43871936 0.13301666 0.22207391
878.43921961 0.13169549 0.22019772
879.43971986 0.13138121 0.22027904
880.44022011 0.13207362 0.22129325
881.44072036 0.13170543 0.22096455
882.44122061 0.13159238 0.22303959
883.44172086 0.13071325 0.22146521
884.44222111 0.12998890 0.22092557
885.44272136 0.13046007 0.22274315
886.44322161 0.12981179 0.22219328
887.44372186 0.12934665 0.22120246
888.44422211 0.12795757 0.21986043
889.44472236 0.12799355 0.21943240
890.44522261 0.12704379 0.21919969
891.44572286 0.12653460 0.21831827
892.44622311 0.12597354 0.21746341
893.44672336 0.12518727 0.21719074
894.44722361 0.12428893 0.21606329
895.44772386 0.12378941 0.21545135
896.44822411 0.12351650 0.21516331
897.44872436 0.12200782 0.20868960
898.44922461 0.12183165 0.21081917
899.44972486 0.12074974 0.20981430
900.45022511 0.12051420 0.21127278
901.45072536 0.11989415 0.21003957
902.45122561 0.11875486 0.20623208
903.45172586 0.11814859 0.20474560
904.45222611 0.11738001 0.20360030
905.45272636 0.11710212 0.20281009
906.45322661 0.11661464 0.20222845
907.45372686 0.11643331 0.20215364
908.45422711 0.11555835 0.20053191
909.45472736 0.11530394 0.20038883
910.45522761 0.11561634 0.20265283
911.45572786 0.11487986 0.20124227
912.45622811 0.11426896 0.20105787
913.45672836 0.11373610 0.20039978
914.45722861 0.11296408 0.19774081
915.45772886 0.11220270 0.19696410
916.45822911 0.11153316 0.19543261
917.45872936 0.11095693 0.19498354
918.45922961 0.10931047 0.19113757
919.45972986 0.10854787 0.19029955
920.46023012 0.10813047 0.18964830
921.46073037 0.10738106 0.18931107
922.46123062 0.10647995 0.18716632
923.46173087 0.10584796 0.18622693
924.46223112 0.10562859 0.18611972
925.46273137 0.10509984 0.18539371
926.46323162 0.10451563 0.18467615
927.46373187 0.10393013 0.18391564
928.46423212 0.10379853 0.18437206
929.46473237 0.10464078 0.18557779
930.46523262 0.10349807 0.18319440
931.46573287 0.10261224 0.18225529
932.46623312 0.10245788 0.18177233
933.46673337 0.10202177 0.18128913
934.46723362 0.10159763 0.18090851
935.46773387 0.09945651 0.17780598
936.46823412 0.09901239 0.17712177
937.46873437 0.09850087 0.17682736
938.46923462 0.09813715 0.17620440
939.46973487 0.09779881 0.17600845
940.47023512 0.09741246 0.17546080
941.47073537 0.09655382 0.17459645
942.47123562 0.09621047 0.17423864
943.47173587 0.09573236 0.17364645
944.47223612 0.09524895 0.17349087
945.47273637 0.09467684 0.17272465
946.47323662 0.09414982 0.17213198
947.47373687 0.09230806 0.16778344
948.47423712 0.09188182 0.16761580
949.47473737 0.09170510 0.16711280
950.47523762 0.09134564 0.16684073
951.47573787 0.08948415 0.16241724
952.47623812 0.08911812 0.16213309
953.47673837 0.08894651 0.16161504
954.47723862 0.08839255 0.16095827
955.47773887 0.08804939 0.16082593
956.47823912 0.08814000 0.16101984
957.47873937 0.08845898 0.16164305
958.47923962 0.08815948 0.16101213
959.47973987 0.08775792 0.16080312
960.48024012 0.08697605 0.16055790
961.48074037 0.08802996 0.16195502
962.48124062 0.08759386 0.16117199
963.48174087 0.08742772 0.16153992
964.48224112 0.08697446 0.16112116
965.48274137 0.08659673 0.15963063
966.48324162 0.08623631 0.15998180
967.48374187 0.08609111 0.15976621
968.48424212 0.08544817 0.15840935
969.48474237 0.08502751 0.15798620
970.48524262 0.08459746 0.15818317
971.48574287 0.08416765 0.15749101
972.48624312 0.08355680 0.15681870
973.48674337 0.08325878 0.15664724
974.48724362 0.08264810 0.15594790
975.48774387 0.08217586 0.15521342
976.48824412 0.08222525 0.15556831
977.48874437 0.08196528 0.15512994
978.48924462 0.08156858 0.15436697
979.48974487 0.08116592 0.15400914
980.49024512 0.08077363 0.15387690
981.49074537 0.08040543 0.15343199
982.49124562 0.08003942 0.15286664
983.49174587 0.07968066 0.15242951
984.49224612 0.07929456 0.15190862
985.49274637 0.07889036 0.15122346
986.49324662 0.07848009 0.15056149
987.49374687 0.07763146 0.14922389
988.49424712 0.07711217 0.14829813
989.49474737 0.07700681 0.14904774
990.49524762 0.07659578 0.14860155
991.49574787 0.07618729 0.14770769
992.49624812 0.07581094 0.14699783
993.49674837 0.07539965 0.14623470
994.49724862 0.07519768 0.14620274
995.49774887 0.07494550 0.14631701
996.49824912 0.07457041 0.14579971
997.49874937 0.07416856 0.14499788
998.49924962 0.07382702 0.14437226
999.49974987 0.07331119 0.14405478
1000.50025013 0.07303976 0.14379268
1001.50075038 0.07256916 0.14307296
1002.50125063 0.07249549 0.14276951
1003.50175088 0.07216892 0.14210200
1004.50225113 0.07180441 0.14164979
1005.50275138 0.07137877 0.14163620
1006.50325163 0.07118934 0.14125326
1007.50375188 0.07052121 0.14070952
1008.50425213 0.07017205 0.14010160
1009.50475238 0.06954803 0.13857618
1010.50525263 0.06945676 0.13876356
1011.50575288 0.06907222 0.13826803
1012.50625313 0.06835793 0.13677429
1013.50675338 0.06809035 0.13670609
1014.50725363 0.06767487 0.13628775
1015.50775388 0.06707319 0.13507471
1016.50825413 0.06654719 0.13427615
1017.50875438 0.06607051 0.13404074
1018.50925463 0.06597688 0.13401475
1019.50975488 0.06575550 0.13358970
1020.51025513 0.06559133 0.13299205
1021.51075538 0.06511005 0.13247309
1022.51125563 0.06492643 0.13217085
1023.51175588 0.06469513 0.13215111
1024.51225613 0.06448724 0.13164053
1025.51275638 0.06413289 0.13107478
1026.51325663 0.06380323 0.13061520
1027.51375688 0.06344509 0.13026950
1028.51425713 0.06326645 0.13007401
1029.51475738 0.06295655 0.12959701
1030.51525763 0.06270287 0.12918582
1031.51575788 0.06237135 0.12874364
1032.51625813 0.06216262 0.12842716
1033.51675838 0.06160090 0.12752710
1034.51725863 0.06131245 0.12707146
1035.51775888 0.06105761 0.12664323
1036.51825913 0.06071518 0.12624386
1037.51875938 0.06064144 0.12623614
1038.51925963 0.06054949 0.12611968
1039.51975988 0.06008766 0.12575655
1040.52026013 0.05986121 0.12521333
1041.52076038 0.05939701 0.12456225
1042.52126063 0.05917352 0.12426862
1043.52176088 0.05902930 0.12420291
1044.52226113 0.05879524 0.12391228
1045.52276138 0.05841088 0.12332043
1046.52326163 0.05814905 0.12287894
1047.52376188 0.05792033 0.12255044
1048.52426213 0.05764409 0.12222782
1049.52476238 0.05763251 0.12340213
1050.52526263 0.05731982 0.12316491
1051.52576288 0.05692800 0.12200407
1052.52626313 0.05840984 0.12676465
1053.52676338 0.05810328 0.12614183
1054.52726363 0.05674718 0.11837693
1055.52776388 0.05640908 0.11751949
1056.52826413 0.05631173 0.11805218
1057.52876438 0.05602259 0.11736006
1058.52926463 0.05566293 0.11672287
1059.52976488 0.05535134 0.11610572
1060.53026513 0.05522295 0.11670757
1061.53076538 0.05500196 0.11678260
1062.53126563 0.05473789 0.11623729
1063.53176588 0.05428188 0.11531689
1064.53226613 0.05401162 0.11465400
1065.53276638 0.05388630 0.11470236
1066.53326663 0.05358950 0.11450225
1067.53376688 0.05336431 0.11448749
1068.53426713 0.05303434 0.11380097
1069.53476738 0.05283178 0.11350877
1070.53526763 0.05261582 0.11322566
1071.53576788 0.05352220 0.11516953
1072.53626813 0.05334201 0.11514743
1073.53676838 0.05175832 0.11089313
1074.53726863 0.05171153 0.11057811
1075.53776888 0.05142527 0.11011440
1076.53826913 0.05119451 0.11012343
1077.53876938 0.05097364 0.10976999
1078.53926963 0.05046555 0.10910319
1079.53976988 0.05031071 0.10869564
1080.54027014 0.04974219 0.10781602
1081.54077039 0.04952966 0.10746264
1082.54127064 0.04911035 0.10602418
1083.54177089 0.04881590 0.10578700
1084.54227114 0.04924524 0.10625363
1085.54277139 0.04920407 0.10641430
1086.54327164 0.04890779 0.10595261
1087.54377189 0.04815522 0.10308955
1088.54427214 0.04763582 0.10216575
1089.54477239 0.04749869 0.10215269
1090.54527264 0.04736083 0.10145948
1091.54577289 0.04670520 0.10027775
1092.54627314 0.04632657 0.09973091
1093.54677339 0.04715843 0.10202993
1094.54727364 0.04721996 0.10172929
1095.54777389 0.04722450 0.10183496
1096.54827414 0.04699505 0.10187393
1097.54877439 0.04663196 0.10134462
1098.54927464 0.04567696 0.09953597
1099.54977489 0.04544442 0.09908834
1100.55027514 0.04540657 0.09935651
1101.55077539 0.04527437 0.09917993
1102.55127564 0.04503516 0.09913292
1103.55177589 0.04468221 0.09883123
1104.55227614 0.04472672 0.09877269
1105.55277639 0.04413115 0.09672599
1106.55327664 0.04406060 0.09690837
1107.55377689 0.04386290 0.09664989
1108.55427714 0.04395209 0.09705580
1109.55477739 0.04377026 0.09655135
1110.55527764 0.04375050 0.09681224
1111.55577789 0.04333141 0.09596419
1112.55627814 0.04381256 0.09658165
1113.55677839 0.04361814 0.09656785
1114.55727864 0.04338080 0.09621565
1115.55777889 0.04328826 0.09605451
1116.55827914 0.04306336 0.09578630
1117.55877939 0.04287441 0.09566030
1118.55927964 0.04228630 0.09447096
1119.55977989 0.04213731 0.09420258
1120.56028014 0.04197616 0.09385739
1121.56078039 0.04179056 0.09356110
1122.56128064 0.04152841 0.09315055
1123.56178089 0.04133266 0.09291067
1124.56228114 0.04108768 0.09261482
1125.56278139 0.04099324 0.09251017
1126.56328164 0.04078298 0.09207895
1127.56378189 0.04062059 0.09201254
1128.56428214 0.04042419 0.09166131
1129.56478239 0.04029158 0.09162169
1130.56528264 0.04030880 0.09152855
1131.56578289 0.04016564 0.09113637
1132.56628314 0.04004130 0.09087809
1133.56678339 0.04039692 0.09151874
1134.56728364 0.04026306 0.09150488
1135.56778389 0.04008404 0.09144756
1136.56828414 0.03989865 0.09112524
1137.56878439 0.04041708 0.09181342
1138.56928464 0.04020705 0.09162745
1139.56978489 0.04012804 0.09152878
1140.57028514 0.03936204 0.09001414
1141.57078539 0.03924461 0.08977397
1142.57128564 0.03897432 0.08934743
1143.57178589 0.03875446 0.08905934
1144.57228614 0.03907682 0.08953678
1145.57278639 0.03720258 0.07899741
1146.57328664 0.03699284 0.07907689
1147.57378689 0.03784440 0.08631168
1148.57428714 0.03770875 0.08620663
1149.57478739 0.03757063 0.08585774
1150.57528764 0.03730904 0.08542760
1151.57578789 0.03709615 0.08521159
1152.57628814 0.03680057 0.08410726
1153.57678839 0.03673857 0.08416748
1154.57728864 0.03650238 0.08255614
1155.57778889 0.03646948 0.08361122
1156.57828914 0.03602331 0.08229540
1157.57878939 0.03583529 0.08222353
1158.57928964 0.03578448 0.08180306
1159.57978989 0.03703528 0.08671093
1160.58029015 0.03704453 0.08702355
1161.58079040 0.03683899 0.08702597
1162.58129065 0.03671197 0.08711256
1163.58179090 0.03646314 0.08697226
1164.58229115 0.03624341 0.08685472
1165.58279140 0.03588416 0.08562242
1166.58329165 0.03571712 0.08544487
1167.58379190 0.03572778 0.08583245
1168.58429215 0.03610570 0.08662608
1169.58479240 0.03587614 0.08618617
1170.58529265 0.03560048 0.08579139
1171.58579290 0.03559044 0.08597549
1172.58629315 0.03553200 0.08600371
1173.58679340 0.03564880 0.08695109
1174.58729365 0.03559491 0.08730104
1175.58779390 0.03536719 0.08638994
1176.58829415 0.03538399 0.08622206
1177.58879440 0.03555816 0.08670662
1178.58929465 0.03522078 0.08597431
1179.58979490 0.03537744 0.08628531
1180.59029515 0.03526537 0.08627291
1181.59079540 0.03525504 0.08616451
1182.59129565 0.03519045 0.08617150
1183.59179590 0.03532618 0.08667073
1184.59229615 0.03673487 0.09378917
1185.59279640 0.03791610 0.09695627
1186.59329665 0.03769833 0.09650141
1187.59379690 0.03721470 0.09504669
1188.59429715 0.03713287 0.09467435
1189.59479740 0.03699580 0.09448845
1190.59529765 0.03681233 0.09431613
1191.59579790 0.03662293 0.09377874
1192.59629815 0.03642702 0.09378711
1193.59679840 0.03625127 0.09347970
1194.59729865 0.03755389 0.09739700
1195.59779890 0.03726057 0.09660854
1196.59829915 0.03706813 0.09586440
1197.59879940 0.03675102 0.09495742
1198.59929965 0.03685686 0.09526691
1199.59979990 0.03686568 0.09557471
1200.60030015 0.03660381 0.09441230
1201.60080040 0.03632166 0.09331346
1202.60130065 0.03591512 0.09242113
1203.60180090 0.03597364 0.09302552
1204.60230115 0.03574414 0.09245621
1205.60280140 0.03550289 0.09186920
1206.60330165 0.03525610 0.09132252
1207.60380190 0.03521698 0.09115758
1208.60430215 0.03507842 0.09127534
1209.60480240 0.03482663 0.09078582
1210.60530265 0.03459122 0.09052808
1211.60580290 0.03451746 0.09050573
1212.60630315 0.03443935 0.09031997
1213.60680340 0.03574141 0.09533886
1214.60730365 0.03729083 0.10245439
1215.60780390 0.03776584 0.10298204
1216.60830415 0.03830888 0.10360410
1217.60880440 0.03843199 0.10306965
1218.60930465 0.03820069 0.10282261
1219.60980490 0.03811898 0.10296684
1220.61030515 0.03866302 0.10397855
1221.61080540 0.03960840 0.10624493
1222.61130565 0.03930244 0.10538507
1223.61180590 0.04082082 0.11172890
1224.61230615 0.04091120 0.11253299
1225.61280640 0.04041181 0.11125832
1226.61330665 0.04181544 0.11573571
1227.61380690 0.04032134 0.11060896
1228.61430715 0.04033414 0.11077188
1229.61480740 0.03999969 0.11032056
1230.61530765 0.04009297 0.11120071
1231.61580790 0.03967250 0.10977185
1232.61630815 0.03930252 0.10865962
1233.61680840 0.03930125 0.10893470
1234.61730865 0.03920969 0.10939079
1235.61780890 0.03859406 0.10694125
1236.61830915 0.03841163 0.10671089
1237.61880940 0.03835645 0.10653607
1238.61930965 0.03828499 0.10652094
1239.61980990 0.03815027 0.10666155
1240.62031016 0.03808493 0.10734431
1241.62081041 0.03795840 0.10677416
1242.62131066 0.03769741 0.10562499
1243.62181091 0.03777194 0.10595656
1244.62231116 0.03719688 0.10589349
1245.62281141 0.03703642 0.10582284
1246.62331166 0.03716245 0.10551503
1247.62381191 0.03711287 0.10587983
1248.62431216 0.03693238 0.10520837
1249.62481241 0.03677538 0.10544525
1250.62531266 0.03671720 0.10499143
1251.62581291 0.03643591 0.10467054
1252.62631316 0.03638266 0.10451437
1253.62681341 0.03613863 0.10391531
1254.62731366 0.03679385 0.10912542
1255.62781391 0.03652395 0.10815226
1256.62831416 0.03742317 0.11014496
1257.62881441 0.03678378 0.10848058
1258.62931466 0.03667253 0.10867353
1259.62981491 0.03663741 0.10835930
1260.63031516 0.03609640 0.10621088
1261.63081541 0.03611891 0.10591209
1262.63131566 0.03637389 0.10703200
1263.63181591 0.03609783 0.10735761
1264.63231616 0.03789311 0.11475825
1265.63281641 0.03752482 0.11419301
1266.63331666 0.03932632 0.12132936
1267.63381691 0.03921566 0.12152041
1268.63431716 0.03913074 0.12140220
1269.63481741 0.03912629 0.12133026
1270.63531766 0.03889257 0.12059566
1271.63581791 0.03859695 0.12010259
1272.63631816 0.03856466 0.12035112
1273.63681841 0.03848124 0.12047904
1274.63731866 0.03822893 0.12021725
1275.63781891 0.03810521 0.11997576
1276.63831916 0.03803885 0.11981879
1277.63881941 0.03779520 0.11964460
1278.63931966 0.03763676 0.11933853
1279.63981991 0.03755971 0.11907929
1280.64032016 0.03734971 0.11877338
1281.64082041 0.03818084 0.11975558
1282.64132066 0.03815555 0.12000368
1283.64182091 0.03785850 0.11917345
1284.64232116 0.03881127 0.12138214
1285.64282141 0.03716424 0.11487698
1286.64332166 0.03702948 0.11403697
1287.64382191 0.03695330 0.11380558
1288.64432216 0.03674281 0.11338903
1289.64482241 0.03668850 0.11346648
1290.64532266 0.03646547 0.11309111
1291.64582291 0.03662540 0.11304844
1292.64632316 0.03636288 0.11249664
1293.64682341 0.03628757 0.11251642
1294.64732366 0.03565696 0.11161635
1295.64782391 0.03559656 0.11166293
1296.64832416 0.03535272 0.11146354
1297.64882441 0.03522110 0.11129889
1298.64932466 0.03512956 0.11079474
1299.64982491 0.03506568 0.11045457
1300.65032516 0.03492156 0.11032680
1301.65082541 0.03480997 0.11059171
1302.65132566 0.03468154 0.11038150
1303.65182591 0.03630859 0.11657372
1304.65232616 0.03618093 0.11610032
1305.65282641 0.03611610 0.11617134
1306.65332666 0.03782614 0.12255163
1307.65382691 0.03760447 0.12209624
1308.65432716 0.03748159 0.12176287
1309.65482741 0.03728711 0.12132543
1310.65532766 0.03705199 0.12007611
1311.65582791 0.03690011 0.11976638
1312.65632816 0.03686315 0.11986215
1313.65682841 0.03699605 0.12050551
1314.65732866 0.03680893 0.12024484
1315.65782891 0.03704342 0.11966367
1316.65832916 0.03696305 0.11933060
1317.65882941 0.03672451 0.11913840
1318.65932966 0.03668600 0.11926032
1319.65982991 0.03656492 0.11917278
1320.66033017 0.03639946 0.11846927
1321.66083042 0.03621544 0.11828381
1322.66133067 0.03625138 0.11839452
1323.66183092 0.03623050 0.11832907
1324.66233117 0.03623670 0.11825829
1325.66283142 0.03604034 0.11789201
1326.66333167 0.03429790 0.11184571
1327.66383192 0.03425568 0.11173452
1328.66433217 0.03404395 0.11127772
1329.66483242 0.03397733 0.11118172
1330.66533267 0.03384544 0.11096463
1331.66583292 0.03364921 0.11065260
1332.66633317 0.03352724 0.11060941
1333.66683342 0.03346695 0.11041113
1334.66733367 0.03333042 0.11025847
1335.66783392 0.03316306 0.11011846
1336.66833417 0.03303610 0.10986421
1337.66883442 0.03296736 0.10958870
1338.66933467 0.03459145 0.11512174
1339.66983492 0.03443734 0.11502947
1340.67033517 0.03403552 0.11458146
1341.67083542 0.03397225 0.11442086
1342.67133567 0.03395396 0.11446581
1343.67183592 0.03399194 0.11427215
1344.67233617 0.03502346 0.11670901
1345.67283642 0.03499088 0.11637003
1346.67333667 0.03481503 0.11616920
1347.67383692 0.03474604 0.11596255
1348.67433717 0.03573529 0.11786680
1349.67483742 0.03576810 0.11865483
1350.67533767 0.03582809 0.11930408
1351.67583792 0.03421979 0.11371867
1352.67633817 0.03399531 0.11272089
1353.67683842 0.03382247 0.11242404
1354.67733867 0.03473708 0.11405957
1355.67783892 0.03449721 0.11411884
1356.67833917 0.03447844 0.11447294
1357.67883942 0.03420722 0.11330629
1358.67933967 0.03409306 0.11274999
1359.67983992 0.03370520 0.11111081
1360.68034017 0.03384184 0.11251962
1361.68084042 0.03369928 0.11200451
1362.68134067 0.03368580 0.11210181
1363.68184092 0.03496139 0.11526625
1364.68234117 0.03481467 0.11497281
1365.68284142 0.03461035 0.11454890
1366.68334167 0.03467560 0.11517811
1367.68384192 0.03441282 0.11416228
1368.68434217 0.03403330 0.11254907
1369.68484242 0.03394100 0.11256918
1370.68534267 0.03386470 0.11228489
1371.68584292 0.03377172 0.11217719
1372.68634317 0.03362714 0.11197496
1373.68684342 0.03339347 0.11164084
1374.68734367 0.03326441 0.11113666
1375.68784392 0.03334278 0.11143060
1376.68834417 0.03323963 0.11126311
1377.68884442 0.03427704 0.11358115
1378.68934467 0.03412293 0.11364315
1379.68984492 0.03324133 0.11139461
1380.69034517 0.03332538 0.11201480
1381.69084542 0.03309577 0.11105911
1382.69134567 0.03307636 0.11143076
1383.69184592 0.03310082 0.11137570
1384.69234617 0.03306699 0.11161849
1385.69284642 0.03286735 0.11092246
1386.69334667 0.03445480 0.11586652
1387.69384692 0.03423137 0.11498159
1388.69434717 0.03412569 0.11491495
1389.69484742 0.03411668 0.11518113
1390.69534767 0.03444571 0.11771987
1391.69584792 0.03428896 0.11712764
1392.69634817 0.03425761 0.11744409
1393.69684842 0.03413650 0.11774915
1394.69734867 0.03403476 0.11715383
1395.69784892 0.03398970 0.11748083
1396.69834917 0.03383958 0.11680329
1397.69884942 0.03374598 0.11683688
1398.69934967 0.03542746 0.12207596
1399.69984992 0.03542541 0.12236347
1400.70035018 0.03560327 0.12229106
1401.70085043 0.03555855 0.12276299
1402.70135068 0.03512748 0.12097446
1403.70185093 0.03502998 0.12058941
1404.70235118 0.03485094 0.12000371
1405.70285143 0.03488220 0.12070571
1406.70335168 0.03467066 0.11995324
1407.70385193 0.03429707 0.11851072
1408.70435218 0.03409104 0.11791387
1409.70485243 0.03410372 0.11798706
1410.70535268 0.03406996 0.11782863
1411.70585293 0.03372478 0.11717339
1412.70635318 0.03352728 0.11624654
1413.70685343 0.03334152 0.11615724
1414.70735368 0.03323318 0.11581772
1415.70785393 0.03473211 0.12034432
1416.70835418 0.03471936 0.12007060
1417.70885443 0.03450335 0.11933849
1418.70935468 0.03551319 0.12047391
1419.70985493 0.03531481 0.12033221
1420.71035518 0.03519778 0.11988209
1421.71085543 0.03496491 0.11969484
1422.71135568 0.03502434 0.11981946
1423.71185593 0.03509085 0.12028102
1424.71235618 0.03509694 0.12080198
1425.71285643 0.03356321 0.11688835
1426.71335668 0.03348151 0.11660164
1427.71385693 0.03329888 0.11610817
1428.71435718 0.03334945 0.11637044
1429.71485743 0.03325430 0.11622280
1430.71535768 0.03465608 0.12037998
1431.71585793 0.03434302 0.11909010
1432.71635818 0.03408588 0.11858328
1433.71685843 0.03376020 0.11855286
1434.71735868 0.03348960 0.11789050
1435.71785893 0.03341032 0.11730012
1436.71835918 0.03332124 0.11741309
1437.71885943 0.03322839 0.11712589
1438.71935968 0.03312840 0.11673790
1439.71985993 0.03308669 0.11692206
1440.72036018 0.03298382 0.11673186
1441.72086043 0.03286013 0.11641023
1442.72136068 0.03284646 0.11595945
1443.72186093 0.03283505 0.11595982
1444.72236118 0.03276219 0.11590256
1445.72286143 0.03255987 0.11537968
1446.72336168 0.03246328 0.11527892
1447.72386193 0.03250038 0.11511213
1448.72436218 0.03239674 0.11464327
1449.72486243 0.03205614 0.11243023
1450.72536268 0.03170454 0.11083888
1451.72586293 0.03157159 0.11086498
1452.72636318 0.03118982 0.10884619
1453.72686343 0.03115319 0.10832565
1454.72736368 0.03114786 0.10876116
1455.72786393 0.03101958 0.10854564
1456.72836418 0.03094882 0.10869325
1457.72886443 0.03095031 0.10882256
1458.72936468 0.03071422 0.10830590
1459.72986493 0.03060232 0.10782762
1460.73036518 0.03044859 0.10746105
1461.73086543 0.03048736 0.10813620
1462.73136568 0.03043565 0.10826259
1463.73186593 0.03044358 0.10830671
1464.73236618 0.03028004 0.10777970
1465.73286643 0.03016182 0.10730406
1466.73336668 0.03151844 0.11094846
1467.73386693 0.03222212 0.11135100
1468.73436718 0.03333752 0.11405092
1469.73486743 0.03331349 0.11409682
1470.73536768 0.03334224 0.11451502
1471.73586793 0.03193963 0.11036706
1472.73636818 0.03154132 0.10978184
1473.73686843 0.03134751 0.10901546
1474.73736868 0.03114110 0.10868562
1475.73786893 0.03098293 0.10840684
1476.73836918 0.03087394 0.10820882
1477.73886943 0.03091043 0.10820062
1478.73936968 0.03070397 0.10741681
1479.73986993 0.03047343 0.10705981
1480.74037019 0.03022305 0.10690320
1481.74087044 0.03016204 0.10683918
1482.74137069 0.03001647 0.10650026
1483.74187094 0.03134517 0.11055279
1484.74237119 0.03113813 0.10980207
1485.74287144 0.03095733 0.10892294
1486.74337169 0.03078264 0.10846577
1487.74387194 0.03033339 0.10821669
1488.74437219 0.03031162 0.10835278
1489.74487244 0.03011263 0.10768643
1490.74537269 0.02999030 0.10714327
1491.74587294 0.02997744 0.10704246
1492.74637319 0.02939142 0.10550905
1493.74687344 0.02933985 0.10576777
1494.74737369 0.02815513 0.10187926
1495.74787394 0.02857329 0.10235720
1496.74837419 0.02823893 0.10137565
1497.74887444 0.02638853 0.09326007
1498.74937469 0.02519183 0.08902063
1499.74987494 0.02504452 0.08879358
1500.75037519 0.02498913 0.08868030
1501.75087544 0.02518051 0.08958636
1502.75137569 0.02520348 0.08989017
1503.75187594 0.02510006 0.08899969
1504.75237619 0.02499005 0.08814493
1505.75287644 0.02480174 0.08784649
1506.75337669 0.02473089 0.08817127
1507.75387694 0.02461688 0.08780565
1508.75437719 0.02445283 0.08681523
1509.75487744 0.02441796 0.08655680
1510.75537769 0.02445908 0.08686609
1511.75587794 0.02434444 0.08671089
1512.75637819 0.02563213 0.09070603
1513.75687844 0.02535117 0.09025644
1514.75737869 0.02538191 0.09043324
1515.75787894 0.02532424 0.09048994
1516.75837919 0.02523820 0.09022322
1517.75887944 0.02500536 0.08887588
1518.75937969 0.02488849 0.08841884
1519.75987994 0.02519019 0.08941984
1520.76038019 0.02513581 0.08947546
1521.76088044 0.02665390 0.09541410
1522.76138069 0.02660633 0.09516859
1523.76188094 0.02668204 0.09547973
1524.76238119 0.02710904 0.09552682
1525.76288144 0.02693874 0.09451422
1526.76338169 0.02729692 0.09513044
1527.76388194 0.02731623 0.09529023
1528.76438219 0.02722598 0.09472329
1529.76488244 0.02726588 0.09478026
1530.76538269 0.02697841 0.09435780
1531.76588294 0.02692203 0.09403690
1532.76638319 0.02726161 0.09610347
1533.76688344 0.02709571 0.09552367
1534.76738369 0.02703512 0.09556562
1535.76788394 0.02682280 0.09463652
1536.76838419 0.02672913 0.09461029
1537.76888444 0.02590565 0.09273700
1538.76938469 0.02643551 0.09705697
1539.76988494 0.02663385 0.09747863
1540.77038519 0.02636260 0.09633425
1541.77088544 0.02625485 0.09560375
1542.77138569 0.02593170 0.09482296
1543.77188594 0.02599520 0.09514001
1544.77238619 0.02593662 0.09529969
1545.77288644 0.02590237 0.09489465
1546.77338669 0.02573038 0.09411350
1547.77388694 0.02560241 0.09370828
1548.77438719 0.02553751 0.09371598
1549.77488744 0.02551079 0.09388592
1550.77538769 0.02541389 0.09344850
1551.77588794 0.02515518 0.09270697
1552.77638819 0.02508036 0.09261218
1553.77688844 0.02500784 0.09230389
1554.77738869 0.02476807 0.09120301
1555.77788894 0.02455012 0.09076655
1556.77838919 0.02442315 0.09041605
1557.77888944 0.02573611 0.09465113
1558.77938969 0.02557008 0.09388542
1559.77988994 0.02568611 0.09476484
1560.78039020 0.02531501 0.09299280
1561.78089045 0.02534966 0.09215525
1562.78139070 0.02516979 0.09146447
1563.78189095 0.02493203 0.09081159
1564.78239120 0.02485702 0.09040115
1565.78289145 0.02488575 0.09057819
1566.78339170 0.02468203 0.08991402
1567.78389195 0.02632430 0.09679130
1568.78439220 0.02608492 0.09611940
1569.78489245 0.02578160 0.09475563
1570.78539270 0.02552560 0.09447824
1571.78589295 0.02557058 0.09424156
1572.78639320 0.02682988 0.09855385
1573.78689345 0.02668808 0.09867411
1574.78739370 0.02667178 0.09914495
1575.78789395 0.02685799 0.09960909
1576.78839420 0.02673493 0.09890851
1577.78889445 0.02663973 0.09849004
1578.78939470 0.02663303 0.09874275
1579.78989495 0.02660620 0.09865919
1580.79039520 0.02662926 0.09869749
1581.79089545 0.02635169 0.09812814
1582.79139570 0.02628116 0.09738778
1583.79189595 0.02581342 0.09688650
1584.79239620 0.02560867 0.09565389
1585.79289645 0.02544732 0.09555205
1586.79339670 0.02548642 0.09574592
1587.79389695 0.02518934 0.09539973
1588.79439720 0.02509527 0.09460688
1589.79489745 0.02484409 0.09427189
1590.79539770 0.02473735 0.09390688
1591.79589795 0.02478650 0.09401073
1592.79639820 0.02473402 0.09370975
1593.79689845 0.02460710 0.09342417
1594.79739870 0.02441753 0.09311744
1595.79789895 0.02432395 0.09286580
1596.79839920 0.02354759 0.08922881
1597.79889945 0.02414563 0.08986182
1598.79939970 0.02587248 0.09693837
1599.79989995 0.02609307 0.09762366
1600.80040020 0.02586965 0.09719893
1601.80090045 0.02570224 0.09634027
1602.80140070 0.02567923 0.09604869
1603.80190095 0.02586484 0.09662703
1604.80240120 0.02590288 0.09684398
1605.80290145 0.02562561 0.09601570
1606.80340170 0.02557957 0.09600585
1607.80390195 0.02526554 0.09514576
1608.80440220 0.02522927 0.09496947
1609.80490245 0.02511137 0.09453918
1610.80540270 0.02555007 0.09496159
1611.80590295 0.02484122 0.09378924
1612.80640320 0.02468995 0.09015529
1613.80690345 0.02592613 0.09381737
1614.80740370 0.02527530 0.09248422
1615.80790395 0.02459113 0.08977893
1616.80840420 0.02426345 0.08885400
1617.80890445 0.02427962 0.08868508
1618.80940470 0.02443282 0.08924779
1619.80990495 0.02443123 0.08886644
1620.81040520 0.02467908 0.08853216
1621.81090545 0.02291192 0.08238440
1622.81140570 0.02302810 0.08288910
1623.81190595 0.02307401 0.08320094
1624.81240620 0.02299704 0.08306588
1625.81290645 0.02292087 0.08241610
1626.81340670 0.02270693 0.08186175
1627.81390695 0.02145704 0.07806192
1628.81440720 0.02134299 0.07797177
1629.81490745 0.02133032 0.07769164
1630.81540770 0.02279236 0.08482159
1631.81590795 0.02284990 0.08485096
1632.81640820 0.02301439 0.08530172
1633.81690845 0.02281313 0.08501429
1634.81740870 0.02271487 0.08458554
1635.81790895 0.02164390 0.08017797
1636.81840920 0.02159332 0.07997738
1637.81890945 0.02147830 0.07968981
1638.81940970 0.02091793 0.07860527
1639.81990995 0.02083634 0.07851206
1640.82041021 0.02087341 0.07848067
1641.82091046 0.02091954 0.07840935
1642.82141071 0.02068801 0.07773355
1643.82191096 0.02054522 0.07748471
1644.82241121 0.02056888 0.07736324
1645.82291146 0.02065329 0.07721917
1646.82341171 0.02050466 0.07703437
1647.82391196 0.02046006 0.07687396
1648.82441221 0.02056924 0.07676857
1649.82491246 0.02060447 0.07681819
1650.82541271 0.02051979 0.07649390
1651.82591296 0.02048990 0.07620597
1652.82641321 0.02044301 0.07593558
1653.82691346 0.02042810 0.07579260
1654.82741371 0.02026363 0.07550335
1655.82791396 0.02023621 0.07530096
1656.82841421 0.02029241 0.07532406
1657.82891446 0.02008692 0.07506505
1658.82941471 0.02000946 0.07476952
1659.82991496 0.01994624 0.07460138
1660.83041521 0.01986706 0.07430386
1661.83091546 0.02025632 0.07505637
1662.83141571 0.02009918 0.07481874
1663.83191596 0.02000197 0.07457558
1664.83241621 0.01982114 0.07429042
1665.83291646 0.01975607 0.07397441
1666.83341671 0.01962499 0.07384683
1667.83391696 0.01886842 0.07235946
1668.83441721 0.01878907 0.07195779
1669.83491746 0.01872897 0.07181038
1670.83541771 0.01867957 0.07171140
1671.83591796 0.01854413 0.07138216
1672.83641821 0.01841299 0.07108319
1673.83691846 0.01702990 0.06360794
1674.83741871 0.01695653 0.06345906
1675.83791896 0.01690289 0.06331931
1676.83841921 0.01715017 0.06475555
1677.83891946 0.01704828 0.06453652
1678.83941971 0.01703497 0.06506931
1679.83991996 0.01691749 0.06485862
1680.84042021 0.01680507 0.06446346
1681.84092046 0.01664391 0.06368396
1682.84142071 0.01657850 0.06351740
1683.84192096 0.01661794 0.06412723
1684.84242121 0.01789475 0.07033078
1685.84292146 0.01763656 0.06872255
1686.84342171 0.01757669 0.06858396
1687.84392196 0.01752898 0.06885025
1688.84442221 0.01758235 0.06956346
1689.84492246 0.01748583 0.06900174
1690.84542271 0.01738136 0.06861427
1691.84592296 0.01727604 0.06820303
1692.84642321 0.01725955 0.06839237
1693.84692346 0.01882124 0.07730211
1694.84742371 0.01996043 0.08147335
1695.84792396 0.01971368 0.07994690
1696.84842421 0.01950593 0.07894145
1697.84892446 0.01959468 0.07924400
1698.84942471 0.01953944 0.07997693
1699.84992496 0.01942353 0.07960562
1700.85042521 0.02194162 0.08951611
1701.85092546 0.02183120 0.08875075
1702.85142571 0.02186159 0.08951146
1703.85192596 0.02182093 0.08951449
1704.85242621 0.02167730 0.08906396
1705.85292646 0.02158070 0.08850446
1706.85342671 0.02140703 0.08787675
1707.85392696 0.02229822 0.08999763
1708.85442721 0.02221871 0.08989157
1709.85492746 0.02291151 0.09138871
1710.85542771 0.02272201 0.09038021
1711.85592796 0.02427602 0.09700308
1712.85642821 0.02433163 0.09725455
1713.85692846 0.02456045 0.09979101
1714.85742871 0.02447389 0.10023535
1715.85792896 0.02439122 0.09966961
1716.85842921 0.02446802 0.09950648
1717.85892946 0.02432512 0.09860252
1718.85942971 0.02417539 0.09882385
1719.85992996 0.02416177 0.09909532
1720.86043022 0.02409609 0.09870053
1721.86093047 0.02377857 0.09749502
1722.86143072 0.02242283 0.09144336
1723.86193097 0.02218100 0.09071415
1724.86243122 0.02203863 0.09046209
1725.86293147 0.02195688 0.08988212
1726.86343172 0.02258669 0.09147094
1727.86393197 0.02249956 0.09136054
1728.86443222 0.02252495 0.09182460
1729.86493247 0.02248617 0.09181008
1730.86543272 0.02245022 0.09162402
1731.86593297 0.02223197 0.09087501
1732.86643322 0.02043915 0.07928080
1733.86693347 0.02021510 0.07894286
1734.86743372 0.01978304 0.07724647
1735.86793397 0.02110908 0.08333770
1736.86843422 0.02125323 0.08379930
1737.86893447 0.02129228 0.08323925
1738.86943472 0.02135834 0.08358950
1739.86993497 0.02130318 0.08393670
1740.87043522 0.02108322 0.08293857
1741.87093547 0.02088464 0.08232672
1742.87143572 0.02092620 0.08273604
1743.87193597 0.02089513 0.08277965
1744.87243622 0.02081162 0.08203025
1745.87293647 0.02067746 0.08160675
1746.87343672 0.02225204 0.08907375
1747.87393697 0.02215556 0.08855169
1748.87443722 0.02210947 0.08866280
1749.87493747 0.02201672 0.08911027
1750.87543772 0.02187754 0.08837344
1751.87593797 0.02162341 0.08632601
1752.87643822 0.02164307 0.08657211
1753.87693847 0.02163962 0.08666736
1754.87743872 0.02135881 0.08557979
1755.87793897 0.02132829 0.08558057
1756.87843922 0.02052485 0.08362047
1757.87893947 0.02040956 0.08331468
1758.87943972 0.02034054 0.08327204
1759.87993997 0.02041950 0.08323680
1760.88044022 0.02031475 0.08286932
1761.88094047 0.02170467 0.08897600
1762.88144072 0.02157909 0.08875921
1763.88194097 0.02144137 0.08838395
1764.88244122 0.02138441 0.08805695
1765.88294147 0.02139535 0.08828942
1766.88344172 0.02135809 0.08828345
1767.88394197 0.02117662 0.08781753
1768.88444222 0.02128927 0.08790787
1769.88494247 0.02139515 0.08744262
1770.88544272 0.02136383 0.08736842
1771.88594297 0.02126356 0.08709506
1772.88644322 0.02117582 0.08736576
1773.88694347 0.02073031 0.08615081
1774.88744372 0.02068785 0.08616812
1775.88794397 0.02055000 0.08558381
1776.88844422 0.01911448 0.07826475
1777.88894447 0.02027553 0.08179309
1778.88944472 0.02010295 0.08109620
1779.88994497 0.01987131 0.08089646
1780.89044522 0.01986009 0.08107597
1781.89094547 0.01968768 0.08108185
1782.89144572 0.01970034 0.07996119
1783.89194597 0.01966793 0.07991523
1784.89244622 0.01944409 0.07935787
1785.89294647 0.01926773 0.07802726
1786.89344672 0.01984191 0.07927868
1787.89394697 0.01988887 0.07959395
1788.89444722 0.01846509 0.07246517
1789.89494747 0.01835006 0.07247235
1790.89544772 0.01837234 0.07185639
1791.89594797 0.01831947 0.07177942
1792.89644822 0.01825961 0.07121331
1793.89694847 0.01824217 0.07114751
1794.89744872 0.01815027 0.07107630
1795.89794897 0.01799630 0.07005807
1796.89844922 0.01793730 0.07028175
1797.89894947 0.01794151 0.06980704
1798.89944972 0.01790200 0.07013648
1799.89994997 0.01787880 0.06955644
1800.90045023 0.01790139 0.06979555
1801.90095048 0.01775771 0.06945936
1802.90145073 0.01922335 0.07744227
1803.90195098 0.01860818 0.07524435
1804.90245123 0.02031498 0.08284369
1805.90295148 0.02053012 0.08476681
1806.90345173 0.02044967 0.08398158
1807.90395198 0.02026396 0.08230713
1808.90445223 0.02059092 0.08606364
1809.90495248 0.02057679 0.08486508
1810.90545273 0.02062100 0.08564594
1811.90595298 0.02062914 0.08607291
1812.90645323 0.02045388 0.08521651
1813.90695348 0.02143346 0.08824008
1814.90745373 0.02128596 0.08727318
1815.90795398 0.02248147 0.09148794
1816.90845423 0.02261609 0.09250376
1817.90895448 0.02249645 0.09241364
1818.90945473 0.02240682 0.09185072
1819.90995498 0.02231159 0.09142533
1820.91045523 0.02364755 0.09599482
1821.91095548 0.02408399 0.09834936
1822.91145573 0.02403153 0.09780826
1823.91195598 0.02597380 0.10401747
1824.91245623 0.02576589 0.10421800
1825.91295648 0.02561978 0.10341515
1826.91345673 0.02580546 0.10432028
1827.91395698 0.02568748 0.10365222
1828.91445723 0.02613934 0.10441312
1829.91495748 0.02621739 0.10475064
1830.91545773 0.02603557 0.10367032
1831.91595798 0.02602980 0.10406395
1832.91645823 0.02611669 0.10359386
1833.91695848 0.02600676 0.10327740
1834.91745873 0.02608021 0.10327056
1835.91795898 0.02585757 0.10336373
1836.91845923 0.02581283 0.10329448
1837.91895948 0.02718492 0.10791607
1838.91945973 0.02686528 0.10664156
1839.91995998 0.02667223 0.10638739
1840.92046023 0.02659690 0.10622169
1841.92096048 0.02655519 0.10629304
1842.92146073 0.02642362 0.10599435
1843.92196098 0.02665880 0.10496857
1844.92246123 0.02622526 0.10432683
1845.92296148 0.02618671 0.10362310
1846.92346173 0.02578466 0.10268564
1847.92396198 0.02582441 0.10279586
1848.92446223 0.02561851 0.10194883
1849.92496248 0.02549416 0.10162788
1850.92546273 0.02671859 0.10674082
1851.92596298 0.02678558 0.10692935
1852.92646323 0.02671396 0.10664967
1853.92696348 0.02660246 0.10703602
1854.92746373 0.02626480 0.10550739
1855.92796398 0.02626636 0.10565323
1856.92846423 0.02583062 0.10457282
1857.92896448 0.02590969 0.10511115
1858.92946473 0.02632215 0.10718831
1859.92996498 0.02614814 0.10663422
1860.93046523 0.02629981 0.10836106
1861.93096548 0.02619642 0.10790597
1862.93146573 0.02611783 0.10792080
1863.93196598 0.02586186 0.10713175
1864.93246623 0.02583592 0.10703563
1865.93296648 0.02580391 0.10682480
1866.93346673 0.02578075 0.10723538
1867.93396698 0.02575204 0.10695086
1868.93446723 0.02578213 0.10701197
1869.93496748 0.02518241 0.10389216
1870.93546773 0.02496058 0.10310267
1871.93596798 0.02628842 0.10765604
1872.93646823 0.02584594 0.10586252
1873.93696848 0.02551623 0.10411613
1874.93746873 0.02515602 0.10207777
1875.93796898 0.02503276 0.10159763
1876.93846923 0.02507896 0.10266705
1877.93896948 0.02505412 0.10251163
1878.93946973 0.02675027 0.10713995
1879.93996998 0.02628095 0.10567203
1880.94047024 0.02595970 0.10458972
1881.94097049 0.02602093 0.10532594
1882.94147074 0.02611203 0.10546378
1883.94197099 0.02597843 0.10494144
1884.94247124 0.02596123 0.10455411
1885.94297149 0.02572707 0.10364342
1886.94347174 0.02454852 0.09854861
1887.94397199 0.02452117 0.09875776
1888.94447224 0.02435161 0.09891531
1889.94497249 0.02427775 0.09899298
1890.94547274 0.02383726 0.09593362
1891.94597299 0.02376686 0.09623018
1892.94647324 0.02363164 0.09570139
1893.94697349 0.02343778 0.09504637
1894.94747374 0.02491846 0.10061027
1895.94797399 0.02487448 0.10083571
1896.94847424 0.02479682 0.10033068
1897.94897449 0.02484178 0.10029533
1898.94947474 0.02478422 0.10030548
1899.94997499 0.02479524 0.10027531
1900.95047524 0.02463143 0.09973505
1901.95097549 0.02428517 0.09869852
1902.95147574 0.02429865 0.09866373
1903.95197599 0.02414030 0.09811174
1904.95247624 0.02487819 0.09914467
1905.95297649 0.02470186 0.09869988
1906.95347674 0.02465387 0.09848945
1907.95397699 0.02407668 0.09677245
1908.95447724 0.02426666 0.09696127
1909.95497749 0.02405797 0.09642465
1910.95547774 0.02405108 0.09620560
1911.95597799 0.02380413 0.09584309
1912.95647824 0.02384291 0.09553475
1913.95697849 0.02353761 0.09503729
1914.95747874 0.02336187 0.09474869
1915.95797899 0.02345517 0.09463953
1916.95847924 0.02340311 0.09448453
1917.95897949 0.02328895 0.09416097
1918.95947974 0.02324424 0.09401406
1919.95997999 0.02504259 0.10078009
1920.96048024 0.02496413 0.10035407
1921.96098049 0.02476375 0.09927509
1922.96148074 0.02463605 0.09856331
1923.96198099 0.02460632 0.09865932
1924.96248124 0.02459119 0.09896669
1925.96298149 0.02453861 0.09874848
1926.96348174 0.02443897 0.09837013
1927.96398199 0.02430813 0.09787803
1928.96448224 0.02437417 0.09772272
1929.96498249 0.02434842 0.09769146
1930.96548274 0.02427486 0.09751929
1931.96598299 0.02407530 0.09693109
1932.96648324 0.02398302 0.09641554
1933.96698349 0.02397024 0.09629950
1934.96748374 0.02489858 0.09822568
1935.96798399 0.02474710 0.09817853
1936.96848424 0.02467406 0.09807993
1937.96898449 0.02448418 0.09757368
1938.96948474 0.02435050 0.09716787
1939.96998499 0.02425709 0.09686831
1940.97048524 0.02425108 0.09669097
1941.97098549 0.02404235 0.09628216
1942.97148574 0.02399375 0.09592032
1943.97198599 0.02310199 0.09385847
1944.97248624 0.02310812 0.09374158
1945.97298649 0.02182358 0.08955814
1946.97348674 0.02180286 0.08941389
1947.97398699 0.02173530 0.08920468
1948.97448724 0.02162400 0.08892676
1949.97498749 0.02157890 0.08889861
1950.97548774 0.02118354 0.08794516
1951.97598799 0.02104369 0.08753692
1952.97648824 0.02120322 0.08754807
1953.97698849 0.02112261 0.08728147
1954.97748874 0.02136260 0.08774808
1955.97798899 0.02098783 0.08663686
1956.97848924 0.02115696 0.08686400
1957.97898949 0.02080020 0.08624128
1958.97948974 0.02065655 0.08561357
1959.97998999 0.02062346 0.08539612
1960.98049025 0.02053284 0.08488721
1961.98099050 0.02057594 0.08495768
1962.98149075 0.02053890 0.08489183
1963.98199100 0.02031422 0.08428477
1964.98249125 0.02017326 0.08392391
1965.98299150 0.02016567 0.08384602
1966.98349175 0.02018856 0.08388630
1967.98399200 0.02009835 0.08361114
1968.98449225 0.02000516 0.08327892
1969.98499250 0.01993968 0.08295331
1970.98549275 0.02003772 0.08254909
1971.98599300 0.01858353 0.07629755
1972.98649325 0.01846612 0.07606757
1973.98699350 0.01839694 0.07590418
1974.98749375 0.01824988 0.07553892
1975.98799400 0.01809125 0.07533728
1976.98849425 0.01807040 0.07520927
1977.98899450 0.01799738 0.07495944
1978.98949475 0.01788306 0.07469042
1979.98999500 0.01938283 0.08209239
1980.99049525 0.01936041 0.08239418
1981.99099550 0.01940320 0.08380036
1982.99149575 0.01924188 0.08240008
1983.99199600 0.01924390 0.08188981
1984.99249625 0.01973848 0.08312067
1985.99299650 0.01986255 0.08377764
1986.99349675 0.01971666 0.08328014
1987.99399700 0.02128965 0.09067600
1988.99449725 0.02144543 0.09245357
1989.99499750 0.02095425 0.08852178
1990.99549775 0.02093484 0.08835346
1991.99599800 0.02091521 0.08847081
1992.99649825 0.02082566 0.08841313
1993.99699850 0.02067561 0.08806379
1994.99749875 0.02066193 0.08860479
1995.99799900 0.02058435 0.08775150
1996.99849925 0.02058666 0.08798644
1997.99899950 0.02049930 0.08810975
1998.99949975 0.02045647 0.08720494
2000.00000000 0.02047053 0.08733145
