0.00000000 14.00000000 0.00000137
1.00050025 13.78444093 0.10991694
2.00100050 13.56798926 0.16147067
3.00150075 13.55675377 0.24378505
4.00200100 13.55650174 0.32088373
5.00250125 13.42867095 0.32601320
6.00300150 13.41514028 0.42661829
7.00350175 13.39354831 0.48671017
8.00400200 13.33466572 0.51179911
9.00450225 13.23123706 0.49791706
10.00500250 13.17272193 0.50305501
11.00550275 13.15481452 0.56032478
12.00600300 13.10963924 0.58215700
13.00650325 13.06715422 0.62254480
14.00700350 13.02779008 0.64222170
15.00750375 13.00635611 0.69550598
16.00800400 12.95279988 0.69920704
17.00850425 12.89778043 0.71508443
18.00900450 12.85764605 0.74656771
19.00950475 12.83014857 0.76760888
20.01000500 12.78074179 0.80516272
21.01050525 12.73744763 0.83299582
22.01100550 12.70011080 0.86499542
23.01150575 12.66908241 0.89118424
24.01200600 12.63752315 0.89989281
25.01250625 12.58861917 0.90873158
26.01300650 12.56613883 0.93347547
27.01350675 12.54876517 0.94616406
28.01400700 12.50174765 0.98100656
29.01450725 12.46402225 0.99124280
30.01500750 12.43964593 1.00073931
31.01550775 12.39685346 1.02568020
32.01600800 12.38123916 1.03032240
33.01650825 12.34645745 1.04690784
34.01700850 12.32236829 1.05329797
35.01750875 12.29284679 1.05899330
36.01800900 12.25294902 1.09579909
37.01850925 12.23007098 1.10926810
38.01900950 12.19654776 1.13724905
39.01950975 12.16248897 1.17122760
40.02001001 12.13236270 1.19291285
41.02051026 12.11789661 1.20507963
42.02101051 12.09800308 1.22003980
43.02151076 12.07722073 1.23095148
44.02201101 12.04652523 1.25862032
45.02251126 12.01963408 1.28048657
46.02301151 11.98812386 1.29414113
47.02351176 11.95733495 1.30674226
48.02401201 11.93596394 1.31990914
49.02451226 11.92030250 1.33189717
50.02501251 11.89164587 1.35740417
51.02551276 11.86506474 1.38095773
52.02601301 11.84721965 1.39119522
53.02651326 11.80387084 1.42899236
54.02701351 11.78638090 1.43939269
55.02751376 11.75410749 1.47177864
56.02801401 11.73926554 1.49250593
57.02851426 11.72099925 1.50996044
58.02901451 11.69097957 1.52597606
59.02951476 11.65706104 1.54912217
60.03001501 11.64908735 1.54969534
61.03051526 11.61822821 1.57071282
62.03101551 11.59900397 1.57727786
63.03151576 11.57874579 1.57350407
64.03201601 11.56114547 1.58163325
65.03251626 11.54628085 1.59392287
66.03301651 11.52261816 1.60748870
67.03351676 11.51065941 1.61570088
68.03401701 11.48042276 1.62715476
69.03451726 11.46426142 1.64960169
70.03501751 11.43924567 1.65470922
71.03551776 11.41940389 1.66198622
72.03601801 11.40531551 1.66838971
73.03651826 11.38524553 1.67405729
74.03701851 11.36033462 1.69097603
75.03751876 11.33017669 1.71186311
76.03801901 11.30644157 1.73266422
77.03851926 11.28522856 1.74794071
78.03901951 11.26371150 1.75107565
79.03951976 11.23473663 1.76851609
80.04002001 11.22478343 1.76345219
81.04052026 11.19625375 1.77639696
82.04102051 11.16116331 1.79060162
83.04152076 11.14463043 1.80120266
84.04202101 11.12160572 1.81564435
85.04252126 11.08622088 1.83196864
86.04302151 11.06040442 1.85763082
87.04352176 11.02427644 1.88250394
88.04402201 11.00378830 1.89157014
89.04452226 10.95396040 1.92567598
90.04502251 10.92852411 1.93434930
91.04552276 10.91544932 1.94774930
92.04602301 10.90282558 1.94508681
93.04652326 10.89115988 1.96341441
94.04702351 10.86429504 1.97565708
95.04752376 10.84046722 1.99201169
96.04802401 10.81525039 2.00744046
97.04852426 10.79766762 2.03230634
98.04902451 10.78253953 2.03859115
99.04952476 10.77695872 2.04345234
100.05002501 10.75428309 2.05959751
101.05052526 10.73585149 2.06961756
102.05102551 10.70291441 2.07265410
103.05152576 10.67546406 2.08580815
104.05202601 10.65699239 2.09107541
105.05252626 10.63044101 2.11800877
106.05302651 10.60764219 2.12960559
107.05352676 10.57354691 2.15289663
108.05402701 10.56262109 2.15863326
109.05452726 10.53968091 2.16091620
110.05502751 10.51593782 2.17060423
111.05552776 10.50358240 2.18800113
112.05602801 10.48435368 2.19581972
113.05652826 10.46064894 2.20035459
114.05702851 10.44854542 2.20487682
115.05752876 10.42849727 2.22025782
116.05802901 10.40550400 2.23752378
117.05852926 10.39304370 2.24319300
118.05902951 10.38524104 2.24267069
119.05952976 10.36031205 2.25355533
120.06003002 10.34571685 2.25582198
121.06053027 10.32698348 2.25812930
122.06103052 10.30917581 2.26175952
123.06153077 10.28856642 2.28347283
124.06203102 10.25110089 2.29684785
125.06253127 10.24619207 2.29896360
126.06303152 10.22157527 2.30885264
127.06353177 10.20423759 2.30927181
128.06403202 10.18035092 2.31854744
129.06453227 10.14331231 2.32325886
130.06503252 10.11965957 2.33427486
131.06553277 10.10308001 2.32668437
132.06603302 10.06568073 2.34768165
133.06653327 10.04111723 2.36189105
134.06703352 10.02945985 2.36315877
135.06753377 10.00537295 2.38044347
136.06803402 9.98389350 2.38654324
137.06853427 9.97420325 2.37984519
138.06903452 9.95420165 2.39326453
139.06953477 9.93773745 2.39054615
140.07003502 9.90270606 2.41455281
141.07053527 9.89865294 2.43582778
142.07103552 9.86633638 2.44781497
143.07153577 9.84447688 2.45831304
144.07203602 9.82616390 2.47268016
145.07253627 9.79745478 2.49026794
146.07303652 9.76841597 2.49992151
147.07353677 9.74893209 2.52986346
148.07403702 9.71694990 2.53542683
149.07453727 9.71205481 2.53949594
150.07503752 9.68282902 2.54799633
151.07553777 9.65955469 2.56899295
152.07603802 9.63355137 2.58609283
153.07653827 9.61912786 2.58749589
154.07703852 9.60519292 2.59562982
155.07753877 9.58556304 2.60796111
156.07803902 9.55758468 2.61921192
157.07853927 9.54493037 2.62523275
158.07903952 9.52357517 2.64860383
159.07953977 9.49625315 2.67031029
160.08004002 9.48509495 2.68354413
161.08054027 9.45720124 2.67831329
162.08104052 9.43759773 2.69034665
163.08154077 9.41992132 2.69996548
164.08204102 9.38900990 2.70595115
165.08254127 9.35733387 2.71112477
166.08304152 9.33246836 2.72643790
167.08354177 9.31064994 2.73473542
168.08404202 9.28785969 2.73641290
169.08454227 9.28093350 2.74672320
170.08504252 9.25679109 2.74903964
171.08554277 9.23214435 2.76751970
172.08604302 9.20696843 2.77864295
173.08654327 9.19433286 2.78665065
174.08704352 9.17889753 2.79127820
175.08754377 9.14879010 2.79747280
176.08804402 9.12673875 2.79988426
177.08854427 9.10671170 2.81694057
178.08904452 9.09060249 2.82969330
179.08954477 9.05538874 2.83592051
180.09004502 9.03611693 2.83808498
181.09054527 9.01312820 2.83740493
182.09104552 8.98915230 2.85452542
183.09154577 8.97173480 2.86362672
184.09204602 8.95650107 2.87005640
185.09254627 8.93404540 2.88519301
186.09304652 8.91124214 2.89510904
187.09354677 8.87606207 2.90103134
188.09404702 8.85310259 2.90920529
189.09454727 8.84576943 2.90402869
190.09504752 8.82093546 2.91247266
191.09554777 8.79914447 2.92193470
192.09604802 8.77688506 2.92267691
193.09654827 8.74890188 2.91276791
194.09704852 8.73005826 2.91861721
195.09754877 8.69998932 2.93715214
196.09804902 8.68364332 2.94424977
197.09854927 8.67083724 2.95230587
198.09904952 8.65435430 2.94725080
199.09954977 8.63198173 2.95403999
200.10005003 8.61897245 2.95546718
201.10055028 8.61011637 2.95736004
202.10105053 8.58359949 2.95851821
203.10155078 8.56167329 2.96648816
204.10205103 8.54783226 2.95996821
205.10255128 8.52355776 2.96977241
206.10305153 8.49678543 2.97704005
207.10355178 8.48250930 2.97811424
208.10405203 8.46062838 2.98631519
209.10455228 8.44488576 2.99538930
210.10505253 8.42266834 3.00021228
211.10555278 8.41727266 3.00672294
212.10605303 8.40016250 3.01817674
213.10655328 8.37690918 3.02895215
214.10705353 8.34598191 3.03603285
215.10755378 8.32969904 3.05852747
216.10805403 8.30427998 3.06553304
217.10855428 8.29773926 3.07819474
218.10905453 8.26648539 3.08339884
219.10955478 8.24928883 3.08817400
220.11005503 8.23448109 3.08813608
221.11055528 8.20935554 3.09238642
222.11105553 8.17958557 3.09686400
223.11155578 8.15857121 3.09423569
224.11205603 8.13728784 3.11089583
225.11255628 8.11574959 3.11785834
226.11305653 8.10055329 3.13617817
227.11355678 8.08230105 3.14817135
228.11405703 8.04201766 3.16068633
229.11455728 8.01816891 3.16388543
230.11505753 7.98750964 3.17252874
231.11555778 7.98251426 3.17478138
232.11605803 7.95393602 3.17383390
233.11655828 7.91939550 3.17868445
234.11705853 7.88367538 3.19655052
235.11755878 7.87486689 3.20865488
236.11805903 7.84380645 3.21538983
237.11855928 7.81896274 3.21032530
238.11905953 7.79567762 3.22852996
239.11955978 7.77938158 3.23614612
240.12006003 7.75337757 3.24147105
241.12056028 7.73392478 3.24512203
242.12106053 7.71970730 3.25016639
243.12156078 7.69354036 3.25764621
244.12206103 7.66150332 3.27388857
245.12256128 7.63487904 3.28208307
246.12306153 7.60972994 3.29615618
247.12356178 7.58039710 3.29713612
248.12406203 7.55841523 3.30303577
249.12456228 7.53751660 3.30252176
250.12506253 7.52759927 3.29773120
251.12556278 7.51229166 3.29734118
252.12606303 7.48824749 3.30935484
253.12656328 7.46757679 3.30437493
254.12706353 7.44561509 3.31383123
255.12756378 7.43266935 3.30993438
256.12806403 7.41919802 3.30830592
257.12856428 7.39771037 3.31525557
258.12906453 7.36946068 3.32636328
259.12956478 7.36249094 3.32810561
260.13006503 7.33045798 3.34613166
261.13056528 7.32588051 3.36067089
262.13106553 7.30531070 3.36741751
263.13156578 7.26735407 3.36937149
264.13206603 7.25584539 3.36717196
265.13256628 7.23263656 3.37815312
266.13306653 7.22395895 3.38205707
267.13356678 7.19906470 3.38681942
268.13406703 7.17569304 3.39580158
269.13456728 7.14542445 3.40599965
270.13506753 7.12829227 3.41034413
271.13556778 7.10525842 3.41871794
272.13606803 7.09162391 3.41473934
273.13656828 7.07544900 3.40662090
274.13706853 7.05367358 3.41292417
275.13756878 7.04427476 3.41444444
276.13806903 7.01101364 3.41467458
277.13856928 6.98422754 3.41814159
278.13906953 6.95956843 3.42715845
279.13956978 6.93678860 3.44348228
280.14007004 6.91767126 3.43497474
281.14057029 6.89905949 3.44341596
282.14107054 6.86914056 3.44708470
283.14157079 6.85023275 3.45327768
284.14207104 6.83596715 3.45767703
285.14257129 6.81648008 3.45573377
286.14307154 6.79323928 3.46578340
287.14357179 6.77346764 3.46215918
288.14407204 6.77151231 3.46132259
289.14457229 6.76203409 3.46071167
290.14507254 6.74513138 3.45478597
291.14557279 6.72350377 3.46271170
292.14607304 6.71650901 3.46149605
293.14657329 6.68924095 3.46662491
294.14707354 6.68351072 3.46559901
295.14757379 6.66502078 3.47741390
296.14807404 6.65542918 3.47067602
297.14857429 6.63391530 3.47553887
298.14907454 6.60900700 3.47944750
299.14957479 6.59895031 3.48503733
300.15007504 6.57962268 3.48708084
301.15057529 6.56247808 3.48246201
302.15107554 6.55037077 3.48873787
303.15157579 6.53438919 3.49924597
304.15207604 6.52042589 3.50469997
305.15257629 6.50628662 3.50417889
306.15307654 6.49370010 3.51291240
307.15357679 6.48087085 3.51355245
308.15407704 6.45423711 3.51012126
309.15457729 6.42678561 3.52369504
310.15507754 6.40895223 3.53027680
311.15557779 6.39161478 3.52868436
312.15607804 6.37212986 3.53518298
313.15657829 6.36165357 3.54129957
314.15707854 6.33263920 3.54162751
315.15757879 6.31268337 3.54496372
316.15807904 6.28413608 3.55007330
317.15857929 6.26506219 3.55613134
318.15907954 6.23938932 3.56427636
319.15957979 6.21703589 3.56887652
320.16008004 6.20398666 3.56683911
321.16058029 6.17968097 3.58552851
322.16108054 6.15876250 3.59332207
323.16158079 6.14818951 3.59923294
324.16208104 6.12592442 3.60228034
325.16258129 6.11146076 3.59984470
326.16308154 6.11668827 3.59688262
327.16358179 6.09236623 3.60457648
328.16408204 6.06832256 3.60905152
329.16458229 6.04299366 3.61041640
330.16508254 6.02070841 3.61563429
331.16558279 6.01025876 3.61946961
332.16608304 5.97731077 3.62387574
333.16658329 5.96198538 3.63062686
334.16708354 5.94211286 3.63915192
335.16758379 5.92265869 3.64222426
336.16808404 5.90646660 3.64895542
337.16858429 5.89497886 3.65669713
338.16908454 5.87590038 3.65740383
339.16958479 5.84747779 3.66000071
340.17008504 5.82856061 3.65828760
341.17058529 5.81335430 3.66375521
342.17108554 5.80133575 3.67187849
343.17158579 5.77526557 3.67272276
344.17208604 5.75716094 3.67807479
345.17258629 5.73751656 3.67664273
346.17308654 5.73543779 3.67773262
347.17358679 5.72216070 3.67917111
348.17408704 5.69550017 3.68198259
349.17458729 5.66991819 3.67710912
350.17508754 5.64670845 3.68150078
351.17558779 5.63187486 3.67904516
352.17608804 5.61008110 3.68076403
353.17658829 5.58673422 3.68550240
354.17708854 5.56938232 3.68613442
355.17758879 5.56288412 3.69219455
356.17808904 5.54874813 3.69738119
357.17858929 5.53607852 3.69748393
358.17908954 5.51607187 3.69300117
359.17958979 5.50878621 3.69422726
360.18009005 5.48810905 3.69148649
361.18059030 5.46405166 3.69155697
362.18109055 5.43959042 3.68967289
363.18159080 5.41628833 3.69242493
364.18209105 5.40626305 3.69997967
365.18259130 5.37926407 3.70915106
366.18309155 5.36726987 3.71202706
367.18359180 5.35103917 3.71113393
368.18409205 5.33065961 3.70499707
369.18459230 5.31274254 3.69869620
370.18509255 5.28342542 3.69485466
371.18559280 5.27547075 3.69961579
372.18609305 5.26220905 3.69938430
373.18659330 5.25022136 3.70246869
374.18709355 5.23913131 3.69947182
375.18759380 5.22504632 3.69493594
376.18809405 5.21061158 3.69641223
377.18859430 5.19797578 3.68295538
378.18909455 5.17647155 3.69047720
379.18959480 5.15277202 3.68760986
380.19009505 5.13334810 3.68711570
381.19059530 5.11229539 3.69124170
382.19109555 5.09188443 3.68857358
383.19159580 5.07169894 3.68751518
384.19209605 5.05437264 3.68460549
385.19259630 5.04770924 3.68402368
386.19309655 5.03512777 3.68411899
387.19359680 5.01988151 3.67795777
388.19409705 4.99693211 3.67570252
389.19459730 4.97919664 3.67854969
390.19509755 4.97198160 3.68093407
391.19559780 4.95006011 3.67561381
392.19609805 4.93363689 3.66888833
393.19659830 4.92052767 3.66559092
394.19709855 4.90924690 3.66390541
395.19759880 4.89643817 3.66245812
396.19809905 4.88402024 3.66603864
397.19859930 4.86879999 3.66074085
398.19909955 4.86425782 3.65982035
399.19959980 4.83898113 3.64601507
400.20010005 4.81654225 3.64378739
401.20060030 4.80521824 3.65026402
402.20110055 4.77866633 3.64930409
403.20160080 4.76862289 3.64382545
404.20210105 4.74853672 3.63919222
405.20260130 4.73344285 3.64048668
406.20310155 4.71013034 3.64269829
407.20360180 4.69136112 3.64611524
408.20410205 4.67446867 3.64792188
409.20460230 4.64963284 3.64092956
410.20510255 4.63942016 3.64485449
411.20560280 4.61546379 3.65202228
412.20610305 4.60274608 3.65021487
413.20660330 4.58919325 3.65750811
414.20710355 4.57198398 3.65486855
415.20760380 4.55810274 3.65722220
416.20810405 4.54408540 3.66206506
417.20860430 4.53629445 3.66399291
418.20910455 4.51729552 3.66085361
419.20960480 4.49454034 3.65732968
420.21010505 4.48406638 3.65800573
421.21060530 4.45923584 3.66188418
422.21110555 4.45363982 3.65629187
423.21160580 4.43717506 3.65860798
424.21210605 4.42287597 3.65956787
425.21260630 4.40497470 3.65219997
426.21310655 4.38591438 3.64984965
427.21360680 4.37467370 3.65071932
428.21410705 4.37358784 3.64912768
429.21460730 4.34870129 3.64644944
430.21510755 4.33490659 3.64320562
431.21560780 4.32218775 3.63932780
432.21610805 4.32236085 3.64153275
433.21660830 4.30479890 3.64315849
434.21710855 4.29201944 3.64964009
435.21760880 4.27146163 3.64571297
436.21810905 4.24706702 3.63646300
437.21860930 4.23369236 3.63456317
438.21910955 4.22392839 3.63469412
439.21960980 4.20159571 3.62703123
440.22011006 4.19071503 3.61994465
441.22061031 4.16936840 3.61657564
442.22111056 4.15630730 3.61617818
443.22161081 4.13442403 3.60772269
444.22211106 4.12031988 3.60713118
445.22261131 4.11279126 3.59952103
446.22311156 4.10062897 3.59782373
447.22361181 4.08180879 3.59285776
448.22411206 4.06581445 3.59029187
449.22461231 4.05033583 3.58800530
450.22511256 4.04213568 3.58957024
451.22561281 4.03965147 3.59751608
452.22611306 4.02235625 3.58741836
453.22661331 4.00274816 3.58735601
454.22711356 3.99534762 3.58625602
455.22761381 3.97415591 3.58193204
456.22811406 3.95820762 3.57980480
457.22861431 3.94324059 3.58118734
458.22911456 3.94022362 3.58427521
459.22961481 3.91980604 3.58614514
460.23011506 3.89748567 3.58227356
461.23061531 3.87145687 3.57583880
462.23111556 3.85415173 3.57531866
463.23161581 3.82483019 3.56594034
464.23211606 3.81076405 3.56421123
465.23261631 3.78514823 3.56584181
466.23311656 3.76912320 3.56649289
467.23361681 3.76376700 3.56991456
468.23411706 3.74069834 3.56180699
469.23461731 3.73237383 3.55869911
470.23511756 3.71181518 3.54819382
471.23561781 3.68838688 3.54044522
472.23611806 3.67202588 3.53537218
473.23661831 3.64978575 3.52355072
474.23711856 3.63932279 3.52046089
475.23761881 3.62231510 3.51594254
476.23811906 3.61375206 3.50994363
477.23861931 3.59358448 3.50750328
478.23911956 3.58238057 3.49944440
479.23961981 3.57178593 3.49311488
480.24012006 3.55495543 3.48426084
481.24062031 3.54448201 3.48272886
482.24112056 3.52894220 3.47362810
483.24162081 3.52195767 3.47577671
484.24212106 3.50189896 3.47142271
485.24262131 3.48723567 3.46809678
486.24312156 3.47207044 3.46104640
487.24362181 3.44843648 3.45221500
488.24412206 3.44012655 3.45440526
489.24462231 3.42697313 3.45778317
490.24512256 3.41781130 3.44353619
491.24562281 3.40523243 3.44219699
492.24612306 3.39012904 3.43493559
493.24662331 3.38468051 3.43595764
494.24712356 3.37191323 3.43129891
495.24762381 3.34300620 3.41434990
496.24812406 3.33526961 3.41470568
497.24862431 3.32095328 3.40822947
498.24912456 3.31272999 3.40779431
499.24962481 3.29900210 3.39992679
500.25012506 3.29468480 3.39635400
501.25062531 3.27642985 3.39007556
502.25112556 3.25637365 3.37849341
503.25162581 3.24509590 3.36919869
504.25212606 3.23005941 3.36059757
505.25262631 3.21867326 3.35695356
506.25312656 3.19570292 3.35002965
507.25362681 3.17814434 3.35245960
508.25412706 3.17987544 3.35728148
509.25462731 3.16271568 3.34980380
510.25512756 3.15251910 3.34737963
511.25562781 3.14143379 3.34764436
512.25612806 3.12932549 3.34562479
513.25662831 3.11957482 3.34291959
514.25712856 3.10477563 3.33791404
515.25762881 3.07921801 3.32033034
516.25812906 3.07644762 3.32488223
517.25862931 3.06229563 3.31250377
518.25912956 3.04737062 3.30548492
519.25962981 3.02455952 3.29351479
520.26013007 3.01468607 3.29965501
521.26063032 2.99656912 3.28284214
522.26113057 2.98399417 3.27076849
523.26163082 2.96970578 3.26196781
524.26213107 2.93825534 3.24844150
525.26263132 2.93155100 3.24742049
526.26313157 2.92413911 3.25468156
527.26363182 2.91200878 3.24932961
528.26413207 2.89146860 3.22589807
529.26463232 2.87641704 3.22618566
530.26513257 2.86676425 3.21862131
531.26563282 2.85246049 3.21309541
532.26613307 2.83787740 3.19725936
533.26663332 2.82428467 3.19393334
534.26713357 2.80473372 3.19030246
535.26763382 2.78125954 3.17188162
536.26813407 2.76376208 3.16791620
537.26863432 2.75632963 3.16618289
538.26913457 2.73769359 3.16224203
539.26963482 2.72717134 3.15994856
540.27013507 2.71079195 3.15538499
541.27063532 2.70861074 3.15915417
542.27113557 2.69689867 3.15279899
543.27163582 2.68585641 3.14761267
544.27213607 2.67211168 3.12719608
545.27263632 2.66115608 3.13008811
546.27313657 2.64898803 3.12772435
547.27363682 2.64299791 3.12841983
548.27413707 2.63877466 3.12463275
549.27463732 2.63152291 3.12502082
550.27513757 2.62099204 3.11832994
551.27563782 2.61308722 3.10876508
552.27613807 2.59800512 3.09629952
553.27663832 2.59370979 3.09015860
554.27713857 2.58104018 3.08789484
555.27763882 2.56254659 3.07027756
556.27813907 2.54214644 3.05521395
557.27863932 2.52434626 3.04537697
558.27913957 2.51771619 3.04828103
559.27963982 2.50616349 3.04374906
560.28014007 2.49517645 3.03926138
561.28064032 2.48070055 3.03383211
562.28114057 2.47196298 3.02876751
563.28164082 2.45170393 3.01583759
564.28214107 2.44633112 3.01678710
565.28264132 2.43689094 3.01484775
566.28314157 2.43395033 3.01615430
567.28364182 2.42238828 3.00991430
568.28414207 2.40955640 3.00019015
569.28464232 2.40101043 2.99185670
570.28514257 2.39303314 2.99365260
571.28564282 2.37986984 2.98391817
572.28614307 2.36993854 2.97493709
573.28664332 2.36091108 2.97993982
574.28714357 2.35973629 2.97962891
575.28764382 2.34717484 2.96970821
576.28814407 2.33433043 2.96859907
577.28864432 2.32951026 2.96387960
578.28914457 2.31755819 2.96175393
579.28964482 2.31250661 2.95683895
580.29014507 2.30192255 2.95852528
581.29064532 2.29782316 2.95871207
582.29114557 2.29371007 2.95818712
583.29164582 2.27730766 2.94918944
584.29214607 2.26736271 2.94654273
585.29264632 2.26058902 2.94256940
586.29314657 2.24900074 2.93367021
587.29364682 2.24917129 2.93761737
588.29414707 2.23362937 2.93002593
589.29464732 2.22524640 2.92724509
590.29514757 2.21920239 2.91988315
591.29564782 2.21148989 2.91615267
592.29614807 2.19911936 2.90337075
593.29664832 2.18614269 2.89911341
594.29714857 2.17290326 2.89113907
595.29764882 2.15245780 2.86013028
596.29814907 2.14992917 2.86474471
597.29864932 2.14519811 2.85709045
598.29914957 2.14321001 2.85367641
599.29964982 2.14009038 2.84910584
600.30015008 2.13195073 2.84352072
601.30065033 2.12574045 2.84124844
602.30115058 2.11403454 2.84114738
603.30165083 2.10493765 2.83719239
604.30215108 2.09150975 2.82961037
605.30265133 2.07784302 2.82582068
606.30315158 2.07145608 2.82389878
607.30365183 2.05644000 2.81750206
608.30415208 2.04938541 2.82014958
609.30465233 2.03586862 2.80619497
610.30515258 2.02083679 2.79387074
611.30565283 2.01276122 2.78551460
612.30615308 2.00225586 2.77587674
613.30665333 1.99722886 2.76368480
614.30715358 1.99052162 2.76156281
615.30765383 1.98396873 2.75998707
616.30815408 1.97297611 2.75567397
617.30865433 1.96640442 2.74799530
618.30915458 1.95547590 2.74498534
619.30965483 1.94926720 2.74196420
620.31015508 1.94195671 2.73972556
621.31065533 1.92363003 2.72647827
622.31115558 1.92075434 2.71755425
623.31165583 1.91449390 2.70940717
624.31215608 1.90765550 2.70950984
625.31265633 1.89474128 2.69992631
626.31315658 1.88413910 2.69323564
627.31365683 1.88405891 2.69247980
628.31415708 1.87344136 2.68860486
629.31465733 1.86117407 2.67930217
630.31515758 1.84924758 2.67473103
631.31565783 1.83448153 2.66440919
632.31615808 1.82146429 2.65121178
633.31665833 1.80634753 2.64245388
634.31715858 1.79938384 2.63437295
635.31765883 1.78802936 2.63623208
636.31815908 1.77866026 2.62790288
637.31865933 1.77561998 2.62665917
638.31915958 1.76682190 2.62735984
639.31965983 1.75929848 2.62062854
640.32016008 1.74630524 2.61707385
641.32066033 1.73853887 2.61307064
642.32116058 1.72827985 2.60321537
643.32166083 1.71851505 2.58639344
644.32216108 1.70996005 2.58354438
645.32266133 1.69597450 2.57009998
646.32316158 1.69172090 2.57252728
647.32366183 1.68892145 2.57320596
648.32416208 1.68435786 2.57696882
649.32466233 1.67105184 2.56729570
650.32516258 1.65906084 2.55789972
651.32566283 1.65618985 2.55514493
652.32616308 1.65375041 2.54915264
653.32666333 1.64819786 2.55112557
654.32716358 1.63498230 2.52617070
655.32766383 1.62751316 2.52041172
656.32816408 1.61997650 2.51065607
657.32866433 1.59928189 2.49076019
658.32916458 1.59116732 2.49051026
659.32966483 1.58017008 2.48129394
660.33016508 1.56977112 2.47699840
661.33066533 1.55808124 2.46650213
662.33116558 1.55023921 2.46302770
663.33166583 1.54416799 2.45861051
664.33216608 1.53715913 2.45249951
665.33266633 1.52761902 2.44318744
666.33316658 1.52482157 2.43899363
667.33366683 1.52165882 2.43738996
668.33416708 1.51517911 2.43440426
669.33466733 1.51106220 2.43314240
670.33516758 1.49654392 2.42170506
671.33566783 1.48760712 2.41535857
672.33616808 1.48264534 2.40894365
673.33666833 1.46838792 2.40317550
674.33716858 1.45803385 2.38772913
675.33766883 1.44282326 2.37725446
676.33816908 1.43834040 2.37831041
677.33866933 1.43144517 2.37136843
678.33916958 1.42531974 2.37242827
679.33966983 1.42137465 2.37002333
680.34017009 1.41209129 2.35921166
681.34067034 1.40348586 2.35521740
682.34117059 1.39394385 2.33665595
683.34167084 1.39128122 2.32897222
684.34217109 1.38497882 2.31373712
685.34267134 1.37663082 2.30889161
686.34317159 1.37272884 2.30807432
687.34367184 1.35755641 2.29754676
688.34417209 1.34729849 2.29113373
689.34467234 1.34174109 2.28127319
690.34517259 1.33736748 2.28166255
691.34567284 1.33084432 2.26972464
692.34617309 1.32529768 2.25969827
693.34667334 1.32145168 2.25902117
694.34717359 1.31711785 2.25584544
695.34767384 1.30881330 2.24622076
696.34817409 1.30330514 2.23501975
697.34867434 1.29793726 2.22971350
698.34917459 1.28784672 2.22191433
699.34967484 1.27759279 2.21417190
700.35017509 1.27296878 2.20851189
701.35067534 1.26641764 2.20723136
702.35117559 1.26174178 2.20263176
703.35167584 1.25834852 2.20233603
704.35217609 1.24712428 2.18837534
705.35267634 1.24007428 2.18683847
706.35317659 1.23033689 2.17849004
707.35367684 1.23246319 2.18272290
708.35417709 1.22551230 2.18081809
709.35467734 1.22091536 2.17396948
710.35517759 1.21063254 2.17002950
711.35567784 1.20578197 2.16790060
712.35617809 1.19340390 2.15789061
713.35667834 1.18592258 2.14519777
714.35717859 1.19428698 2.15936576
715.35767884 1.18513441 2.15707002
716.35817909 1.17785119 2.15692514
717.35867934 1.17480266 2.15628786
718.35917959 1.16896656 2.14920455
719.35967984 1.16153211 2.14670977
720.36018009 1.15663826 2.14951836
721.36068034 1.14896643 2.14494230
722.36118059 1.13924613 2.13404231
723.36168084 1.13111550 2.12526078
724.36218109 1.12799565 2.12015322
725.36268134 1.12600846 2.12269766
726.36318159 1.12920033 2.12707673
727.36368184 1.12563938 2.12687376
728.36418209 1.11876905 2.12777110
729.36468234 1.10708903 2.11661447
730.36518259 1.09739853 2.11014228
731.36568284 1.09334922 2.11067337
732.36618309 1.08398240 2.10189006
733.36668334 1.07333591 2.08924726
734.36718359 1.07104590 2.08754130
735.36768384 1.06413697 2.07459229
736.36818409 1.06102490 2.07200531
737.36868434 1.05877097 2.06288519
738.36918459 1.05842598 2.06695727
739.36968484 1.04910921 2.05927638
740.37018509 1.04599717 2.05156524
741.37068534 1.04323370 2.04975813
742.37118559 1.03285563 2.04201694
743.37168584 1.02819053 2.03901272
744.37218609 1.02400850 2.03388554
745.37268634 1.02078133 2.03553754
746.37318659 1.01734124 2.03485964
747.37368684 1.00991493 2.02699471
748.37418709 1.00885469 2.03020496
749.37468734 1.00544806 2.02415078
750.37518759 1.00665486 2.01682650
751.37568784 0.99542490 2.00934583
752.37618809 0.99606214 2.01428727
753.37668834 0.99155570 2.01036933
754.37718859 0.98386244 2.00379912
755.37768884 0.98334925 2.00882841
756.37818909 0.97827215 2.00794774
757.37868934 0.97462892 2.00593147
758.37918959 0.97119023 2.00236020
759.37968984 0.96750776 1.99497478
760.38019010 0.96733550 1.99690220
761.38069035 0.96181222 1.98725814
762.38119060 0.95620963 1.98612743
763.38169085 0.95331244 1.98277979
764.38219110 0.95171146 1.97733831
765.38269135 0.94734478 1.96715363
766.38319160 0.94087296 1.95901582
767.38369185 0.93764636 1.95499085
768.38419210 0.93512489 1.95677788
769.38469235 0.93004471 1.95098736
770.38519260 0.92470701 1.95238518
771.38569285 0.91874163 1.94490578
772.38619310 0.91149897 1.93811181
773.38669335 0.90211887 1.92334680
774.38719360 0.89504724 1.91460829
775.38769385 0.89352819 1.91017993
776.38819410 0.89721022 1.91480206
777.38869435 0.88958685 1.90688770
778.38919460 0.88647605 1.90446043
779.38969485 0.87907209 1.88715504
780.39019510 0.87852364 1.88311165
781.39069535 0.87743499 1.88141482
782.39119560 0.86565322 1.87150740
783.39169585 0.85941792 1.86802494
784.39219610 0.85373341 1.86558488
785.39269635 0.84415550 1.85721277
786.39319660 0.83903373 1.84969866
787.39369685 0.83256364 1.84422464
788.39419710 0.83227839 1.84271827
789.39469735 0.83087732 1.84270158
790.39519760 0.82377356 1.83474858
791.39569785 0.82327040 1.83434350
792.39619810 0.81286427 1.82361743
793.39669835 0.81181663 1.82251032
794.39719860 0.80283655 1.81054284
795.39769885 0.79422242 1.79602883
796.39819910 0.78900148 1.78610462
797.39869935 0.78482212 1.78680892
798.39919960 0.77969811 1.78543861
799.39969985 0.77602525 1.77750413
800.40020010 0.76739289 1.75964718
801.40070035 0.76018538 1.75573819
802.40120060 0.75631905 1.75146689
803.40170085 0.74935495 1.74774401
804.40220110 0.73992238 1.73443187
805.40270135 0.73787127 1.73352596
806.40320160 0.73237050 1.72863800
807.40370185 0.72579712 1.72023199
808.40420210 0.72688886 1.71962236
809.40470235 0.72089808 1.70384808
810.40520260 0.71510637 1.69278723
811.40570285 0.70947658 1.68532809
812.40620310 0.69953833 1.66332049
813.40670335 0.70185723 1.67132661
814.40720360 0.69714060 1.66569931
815.40770385 0.70108800 1.67656981
816.40820410 0.69718174 1.67170500
817.40870435 0.69842525 1.67775033
818.40920460 0.69107484 1.66500764
819.40970485 0.68353018 1.65596950
820.41020510 0.67649738 1.64447953
821.41070535 0.67064064 1.63560803
822.41120560 0.66701616 1.63380666
823.41170585 0.66721093 1.63801286
824.41220610 0.66124572 1.62664360
825.41270635 0.65501511 1.61906403
826.41320660 0.65052804 1.61441332
827.41370685 0.64245230 1.60136726
828.41420710 0.63421681 1.58636986
829.41470735 0.63176134 1.59300355
830.41520760 0.62700446 1.58659673
831.41570785 0.62267161 1.58087328
832.41620810 0.61817180 1.57145510
833.41670835 0.61771415 1.57024930
834.41720860 0.61045161 1.55843138
835.41770885 0.60763223 1.55583467
836.41820910 0.60364630 1.54942361
837.41870935 0.59646040 1.54048513
838.41920960 0.59220566 1.53805624
839.41970985 0.58982338 1.53595947
840.42021011 0.58547544 1.52312874
841.42071036 0.58202981 1.52111499
842.42121061 0.57632473 1.51316551
843.42171086 0.57256808 1.49772470
844.42221111 0.57222601 1.50223438
845.42271136 0.56859955 1.50037259
846.42321161 0.56303713 1.48797135
847.42371186 0.56151557 1.48926094
848.42421211 0.55416236 1.48063754
849.42471236 0.55532139 1.48452866
850.42521261 0.55132016 1.47779851
851.42571286 0.54721434 1.47159009
852.42621311 0.54598958 1.47256241
853.42671336 0.53776991 1.45483869
854.42721361 0.53704659 1.44736224
855.42771386 0.53103995 1.43900867
856.42821411 0.52605097 1.43108912
857.42871436 0.52307795 1.42690553
858.42921461 0.51431091 1.40902765
859.42971486 0.51049807 1.39944468
860.43021511 0.50632798 1.39716850
861.43071536 0.50286501 1.38954690
862.43121561 0.49846737 1.38353556
863.43171586 0.49404944 1.37769531
864.43221611 0.48781048 1.36383316
865.43271636 0.48684196 1.36063785
866.43321661 0.48118990 1.35394669
867.43371686 0.48265068 1.35551719
868.43421711 0.47976076 1.35438704
869.43471736 0.47539252 1.34847459
870.43521761 0.47064134 1.33481058
871.43571786 0.47245821 1.33653702
872.43621811 0.46860878 1.33411301
873.43671836 0.47030606 1.33808769
874.43721861 0.46711157 1.33207022
875.43771886 0.46264271 1.32340668
876.43821911 0.45955069 1.32199315
877.43871936 0.45584811 1.31376161
878.43921961 0.45386635 1.31191344
879.43971986 0.45149927 1.31150190
880.44022011 0.45020536 1.30899926
881.44072036 0.45343958 1.32013148
882.44122061 0.45209950 1.32031618
883.44172086 0.44480720 1.30664741
884.44222111 0.43659006 1.29403525
885.44272136 0.43689466 1.29857057
886.44322161 0.43345434 1.28520683
887.44372186 0.43108973 1.28278666
888.44422211 0.42766022 1.27454409
889.44472236 0.42617290 1.27148855
890.44522261 0.42285694 1.26908831
891.44572286 0.41926185 1.26330846
892.44622311 0.41660030 1.26038067
893.44672336 0.41599474 1.25971251
894.44722361 0.41410999 1.25869237
895.44772386 0.40871247 1.24292383
896.44822411 0.40612675 1.24281919
897.44872436 0.40742023 1.24130275
898.44922461 0.40473741 1.23888668
899.44972486 0.40001989 1.23337337
900.45022511 0.39424091 1.21466628
901.45072536 0.39354607 1.21485908
902.45122561 0.39445963 1.21724456
903.45172586 0.38802774 1.20563615
904.45222611 0.38943044 1.21058472
905.45272636 0.38537915 1.19757458
906.45322661 0.38579132 1.18892270
907.45372686 0.38346624 1.18757703
908.45422711 0.38386974 1.18964739
909.45472736 0.38610283 1.19403547
910.45522761 0.38302348 1.18454639
911.45572786 0.38201029 1.18454233
912.45622811 0.37844316 1.18413187
913.45672836 0.37479554 1.17434007
914.45722861 0.37321784 1.17109808
915.45772886 0.37176015 1.16758997
916.45822911 0.37214812 1.17099370
917.45872936 0.37115911 1.17022456
918.45922961 0.36893615 1.16713754
919.45972986 0.37006731 1.15881340
920.46023012 0.36972411 1.16153981
921.46073037 0.36743931 1.16316132
922.46123062 0.36435892 1.15658232
923.46173087 0.36036489 1.14752122
924.46223112 0.35904669 1.14887662
925.46273137 0.35758964 1.14827567
926.46323162 0.35766350 1.14806314
927.46373187 0.35366783 1.13917751
928.46423212 0.35075504 1.13536814
929.46473237 0.34944325 1.13515422
930.46523262 0.34851787 1.13457429
931.46573287 0.34886039 1.13632969
932.46623312 0.34715667 1.13486229
933.46673337 0.34499468 1.13306429
934.46723362 0.34109654 1.10891914
935.46773387 0.34033513 1.10933622
936.46823412 0.33958124 1.10662487
937.46873437 0.33674425 1.10438352
938.46923462 0.33511632 1.09862047
939.46973487 0.33376713 1.09786995
940.47023512 0.33083979 1.09096949
941.47073537 0.32827208 1.08667960
942.47123562 0.32627196 1.08111070
943.47173587 0.32395798 1.07625402
944.47223612 0.32200441 1.07345660
945.47273637 0.32067404 1.06464585
946.47323662 0.31793005 1.05708904
947.47373687 0.31997128 1.06574050
948.47423712 0.31556816 1.04934805
949.47473737 0.31397915 1.04978537
950.47523762 0.31224291 1.04612105
951.47573787 0.30991628 1.04516422
952.47623812 0.30869843 1.04010435
953.47673837 0.31005125 1.04877567
954.47723862 0.30769669 1.04577248
955.47773887 0.30808355 1.04771268
956.47823912 0.30699775 1.04596795
957.47873937 0.30320379 1.04407716
958.47923962 0.30229031 1.04348829
959.47973987 0.29951941 1.03775988
960.48024012 0.29928005 1.02839706
961.48074037 0.29837148 1.02613896
962.48124062 0.29514672 1.02272972
963.48174087 0.29481995 1.02460994
964.48224112 0.29218580 1.01712048
965.48274137 0.29031906 1.01280202
966.48324162 0.28335696 1.00179976
967.48374187 0.28235317 1.00407784
968.48424212 0.28204491 1.00335006
969.48474237 0.28038893 1.00376865
970.48524262 0.27834447 0.99825196
971.48574287 0.27558582 0.99538413
972.48624312 0.27517104 0.99812495
973.48674337 0.27296904 0.99356335
974.48724362 0.27378727 0.99975233
975.48774387 0.26837102 0.98085489
976.48824412 0.26413346 0.96725132
977.48874437 0.26256119 0.96720615
978.48924462 0.26268796 0.97244159
979.48974487 0.26257574 0.96692597
980.49024512 0.26098425 0.96103656
981.49074537 0.26135628 0.96915445
982.49124562 0.25611482 0.95666145
983.49174587 0.25565175 0.95554782
984.49224612 0.25281565 0.95493404
985.49274637 0.25738824 0.96042934
986.49324662 0.25517717 0.95531389
987.49374687 0.25661235 0.95993960
988.49424712 0.25365712 0.94893661
989.49474737 0.25229517 0.94301001
990.49524762 0.24861624 0.93979051
991.49574787 0.24330555 0.92939738
992.49624812 0.24378094 0.93025785
993.49674837 0.24216126 0.92924416
994.49724862 0.24324362 0.93411113
995.49774887 0.24052641 0.92451099
996.49824912 0.23690985 0.92028660
997.49874937 0.23590609 0.91522273
998.49924962 0.23494791 0.91594158
999.49974987 0.23598005 0.92427023
1000.50025013 0.23352228 0.91656741
1001.50075038 0.22902929 0.90136823
1002.50125063 0.22859184 0.90593434
1003.50175088 0.22618329 0.89709656
1004.50225113 0.22521087 0.88683299
1005.50275138 0.22382546 0.88165272
1006.50325163 0.22251574 0.88347805
1007.50375188 0.21897492 0.87072194
1008.50425213 0.21883309 0.87610438
1009.50475238 0.21667688 0.86886060
1010.50525263 0.21560226 0.85403766
1011.50575288 0.21651661 0.85564222
1012.50625313 0.21397007 0.84587059
1013.50675338 0.21133019 0.82419354
1014.50725363 0.20757189 0.80025070
1015.50775388 0.20746328 0.80258647
1016.50825413 0.21078350 0.82583113
1017.50875438 0.21065888 0.82555751
1018.50925463 0.20729396 0.80660787
1019.50975488 0.20710923 0.80636598
1020.51025513 0.20845113 0.81128378
1021.51075538 0.20725089 0.80942531
1022.51125563 0.20821683 0.81052964
1023.51175588 0.21001014 0.81111149
1024.51225613 0.21079858 0.81329958
1025.51275638 0.20799868 0.80103423
1026.51325663 0.20955821 0.80387714
1027.51375688 0.20948592 0.80316318
1028.51425713 0.20619420 0.79621086
1029.51475738 0.20411526 0.78979343
1030.51525763 0.20611046 0.79786444
1031.51575788 0.20231281 0.78012149
1032.51625813 0.20147950 0.78129183
1033.51675838 0.19965689 0.77980945
1034.51725863 0.19870982 0.77456908
1035.51775888 0.20156354 0.78549341
1036.51825913 0.20501363 0.79164733
1037.51875938 0.20555338 0.78843615
1038.51925963 0.20374521 0.78253539
1039.51975988 0.20338327 0.78241989
1040.52026013 0.20023411 0.76908081
1041.52076038 0.19767512 0.76185778
1042.52126063 0.19673853 0.75455257
1043.52176088 0.19471510 0.74983461
1044.52226113 0.19349661 0.74344729
1045.52276138 0.19190248 0.74637604
1046.52326163 0.19050499 0.74086915
1047.52376188 0.19009692 0.74080866
1048.52426213 0.18751184 0.73969142
1049.52476238 0.18504928 0.73245052
1050.52526263 0.18690381 0.73891946
1051.52576288 0.18504912 0.73098418
1052.52626313 0.18395048 0.72828474
1053.52676338 0.18373531 0.72869240
1054.52726363 0.18242222 0.72364065
1055.52776388 0.18087314 0.72383001
1056.52826413 0.18023968 0.72245023
1057.52876438 0.17984534 0.72410764
1058.52926463 0.17602455 0.71837524
1059.52976488 0.17195889 0.70497647
1060.53026513 0.17098850 0.70721747
1061.53076538 0.16826796 0.69954921
1062.53126563 0.17087213 0.70367350
1063.53176588 0.16932054 0.70253028
1064.53226613 0.16840499 0.69991582
1065.53276638 0.16533970 0.67946887
1066.53326663 0.16214343 0.67400766
1067.53376688 0.15816881 0.65264793
1068.53426713 0.15825283 0.65580998
1069.53476738 0.15530612 0.65068196
1070.53526763 0.15606626 0.65056174
1071.53576788 0.15308414 0.64683335
1072.53626813 0.15169387 0.64867001
1073.53676838 0.15054246 0.64650475
1074.53726863 0.14831857 0.64068933
1075.53776888 0.14534427 0.63391780
1076.53826913 0.14412763 0.60696323
1077.53876938 0.14263313 0.59945553
1078.53926963 0.14178949 0.60039674
1079.53976988 0.14082817 0.60119608
1080.54027014 0.13804335 0.59547496
1081.54077039 0.13371164 0.58969597
1082.54127064 0.13378283 0.59135192
1083.54177089 0.13216161 0.58864982
1084.54227114 0.13139896 0.58779904
1085.54277139 0.13154673 0.58820517
1086.54327164 0.13014499 0.58661997
1087.54377189 0.13048167 0.59858469
1088.54427214 0.13029709 0.59571314
1089.54477239 0.12889674 0.59472546
1090.54527264 0.12610347 0.59413081
1091.54577289 0.12670075 0.59097128
1092.54627314 0.12345225 0.58942029
1093.54677339 0.12347572 0.58623105
1094.54727364 0.12610617 0.59809579
1095.54777389 0.12118654 0.57800249
1096.54827414 0.12014168 0.57534938
1097.54877439 0.11680827 0.56324114
1098.54927464 0.11398686 0.55106802
1099.54977489 0.11253974 0.54659634
1100.55027514 0.11149234 0.51663559
1101.55077539 0.10792600 0.50683001
1102.55127564 0.10578940 0.49880576
1103.55177589 0.10628247 0.50692469
1104.55227614 0.10623710 0.51759826
1105.55277639 0.10396691 0.50549298
1106.55327664 0.10212573 0.47844819
1107.55377689 0.10151766 0.48997445
1108.55427714 0.10297974 0.48611553
1109.55477739 0.10225090 0.48067510
1110.55527764 0.10045200 0.47357658
1111.55577789 0.09935130 0.47318834
1112.55627814 0.09958427 0.47847441
1113.55677839 0.09800153 0.46645355
1114.55727864 0.09562752 0.45625496
1115.55777889 0.09473452 0.45170036
1116.55827914 0.09101317 0.43933777
1117.55877939 0.09017661 0.44061346
1118.55927964 0.09029168 0.44223186
1119.55977989 0.09120983 0.43885454
1120.56028014 0.08643033 0.40022616
1121.56078039 0.08550946 0.40287480
1122.56128064 0.08500103 0.39468031
1123.56178089 0.08412658 0.39103056
1124.56228114 0.08402759 0.39255340
1125.56278139 0.08312033 0.38617931
1126.56328164 0.08250519 0.38324311
1127.56378189 0.07864776 0.35767964
1128.56428214 0.07739103 0.35424961
1129.56478239 0.07624535 0.34992908
1130.56528264 0.07873432 0.35940441
1131.56578289 0.07804177 0.36149690
1132.56628314 0.07746522 0.36046370
1133.56678339 0.07746498 0.35868499
1134.56728364 0.07699489 0.35485580
1135.56778389 0.07461842 0.34779026
1136.56828414 0.07322775 0.34306402
1137.56878439 0.07174348 0.33616642
1138.56928464 0.07066918 0.33623772
1139.56978489 0.06969748 0.33239750
1140.57028514 0.06901396 0.32827714
1141.57078539 0.06787906 0.32704565
1142.57128564 0.06753406 0.32825663
1143.57178589 0.06603460 0.32123277
1144.57228614 0.06583368 0.32010321
1145.57278639 0.06630032 0.32099875
1146.57328664 0.06430679 0.31809184
1147.57378689 0.06277877 0.31419264
1148.57428714 0.06332151 0.31642156
1149.57478739 0.06220138 0.30976749
1150.57528764 0.06183472 0.30720374
1151.57578789 0.05995815 0.30029771
1152.57628814 0.05769105 0.29471197
1153.57678839 0.05746541 0.29616371
1154.57728864 0.05785606 0.29607015
1155.57778889 0.05674536 0.29213012
1156.57828914 0.05562362 0.29073073
1157.57878939 0.05503230 0.28976149
1158.57928964 0.05510909 0.28846868
1159.57978989 0.05469326 0.28749270
1160.58029015 0.05484416 0.28666377
1161.58079040 0.05441027 0.28623598
1162.58129065 0.05347060 0.28200978
1163.58179090 0.05314015 0.28561240
1164.58229115 0.05173208 0.27863983
1165.58279140 0.05161445 0.27807667
1166.58329165 0.05171762 0.28030248
1167.58379190 0.05087335 0.27669166
1168.58429215 0.05020224 0.27512173
1169.58479240 0.04968819 0.27218630
1170.58529265 0.05182620 0.28103758
1171.58579290 0.05123432 0.27608714
1172.58629315 0.04947612 0.26539202
1173.58679340 0.04958291 0.26679319
1174.58729365 0.04834548 0.26381607
1175.58779390 0.05022383 0.26640664
1176.58829415 0.04989804 0.26482252
1177.58879440 0.04965832 0.26335677
1178.58929465 0.05186099 0.26882830
1179.58979490 0.05128600 0.26623561
1180.59029515 0.05323144 0.26838005
1181.59079540 0.05227137 0.26639533
1182.59129565 0.05144767 0.26260032
1183.59179590 0.05112031 0.26201822
1184.59229615 0.04999739 0.25973037
1185.59279640 0.04959277 0.25715332
1186.59329665 0.04874563 0.25429964
1187.59379690 0.04849210 0.25663412
1188.59429715 0.04814124 0.25484578
1189.59479740 0.04769320 0.25177670
1190.59529765 0.04932679 0.25874823
1191.59579790 0.04920817 0.26118545
1192.59629815 0.04823517 0.25771776
1193.59679840 0.04801731 0.25731003
1194.59729865 0.04685495 0.25541813
1195.59779890 0.04539827 0.25162902
1196.59829915 0.04546360 0.25126832
1197.59879940 0.04926924 0.26233257
1198.59929965 0.04935238 0.26077346
1199.59979990 0.04783085 0.25411168
1200.60030015 0.04768995 0.25391972
1201.60080040 0.04758468 0.25307496
1202.60130065 0.04716965 0.25175661
1203.60180090 0.04736013 0.24874019
1204.60230115 0.04692834 0.24743523
1205.60280140 0.04894643 0.26050197
1206.60330165 0.04880553 0.26122498
1207.60380190 0.04825074 0.25920734
1208.60430215 0.05009376 0.26454031
1209.60480240 0.04947739 0.26820633
1210.60530265 0.04719613 0.26214500
1211.60580290 0.04706707 0.26046884
1212.60630315 0.04789286 0.26573383
1213.60680340 0.04697809 0.25895095
1214.60730365 0.04812200 0.25744405
1215.60780390 0.04893867 0.26265534
1216.60830415 0.04825504 0.26106118
1217.60880440 0.04658102 0.25359992
1218.60930465 0.04635888 0.25586141
1219.60980490 0.04407849 0.22944337
1220.61030515 0.04287150 0.21153058
1221.61080540 0.04282462 0.21733995
1222.61130565 0.04146898 0.20842420
1223.61180590 0.04164335 0.20998554
1224.61230615 0.04132066 0.21120075
1225.61280640 0.04023098 0.20245448
1226.61330665 0.04084518 0.20833205
1227.61380690 0.04031775 0.20767305
1228.61430715 0.04017365 0.20952133
1229.61480740 0.04019544 0.21304637
1230.61530765 0.04217924 0.22079646
1231.61580790 0.04129581 0.21593891
1232.61630815 0.03939176 0.20210007
1233.61680840 0.03945404 0.20555937
1234.61730865 0.03992290 0.20953485
1235.61780890 0.03880419 0.20273271
1236.61830915 0.03862637 0.20639918
1237.61880940 0.03941250 0.20805254
1238.61930965 0.03931502 0.20650458
1239.61980990 0.03912502 0.20626762
1240.62031016 0.03885654 0.20574630
1241.62081041 0.03865773 0.20508802
1242.62131066 0.03676089 0.18642360
1243.62181091 0.03626181 0.18409309
1244.62231116 0.03637574 0.18409197
1245.62281141 0.03706733 0.19369225
1246.62331166 0.03639385 0.19341028
1247.62381191 0.03598906 0.19201424
1248.62431216 0.03440068 0.17893790
1249.62481241 0.03387132 0.17790707
1250.62531266 0.03380853 0.17895525
1251.62581291 0.03372649 0.17851497
1252.62631316 0.03316619 0.17515499
1253.62681341 0.03364875 0.17572239
1254.62731366 0.03433560 0.17792334
1255.62781391 0.03367757 0.17566517
1256.62831416 0.03397976 0.17890892
1257.62881441 0.03370084 0.17825132
1258.62931466 0.03235214 0.17079528
1259.62981491 0.03073085 0.15737577
1260.63031516 0.03114077 0.15834861
1261.63081541 0.03147786 0.16722151
1262.63131566 0.03197899 0.17211933
1263.63181591 0.03206695 0.17252157
1264.63231616 0.03149468 0.17054445
1265.63281641 0.03078609 0.16699126
1266.63331666 0.03072003 0.16677879
1267.63381691 0.03014550 0.16512811
1268.63431716 0.02977960 0.16315663
1269.63481741 0.02959989 0.16208424
1270.63531766 0.02970909 0.16610538
1271.63581791 0.02948333 0.16275930
1272.63631816 0.02966624 0.16622413
1273.63681841 0.02948674 0.16128934
1274.63731866 0.02906498 0.15812927
1275.63781891 0.02847036 0.15775755
1276.63831916 0.02845035 0.15526246
1277.63881941 0.02839109 0.15449328
1278.63931966 0.02875621 0.15917454
1279.63981991 0.02858022 0.16090533
1280.64032016 0.02853462 0.16017985
1281.64082041 0.03173696 0.16697005
1282.64132066 0.02989709 0.16024995
1283.64182091 0.02878300 0.15660246
1284.64232116 0.02845825 0.15464764
1285.64282141 0.02800741 0.15227381
1286.64332166 0.02833287 0.15315496
1287.64382191 0.02872022 0.15317407
1288.64432216 0.03029473 0.15774867
1289.64482241 0.02974447 0.15581013
1290.64532266 0.02929076 0.15384913
1291.64582291 0.02817021 0.14983316
1292.64632316 0.02752977 0.14683653
1293.64682341 0.02634032 0.14393708
1294.64732366 0.02529388 0.14244452
1295.64782391 0.02454384 0.14056123
1296.64832416 0.02448955 0.13855183
1297.64882441 0.02410326 0.13753549
1298.64932466 0.02410246 0.13791418
1299.64982491 0.02537670 0.14130273
1300.65032516 0.02515457 0.14085684
1301.65082541 0.02662752 0.14474346
1302.65132566 0.02603823 0.14198508
1303.65182591 0.02548975 0.14020661
1304.65232616 0.02423973 0.13641211
1305.65282641 0.02356501 0.13364613
1306.65332666 0.02037302 0.11989435
1307.65382691 0.01977964 0.11896988
1308.65432716 0.01968370 0.11949532
1309.65482741 0.01962871 0.11965768
1310.65532766 0.01867843 0.11800467
1311.65582791 0.01842897 0.11708471
1312.65632816 0.01867946 0.11737048
1313.65682841 0.02004525 0.12160344
1314.65732866 0.01919439 0.11945334
1315.65782891 0.01893777 0.11808438
1316.65832916 0.01806399 0.11578940
1317.65882941 0.01786583 0.11495771
1318.65932966 0.01708612 0.11344815
1319.65982991 0.01655629 0.11315475
1320.66033017 0.01637535 0.11295008
1321.66083042 0.01649442 0.11201612
1322.66133067 0.01604983 0.11112813
1323.66183092 0.01539442 0.11041126
1324.66233117 0.01515069 0.10988970
1325.66283142 0.01506570 0.10965868
1326.66333167 0.01488691 0.10949601
1327.66383192 0.01462279 0.10885656
1328.66433217 0.01419800 0.10850200
1329.66483242 0.01423502 0.10859577
1330.66533267 0.01407748 0.10698211
1331.66583292 0.01517728 0.11047035
1332.66633317 0.01506763 0.11170799
1333.66683342 0.01523884 0.11174645
1334.66733367 0.01611807 0.11253720
1335.66783392 0.01602844 0.11159410
1336.66833417 0.01555894 0.11066846
1337.66883442 0.01501070 0.10899312
1338.66933467 0.01536475 0.11012743
1339.66983492 0.01593442 0.11182596
1340.67033517 0.01755347 0.11663117
1341.67083542 0.01718408 0.11635986
1342.67133567 0.01736286 0.11996576
1343.67183592 0.01799052 0.12234252
1344.67233617 0.01786084 0.12324836
1345.67283642 0.01754195 0.12283108
1346.67333667 0.01805245 0.12234189
1347.67383692 0.01993021 0.12811850
1348.67433717 0.02074400 0.12817954
1349.67483742 0.02064380 0.12804546
1350.67533767 0.02101318 0.13008369
1351.67583792 0.02105861 0.13007605
1352.67633817 0.02065071 0.12761985
1353.67683842 0.01994940 0.12526459
1354.67733867 0.02083142 0.12823314
1355.67783892 0.02099903 0.12874145
1356.67833917 0.02130147 0.13191921
1357.67883942 0.02082929 0.12919077
1358.67933967 0.02032108 0.12727456
1359.67983992 0.02143911 0.13028031
1360.68034017 0.02112504 0.12908770
1361.68084042 0.02166544 0.12960102
1362.68134067 0.02106020 0.12946813
1363.68184092 0.02245506 0.13464781
1364.68234117 0.02146425 0.13071796
1365.68284142 0.02072863 0.12620054
1366.68334167 0.02007239 0.12395301
1367.68384192 0.02062285 0.12566249
1368.68434217 0.02082273 0.12687366
1369.68484242 0.02026805 0.12490192
1370.68534267 0.02115855 0.12738645
1371.68584292 0.02281832 0.13258626
1372.68634317 0.02260296 0.13115858
1373.68684342 0.02334566 0.13263074
1374.68734367 0.02324134 0.13279915
1375.68784392 0.02237273 0.13057548
1376.68834417 0.02069032 0.12579149
1377.68884442 0.02085482 0.12823220
1378.68934467 0.02046191 0.12670126
1379.68984492 0.01986210 0.12341246
1380.69034517 0.01901951 0.11704718
1381.69084542 0.01915645 0.11898332
1382.69134567 0.02101446 0.12331612
1383.69184592 0.02080271 0.12205026
1384.69234617 0.02146721 0.12692547
1385.69284642 0.02137779 0.12846048
1386.69334667 0.02125269 0.12733838
1387.69384692 0.02071932 0.12454525
1388.69434717 0.02047437 0.12476345
1389.69484742 0.02071460 0.12555676
1390.69534767 0.02018046 0.12354714
1391.69584792 0.01999970 0.12266308
1392.69634817 0.02052169 0.12443206
1393.69684842 0.02030848 0.12368582
1394.69734867 0.01944777 0.12080916
1395.69784892 0.01784798 0.11433685
1396.69834917 0.01765353 0.11397055
1397.69884942 0.01696861 0.11236073
1398.69934967 0.01832822 0.11916782
1399.69984992 0.01848911 0.11918598
1400.70035018 0.01772050 0.11639230
1401.70085043 0.01860163 0.12468666
1402.70135068 0.01818672 0.12404108
1403.70185093 0.01801842 0.12054905
1404.70235118 0.01832576 0.12405620
1405.70285143 0.01790983 0.12217912
1406.70335168 0.01813540 0.12083120
1407.70385193 0.01873357 0.12316780
1408.70435218 0.01849676 0.12272237
1409.70485243 0.01968002 0.12669835
1410.70535268 0.01919979 0.12610514
1411.70585293 0.01902290 0.12576357
1412.70635318 0.01883245 0.12495616
1413.70685343 0.01828959 0.12365626
1414.70735368 0.01788024 0.12293667
1415.70785393 0.01779460 0.12293723
1416.70835418 0.01806707 0.12248054
1417.70885443 0.01824103 0.12179058
1418.70935468 0.01828654 0.12218228
1419.70985493 0.01790458 0.12124030
1420.71035518 0.01732094 0.12030149
1421.71085543 0.01756787 0.12050276
1422.71135568 0.01745566 0.11918312
1423.71185593 0.01738848 0.11938329
1424.71235618 0.01707914 0.11919400
1425.71285643 0.01691944 0.11801751
1426.71335668 0.01696898 0.11803770
1427.71385693 0.01659433 0.11755481
1428.71435718 0.01602322 0.11386171
1429.71485743 0.01623410 0.11388410
1430.71535768 0.01589863 0.11313733
1431.71585793 0.01682861 0.11480378
1432.71635818 0.01717368 0.11697704
1433.71685843 0.01674828 0.11485157
1434.71735868 0.01630247 0.11174069
1435.71785893 0.01621338 0.11223048
1436.71835918 0.01665501 0.11398923
1437.71885943 0.01609742 0.11051823
1438.71935968 0.01581822 0.10914796
1439.71985993 0.01628222 0.11230640
1440.72036018 0.01536690 0.10884059
1441.72086043 0.01506183 0.10760281
1442.72136068 0.01423989 0.10430310
1443.72186093 0.01444360 0.10485625
1444.72236118 0.01541950 0.10899066
1445.72286143 0.01479985 0.10748872
1446.72336168 0.01363865 0.10262785
1447.72386193 0.01326202 0.09853128
1448.72436218 0.01298023 0.09734309
1449.72486243 0.01243619 0.09627628
1450.72536268 0.01249088 0.09628801
1451.72586293 0.01260755 0.09664451
1452.72636318 0.01259516 0.09630186
1453.72686343 0.01251493 0.09543379
1454.72736368 0.01252648 0.09576188
1455.72786393 0.01403041 0.10258077
1456.72836418 0.01396156 0.10192048
1457.72886443 0.01388566 0.10022074
1458.72936468 0.01266088 0.09557516
1459.72986493 0.01281939 0.09612185
1460.73036518 0.01282613 0.09634079
1461.73086543 0.01337470 0.09666287
1462.73136568 0.01361955 0.09671448
1463.73186593 0.01360411 0.09676128
1464.73236618 0.01344420 0.09656460
1465.73286643 0.01318572 0.09561337
1466.73336668 0.01326648 0.09533354
1467.73386693 0.01313621 0.09541476
1468.73436718 0.01300961 0.09565901
1469.73486743 0.01440409 0.10229707
1470.73536768 0.01411938 0.09963474
1471.73586793 0.01431479 0.09967400
1472.73636818 0.01317288 0.09554965
1473.73686843 0.01308911 0.09482742
1474.73736868 0.01294123 0.09497028
1475.73786893 0.01255427 0.09387112
1476.73836918 0.01220207 0.09319195
1477.73886943 0.01234412 0.09356819
1478.73936968 0.01210712 0.09278975
1479.73986993 0.01208441 0.09245509
1480.74037019 0.01246814 0.09307631
1481.74087044 0.01391938 0.09922450
1482.74137069 0.01245116 0.09286720
1483.74187094 0.01214475 0.09217578
1484.74237119 0.01223967 0.09193746
1485.74287144 0.01309793 0.09472737
1486.74337169 0.01497844 0.10491981
1487.74387194 0.01482432 0.10430800
1488.74437219 0.01470670 0.10200323
1489.74487244 0.01415712 0.09956688
1490.74537269 0.01606618 0.10700857
1491.74587294 0.01615069 0.10816724
1492.74637319 0.01621894 0.10737640
1493.74687344 0.01707247 0.11218697
1494.74737369 0.01697793 0.11328628
1495.74787394 0.01705977 0.11381191
1496.74837419 0.01646892 0.11049036
1497.74887444 0.01627829 0.10913772
1498.74937469 0.01630772 0.11160840
1499.74987494 0.01594112 0.10968966
1500.75037519 0.01684864 0.10986366
1501.75087544 0.01914649 0.11630839
1502.75137569 0.01922979 0.11763766
1503.75187594 0.01899239 0.11745017
1504.75237619 0.01904388 0.11829361
1505.75287644 0.01854925 0.11600107
1506.75337669 0.01836249 0.11528314
1507.75387694 0.01790436 0.11378007
1508.75437719 0.01755396 0.11314192
1509.75487744 0.01744714 0.11197335
1510.75537769 0.01743796 0.11122705
1511.75587794 0.01733652 0.11111406
1512.75637819 0.01717456 0.11077708
1513.75687844 0.01721631 0.11044903
1514.75737869 0.01703960 0.10725602
1515.75787894 0.01713702 0.10631845
1516.75837919 0.01734444 0.10728689
1517.75887944 0.01934053 0.11504287
1518.75937969 0.01922890 0.11428478
1519.75987994 0.02004035 0.12976088
1520.76038019 0.01993295 0.12506684
1521.76088044 0.02038416 0.12639630
1522.76138069 0.01647145 0.09444705
1523.76188094 0.01634383 0.09441104
1524.76238119 0.01794613 0.12072433
1525.76288144 0.01831727 0.12335460
1526.76338169 0.01844343 0.12656252
1527.76388194 0.01807393 0.12757027
1528.76438219 0.01788384 0.12806084
1529.76488244 0.01779623 0.12576326
1530.76538269 0.01875604 0.12541425
1531.76588294 0.02069697 0.13288666
1532.76638319 0.01934169 0.11102886
1533.76688344 0.01950063 0.11444829
1534.76738369 0.01966665 0.11787404
1535.76788394 0.01876886 0.10934075
1536.76838419 0.01827807 0.10513566
1537.76888444 0.01814215 0.10946187
1538.76938469 0.01808574 0.10660250
1539.76988494 0.01759187 0.10432751
1540.77038519 0.01788902 0.10773124
1541.77088544 0.01798859 0.10844198
1542.77138569 0.01705871 0.10391972
1543.77188594 0.01828579 0.10830614
1544.77238619 0.01829445 0.10658053
1545.77288644 0.01811810 0.10370955
1546.77338669 0.01853754 0.10260379
1547.77388694 0.01919172 0.10611504
1548.77438719 0.01866998 0.10200878
1549.77488744 0.01896924 0.10213236
1550.77538769 0.01995891 0.10435949
1551.77588794 0.01924500 0.10330844
1552.77638819 0.01835509 0.10179481
1553.77688844 0.01814667 0.10016471
1554.77738869 0.01826794 0.09909902
1555.77788894 0.01854531 0.09949218
1556.77838919 0.01807294 0.09614328
1557.77888944 0.01867430 0.11631721
1558.77938969 0.01916175 0.12539182
1559.77988994 0.01742237 0.11578080
1560.78039020 0.01660089 0.11256419
1561.78089045 0.01633752 0.11613344
1562.78139070 0.01719248 0.11474838
1563.78189095 0.01631148 0.11246620
1564.78239120 0.01632269 0.11352935
1565.78289145 0.01678669 0.11449440
1566.78339170 0.01619584 0.10720875
1567.78389195 0.01771451 0.11607160
1568.78439220 0.01701511 0.11132846
1569.78489245 0.01653750 0.10959983
1570.78539270 0.01730379 0.11083670
1571.78589295 0.01659613 0.10816874
1572.78639320 0.01640757 0.10602125
1573.78689345 0.01572622 0.10398186
1574.78739370 0.01460903 0.10096105
1575.78789395 0.01470608 0.10099667
1576.78839420 0.01439834 0.10055569
1577.78889445 0.01412229 0.09916760
1578.78939470 0.01427490 0.09939921
1579.78989495 0.01404474 0.09935537
1580.79039520 0.01387941 0.09886737
1581.79089545 0.01406865 0.09895371
1582.79139570 0.01404208 0.09892800
1583.79189595 0.01372147 0.09855144
1584.79239620 0.01313840 0.09780933
1585.79289645 0.01304692 0.09779474
1586.79339670 0.01356027 0.09723661
1587.79389695 0.01387330 0.10390207
1588.79439720 0.01501855 0.10772793
1589.79489745 0.01591406 0.11097576
1590.79539770 0.01554974 0.10871299
1591.79589795 0.01562310 0.10741630
1592.79639820 0.01532211 0.10661567
1593.79689845 0.01659328 0.11476841
1594.79739870 0.01635256 0.11300234
1595.79789895 0.01810436 0.11869003
1596.79839920 0.01867740 0.12012520
1597.79889945 0.01869044 0.12109407
1598.79939970 0.01831631 0.11895217
1599.79989995 0.01998720 0.12571199
1600.80040020 0.02072351 0.12667936
1601.80090045 0.02038295 0.12474389
1602.80140070 0.01936089 0.12078711
1603.80190095 0.01885008 0.11965899
1604.80240120 0.01763783 0.11413245
1605.80290145 0.01820687 0.11643499
1606.80340170 0.02002285 0.12244831
1607.80390195 0.02149554 0.12742978
1608.80440220 0.02036564 0.12166812
1609.80490245 0.02027018 0.11967817
1610.80540270 0.02023256 0.11732812
1611.80590295 0.01974006 0.11495285
1612.80640320 0.01940039 0.11798749
1613.80690345 0.01868343 0.11501967
1614.80740370 0.01848535 0.11464732
1615.80790395 0.01859794 0.11544931
1616.80840420 0.01825454 0.11720874
1617.80890445 0.01697179 0.11184549
1618.80940470 0.01882955 0.12039844
1619.80990495 0.01852941 0.11961087
1620.81040520 0.01841667 0.11651187
1621.81090545 0.01737451 0.10953098
1622.81140570 0.01718681 0.11050229
1623.81190595 0.01714724 0.10995187
1624.81240620 0.01678289 0.10761902
1625.81290645 0.01603218 0.10592202
1626.81340670 0.01632082 0.11314527
1627.81390695 0.01659756 0.11684504
1628.81440720 0.01572131 0.11365305
1629.81490745 0.01536217 0.11309692
1630.81540770 0.01526084 0.10974012
1631.81590795 0.01512869 0.10852567
1632.81640820 0.01475190 0.10718254
1633.81690845 0.01462496 0.10712044
1634.81740870 0.01406879 0.10210422
1635.81790895 0.01381770 0.10158851
1636.81840920 0.01545437 0.10307713
1637.81890945 0.01524708 0.10225388
1638.81940970 0.01519152 0.10379196
1639.81990995 0.01506319 0.09933204
1640.82041021 0.01505134 0.09719652
1641.82091046 0.01535888 0.10315700
1642.82141071 0.01461204 0.10127532
1643.82191096 0.01363773 0.09382834
1644.82241121 0.01326406 0.09325101
1645.82291146 0.01284009 0.09125611
1646.82341171 0.01243426 0.08435422
1647.82391196 0.01237997 0.08211735
1648.82441221 0.01487665 0.09435658
1649.82491246 0.01473531 0.09398205
1650.82541271 0.01463431 0.09352634
1651.82591296 0.01464510 0.09450438
1652.82641321 0.01444649 0.09165840
1653.82691346 0.01296988 0.08101763
1654.82741371 0.01296500 0.07940999
1655.82791396 0.01267071 0.07515647
1656.82841421 0.01144214 0.06564419
1657.82891446 0.01171964 0.06683729
1658.82941471 0.01304646 0.07621039
1659.82991496 0.01658397 0.09472844
1660.83041521 0.01619657 0.09310123
1661.83091546 0.01815274 0.10428872
1662.83141571 0.01786156 0.10437513
1663.83191596 0.01787033 0.10458161
1664.83241621 0.01796970 0.10640505
1665.83291646 0.01737212 0.10494705
1666.83341671 0.01659089 0.09855044
1667.83391696 0.01608612 0.09273592
1668.83441721 0.01459397 0.08515109
1669.83491746 0.01579636 0.09504990
1670.83541771 0.01621019 0.09591160
1671.83591796 0.01563569 0.09211367
1672.83641821 0.01672769 0.09612335
1673.83691846 0.01639022 0.09653188
1674.83741871 0.01636788 0.09603790
1675.83791896 0.01633961 0.09693991
1676.83841921 0.01613309 0.09902995
1677.83891946 0.01544105 0.09516065
1678.83941971 0.01442443 0.08667366
1679.83991996 0.01411645 0.08433871
1680.84042021 0.01408587 0.08567386
1681.84092046 0.01477439 0.08634797
1682.84142071 0.01385182 0.07957170
1683.84192096 0.01284707 0.07170205
1684.84242121 0.01291545 0.07342094
1685.84292146 0.01253944 0.07269080
1686.84342171 0.01451818 0.08178027
1687.84392196 0.01467525 0.08269792
1688.84442221 0.01625238 0.08957230
1689.84492246 0.01449827 0.07904125
1690.84542271 0.01490052 0.07843702
1691.84592296 0.01599166 0.08241068
1692.84642321 0.01478094 0.07498549
1693.84692346 0.01439776 0.07279084
1694.84742371 0.01461064 0.07285374
1695.84792396 0.01424452 0.07099018
1696.84842421 0.01380753 0.07195864
1697.84892446 0.01288693 0.07220231
1698.84942471 0.01310674 0.07175921
1699.84992496 0.01335324 0.06982745
1700.85042521 0.01280261 0.06682933
1701.85092546 0.01201558 0.06286205
1702.85142571 0.01075601 0.05747022
1703.85192596 0.01037012 0.05442038
1704.85242621 0.01105980 0.05769154
1705.85292646 0.01115027 0.06009976
1706.85342671 0.01074012 0.06014718
1707.85392696 0.01233823 0.06953889
1708.85442721 0.01229223 0.06802888
1709.85492746 0.01421380 0.07829033
1710.85542771 0.01377180 0.07620321
1711.85592796 0.01343204 0.07334841
1712.85642821 0.01246817 0.07083981
1713.85692846 0.01278306 0.07361604
1714.85742871 0.01293911 0.07269296
1715.85792896 0.01284422 0.06886452
1716.85842921 0.01266447 0.06770369
1717.85892946 0.01415116 0.07768863
1718.85942971 0.01383472 0.07443566
1719.85992996 0.01283827 0.06931216
1720.86043022 0.01222867 0.06960596
1721.86093047 0.01320810 0.07719476
1722.86143072 0.01201596 0.07121729
1723.86193097 0.01213890 0.07008234
1724.86243122 0.01376843 0.07930857
1725.86293147 0.01355796 0.07818694
1726.86343172 0.01206281 0.06479489
1727.86393197 0.01122744 0.05952402
1728.86443222 0.01177516 0.06912357
1729.86493247 0.01215149 0.07473357
1730.86543272 0.01161791 0.06766455
1731.86593297 0.01137407 0.06174443
1732.86643322 0.01145321 0.06611585
1733.86693347 0.01102314 0.06606219
1734.86743372 0.01097023 0.06328660
1735.86793397 0.01117564 0.06184155
1736.86843422 0.01166259 0.06620898
1737.86893447 0.01128252 0.06434087
1738.86943472 0.01095891 0.06227046
1739.86993497 0.01112445 0.06407651
1740.87043522 0.01277792 0.07296937
1741.87093547 0.01456728 0.08134783
1742.87143572 0.01374654 0.07623047
1743.87193597 0.01254233 0.07243808
1744.87243622 0.01106762 0.06087028
1745.87293647 0.01090483 0.05745440
1746.87343672 0.01119624 0.05780326
1747.87393697 0.01129977 0.06184900
1748.87443722 0.01324757 0.07980414
1749.87493747 0.01347171 0.08282582
1750.87543772 0.01203031 0.06709415
1751.87593797 0.01130385 0.06477324
1752.87643822 0.01078002 0.06894442
1753.87693847 0.01151267 0.07442688
1754.87743872 0.01087171 0.06529349
1755.87793897 0.01058834 0.06444236
1756.87843922 0.01088772 0.07156649
1757.87893947 0.01074884 0.07119964
1758.87943972 0.01012341 0.06561610
1759.87993997 0.01020483 0.06560111
1760.88044022 0.01032284 0.06778847
1761.88094047 0.01008990 0.06614765
1762.88144072 0.01113766 0.06972246
1763.88194097 0.01108446 0.07101202
1764.88244122 0.01242735 0.07690278
1765.88294147 0.01400385 0.08414147
1766.88344172 0.01280122 0.07478255
1767.88394197 0.01310044 0.07742190
1768.88444222 0.01244482 0.07393569
1769.88494247 0.01356575 0.08280154
1770.88544272 0.01398385 0.08518271
1771.88594297 0.01412707 0.08431720
1772.88644322 0.01448710 0.08584914
1773.88694347 0.01488031 0.08940473
1774.88744372 0.01483984 0.08854203
1775.88794397 0.01237281 0.07014885
1776.88844422 0.01268319 0.07256516
1777.88894447 0.01245977 0.07248960
1778.88944472 0.01206976 0.07031468
1779.88994497 0.01185736 0.06959402
1780.89044522 0.01301300 0.07933647
1781.89094547 0.01315514 0.08117715
1782.89144572 0.01306599 0.07910537
1783.89194597 0.01294264 0.07795549
1784.89244622 0.01310267 0.08093060
1785.89294647 0.01297780 0.07965822
1786.89344672 0.01219938 0.07316981
1787.89394697 0.01142076 0.06892397
1788.89444722 0.01166210 0.07230637
1789.89494747 0.01149831 0.07230568
1790.89544772 0.01150846 0.07040700
1791.89594797 0.01123258 0.06510688
1792.89644822 0.01125278 0.06448014
1793.89694847 0.01107917 0.06325484
1794.89744872 0.01047746 0.05801417
1795.89794897 0.01008352 0.05836040
1796.89844922 0.00965284 0.05386864
1797.89894947 0.00903776 0.04938994
1798.89944972 0.00927881 0.05127709
1799.89994997 0.00949529 0.05188619
1800.90045023 0.00928799 0.05008289
1801.90095048 0.00917563 0.04963127
1802.90145073 0.01087833 0.06305189
1803.90195098 0.01093975 0.06301549
1804.90245123 0.01243624 0.07483033
1805.90295148 0.01228001 0.07304240
1806.90345173 0.01207328 0.06946435
1807.90395198 0.01175268 0.06634143
1808.90445223 0.01152950 0.06486948
1809.90495248 0.01139418 0.06455299
1810.90545273 0.01119703 0.06465998
1811.90595298 0.01190514 0.06961737
1812.90645323 0.01195004 0.07052055
1813.90695348 0.01153065 0.06873068
1814.90745373 0.01111408 0.06577125
1815.90795398 0.01144293 0.06777859
1816.90845423 0.01145739 0.06831685
1817.90895448 0.01130739 0.06666491
1818.90945473 0.01084346 0.06395304
1819.90995498 0.01295062 0.07710682
1820.91045523 0.01258443 0.07536426
1821.91095548 0.01164994 0.06713613
1822.91145573 0.01193034 0.06815775
1823.91195598 0.01226640 0.06835377
1824.91245623 0.01227155 0.06756692
1825.91295648 0.01125043 0.05615386
1826.91345673 0.01087522 0.05583718
1827.91395698 0.01016756 0.05105896
1828.91445723 0.01034694 0.05345040
1829.91495748 0.01133233 0.06171192
1830.91545773 0.00983342 0.05103408
1831.91595798 0.00947760 0.04855679
1832.91645823 0.00863274 0.04506661
1833.91695848 0.00867907 0.04499237
1834.91745873 0.00888362 0.04605051
1835.91795898 0.00852254 0.04479836
1836.91845923 0.00979442 0.05788219
1837.91895948 0.01026831 0.06029807
1838.91945973 0.01475978 0.08551463
1839.91995998 0.01679741 0.09944412
1840.92046023 0.01683782 0.09997632
1841.92096048 0.01636317 0.09525741
1842.92146073 0.01605715 0.09404695
1843.92196098 0.01583245 0.09366246
1844.92246123 0.01697476 0.09973084
1845.92296148 0.01620315 0.09870048
1846.92346173 0.01518359 0.09211985
1847.92396198 0.01539431 0.09087236
1848.92446223 0.01518599 0.08669654
1849.92496248 0.01455410 0.08317638
1850.92546273 0.01494373 0.08746789
1851.92596298 0.01479255 0.08350762
1852.92646323 0.01654552 0.09285323
1853.92696348 0.01648519 0.09378123
1854.92746373 0.01588039 0.08896578
1855.92796398 0.01630407 0.09310017
1856.92846423 0.01833504 0.10402376
1857.92896448 0.01856476 0.10339047
1858.92946473 0.01807374 0.09646839
1859.92996498 0.01662941 0.08857896
1860.93046523 0.01698815 0.08911782
1861.93096548 0.01756531 0.09143247
1862.93146573 0.01764112 0.09196534
1863.93196598 0.01745736 0.09112693
1864.93246623 0.01877402 0.09725747
1865.93296648 0.01800156 0.09639619
1866.93346673 0.01720259 0.09331166
1867.93396698 0.01630948 0.08715753
1868.93446723 0.01618014 0.08580400
1869.93496748 0.01635236 0.08275747
1870.93546773 0.01502030 0.07626959
1871.93596798 0.01467589 0.07550559
1872.93646823 0.01363431 0.07089424
1873.93696848 0.01513124 0.07606261
1874.93746873 0.01423420 0.07172817
1875.93796898 0.01543827 0.07914209
1876.93846923 0.01485726 0.07726124
1877.93896948 0.01519372 0.08161695
1878.93946973 0.01534694 0.08396621
1879.93996998 0.01441043 0.07894184
1880.94047024 0.01402227 0.07559045
1881.94097049 0.01418014 0.07856891
1882.94147074 0.01359531 0.07618218
1883.94197099 0.01314662 0.07317124
1884.94247124 0.01501054 0.08393791
1885.94297149 0.01462869 0.08266177
1886.94347174 0.01420058 0.08180484
1887.94397199 0.01406865 0.08037535
1888.94447224 0.01349692 0.07620611
1889.94497249 0.01298524 0.07329534
1890.94547274 0.01278283 0.07320478
1891.94597299 0.01238346 0.07124131
1892.94647324 0.01194252 0.07005051
1893.94697349 0.01322746 0.07948751
1894.94747374 0.01307368 0.07813515
1895.94797399 0.01297719 0.07988080
1896.94847424 0.01668326 0.09999374
1897.94897449 0.01649446 0.09794854
1898.94947474 0.01652374 0.10076218
1899.94997499 0.01646855 0.10273070
1900.95047524 0.01434384 0.08441923
1901.95097549 0.01407184 0.08084550
1902.95147574 0.01433406 0.08504926
1903.95197599 0.01437228 0.08666538
1904.95247624 0.01403708 0.08350555
1905.95297649 0.01344157 0.08125530
1906.95347674 0.01391055 0.08246926
1907.95397699 0.01363522 0.08234205
1908.95447724 0.01291995 0.07735986
1909.95497749 0.01253716 0.07504477
1910.95547774 0.01213650 0.07553937
1911.95597799 0.01336286 0.08288948
1912.95647824 0.01403934 0.08345703
1913.95697849 0.01559655 0.09020542
1914.95747874 0.01522266 0.08684753
1915.95797899 0.01492882 0.08575060
1916.95847924 0.01415419 0.08044637
1917.95897949 0.01428306 0.08112366
1918.95947974 0.01449386 0.08295413
1919.95997999 0.01399567 0.08107523
1920.96048024 0.01463893 0.08626440
1921.96098049 0.01427368 0.08381440
1922.96148074 0.01490418 0.08801595
1923.96198099 0.01435639 0.08471084
1924.96248124 0.01381569 0.08210289
1925.96298149 0.01296478 0.07674277
1926.96348174 0.01325776 0.07358063
1927.96398199 0.01322997 0.07235094
1928.96448224 0.01295690 0.07151670
1929.96498249 0.01241741 0.07103145
1930.96548274 0.01248092 0.07365261
1931.96598299 0.01194481 0.07236573
1932.96648324 0.01073007 0.06602881
1933.96698349 0.01050273 0.06272426
1934.96748374 0.01064832 0.06075448
1935.96798399 0.01055874 0.05650288
1936.96848424 0.01018077 0.05342954
1937.96898449 0.01032170 0.05436886
1938.96948474 0.01089490 0.06017961
1939.96998499 0.01110565 0.06622394
1940.97048524 0.01083206 0.06441109
1941.97098549 0.01089369 0.06297285
1942.97148574 0.01073079 0.06043735
1943.97198599 0.01020497 0.05780003
1944.97248624 0.00984149 0.05311318
1945.97298649 0.01123989 0.06451396
1946.97348674 0.01139674 0.06648346
1947.97398699 0.01140208 0.06622982
1948.97448724 0.01157403 0.06899129
1949.97498749 0.01405564 0.08374269
1950.97548774 0.01375323 0.08169585
1951.97598799 0.01367453 0.08149646
1952.97648824 0.01558268 0.08963023
1953.97698849 0.01562633 0.08740690
1954.97748874 0.01545652 0.08841848
1955.97798899 0.01389355 0.08253414
1956.97848924 0.01336995 0.07898270
1957.97898949 0.01345417 0.08020593
1958.97948974 0.01335638 0.08048621
1959.97998999 0.01301927 0.07848135
1960.98049025 0.01269737 0.07693975
1961.98099050 0.01252821 0.07625701
1962.98149075 0.01175958 0.06894229
1963.98199100 0.01163083 0.06861625
1964.98249125 0.01132201 0.06745558
1965.98299150 0.01091698 0.06646339
1966.98349175 0.01093755 0.06594898
1967.98399200 0.00997778 0.06156940
1968.98449225 0.01004041 0.06176369
1969.98499250 0.00993780 0.06221991
1970.98549275 0.00965248 0.06059941
1971.98599300 0.00953014 0.06004676
1972.98649325 0.00947375 0.06019910
1973.98699350 0.00949189 0.06015040
1974.98749375 0.01089340 0.07024444
1975.98799400 0.01037745 0.06651723
1976.98849425 0.00994695 0.06437943
1977.98899450 0.01004239 0.06418260
1978.98949475 0.00984396 0.06259545
1979.98999500 0.00934561 0.05924620
1980.99049525 0.00895601 0.05883832
1981.99099550 0.01027878 0.06453260
1982.99149575 0.01046789 0.06514955
1983.99199600 0.01081857 0.06856003
1984.99249625 0.01045715 0.06673850
1985.99299650 0.01058924 0.06620918
1986.99349675 0.00990555 0.05885852
1987.99399700 0.00931245 0.05552042
1988.99449725 0.00916466 0.05486402
1989.99499750 0.00938429 0.05510599
1990.99549775 0.00929648 0.05730013
1991.99599800 0.00894567 0.05414279
1992.99649825 0.00877024 0.05329986
1993.99699850 0.00845479 0.05395876
1994.99749875 0.00842512 0.05447449
1995.99799900 0.00976133 0.06044459
1996.99849925 0.01243063 0.07287454
1997.99899950 0.01374383 0.08577237
1998.99949975 0.01391694 0.08896992
2000.00000000 0.01351496 0.08514053
