0.00000000 8.00000000 0.00000073
1.00050025 8.09305141 0.09044217
2.00100050 8.10139576 0.19027194
3.00150075 7.99682185 0.17362228
4.00200100 7.97221755 0.20756245
5.00250125 8.00357741 0.25942400
6.00300150 7.96807887 0.27714426
7.00350175 7.92703773 0.28001080
8.00400200 7.92987566 0.30885435
9.00450225 7.92299396 0.33025540
10.00500250 7.89147936 0.34294501
11.00550275 7.87023773 0.36440849
12.00600300 7.86821281 0.38761956
13.00650325 7.85190268 0.39538323
14.00700350 7.83067933 0.41417395
15.00750375 7.83004707 0.41873713
16.00800400 7.81619631 0.43331166
17.00850425 7.80249642 0.43720093
18.00900450 7.78921261 0.45033818
19.00950475 7.78272249 0.45791079
20.01000500 7.76128364 0.47694613
21.01050525 7.74311700 0.48930407
22.01100550 7.73735367 0.49834331
23.01150575 7.72925509 0.50342371
24.01200600 7.71167439 0.51588144
25.01250625 7.70185580 0.53170726
26.01300650 7.69026253 0.54494325
27.01350675 7.67872010 0.55349839
28.01400700 7.66588520 0.57069978
29.01450725 7.65371163 0.57946109
30.01500750 7.64600290 0.58477700
31.01550775 7.63162355 0.59330765
32.01600800 7.61547375 0.60486229
33.01650825 7.59925902 0.60720064
34.01700850 7.58477857 0.61594094
35.01750875 7.56800561 0.62434082
36.01800900 7.55143751 0.63936825
37.01850925 7.53636091 0.64866155
38.01900950 7.52147531 0.66041500
39.01950975 7.50527225 0.68446359
40.02001001 7.49736230 0.68158318
41.02051026 7.48480656 0.69228474
42.02101051 7.47379469 0.69974099
43.02151076 7.46953397 0.70181968
44.02201101 7.45671815 0.71333100
45.02251126 7.44909330 0.71626187
46.02301151 7.44151836 0.72082336
47.02351176 7.43653855 0.72323011
48.02401201 7.43147389 0.72414650
49.02451226 7.42310279 0.72890252
50.02501251 7.41147920 0.73177037
51.02551276 7.40060231 0.73385915
52.02601301 7.39130863 0.73409375
53.02651326 7.38385717 0.73769020
54.02701351 7.36808574 0.74397899
55.02751376 7.36056249 0.75034319
56.02801401 7.33862538 0.75662553
57.02851426 7.32503535 0.76733257
58.02901451 7.31313729 0.77501423
59.02951476 7.29687015 0.77856789
60.03001501 7.28395286 0.79174618
61.03051526 7.27853125 0.79495816
62.03101551 7.26886917 0.79654330
63.03151576 7.25658429 0.79565425
64.03201601 7.25379919 0.79752659
65.03251626 7.24464120 0.80242338
66.03301651 7.23519029 0.80729547
67.03351676 7.21599791 0.81431769
68.03401701 7.20324371 0.82089211
69.03451726 7.18927062 0.83675162
70.03501751 7.17722238 0.84036969
71.03551776 7.16751316 0.84556231
72.03601801 7.16279153 0.84735567
73.03651826 7.15531877 0.84698983
74.03701851 7.14383893 0.85369896
75.03751876 7.13665736 0.85677733
76.03801901 7.12865847 0.85572831
77.03851926 7.12319015 0.85580142
78.03901951 7.11219955 0.86081645
79.03951976 7.10063029 0.86846548
80.04002001 7.08155504 0.88367970
81.04052026 7.07237578 0.88330053
82.04102051 7.06333121 0.89180836
83.04152076 7.05306776 0.89858194
84.04202101 7.04003306 0.90088760
85.04252126 7.02385492 0.90307345
86.04302151 7.01368957 0.91248658
87.04352176 7.00853391 0.91348228
88.04402201 6.99376199 0.91391556
89.04452226 6.98522683 0.91657881
90.04502251 6.96994261 0.92619401
91.04552276 6.95395891 0.93282366
92.04602301 6.94647947 0.93350340
93.04652326 6.93295761 0.94126221
94.04702351 6.91950051 0.95655087
95.04752376 6.90821078 0.96150693
96.04802401 6.89984904 0.96505434
97.04852426 6.89001114 0.96299209
98.04902451 6.88531651 0.97059103
99.04952476 6.87622294 0.97411683
100.05002501 6.85805003 0.98553660
101.05052526 6.85229596 0.98600993
102.05102551 6.84569868 0.98526824
103.05152576 6.82945276 0.99639860
104.05202601 6.81796194 1.00662317
105.05252626 6.80506771 1.01425485
106.05302651 6.79734102 1.02482989
107.05352676 6.79102184 1.02675695
108.05402701 6.78667564 1.02994093
109.05452726 6.77044129 1.03176182
110.05502751 6.75664023 1.03885067
111.05552776 6.74852160 1.04431540
112.05602801 6.74261626 1.04577638
113.05652826 6.72731580 1.04667597
114.05702851 6.70659719 1.05446331
115.05752876 6.69308343 1.06214902
116.05802901 6.68436216 1.06470855
117.05852926 6.67198654 1.06682564
118.05902951 6.65694806 1.06530008
119.05952976 6.64857484 1.07366201
120.06003002 6.64696725 1.07928853
121.06053027 6.63579808 1.08232464
122.06103052 6.62769495 1.08747986
123.06153077 6.61376830 1.08638904
124.06203102 6.60019673 1.09495553
125.06253127 6.59021761 1.09895919
126.06303152 6.58503066 1.10501633
127.06353177 6.57568191 1.10736423
128.06403202 6.56178852 1.11603533
129.06453227 6.55281687 1.11350516
130.06503252 6.54477468 1.11578185
131.06553277 6.53559901 1.11730693
132.06603302 6.52529837 1.12384800
133.06653327 6.51486945 1.12662588
134.06703352 6.50631144 1.12039448
135.06753377 6.49913050 1.12182542
136.06803402 6.48686654 1.12324357
137.06853427 6.47071856 1.13246700
138.06903452 6.46761859 1.13220489
139.06953477 6.45981907 1.13296673
140.07003502 6.45464508 1.13736096
141.07053527 6.44400334 1.14260103
142.07103552 6.44024269 1.15186748
143.07153577 6.43383355 1.15333096
144.07203602 6.41991919 1.16137360
145.07253627 6.40829110 1.16344816
146.07303652 6.39740865 1.16357346
147.07353677 6.38740484 1.17248279
148.07403702 6.37220427 1.17351317
149.07453727 6.36050697 1.18684628
150.07503752 6.35632333 1.19387603
151.07553777 6.34743565 1.19214559
152.07603802 6.33791404 1.19781391
153.07653827 6.32949874 1.19543402
154.07703852 6.32082974 1.19854777
155.07753877 6.30707252 1.20706703
156.07803902 6.29855445 1.20561485
157.07853927 6.29325656 1.20596434
158.07903952 6.28162336 1.20570474
159.07953977 6.27222848 1.21020469
160.08004002 6.26706590 1.20467076
161.08054027 6.25599559 1.20685398
162.08104052 6.24319304 1.20913399
163.08154077 6.22674360 1.22318011
164.08204102 6.21096461 1.22591843
165.08254127 6.19590454 1.22339327
166.08304152 6.18464493 1.22868484
167.08354177 6.17507803 1.23183894
168.08404202 6.17326404 1.23545375
169.08454227 6.16402638 1.23954002
170.08504252 6.15521837 1.23539009
171.08554277 6.14950465 1.23475361
172.08604302 6.13936816 1.23736512
173.08654327 6.12804497 1.23615596
174.08704352 6.11980144 1.23818110
175.08754377 6.10630775 1.23765786
176.08804402 6.09741018 1.24218443
177.08854427 6.09104772 1.24877499
178.08904452 6.07915882 1.25274181
179.08954477 6.07322748 1.25697447
180.09004502 6.06518957 1.25500347
181.09054527 6.06017049 1.25667629
182.09104552 6.05198035 1.26088702
183.09154577 6.04552089 1.25677840
184.09204602 6.03612941 1.25766822
185.09254627 6.02565743 1.26236125
186.09304652 6.01466258 1.26205600
187.09354677 6.01041490 1.26082603
188.09404702 6.00957076 1.26451943
189.09454727 5.99828894 1.26664166
190.09504752 5.98924082 1.27098846
191.09554777 5.98136230 1.27705795
192.09604802 5.97802273 1.28002805
193.09654827 5.97159035 1.28728442
194.09704852 5.96536974 1.29259973
195.09754877 5.95608266 1.28732088
196.09804902 5.94537139 1.28519957
197.09854927 5.93726907 1.29364758
198.09904952 5.92474669 1.29818849
199.09954977 5.92152812 1.30012098
200.10005003 5.90913376 1.29990508
201.10055028 5.89787448 1.29976020
202.10105053 5.89380175 1.30081979
203.10155078 5.88781327 1.30111547
204.10205103 5.87698061 1.29810283
205.10255128 5.86325697 1.29455565
206.10305153 5.85340790 1.29337373
207.10355178 5.84576909 1.29981215
208.10405203 5.83916730 1.30356000
209.10455228 5.83161559 1.30647051
210.10505253 5.82410351 1.30338290
211.10555278 5.81951318 1.30654730
212.10605303 5.80526121 1.30458209
213.10655328 5.80029712 1.30382280
214.10705353 5.79062162 1.30727572
215.10755378 5.78264287 1.30813669
216.10805403 5.77224547 1.31441461
217.10855428 5.76387974 1.31508695
218.10905453 5.75248433 1.32236261
219.10955478 5.74426398 1.32787579
220.11005503 5.73676625 1.32979527
221.11055528 5.73008576 1.33263477
222.11105553 5.72215261 1.33644284
223.11155578 5.71378509 1.33405676
224.11205603 5.70575812 1.33719937
225.11255628 5.69839828 1.33117511
226.11305653 5.68946007 1.33526871
227.11355678 5.67494088 1.33865842
228.11405703 5.66692110 1.33776179
229.11455728 5.66135692 1.33931499
230.11505753 5.64229119 1.34754117
231.11555778 5.63695986 1.35007586
232.11605803 5.62876454 1.35045733
233.11655828 5.61975361 1.34929415
234.11705853 5.61130255 1.34632431
235.11755878 5.60579201 1.34584294
236.11805903 5.59650778 1.35002046
237.11855928 5.59256053 1.35309286
238.11905953 5.58260002 1.35040158
239.11955978 5.57779922 1.34952095
240.12006003 5.56621215 1.35363707
241.12056028 5.55762504 1.35495818
242.12106053 5.54863488 1.35424364
243.12156078 5.54316605 1.35317468
244.12206103 5.53390025 1.35958647
245.12256128 5.52192933 1.35163382
246.12306153 5.51392659 1.35552444
247.12356178 5.49972673 1.35353371
248.12406203 5.49341712 1.35629714
249.12456228 5.48160370 1.35922495
250.12506253 5.46388075 1.36601138
251.12556278 5.45678665 1.36641820
252.12606303 5.44321791 1.36379261
253.12656328 5.43395005 1.36206486
254.12706353 5.42086062 1.36730978
255.12756378 5.40996987 1.36057165
256.12806403 5.40857133 1.36310537
257.12856428 5.40672552 1.36418265
258.12906453 5.40072069 1.36541778
259.12956478 5.39419864 1.36626531
260.13006503 5.38319333 1.36544192
261.13056528 5.37743007 1.36623324
262.13106553 5.37203572 1.36456009
263.13156578 5.36034126 1.36938195
264.13206603 5.35319914 1.37074361
265.13256628 5.34160420 1.37456157
266.13306653 5.33939806 1.37291260
267.13356678 5.32897471 1.37421566
268.13406703 5.32452656 1.37624367
269.13456728 5.31427438 1.37270481
270.13506753 5.31150119 1.37088404
271.13556778 5.30452284 1.37544949
272.13606803 5.29190190 1.37337275
273.13656828 5.27697733 1.37588878
274.13706853 5.27606782 1.37524112
275.13756878 5.25731452 1.37806243
276.13806903 5.25098674 1.37704045
277.13856928 5.24759294 1.37695375
278.13906953 5.24035486 1.37353871
279.13956978 5.23301802 1.37408020
280.14007004 5.22417854 1.37459570
281.14057029 5.21880568 1.37682110
282.14107054 5.21183493 1.37652285
283.14157079 5.19933595 1.38053853
284.14207104 5.19520134 1.37882345
285.14257129 5.18304341 1.38069363
286.14307154 5.17700818 1.38315830
287.14357179 5.17072504 1.38525814
288.14407204 5.15301265 1.39167109
289.14457229 5.14270506 1.39494321
290.14507254 5.13178697 1.39551762
291.14557279 5.11988905 1.39767204
292.14607304 5.11431937 1.40181547
293.14657329 5.10299194 1.40226894
294.14707354 5.10005219 1.40231090
295.14757379 5.09374340 1.40678939
296.14807404 5.08208227 1.41399303
297.14857429 5.07747577 1.41234556
298.14907454 5.06707809 1.41610278
299.14957479 5.05913695 1.41695552
300.15007504 5.05660594 1.41879908
301.15057529 5.04898366 1.42383655
302.15107554 5.04465253 1.42234923
303.15157579 5.03407719 1.43104389
304.15207604 5.02349434 1.42317306
305.15257629 5.01811254 1.42529806
306.15307654 5.01456245 1.42741498
307.15357679 5.00081208 1.43223453
308.15407704 4.98768655 1.43047940
309.15457729 4.98250513 1.42875446
310.15507754 4.97646305 1.42790408
311.15557779 4.97102545 1.43162671
312.15607804 4.96484233 1.43216727
313.15657829 4.95659069 1.43771458
314.15707854 4.94983382 1.44017345
315.15757879 4.94749535 1.44016971
316.15807904 4.94428808 1.43841039
317.15857929 4.93359380 1.44283260
318.15907954 4.92938277 1.44215148
319.15957979 4.92564536 1.44498523
320.16008004 4.91822759 1.44344813
321.16058029 4.91154974 1.44443912
322.16108054 4.90519337 1.44306262
323.16158079 4.89399831 1.44207602
324.16208104 4.88414614 1.44618441
325.16258129 4.87968283 1.44942582
326.16308154 4.87470408 1.45095633
327.16358179 4.86301182 1.44697115
328.16408204 4.85781080 1.44747706
329.16458229 4.84832049 1.44913519
330.16508254 4.83254438 1.45694995
331.16558279 4.82500957 1.46093952
332.16608304 4.81791252 1.46137605
333.16658329 4.80037543 1.45766602
334.16708354 4.78539189 1.45562654
335.16758379 4.77680855 1.46003354
336.16808404 4.77190275 1.46109699
337.16858429 4.76216969 1.45996513
338.16908454 4.75486851 1.45944586
339.16958479 4.74077024 1.46568844
340.17008504 4.73118809 1.46060663
341.17058529 4.72301128 1.46846709
342.17108554 4.71849126 1.46817951
343.17158579 4.71063542 1.46314450
344.17208604 4.70620063 1.46586960
345.17258629 4.70073368 1.46669817
346.17308654 4.68948913 1.46704249
347.17358679 4.68358739 1.47224218
348.17408704 4.67327779 1.47262627
349.17458729 4.66891282 1.47088684
350.17508754 4.66606349 1.47480376
351.17558779 4.65406937 1.47169814
352.17608804 4.64912979 1.47064742
353.17658829 4.64868056 1.46913042
354.17708854 4.63607290 1.46907869
355.17758879 4.62559219 1.46968179
356.17808904 4.61409260 1.47769394
357.17858929 4.60677265 1.47552363
358.17908954 4.59743845 1.47429631
359.17958979 4.59107438 1.47671213
360.18009005 4.58081661 1.47707023
361.18059030 4.57174666 1.47997692
362.18109055 4.56444769 1.48037013
363.18159080 4.56323533 1.48059395
364.18209105 4.56168120 1.47965179
365.18259130 4.55539401 1.48585128
366.18309155 4.54807165 1.48319336
367.18359180 4.54341633 1.48441785
368.18409205 4.53768672 1.48352267
369.18459230 4.52977613 1.48905749
370.18509255 4.52675200 1.49268169
371.18559280 4.52015832 1.49431543
372.18609305 4.51467351 1.49488091
373.18659330 4.50717136 1.49024371
374.18709355 4.49943607 1.48804672
375.18759380 4.49413217 1.49007985
376.18809405 4.48112652 1.49799217
377.18859430 4.47454372 1.49770662
378.18909455 4.46756762 1.50014614
379.18959480 4.46231029 1.50247856
380.19009505 4.45641249 1.50357330
381.19059530 4.44774226 1.50524043
382.19109555 4.44111137 1.50465475
383.19159580 4.42344745 1.50680007
384.19209605 4.41530436 1.50764565
385.19259630 4.40726664 1.50625771
386.19309655 4.39715439 1.50861560
387.19359680 4.39367690 1.51029825
388.19409705 4.38929836 1.51498965
389.19459730 4.37358748 1.50572463
390.19509755 4.36683473 1.50793709
391.19559780 4.36277702 1.50952165
392.19609805 4.35105841 1.50774148
393.19659830 4.34085168 1.50793500
394.19709855 4.32769212 1.50163461
395.19759880 4.31468917 1.49729014
396.19809905 4.30583739 1.49758427
397.19859930 4.30110351 1.50610832
398.19909955 4.29452413 1.50994244
399.19959980 4.28516868 1.50994270
400.20010005 4.27724850 1.51190117
401.20060030 4.27187897 1.51111907
402.20110055 4.26208074 1.51513823
403.20160080 4.25312793 1.51330170
404.20210105 4.24165466 1.51322055
405.20260130 4.23910133 1.51921290
406.20310155 4.23324169 1.51925216
407.20360180 4.22791229 1.52500102
408.20410205 4.22188625 1.52909616
409.20460230 4.21725138 1.53113989
410.20510255 4.20682312 1.52709097
411.20560280 4.20111517 1.52619926
412.20610305 4.19119577 1.53030019
413.20660330 4.18590783 1.53023248
414.20710355 4.17882479 1.53622599
415.20760380 4.17417126 1.53959177
416.20810405 4.16991361 1.53990556
417.20860430 4.16185713 1.53906272
418.20910455 4.15577601 1.54136983
419.20960480 4.15444784 1.54004621
420.21010505 4.14695683 1.53956796
421.21060530 4.13750058 1.54097745
422.21110555 4.12933961 1.53946335
423.21160580 4.12216177 1.53835059
424.21210605 4.11715687 1.53566485
425.21260630 4.11595077 1.53794975
426.21310655 4.10879883 1.53790570
427.21360680 4.10292025 1.53747755
428.21410705 4.09703312 1.53375329
429.21460730 4.09144313 1.53168946
430.21510755 4.08776848 1.53258876
431.21560780 4.08305229 1.53169927
432.21610805 4.07027581 1.53124915
433.21660830 4.05908236 1.53448101
434.21710855 4.05126892 1.53600559
435.21760880 4.04493165 1.53796247
436.21810905 4.03727059 1.54018219
437.21860930 4.02918425 1.53901546
438.21910955 4.02209983 1.54122607
439.21960980 4.01713448 1.54172736
440.22011006 4.01122022 1.54275848
441.22061031 4.00462883 1.54711976
442.22111056 3.99724825 1.54737989
443.22161081 3.99115589 1.54206161
444.22211106 3.98604518 1.54589382
445.22261131 3.97521771 1.54281874
446.22311156 3.96693259 1.54041143
447.22361181 3.96184822 1.54263564
448.22411206 3.95755426 1.54206105
449.22461231 3.94886217 1.54668246
450.22511256 3.94558217 1.54728494
451.22561281 3.93821052 1.54578241
452.22611306 3.93114928 1.54739170
453.22661331 3.92722021 1.54819059
454.22711356 3.92086195 1.54719322
455.22761381 3.91462887 1.54916406
456.22811406 3.90617285 1.54778271
457.22861431 3.90140484 1.54672352
458.22911456 3.89541790 1.54450440
459.22961481 3.89170501 1.54524227
460.23011506 3.88738757 1.54494651
461.23061531 3.88348697 1.54590239
462.23111556 3.87974482 1.54665202
463.23161581 3.87429292 1.54479144
464.23211606 3.87353804 1.54544452
465.23261631 3.86311921 1.53739803
466.23311656 3.85934765 1.53923042
467.23361681 3.85336023 1.54030257
468.23411706 3.84484555 1.54234022
469.23461731 3.83935140 1.54258247
470.23511756 3.83078782 1.54593790
471.23561781 3.82909165 1.54605452
472.23611806 3.82466978 1.54818665
473.23661831 3.81571500 1.54783271
474.23711856 3.80733843 1.54756479
475.23761881 3.79592300 1.54474367
476.23811906 3.78873423 1.54260242
477.23861931 3.78242733 1.54035327
478.23911956 3.77654044 1.54201918
479.23961981 3.77049438 1.54146034
480.24012006 3.76279544 1.54011129
481.24062031 3.75544842 1.53880615
482.24112056 3.74547596 1.54302683
483.24162081 3.73783932 1.54261439
484.24212106 3.72902579 1.54293119
485.24262131 3.72243382 1.54449697
486.24312156 3.71573732 1.54649844
487.24362181 3.71100879 1.54696087
488.24412206 3.70729578 1.54601263
489.24462231 3.70148387 1.54759742
490.24512256 3.69198690 1.54619891
491.24562281 3.68574684 1.54893251
492.24612306 3.67878055 1.55335501
493.24662331 3.67289211 1.55225840
494.24712356 3.65915923 1.54929103
495.24762381 3.65282529 1.54622319
496.24812406 3.64493521 1.55080601
497.24862431 3.63469581 1.55319672
498.24912456 3.62906254 1.55731333
499.24962481 3.62256171 1.55912798
500.25012506 3.61656377 1.55918394
501.25062531 3.61374339 1.55973969
502.25112556 3.60702747 1.55761549
503.25162581 3.59827416 1.55993657
504.25212606 3.59522490 1.55699843
505.25262631 3.58939287 1.56064058
506.25312656 3.58018134 1.55404085
507.25362681 3.57442025 1.55559638
508.25412706 3.56644704 1.55825944
509.25462731 3.56080656 1.55896493
510.25512756 3.55627164 1.55772471
511.25562781 3.55238266 1.56049577
512.25612806 3.54370460 1.56230359
513.25662831 3.53821209 1.56326308
514.25712856 3.52641987 1.56281565
515.25762881 3.52253390 1.55932379
516.25812906 3.51448726 1.56290809
517.25862931 3.50433934 1.56028333
518.25912956 3.50190385 1.56062735
519.25962981 3.49999279 1.56304520
520.26013007 3.48836825 1.55956485
521.26063032 3.48241346 1.55883376
522.26113057 3.47465285 1.55841941
523.26163082 3.46472988 1.55858165
524.26213107 3.46243675 1.56048329
525.26263132 3.45810822 1.56318640
526.26313157 3.45520749 1.56161464
527.26363182 3.45119026 1.56215609
528.26413207 3.44432788 1.55872155
529.26463232 3.43839917 1.55912823
530.26513257 3.43322946 1.55618615
531.26563282 3.42961221 1.55646532
532.26613307 3.42413503 1.55415096
533.26663332 3.41792050 1.55224322
534.26713357 3.41481082 1.55128552
535.26763382 3.40984709 1.54906771
536.26813407 3.40125849 1.54679830
537.26863432 3.39805437 1.54787820
538.26913457 3.38933881 1.54435323
539.26963482 3.38387381 1.54058784
540.27013507 3.38057677 1.54395690
541.27063532 3.36555718 1.54447848
542.27113557 3.35416803 1.54311740
543.27163582 3.34487639 1.54616729
544.27213607 3.34365418 1.54433764
545.27263632 3.33931646 1.54578051
546.27313657 3.33666441 1.54751264
547.27363682 3.32759189 1.54907687
548.27413707 3.31673635 1.55042370
549.27463732 3.30758010 1.54732475
550.27513757 3.29985675 1.53959819
551.27563782 3.29434912 1.54305198
552.27613807 3.28735548 1.54358832
553.27663832 3.27953097 1.54314353
554.27713857 3.27266920 1.54091637
555.27763882 3.26669361 1.53992594
556.27813907 3.25765995 1.54225806
557.27863932 3.25414527 1.54289120
558.27913957 3.24937345 1.53566725
559.27963982 3.24400639 1.53214997
560.28014007 3.23408395 1.53242722
561.28064032 3.22743796 1.53433730
562.28114057 3.21940950 1.53627158
563.28164082 3.21255499 1.53486046
564.28214107 3.20597932 1.53471621
565.28264132 3.20360105 1.53447126
566.28314157 3.19956056 1.52961793
567.28364182 3.19211656 1.52909518
568.28414207 3.18624137 1.52905228
569.28464232 3.18260825 1.52886055
570.28514257 3.17824511 1.52888324
571.28564282 3.17414691 1.53086790
572.28614307 3.16477246 1.52848642
573.28664332 3.15829470 1.53014577
574.28714357 3.15356018 1.53062664
575.28764382 3.14378662 1.53061021
576.28814407 3.14093270 1.52969033
577.28864432 3.13830746 1.52835987
578.28914457 3.12994364 1.52681646
579.28964482 3.12829594 1.52652452
580.29014507 3.12173267 1.52277937
581.29064532 3.11869785 1.51946979
582.29114557 3.11843356 1.52058189
583.29164582 3.11282130 1.52324305
584.29214607 3.10863689 1.52290354
585.29264632 3.10077696 1.51614417
586.29314657 3.09715103 1.51664423
587.29364682 3.09162374 1.51878902
588.29414707 3.08273870 1.51835540
589.29464732 3.08008373 1.52013613
590.29514757 3.07472037 1.51664654
591.29564782 3.06983823 1.51657620
592.29614807 3.06640904 1.51598156
593.29664832 3.05547654 1.51330565
594.29714857 3.05012771 1.51056721
595.29764882 3.04369191 1.50935149
596.29814907 3.04033606 1.51079390
597.29864932 3.03262475 1.50613598
598.29914957 3.02957555 1.50716170
599.29964982 3.02123430 1.50529491
600.30015008 3.01499612 1.50817278
601.30065033 3.01072361 1.51112837
602.30115058 3.00707267 1.51124492
603.30165083 3.00290882 1.50819477
604.30215108 3.00106259 1.50752334
605.30265133 2.99644348 1.50527425
606.30315158 2.99419711 1.50622915
607.30365183 2.98867454 1.49950684
608.30415208 2.98553638 1.50019450
609.30465233 2.97977731 1.50434745
610.30515258 2.97636335 1.50442159
611.30565283 2.97381075 1.50543785
612.30615308 2.96689913 1.51087553
613.30665333 2.96030440 1.51095732
614.30715358 2.95555610 1.51166639
615.30765383 2.95461078 1.51185952
616.30815408 2.94678445 1.50819309
617.30865433 2.94233752 1.51047518
618.30915458 2.93313151 1.51018841
619.30965483 2.92581435 1.50893873
620.31015508 2.92137633 1.51179661
621.31065533 2.91927123 1.51119119
622.31115558 2.91044356 1.51140125
623.31165583 2.90928480 1.51150401
624.31215608 2.90317820 1.51217275
625.31265633 2.89616034 1.50822330
626.31315658 2.88868549 1.50722411
627.31365683 2.88277606 1.50984018
628.31415708 2.87840443 1.51108380
629.31465733 2.87615936 1.51039128
630.31515758 2.86934088 1.51151250
631.31565783 2.86413958 1.50969867
632.31615808 2.86443487 1.50879477
633.31665833 2.86140964 1.51203195
634.31715858 2.85541975 1.51264474
635.31765883 2.85441118 1.51307715
636.31815908 2.84645935 1.51356765
637.31865933 2.83872224 1.51012108
638.31915958 2.83008798 1.50654067
639.31965983 2.82312503 1.50838390
640.32016008 2.81829671 1.50979150
641.32066033 2.81498479 1.50850331
642.32116058 2.80855887 1.50661848
643.32166083 2.80370488 1.50580624
644.32216108 2.79407620 1.50548389
645.32266133 2.78506483 1.50246601
646.32316158 2.78089849 1.50355668
647.32366183 2.77474935 1.50166860
648.32416208 2.77058223 1.49860100
649.32466233 2.76578221 1.49714944
650.32516258 2.76208052 1.49688463
651.32566283 2.75630327 1.49318376
652.32616308 2.74935572 1.48932217
653.32666333 2.74507949 1.48870427
654.32716358 2.74188574 1.48940499
655.32766383 2.73489436 1.48601245
656.32816408 2.73125720 1.48770699
657.32866433 2.72638511 1.48678551
658.32916458 2.72143746 1.48494790
659.32966483 2.71142632 1.48129636
660.33016508 2.70806408 1.47992852
661.33066533 2.70128552 1.47436796
662.33116558 2.69714229 1.47174039
663.33166583 2.69452083 1.47077904
664.33216608 2.69003034 1.46525996
665.33266633 2.68375495 1.46567501
666.33316658 2.67603042 1.46017040
667.33366683 2.67335846 1.46125251
668.33416708 2.66790618 1.46009902
669.33466733 2.66599031 1.46113792
670.33516758 2.66461434 1.46140921
671.33566783 2.66032469 1.45325990
672.33616808 2.65174464 1.44885243
673.33666833 2.64463929 1.44960373
674.33716858 2.63781142 1.44769668
675.33766883 2.63445587 1.44770995
676.33816908 2.62934905 1.44676738
677.33866933 2.62645186 1.44433392
678.33916958 2.61980983 1.44298364
679.33966983 2.61806977 1.44352716
680.34017009 2.61665713 1.44308222
681.34067034 2.61022360 1.43653720
682.34117059 2.60637772 1.43962092
683.34167084 2.60296928 1.43883775
684.34217109 2.59954605 1.43801313
685.34267134 2.59568652 1.43810864
686.34317159 2.58615113 1.43565347
687.34367184 2.57954993 1.43467612
688.34417209 2.57383677 1.42932310
689.34467234 2.56438720 1.42473119
690.34517259 2.55931261 1.42057955
691.34567284 2.55405269 1.42169305
692.34617309 2.54691853 1.41936233
693.34667334 2.53960519 1.42131843
694.34717359 2.53787851 1.42169789
695.34767384 2.53600407 1.42030885
696.34817409 2.53279183 1.42187282
697.34867434 2.52762444 1.41840526
698.34917459 2.52452425 1.42011774
699.34967484 2.52129044 1.42027653
700.35017509 2.52052056 1.42159021
701.35067534 2.51442685 1.42199518
702.35117559 2.51063411 1.42237736
703.35167584 2.50768593 1.41980563
704.35217609 2.50636303 1.41969944
705.35267634 2.50104433 1.41921167
706.35317659 2.49826817 1.41911901
707.35367684 2.49371620 1.41605643
708.35417709 2.48971367 1.41828754
709.35467734 2.48647172 1.41688636
710.35517759 2.47943178 1.42103659
711.35567784 2.47656153 1.42062355
712.35617809 2.47201085 1.41887400
713.35667834 2.46565545 1.41819315
714.35717859 2.46360427 1.41937700
715.35767884 2.45925376 1.42200587
716.35817909 2.45608035 1.42016229
717.35867934 2.45341404 1.41743152
718.35917959 2.44725978 1.41498213
719.35967984 2.44638973 1.41590612
720.36018009 2.44332532 1.41554320
721.36068034 2.43888566 1.41412358
722.36118059 2.43194774 1.40869364
723.36168084 2.42670413 1.41059319
724.36218109 2.41802891 1.40650745
725.36268134 2.41566973 1.40616318
726.36318159 2.41187615 1.40526140
727.36368184 2.40904336 1.40371036
728.36418209 2.40344145 1.40133897
729.36468234 2.39927911 1.40052213
730.36518259 2.39498911 1.40113072
731.36568284 2.39212660 1.39957053
732.36618309 2.38879788 1.39818869
733.36668334 2.38669198 1.39864684
734.36718359 2.38223526 1.39830461
735.36768384 2.37754675 1.40032273
736.36818409 2.37575029 1.39987756
737.36868434 2.37043722 1.39875638
738.36918459 2.36814353 1.39874936
739.36968484 2.36288204 1.39547703
740.37018509 2.35981044 1.39331707
741.37068534 2.35107383 1.38807677
742.37118559 2.34503723 1.38525731
743.37168584 2.34300399 1.38485814
744.37218609 2.34262326 1.38504442
745.37268634 2.33792750 1.38259489
746.37318659 2.33162522 1.38252688
747.37368684 2.32734949 1.38178468
748.37418709 2.32198423 1.37684998
749.37468734 2.32027905 1.37706445
750.37518759 2.31485756 1.37981439
751.37568784 2.31098663 1.38205246
752.37618809 2.30482862 1.38131063
753.37668834 2.29993994 1.38051579
754.37718859 2.29557213 1.38058932
755.37768884 2.28589650 1.38023347
756.37818909 2.27839601 1.37263552
757.37868934 2.27569358 1.37029206
758.37918959 2.27295058 1.36824350
759.37968984 2.27078439 1.36722554
760.38019010 2.26762632 1.36769609
761.38069035 2.26275228 1.36705362
762.38119060 2.26079583 1.36826795
763.38169085 2.26034501 1.36878661
764.38219110 2.25380267 1.36369430
765.38269135 2.25012756 1.36295690
766.38319160 2.24553045 1.36273805
767.38369185 2.24050420 1.35750542
768.38419210 2.23824261 1.35705556
769.38469235 2.23449081 1.35630357
770.38519260 2.23028060 1.35324308
771.38569285 2.22931632 1.35359692
772.38619310 2.22745245 1.35248262
773.38669335 2.22506120 1.35197924
774.38719360 2.22025393 1.35149505
775.38769385 2.21814877 1.35289613
776.38819410 2.21483136 1.34972279
777.38869435 2.21309123 1.35008838
778.38919460 2.20952408 1.35159088
779.38969485 2.20192674 1.34971005
780.39019510 2.19745839 1.34901421
781.39069535 2.19604249 1.34906700
782.39119560 2.19115469 1.34880732
783.39169585 2.18493269 1.34285243
784.39219610 2.18161271 1.34069554
785.39269635 2.18109855 1.34166684
786.39319660 2.17395390 1.33475368
787.39369685 2.17076347 1.33353374
788.39419710 2.16809924 1.33288405
789.39469735 2.16495364 1.33194200
790.39519760 2.16107811 1.32820904
791.39569785 2.15494458 1.32513607
792.39619810 2.15043761 1.32321277
793.39669835 2.14733345 1.32266513
794.39719860 2.14287879 1.31986728
795.39769885 2.13576318 1.31621280
796.39819910 2.13077673 1.31341046
797.39869935 2.12677671 1.31288226
798.39919960 2.12413807 1.30882951
799.39969985 2.12184832 1.30597090
800.40020010 2.11786524 1.30507882
801.40070035 2.11643217 1.30568276
802.40120060 2.11255822 1.30590840
803.40170085 2.10770237 1.30095217
804.40220110 2.10345795 1.30028132
805.40270135 2.10021643 1.29723208
806.40320160 2.09542675 1.29745795
807.40370185 2.08887697 1.29365990
808.40420210 2.08657510 1.29522521
809.40470235 2.08392738 1.29647340
810.40520260 2.07735019 1.29500549
811.40570285 2.07608482 1.29455518
812.40620310 2.07317925 1.29366020
813.40670335 2.07087680 1.29499554
814.40720360 2.06561099 1.29117954
815.40770385 2.06301728 1.29151148
816.40820410 2.05941686 1.29101732
817.40870435 2.05787368 1.29166590
818.40920460 2.05218528 1.29208821
819.40970485 2.05118447 1.29266299
820.41020510 2.04658178 1.29100027
821.41070535 2.04453108 1.29139522
822.41120560 2.03554059 1.29301814
823.41170585 2.02540428 1.28987290
824.41220610 2.02402828 1.28932255
825.41270635 2.02134947 1.28913385
826.41320660 2.01921869 1.28837103
827.41370685 2.01847843 1.28809998
828.41420710 2.00812581 1.27670451
829.41470735 2.00469125 1.27709341
830.41520760 2.00013549 1.27545995
831.41570785 1.99503371 1.27227847
832.41620810 1.99159249 1.27075247
833.41670835 1.98550099 1.26947309
834.41720860 1.98026148 1.26704901
835.41770885 1.97590645 1.26621677
836.41820910 1.97239941 1.26509957
837.41870935 1.96887805 1.26344721
838.41920960 1.96794975 1.26352934
839.41970985 1.96690142 1.26384653
840.42021011 1.95518407 1.26048888
841.42071036 1.94861090 1.25910050
842.42121061 1.94431638 1.25616936
843.42171086 1.94299788 1.25579207
844.42221111 1.93936921 1.25459266
845.42271136 1.93460851 1.24942352
846.42321161 1.93396503 1.25169683
847.42371186 1.93126990 1.25391522
848.42421211 1.93009149 1.25284119
849.42471236 1.92641215 1.24866890
850.42521261 1.92205732 1.24967412
851.42571286 1.91932870 1.24875743
852.42621311 1.91372038 1.24661948
853.42671336 1.91022473 1.24498449
854.42721361 1.90643938 1.24409976
855.42771386 1.90107096 1.24444629
856.42821411 1.89782417 1.24353286
857.42871436 1.89679703 1.24317469
858.42921461 1.89502808 1.24135906
859.42971486 1.89033311 1.23444022
860.43021511 1.88722836 1.23377786
861.43071536 1.88339315 1.23356967
862.43121561 1.88286729 1.23330572
863.43171586 1.88067632 1.23324555
864.43221611 1.87795559 1.23322014
865.43271636 1.87673474 1.23314662
866.43321661 1.87624580 1.23335016
867.43371686 1.87457458 1.23277328
868.43421711 1.87145534 1.23359429
869.43471736 1.86872633 1.23199222
870.43521761 1.86219651 1.22529702
871.43571786 1.85932375 1.22036235
872.43621811 1.85508480 1.21764547
873.43671836 1.85279036 1.21770918
874.43721861 1.85185688 1.21784262
875.43771886 1.85049500 1.21891954
876.43821911 1.84986301 1.21945473
877.43871936 1.84532750 1.21885928
878.43921961 1.84109658 1.21901182
879.43971986 1.84002416 1.21942124
880.44022011 1.83510367 1.22136924
881.44072036 1.83096967 1.21906725
882.44122061 1.82616256 1.22203404
883.44172086 1.82165117 1.21767767
884.44222111 1.81887789 1.21687383
885.44272136 1.81721343 1.21725206
886.44322161 1.81450431 1.21821833
887.44372186 1.80814673 1.21363578
888.44422211 1.80448403 1.21115942
889.44472236 1.80184134 1.21159119
890.44522261 1.79529538 1.20519140
891.44572286 1.79117876 1.20127191
892.44622311 1.78900094 1.20126165
893.44672336 1.78495072 1.19758870
894.44722361 1.78284091 1.19790890
895.44772386 1.78213211 1.19735818
896.44822411 1.78139372 1.19822587
897.44872436 1.78002419 1.19950751
898.44922461 1.77724198 1.19909830
899.44972486 1.77334232 1.19557984
900.45022511 1.77036535 1.19332186
901.45072536 1.77080307 1.19304842
902.45122561 1.76616832 1.19073096
903.45172586 1.76189574 1.18935364
904.45222611 1.75925297 1.18975738
905.45272636 1.75655154 1.18939889
906.45322661 1.75404179 1.18838867
907.45372686 1.75077436 1.18631328
908.45422711 1.74428717 1.18675920
909.45472736 1.74248110 1.18521853
910.45522761 1.73745901 1.17699735
911.45572786 1.73506385 1.17615817
912.45622811 1.73401846 1.17592971
913.45672836 1.72951949 1.17502649
914.45722861 1.72514072 1.17176245
915.45772886 1.72173962 1.17057400
916.45822911 1.72069275 1.17112486
917.45872936 1.71980460 1.17090176
918.45922961 1.71559091 1.16864619
919.45972986 1.71299057 1.16598481
920.46023012 1.70963027 1.16489065
921.46073037 1.70366431 1.16030609
922.46123062 1.69984759 1.15640910
923.46173087 1.69758412 1.15633803
924.46223112 1.69100023 1.15159328
925.46273137 1.68929650 1.15132920
926.46323162 1.68538269 1.14771819
927.46373187 1.68511542 1.14795203
928.46423212 1.68199357 1.14513820
929.46473237 1.67740630 1.14433931
930.46523262 1.67284216 1.14259870
931.46573287 1.67175518 1.14300404
932.46623312 1.66623932 1.14062392
933.46673337 1.66123133 1.13702833
934.46723362 1.65720039 1.13709444
935.46773387 1.65623970 1.13762142
936.46823412 1.65347797 1.13573223
937.46873437 1.64589619 1.13017770
938.46923462 1.64356360 1.13058164
939.46973487 1.64072094 1.12903656
940.47023512 1.64014446 1.12877529
941.47073537 1.63753414 1.12937188
942.47123562 1.63358880 1.12972668
943.47173587 1.62903350 1.12846088
944.47223612 1.62837655 1.12877296
945.47273637 1.62459757 1.12858842
946.47323662 1.61923912 1.12847191
947.47373687 1.61613005 1.12872936
948.47423712 1.61391948 1.12979001
949.47473737 1.61338981 1.13076633
950.47523762 1.61098097 1.13042749
951.47573787 1.60705323 1.12806188
952.47623812 1.60015169 1.12352113
953.47673837 1.59777124 1.12284887
954.47723862 1.59279876 1.11973149
955.47773887 1.59078224 1.11849410
956.47823912 1.58848999 1.11840006
957.47873937 1.58359745 1.11866928
958.47923962 1.58164388 1.12110709
959.47973987 1.57884010 1.11978033
960.48024012 1.57548608 1.11626873
961.48074037 1.56990161 1.11268816
962.48124062 1.56928772 1.11336679
963.48174087 1.56645549 1.11450687
964.48224112 1.56463503 1.11345336
965.48274137 1.56339569 1.11360257
966.48324162 1.55934251 1.11347187
967.48374187 1.55343572 1.11144488
968.48424212 1.54898276 1.10919206
969.48474237 1.54687004 1.11107163
970.48524262 1.54363343 1.10692696
971.48574287 1.54052468 1.10607008
972.48624312 1.53730961 1.10106436
973.48674337 1.53293157 1.10019519
974.48724362 1.53144768 1.10028907
975.48774387 1.52732148 1.09940316
976.48824412 1.52330117 1.09732864
977.48874437 1.51869590 1.09931378
978.48924462 1.51759487 1.09867585
979.48974487 1.51691089 1.09872782
980.49024512 1.51211877 1.09352259
981.49074537 1.51050959 1.09354809
982.49124562 1.50858251 1.09374288
983.49174587 1.50297506 1.09299322
984.49224612 1.50145941 1.09237815
985.49274637 1.49659529 1.08874900
986.49324662 1.49143431 1.08733110
987.49374687 1.48876109 1.08628839
988.49424712 1.48773525 1.08667607
989.49474737 1.48522307 1.08438996
990.49524762 1.48155380 1.08417535
991.49574787 1.47662540 1.08289115
992.49624812 1.47526825 1.08168348
993.49674837 1.47410460 1.08147058
994.49724862 1.47288560 1.08094992
995.49774887 1.47170867 1.08034510
996.49824912 1.46842361 1.07920786
997.49874937 1.46748140 1.07968805
998.49924962 1.46677606 1.08050151
999.49974987 1.46528005 1.07996484
1000.50025013 1.46198239 1.07690219
1001.50075038 1.45894911 1.07560097
1002.50125063 1.45713793 1.07599523
1003.50175088 1.45377712 1.07289284
1004.50225113 1.45182805 1.07228455
1005.50275138 1.45017154 1.07237958
1006.50325163 1.44881014 1.07243623
1007.50375188 1.44628127 1.07189109
1008.50425213 1.44381119 1.07168630
1009.50475238 1.44113176 1.07146338
1010.50525263 1.44053729 1.07181287
1011.50575288 1.43920645 1.07191118
1012.50625313 1.43553825 1.07286529
1013.50675338 1.43439553 1.07264226
1014.50725363 1.43432984 1.07289671
1015.50775388 1.42931144 1.07004256
1016.50825413 1.42663163 1.06814454
1017.50875438 1.42304768 1.06182696
1018.50925463 1.42121329 1.06284830
1019.50975488 1.41827782 1.05873173
1020.51025513 1.41527134 1.05394903
1021.51075538 1.41228981 1.05442014
1022.51125563 1.41021347 1.05449558
1023.51175588 1.40386877 1.04342543
1024.51225613 1.39566626 1.03729063
1025.51275638 1.39437134 1.03775393
1026.51325663 1.39154084 1.03676562
1027.51375688 1.38755934 1.03573245
1028.51425713 1.38469657 1.03511388
1029.51475738 1.38415707 1.03548815
1030.51525763 1.38300303 1.03545544
1031.51575788 1.38078224 1.03593122
1032.51625813 1.37862840 1.03357112
1033.51675838 1.37625327 1.03106105
1034.51725863 1.37392924 1.02725060
1035.51775888 1.37237907 1.02771281
1036.51825913 1.36871718 1.02348349
1037.51875938 1.36539475 1.02200099
1038.51925963 1.36451278 1.02274597
1039.51975988 1.35963783 1.01612401
1040.52026013 1.35725436 1.01589125
1041.52076038 1.35587969 1.01536691
1042.52126063 1.35275676 1.01461577
1043.52176088 1.34915866 1.01530194
1044.52226113 1.34819138 1.01507789
1045.52276138 1.34438892 1.01486533
1046.52326163 1.34012261 1.01214060
1047.52376188 1.33890428 1.01189783
1048.52426213 1.33729964 1.01099628
1049.52476238 1.33438287 1.00851889
1050.52526263 1.33250814 1.00918419
1051.52576288 1.32698638 1.00775170
1052.52626313 1.32610551 1.00772817
1053.52676338 1.32423878 1.00857955
1054.52726363 1.31848849 0.99749133
1055.52776388 1.31781308 0.99805409
1056.52826413 1.31426530 0.99785433
1057.52876438 1.31259135 0.99664939
1058.52926463 1.31036926 0.99399685
1059.52976488 1.30788194 0.99155931
1060.53026513 1.30675639 0.99038664
1061.53076538 1.30173579 0.98810614
1062.53126563 1.30025374 0.98798892
1063.53176588 1.29950476 0.98812348
1064.53226613 1.29689805 0.98771803
1065.53276638 1.29235752 0.98462734
1066.53326663 1.28984939 0.98444855
1067.53376688 1.28896008 0.98432216
1068.53426713 1.28662958 0.98382704
1069.53476738 1.28125204 0.98358046
1070.53526763 1.27558202 0.98553034
1071.53576788 1.27217776 0.98152561
1072.53626813 1.26978864 0.98135508
1073.53676838 1.26563242 0.97990017
1074.53726863 1.26325363 0.97969692
1075.53776888 1.26309098 0.98132414
1076.53826913 1.25830532 0.97421838
1077.53876938 1.25613205 0.97162247
1078.53926963 1.25326241 0.97175339
1079.53976988 1.24990120 0.97258174
1080.54027014 1.24538791 0.97171138
1081.54077039 1.24427432 0.97116864
1082.54127064 1.24084715 0.97070104
1083.54177089 1.23944950 0.97076475
1084.54227114 1.23673446 0.96969248
1085.54277139 1.23117865 0.96005114
1086.54327164 1.23067944 0.95954795
1087.54377189 1.22629382 0.95777612
1088.54427214 1.22556899 0.95644161
1089.54477239 1.22416229 0.95573302
1090.54527264 1.22328296 0.95541475
1091.54577289 1.22075429 0.95482004
1092.54627314 1.21736220 0.95387119
1093.54677339 1.21699173 0.95423644
1094.54727364 1.21440009 0.95374159
1095.54777389 1.21192522 0.95301858
1096.54827414 1.21082600 0.95278111
1097.54877439 1.20827012 0.95049993
1098.54927464 1.20621761 0.95023776
1099.54977489 1.20420156 0.94731137
1100.55027514 1.20167878 0.94686290
1101.55077539 1.19927629 0.94755806
1102.55127564 1.19480817 0.94394147
1103.55177589 1.19264184 0.94390395
1104.55227614 1.18978681 0.94571784
1105.55277639 1.18926871 0.94562196
1106.55327664 1.18436443 0.94106159
1107.55377689 1.18228621 0.94134429
1108.55427714 1.18175995 0.94144963
1109.55477739 1.18111291 0.94130405
1110.55527764 1.17737031 0.94030576
1111.55577789 1.17552230 0.93982327
1112.55627814 1.17206006 0.93737187
1113.55677839 1.17044694 0.93777083
1114.55727864 1.16896829 0.93782598
1115.55777889 1.16588141 0.93719055
1116.55827914 1.16355828 0.93767016
1117.55877939 1.16264595 0.93739300
1118.55927964 1.16214098 0.93734920
1119.55977989 1.16007389 0.93506594
1120.56028014 1.15922151 0.93502833
1121.56078039 1.15786296 0.93504041
1122.56128064 1.15743850 0.93511972
1123.56178089 1.15486049 0.93525657
1124.56228114 1.15087539 0.93563890
1125.56278139 1.15059612 0.93585253
1126.56328164 1.14915073 0.93549311
1127.56378189 1.14753812 0.93499023
1128.56428214 1.14652625 0.93489079
1129.56478239 1.14518795 0.93441319
1130.56528264 1.13895349 0.93386418
1131.56578289 1.13724737 0.93426695
1132.56628314 1.13437718 0.93283165
1133.56678339 1.13057174 0.93011668
1134.56728364 1.13019598 0.92906102
1135.56778389 1.12713473 0.92623864
1136.56828414 1.12543306 0.92637782
1137.56878439 1.12272132 0.92477492
1138.56928464 1.12044584 0.92267384
1139.56978489 1.11936133 0.92182420
1140.57028514 1.11839252 0.92139045
1141.57078539 1.11773892 0.92149056
1142.57128564 1.11476660 0.91999259
1143.57178589 1.11412596 0.91974177
1144.57228614 1.11210220 0.91964081
1145.57278639 1.11065132 0.91958624
1146.57328664 1.11047309 0.91919363
1147.57378689 1.10968939 0.91893798
1148.57428714 1.10590946 0.91825432
1149.57478739 1.10443398 0.91800036
1150.57528764 1.10315638 0.91780570
1151.57578789 1.10192155 0.91767386
1152.57628814 1.10099032 0.91746124
1153.57678839 1.09831295 0.91853331
1154.57728864 1.09627087 0.91812480
1155.57778889 1.09409128 0.91589749
1156.57828914 1.09309382 0.91563999
1157.57878939 1.09097246 0.91576389
1158.57928964 1.08802341 0.91534585
1159.57978989 1.08517621 0.91204251
1160.58029015 1.08262889 0.91123167
1161.58079040 1.08147424 0.91134078
1162.58129065 1.07808988 0.90934569
1163.58179090 1.07737599 0.90937345
1164.58229115 1.07576100 0.90854945
1165.58279140 1.07497982 0.90829389
1166.58329165 1.07246923 0.90889860
1167.58379190 1.07051917 0.90810263
1168.58429215 1.06949591 0.90844418
1169.58479240 1.06684474 0.90841727
1170.58529265 1.06462029 0.90298372
1171.58579290 1.06191660 0.90281113
1172.58629315 1.06195831 0.90342155
1173.58679340 1.05879884 0.90264645
1174.58729365 1.05530988 0.90131818
1175.58779390 1.05434746 0.90107495
1176.58829415 1.05211128 0.90089710
1177.58879440 1.04754203 0.89657436
1178.58929465 1.04483533 0.89458554
1179.58979490 1.04233391 0.89509237
1180.59029515 1.04135695 0.89506854
1181.59079540 1.04015188 0.89471381
1182.59129565 1.03709216 0.89364056
1183.59179590 1.03619749 0.89357210
1184.59229615 1.03517082 0.89328623
1185.59279640 1.03419450 0.89266844
1186.59329665 1.03207929 0.89272198
1187.59379690 1.02911586 0.89236544
1188.59429715 1.02546464 0.89261732
1189.59479740 1.02146401 0.89075040
1190.59529765 1.02074742 0.89067059
1191.59579790 1.01975471 0.89047531
1192.59629815 1.01859506 0.89020129
1193.59679840 1.01342221 0.88667588
1194.59729865 1.01053645 0.88185229
1195.59779890 1.00773080 0.87559087
1196.59829915 1.00277369 0.87347834
1197.59879940 1.00122992 0.87285766
1198.59929965 0.99887105 0.86852018
1199.59979990 0.99748011 0.86826632
1200.60030015 0.99507301 0.86780630
1201.60080040 0.99408950 0.86708230
1202.60130065 0.99227687 0.86676000
1203.60180090 0.99040113 0.86752437
1204.60230115 0.98942727 0.86747748
1205.60280140 0.98849322 0.86707076
1206.60330165 0.98363678 0.86516380
1207.60380190 0.98344399 0.86555530
1208.60430215 0.97940203 0.86398042
1209.60480240 0.97822902 0.86337644
1210.60530265 0.97562940 0.86331546
1211.60580290 0.97477153 0.86331567
1212.60630315 0.97401541 0.86323987
1213.60680340 0.97122087 0.85996191
1214.60730365 0.97112078 0.86084792
1215.60780390 0.96983863 0.85944385
1216.60830415 0.96892764 0.85925582
1217.60880440 0.96656021 0.85737308
1218.60930465 0.96604439 0.85707524
1219.60980490 0.96346497 0.85712901
1220.61030515 0.96275857 0.85695022
1221.61080540 0.96142191 0.85493950
1222.61130565 0.95890420 0.85296695
1223.61180590 0.95801097 0.85274858
1224.61230615 0.95700545 0.85300772
1225.61280640 0.95515534 0.85191040
1226.61330665 0.95409529 0.85170131
1227.61380690 0.95014863 0.84888881
1228.61430715 0.94924406 0.84877203
1229.61480740 0.94861910 0.84851738
1230.61530765 0.94724004 0.84712369
1231.61580790 0.94390478 0.84440181
1232.61630815 0.94290748 0.84418776
1233.61680840 0.94195797 0.84361737
1234.61730865 0.94066760 0.84339692
1235.61780890 0.93788836 0.84396212
1236.61830915 0.93452756 0.84191944
1237.61880940 0.93348479 0.84080218
1238.61930965 0.93219098 0.84026193
1239.61980990 0.93103599 0.84018247
1240.62031016 0.92947568 0.84048603
1241.62081041 0.92676939 0.84036915
1242.62131066 0.92467849 0.83922746
1243.62181091 0.92270852 0.83961472
1244.62231116 0.92170679 0.83980467
1245.62281141 0.91884484 0.83908983
1246.62331166 0.91581609 0.83809886
1247.62381191 0.91407981 0.83721433
1248.62431216 0.91165928 0.83531004
1249.62481241 0.91019619 0.83423279
1250.62531266 0.90938737 0.83304182
1251.62581291 0.90836867 0.83279082
1252.62631316 0.90690037 0.83288438
1253.62681341 0.90633893 0.83288063
1254.62731366 0.90354298 0.83173151
1255.62781391 0.90240070 0.83167218
1256.62831416 0.90074884 0.82948075
1257.62881441 0.89933453 0.82752224
1258.62931466 0.89769376 0.82751596
1259.62981491 0.89402563 0.82573664
1260.63031516 0.89209293 0.82476953
1261.63081541 0.89134016 0.82435387
1262.63131566 0.89059710 0.82383493
1263.63181591 0.88984814 0.82355478
1264.63231616 0.88604742 0.82295020
1265.63281641 0.88372848 0.82129933
1266.63331666 0.88215117 0.81978156
1267.63381691 0.88145561 0.81993524
1268.63431716 0.87885688 0.81741647
1269.63481741 0.87795212 0.81704446
1270.63531766 0.87689091 0.81643599
1271.63581791 0.87465021 0.81574382
1272.63631816 0.87388626 0.81563766
1273.63681841 0.87230413 0.81509413
1274.63731866 0.86987557 0.81429578
1275.63781891 0.86919834 0.81419516
1276.63831916 0.86712501 0.81378503
1277.63881941 0.86618967 0.81341608
1278.63931966 0.86495992 0.81284753
1279.63981991 0.86264603 0.81131852
1280.64032016 0.86190187 0.81109783
1281.64082041 0.86108007 0.81145463
1282.64132066 0.85957984 0.81177754
1283.64182091 0.85876309 0.81151904
1284.64232116 0.85721368 0.81186463
1285.64282141 0.85578538 0.81101897
1286.64332166 0.85480115 0.81074116
1287.64382191 0.85260245 0.80852744
1288.64432216 0.85221781 0.80869072
1289.64482241 0.85001767 0.80777921
1290.64532266 0.84918333 0.80764709
1291.64582291 0.84659841 0.80434423
1292.64632316 0.84441728 0.80153614
1293.64682341 0.84198570 0.79886630
1294.64732366 0.83985685 0.79671771
1295.64782391 0.83785857 0.79470356
1296.64832416 0.83602819 0.79372806
1297.64882441 0.83311788 0.79095090
1298.64932466 0.83273040 0.79208955
1299.64982491 0.83047696 0.79310445
1300.65032516 0.82777114 0.78912262
1301.65082541 0.82694739 0.78951199
1302.65132566 0.82630302 0.78980551
1303.65182591 0.82184388 0.78648916
1304.65232616 0.81900351 0.78559398
1305.65282641 0.81844143 0.78615216
1306.65332666 0.81683657 0.78645452
1307.65382691 0.81594523 0.78576119
1308.65432716 0.81434771 0.78480918
1309.65482741 0.81378300 0.78469089
1310.65532766 0.81233677 0.78370314
1311.65582791 0.81174138 0.78340886
1312.65632816 0.81117261 0.78328942
1313.65682841 0.81052611 0.78318569
1314.65732866 0.80956336 0.78249384
1315.65782891 0.80691854 0.77798587
1316.65832916 0.80369092 0.77452459
1317.65882941 0.80310450 0.77446817
1318.65932966 0.80248506 0.77436642
1319.65982991 0.80148284 0.77375196
1320.66033017 0.80048471 0.77383512
1321.66083042 0.79990617 0.77389798
1322.66133067 0.79649221 0.77117724
1323.66183092 0.79466316 0.77079646
1324.66233117 0.79301036 0.76981789
1325.66283142 0.78885765 0.76669938
1326.66333167 0.78596962 0.76713663
1327.66383192 0.78481101 0.76761164
1328.66433217 0.78416281 0.76739846
1329.66483242 0.78227637 0.76809255
1330.66533267 0.78094031 0.76706640
1331.66583292 0.77929968 0.76640802
1332.66633317 0.77857899 0.76692103
1333.66683342 0.77789954 0.76666613
1334.66733367 0.77456694 0.76424519
1335.66783392 0.77405670 0.76409667
1336.66833417 0.77175072 0.76458620
1337.66883442 0.76968403 0.76221306
1338.66933467 0.76769567 0.76102288
1339.66983492 0.76625639 0.76055790
1340.67033517 0.76549449 0.76047505
1341.67083542 0.76498215 0.76038525
1342.67133567 0.76400034 0.76004756
1343.67183592 0.76211514 0.75863436
1344.67233617 0.75987065 0.75719918
1345.67283642 0.75907303 0.75709342
1346.67333667 0.75848638 0.75678237
1347.67383692 0.75757530 0.75650373
1348.67433717 0.75604253 0.75664791
1349.67483742 0.75421668 0.75606121
1350.67533767 0.75120154 0.75393208
1351.67583792 0.74861014 0.74993097
1352.67633817 0.74684969 0.74900282
1353.67683842 0.74619136 0.74899587
1354.67733867 0.74579008 0.74811156
1355.67783892 0.74417923 0.74824897
1356.67833917 0.74350785 0.74797711
1357.67883942 0.74251693 0.74747761
1358.67933967 0.74189942 0.74743040
1359.67983992 0.73951569 0.74517210
1360.68034017 0.73923177 0.74537441
1361.68084042 0.73842301 0.74523159
1362.68134067 0.73631582 0.74477028
1363.68184092 0.73552775 0.74437821
1364.68234117 0.73344896 0.74281140
1365.68284142 0.73263949 0.74281893
1366.68334167 0.73015423 0.74308215
1367.68384192 0.72791219 0.74320615
1368.68434217 0.72811354 0.74444543
1369.68484242 0.72624716 0.73958960
1370.68534267 0.72535942 0.73883576
1371.68584292 0.72123985 0.73544105
1372.68634317 0.72040126 0.73459323
1373.68684342 0.71890522 0.73429063
1374.68734367 0.71901220 0.73378157
1375.68784392 0.71720737 0.73365434
1376.68834417 0.71542868 0.73232924
1377.68884442 0.71478045 0.73205415
1378.68934467 0.71348906 0.73209152
1379.68984492 0.71087696 0.72859465
1380.69034517 0.71080213 0.72743391
1381.69084542 0.71039077 0.72754201
1382.69134567 0.70999912 0.72769841
1383.69184592 0.70840463 0.72694356
1384.69234617 0.70810738 0.72670517
1385.69284642 0.70709045 0.72662904
1386.69334667 0.70642949 0.72552587
1387.69384692 0.70426315 0.72480290
1388.69434717 0.70202531 0.72094378
1389.69484742 0.70143551 0.72060763
1390.69534767 0.70022763 0.71967537
1391.69584792 0.69809685 0.71925870
1392.69634817 0.69718076 0.71905185
1393.69684842 0.69639621 0.71876585
1394.69734867 0.69582394 0.71859634
1395.69784892 0.69387029 0.71544105
1396.69834917 0.69310996 0.71504753
1397.69884942 0.69000529 0.71271690
1398.69934967 0.68967171 0.71268380
1399.69984992 0.68815474 0.71307300
1400.70035018 0.68618552 0.71175422
1401.70085043 0.68541812 0.71095583
1402.70135068 0.68478856 0.71077590
1403.70185093 0.68417022 0.71098580
1404.70235118 0.68202232 0.71021879
1405.70285143 0.68028335 0.70959820
1406.70335168 0.67971615 0.70912851
1407.70385193 0.67783652 0.70774959
1408.70435218 0.67368071 0.70567796
1409.70485243 0.67280039 0.70544931
1410.70535268 0.67173602 0.70539895
1411.70585293 0.67129990 0.70491992
1412.70635318 0.66975438 0.70419781
1413.70685343 0.66749164 0.70339778
1414.70735368 0.66704886 0.70319305
1415.70785393 0.66481401 0.70053994
1416.70835418 0.66450132 0.70068610
1417.70885443 0.66391848 0.70077495
1418.70935468 0.66315606 0.70015569
1419.70985493 0.66260757 0.70012059
1420.71035518 0.66204748 0.70021510
1421.71085543 0.66145375 0.70002455
1422.71135568 0.65771577 0.69672480
1423.71185593 0.65721840 0.69699960
1424.71235618 0.65588638 0.69624202
1425.71285643 0.65439817 0.69498471
1426.71335668 0.65227414 0.69534685
1427.71385693 0.65147218 0.69527780
1428.71435718 0.65050883 0.69489878
1429.71485743 0.64970886 0.69493103
1430.71535768 0.64874011 0.69491365
1431.71585793 0.64813563 0.69490755
1432.71635818 0.64426932 0.68996533
1433.71685843 0.64365482 0.68992185
1434.71735868 0.64171197 0.68880304
1435.71785893 0.63998366 0.68835135
1436.71835918 0.63918315 0.68826808
1437.71885943 0.63742509 0.68724496
1438.71935968 0.63573650 0.68482074
1439.71985993 0.63474014 0.68425703
1440.72036018 0.63394968 0.68373378
1441.72086043 0.63220837 0.68264777
1442.72136068 0.62982893 0.68104018
1443.72186093 0.62939634 0.68109360
1444.72236118 0.62676913 0.67836318
1445.72286143 0.62546878 0.67785869
1446.72336168 0.62420951 0.67791583
1447.72386193 0.62297030 0.67726085
1448.72436218 0.62245054 0.67708146
1449.72486243 0.62165871 0.67685362
1450.72536268 0.62118129 0.67696623
1451.72586293 0.62044227 0.67635143
1452.72636318 0.61824160 0.67488479
1453.72686343 0.61687973 0.67356233
1454.72736368 0.61607732 0.67301052
1455.72786393 0.61573549 0.67269233
1456.72836418 0.61569506 0.67259719
1457.72886443 0.61528863 0.67237458
1458.72936468 0.61321838 0.67190449
1459.72986493 0.61181653 0.67176480
1460.73036518 0.61114530 0.67162177
1461.73086543 0.61029143 0.67075682
1462.73136568 0.60959858 0.67035815
1463.73186593 0.60695950 0.66174806
1464.73236618 0.60611724 0.66105936
1465.73286643 0.60526563 0.66062801
1466.73336668 0.60287913 0.65825848
1467.73386693 0.60248048 0.65725606
1468.73436718 0.59968957 0.65520537
1469.73486743 0.59906703 0.65505595
1470.73536768 0.59861703 0.65496350
1471.73586793 0.59803262 0.65456788
1472.73636818 0.59727013 0.65416198
1473.73686843 0.59669426 0.65400301
1474.73736868 0.59637231 0.65376525
1475.73786893 0.59568347 0.65338617
1476.73836918 0.59386551 0.64953655
1477.73886943 0.59194446 0.64979206
1478.73936968 0.59004991 0.64727180
1479.73986993 0.58753651 0.64656942
1480.74037019 0.58698885 0.64606194
1481.74087044 0.58628699 0.64630183
1482.74137069 0.58489410 0.64507039
1483.74187094 0.58439276 0.64461733
1484.74237119 0.58351585 0.64384145
1485.74287144 0.58296040 0.64358610
1486.74337169 0.58069513 0.64202665
1487.74387194 0.58003734 0.64136818
1488.74437219 0.57904579 0.64134405
1489.74487244 0.57818587 0.64117983
1490.74537269 0.57759283 0.64081469
1491.74587294 0.57659805 0.64072197
1492.74637319 0.57462709 0.63767062
1493.74687344 0.57406545 0.63747452
1494.74737369 0.57326576 0.63729141
1495.74787394 0.57200939 0.63704003
1496.74837419 0.57121780 0.63697102
1497.74887444 0.57058309 0.63660160
1498.74937469 0.56998921 0.63635734
1499.74987494 0.56870820 0.63501342
1500.75037519 0.56813620 0.63474852
1501.75087544 0.56791606 0.63496155
1502.75137569 0.56710975 0.63461961
1503.75187594 0.56669407 0.63455902
1504.75237619 0.56501974 0.63438607
1505.75287644 0.56446297 0.63419682
1506.75337669 0.56398113 0.63408370
1507.75387694 0.56334521 0.63372314
1508.75437719 0.56270231 0.63344312
1509.75487744 0.56207865 0.63336723
1510.75537769 0.55972178 0.63056813
1511.75587794 0.55911669 0.62990850
1512.75637819 0.55850234 0.62990396
1513.75687844 0.55778211 0.62983253
1514.75737869 0.55654362 0.62954997
1515.75787894 0.55602210 0.62911175
1516.75837919 0.55552711 0.62883142
1517.75887944 0.55431498 0.62905799
1518.75937969 0.55122797 0.62754779
1519.75987994 0.54943042 0.62634787
1520.76038019 0.54895882 0.62618927
1521.76088044 0.54832538 0.62609600
1522.76138069 0.54791353 0.62579117
1523.76188094 0.54735844 0.62556621
1524.76238119 0.54681348 0.62528504
1525.76288144 0.54610934 0.62501517
1526.76338169 0.54556502 0.62486856
1527.76388194 0.54405076 0.62403774
1528.76438219 0.54360543 0.62387980
1529.76488244 0.54194440 0.62278647
1530.76538269 0.54029907 0.62230367
1531.76588294 0.53971094 0.62211335
1532.76638319 0.53900754 0.62193957
1533.76688344 0.53849347 0.62161331
1534.76738369 0.53780059 0.62148299
1535.76788394 0.53700128 0.62136321
1536.76838419 0.53522782 0.62114570
1537.76888444 0.53497016 0.62106011
1538.76938469 0.53291492 0.61573824
1539.76988494 0.53228279 0.61562758
1540.77038519 0.53160582 0.61543614
1541.77088544 0.52965595 0.61053670
1542.77138569 0.52875874 0.60976156
1543.77188594 0.52813280 0.60959843
1544.77238619 0.52770304 0.60979433
1545.77288644 0.52713895 0.60953267
1546.77338669 0.52648310 0.60920507
1547.77388694 0.52613775 0.60919987
1548.77438719 0.52550040 0.60913185
1549.77488744 0.52498296 0.60887532
1550.77538769 0.52442022 0.60860121
1551.77588794 0.52385485 0.60844592
1552.77638819 0.52191336 0.60731087
1553.77688844 0.52135030 0.60710582
1554.77738869 0.52065833 0.60698901
1555.77788894 0.52019561 0.60676774
1556.77838919 0.51962953 0.60658114
1557.77888944 0.51812849 0.60634352
1558.77938969 0.51672758 0.60492263
1559.77988994 0.51386001 0.60246642
1560.78039020 0.51318044 0.60244393
1561.78089045 0.51247415 0.60174830
1562.78139070 0.51187328 0.60142718
1563.78189095 0.51100390 0.60147547
1564.78239120 0.51028846 0.60061560
1565.78289145 0.50983212 0.60107705
1566.78339170 0.50931731 0.60090584
1567.78389195 0.50709448 0.59884992
1568.78439220 0.50594024 0.59867206
1569.78489245 0.50533512 0.59847073
1570.78539270 0.50482882 0.59827533
1571.78589295 0.50349341 0.59738275
1572.78639320 0.50195311 0.59719898
1573.78689345 0.50142406 0.59722861
1574.78739370 0.50050023 0.59712901
1575.78789395 0.49855052 0.59649778
1576.78839420 0.49793726 0.59640188
1577.78889445 0.49732030 0.59634489
1578.78939470 0.49631962 0.59642004
1579.78989495 0.49581604 0.59618816
1580.79039520 0.49651124 0.59626442
1581.79089545 0.49625232 0.59563294
1582.79139570 0.49516668 0.59494994
1583.79189595 0.49382946 0.59481722
1584.79239620 0.49358668 0.59486783
1585.79289645 0.49295970 0.59440706
1586.79339670 0.49157064 0.59209480
1587.79389695 0.49098287 0.59203505
1588.79439720 0.49046130 0.59211760
1589.79489745 0.49007200 0.59197590
1590.79539770 0.48942611 0.59182582
1591.79589795 0.48921156 0.59148347
1592.79639820 0.48870167 0.59132830
1593.79689845 0.48817798 0.59123702
1594.79739870 0.48729600 0.59107995
1595.79789895 0.48553912 0.58993941
1596.79839920 0.48511452 0.58979129
1597.79889945 0.48467484 0.58952830
1598.79939970 0.48376760 0.58831130
1599.79989995 0.48334141 0.58813019
1600.80040020 0.48277315 0.58768277
1601.80090045 0.48133862 0.58798400
1602.80140070 0.48082523 0.58775155
1603.80190095 0.47819027 0.58185958
1604.80240120 0.47499345 0.57998792
1605.80290145 0.47355190 0.57909550
1606.80340170 0.47308234 0.57914057
1607.80390195 0.47300663 0.57869199
1608.80440220 0.47255014 0.57835027
1609.80490245 0.47209265 0.57817617
1610.80540270 0.47158897 0.57799381
1611.80590295 0.46964260 0.57666040
1612.80640320 0.46909201 0.57650014
1613.80690345 0.46865625 0.57647172
1614.80740370 0.46830157 0.57634158
1615.80790395 0.46772197 0.57614755
1616.80840420 0.46717335 0.57595948
1617.80890445 0.46670552 0.57571435
1618.80940470 0.46630662 0.57542318
1619.80990495 0.46607996 0.57527835
1620.81040520 0.46553896 0.57501766
1621.81090545 0.46329682 0.56910731
1622.81140570 0.46280888 0.56889838
1623.81190595 0.46238081 0.56879848
1624.81240620 0.46100457 0.56768538
1625.81290645 0.46099075 0.56716094
1626.81340670 0.46057897 0.56676174
1627.81390695 0.45896393 0.56612208
1628.81440720 0.45838442 0.56604401
1629.81490745 0.45797393 0.56587477
1630.81540770 0.45316385 0.55606631
1631.81590795 0.45247380 0.55578491
1632.81640820 0.45195698 0.55575026
1633.81690845 0.45004820 0.55411855
1634.81740870 0.44797458 0.55369498
1635.81790895 0.44757805 0.55341946
1636.81840920 0.44649346 0.55216228
1637.81890945 0.44592901 0.55198380
1638.81940970 0.44386513 0.55144245
1639.81990995 0.44351479 0.55147574
1640.82041021 0.44211880 0.55135059
1641.82091046 0.44161234 0.55110340
1642.82141071 0.43985234 0.55010893
1643.82191096 0.43985074 0.55032638
1644.82241121 0.43924320 0.55014424
1645.82291146 0.43868964 0.54994914
1646.82341171 0.43823546 0.54989928
1647.82391196 0.43699922 0.54877646
1648.82441221 0.43563283 0.54845323
1649.82491246 0.43521949 0.54827463
1650.82541271 0.43434116 0.54773003
1651.82591296 0.43367312 0.54736952
1652.82641321 0.43132914 0.54378939
1653.82691346 0.43069669 0.54348882
1654.82741371 0.42974297 0.54339289
1655.82791396 0.42917771 0.54326067
1656.82841421 0.42824656 0.54312620
1657.82891446 0.42767385 0.54182846
1658.82941471 0.42740478 0.54203071
1659.82991496 0.42701664 0.54187116
1660.83041521 0.42656106 0.54235045
1661.83091546 0.42602044 0.54207189
1662.83141571 0.42498471 0.54196670
1663.83191596 0.42455651 0.54167694
1664.83241621 0.42270319 0.53956844
1665.83291646 0.42228321 0.53927650
1666.83341671 0.42189604 0.54018145
1667.83391696 0.42134964 0.53981336
1668.83441721 0.42115659 0.53907936
1669.83491746 0.42073797 0.53934207
1670.83541771 0.42035036 0.53924152
1671.83591796 0.41882448 0.53776791
1672.83641821 0.41655439 0.53712074
1673.83691846 0.41688652 0.53748380
1674.83741871 0.41655556 0.53717715
1675.83791896 0.41595702 0.53682360
1676.83841921 0.41595162 0.53694383
1677.83891946 0.41546270 0.53660951
1678.83941971 0.41501106 0.53638257
1679.83991996 0.41461423 0.53617013
1680.84042021 0.41517299 0.53648634
1681.84092046 0.41339484 0.53378105
1682.84142071 0.41286507 0.53358557
1683.84192096 0.41241815 0.53349657
1684.84242121 0.41206854 0.53323144
1685.84292146 0.41164455 0.53288735
1686.84342171 0.41073634 0.53282628
1687.84392196 0.41026764 0.53257244
1688.84442221 0.41173259 0.53369069
1689.84492246 0.41132354 0.53327457
1690.84542271 0.41097835 0.53303094
1691.84592296 0.41065897 0.53291949
1692.84642321 0.41003709 0.53267383
1693.84692346 0.40962598 0.53245001
1694.84742371 0.40944458 0.53212579
1695.84792396 0.40904453 0.53176104
1696.84842421 0.40849514 0.53156787
1697.84892446 0.40801150 0.53139039
1698.84942471 0.40772215 0.53120262
1699.84992496 0.40735556 0.53094973
1700.85042521 0.40609016 0.53059656
1701.85092546 0.40559397 0.53042309
1702.85142571 0.40524046 0.53011143
1703.85192596 0.40470843 0.52948259
1704.85242621 0.40358018 0.52939156
1705.85292646 0.40328569 0.52915676
1706.85342671 0.40284440 0.52891173
1707.85392696 0.40194386 0.52871746
1708.85442721 0.40170354 0.52852169
1709.85492746 0.40127383 0.52835672
1710.85542771 0.40081301 0.52801815
1711.85592796 0.39872266 0.52712148
1712.85642821 0.39827437 0.52693036
1713.85692846 0.39787969 0.52677073
1714.85742871 0.39750416 0.52654470
1715.85792896 0.39637345 0.52620416
1716.85842921 0.39589547 0.52596123
1717.85892946 0.39524733 0.52590470
1718.85942971 0.39490371 0.52572158
1719.85992996 0.39450095 0.52542602
1720.86043022 0.39400972 0.52510668
1721.86093047 0.39351863 0.52492488
1722.86143072 0.39331497 0.52463465
1723.86193097 0.39295907 0.52443326
1724.86243122 0.39251072 0.52422971
1725.86293147 0.39199889 0.52398603
1726.86343172 0.39165056 0.52374219
1727.86393197 0.39129184 0.52348616
1728.86443222 0.38973596 0.52152117
1729.86493247 0.38832433 0.51852004
1730.86543272 0.38565512 0.51494752
1731.86593297 0.38453856 0.51483084
1732.86643322 0.38398008 0.51468671
1733.86693347 0.38216718 0.50245892
1734.86743372 0.38185635 0.50225377
1735.86793397 0.38150672 0.50269918
1736.86843422 0.38108413 0.50233740
1737.86893447 0.38086251 0.50202162
1738.86943472 0.38061517 0.50174596
1739.86993497 0.37823295 0.49784836
1740.87043522 0.37767294 0.49669108
1741.87093547 0.37781082 0.49678852
1742.87143572 0.37741568 0.49591441
1743.87193597 0.37661472 0.49502561
1744.87243622 0.37600061 0.49367834
1745.87293647 0.37557248 0.49360427
1746.87343672 0.37553405 0.49364718
1747.87393697 0.37506407 0.49343141
1748.87443722 0.37290072 0.48929051
1749.87493747 0.37255233 0.48878576
1750.87543772 0.37064452 0.48597069
1751.87593797 0.37025388 0.48585225
1752.87643822 0.36771637 0.48426923
1753.87693847 0.36725123 0.48401166
1754.87743872 0.36701523 0.48361616
1755.87793897 0.36638263 0.48353692
1756.87843922 0.36586237 0.48333271
1757.87893947 0.36544769 0.48306227
1758.87943972 0.36439342 0.48319574
1759.87993997 0.36415231 0.48290349
1760.88044022 0.36412862 0.48281056
1761.88094047 0.36256137 0.48109957
1762.88144072 0.36225249 0.48090205
1763.88194097 0.36278881 0.48150718
1764.88244122 0.36257542 0.48140422
1765.88294147 0.36209200 0.48121793
1766.88344172 0.36160054 0.48092495
1767.88394197 0.36135835 0.48062181
1768.88444222 0.36022412 0.47970615
1769.88494247 0.35974174 0.47939179
1770.88544272 0.35928335 0.47911139
1771.88594297 0.35889521 0.47875492
1772.88644322 0.35818555 0.47804756
1773.88694347 0.35775610 0.47792095
1774.88744372 0.35727856 0.47766958
1775.88794397 0.35687500 0.47736633
1776.88844422 0.35660242 0.47714987
1777.88894447 0.35617426 0.47685099
1778.88944472 0.35573386 0.47655331
1779.88994497 0.35379672 0.47410412
1780.89044522 0.35274027 0.47322475
1781.89094547 0.35251950 0.47323981
1782.89144572 0.35199913 0.47308524
1783.89194597 0.35153017 0.47280268
1784.89244622 0.35137462 0.47266471
1785.89294647 0.35090875 0.47216235
1786.89344672 0.34959631 0.46981441
1787.89394697 0.34942195 0.46970544
1788.89444722 0.34898954 0.46952424
1789.89494747 0.35002754 0.46969217
1790.89544772 0.34942491 0.46946433
1791.89594797 0.34902600 0.46921450
1792.89644822 0.34871180 0.46902181
1793.89694847 0.34833493 0.46875555
1794.89744872 0.34793925 0.46839339
1795.89794897 0.34726916 0.46792482
1796.89844922 0.34691206 0.46776493
1797.89894947 0.34646855 0.46759483
1798.89944972 0.34610830 0.46736509
1799.89994997 0.34578648 0.46714215
1800.90045023 0.34544611 0.46686127
1801.90095048 0.34504041 0.46664854
1802.90145073 0.34457864 0.46635818
1803.90195098 0.34383118 0.46605332
1804.90245123 0.34347357 0.46581144
1805.90295148 0.34146136 0.46488889
1806.90345173 0.33929795 0.45190043
1807.90395198 0.33892856 0.45111531
1808.90445223 0.33724905 0.44969596
1809.90495248 0.33668651 0.44910965
1810.90545273 0.33605385 0.44928931
1811.90595298 0.33600328 0.44951262
1812.90645323 0.33555393 0.44920095
1813.90695348 0.33514040 0.44913396
1814.90745373 0.33477662 0.44884597
1815.90795398 0.33434744 0.44854656
1816.90845423 0.33403942 0.44838661
1817.90895448 0.33365051 0.44814583
1818.90945473 0.33227869 0.44714934
1819.90995498 0.33038427 0.44080725
1820.91045523 0.32986903 0.44000523
1821.91095548 0.32943875 0.43967940
1822.91145573 0.32919752 0.43981595
1823.91195598 0.32744705 0.43893948
1824.91245623 0.32729986 0.43863134
1825.91295648 0.32541567 0.43448675
1826.91345673 0.32385362 0.42764959
1827.91395698 0.32335582 0.42774780
1828.91445723 0.32347276 0.42716863
1829.91495748 0.32303118 0.42683540
1830.91545773 0.32277520 0.42683722
1831.91595798 0.32247912 0.42680173
1832.91645823 0.32207775 0.42641867
1833.91695848 0.32164666 0.42601483
1834.91745873 0.32135301 0.42584301
1835.91795898 0.32105578 0.42572837
1836.91845923 0.32067745 0.42552875
1837.91895948 0.32027926 0.42523980
1838.91945973 0.31937638 0.42393526
1839.91995998 0.31890119 0.42355465
1840.92046023 0.31737440 0.42289429
1841.92096048 0.31724601 0.42297913
1842.92146073 0.31627773 0.42164742
1843.92196098 0.31496027 0.42041215
1844.92246123 0.31449017 0.42010011
1845.92296148 0.31410104 0.41987809
1846.92346173 0.31292415 0.41934605
1847.92396198 0.31267282 0.41921333
1848.92446223 0.31068026 0.41696805
1849.92496248 0.31028784 0.41674027
1850.92546273 0.31000564 0.41626726
1851.92596298 0.30889795 0.41606724
1852.92646323 0.30833532 0.41559020
1853.92696348 0.30668291 0.41265877
1854.92746373 0.30638710 0.41243977
1855.92796398 0.30575167 0.41191361
1856.92846423 0.30546007 0.41126600
1857.92896448 0.30516518 0.41116531
1858.92946473 0.30499089 0.41120631
1859.92996498 0.30424247 0.41105698
1860.93046523 0.30378739 0.41053585
1861.93096548 0.30345907 0.41021246
1862.93146573 0.30250553 0.41030762
1863.93196598 0.30173386 0.41040212
1864.93246623 0.30089269 0.41013464
1865.93296648 0.30055252 0.40985619
1866.93346673 0.30032851 0.40957342
1867.93396698 0.30029551 0.41029870
1868.93446723 0.29950269 0.40850969
1869.93496748 0.29914816 0.40795810
1870.93546773 0.29903999 0.40834231
1871.93596798 0.29853399 0.40852866
1872.93646823 0.29806611 0.40769389
1873.93696848 0.29764378 0.40717679
1874.93746873 0.29743770 0.40724864
1875.93796898 0.29709302 0.40707048
1876.93846923 0.29671913 0.40661463
1877.93896948 0.29645248 0.40622511
1878.93946973 0.29618289 0.40606249
1879.93996998 0.29545078 0.40591697
1880.94047024 0.29458259 0.40535849
1881.94097049 0.29419996 0.40504099
1882.94147074 0.29384742 0.40487480
1883.94197099 0.29348729 0.40467833
1884.94247124 0.29296460 0.40447212
1885.94297149 0.29211626 0.40404281
1886.94347174 0.29181630 0.40375583
1887.94397199 0.29155900 0.40348175
1888.94447224 0.29123211 0.40321581
1889.94497249 0.29083538 0.40296626
1890.94547274 0.29048746 0.40270816
1891.94597299 0.29028018 0.40253216
1892.94647324 0.28992835 0.40221527
1893.94697349 0.28965231 0.40197720
1894.94747374 0.28795357 0.40069642
1895.94797399 0.28816167 0.40089909
1896.94847424 0.28758838 0.40061252
1897.94897449 0.28731896 0.40042632
1898.94947474 0.28703196 0.40015596
1899.94997499 0.28663152 0.39987530
1900.95047524 0.28628521 0.39957484
1901.95097549 0.28595147 0.39931872
1902.95147574 0.28561302 0.39915429
1903.95197599 0.28515894 0.39880646
1904.95247624 0.28575801 0.39835036
1905.95297649 0.28537325 0.39767863
1906.95347674 0.28515952 0.39787039
1907.95397699 0.28491084 0.39746854
1908.95447724 0.28459396 0.39720429
1909.95497749 0.28404933 0.39650007
1910.95547774 0.28342127 0.39638063
1911.95597799 0.28277921 0.39537563
1912.95647824 0.28246666 0.39527757
1913.95697849 0.28216749 0.39512196
1914.95747874 0.28179138 0.39499475
1915.95797899 0.28147303 0.39473764
1916.95847924 0.28191073 0.39489285
1917.95897949 0.28169923 0.39472624
1918.95947974 0.28131455 0.39448808
1919.95997999 0.28100438 0.39426625
1920.96048024 0.28080820 0.39413180
1921.96098049 0.28007338 0.39374739
1922.96148074 0.28037702 0.39344368
1923.96198099 0.28012360 0.39319691
1924.96248124 0.27895150 0.39255853
1925.96298149 0.27863807 0.39236717
1926.96348174 0.27837940 0.39223292
1927.96398199 0.27805470 0.39196499
1928.96448224 0.27770447 0.39169370
1929.96498249 0.27768605 0.39147871
1930.96548274 0.27643524 0.39029611
1931.96598299 0.27566748 0.38950182
1932.96648324 0.27533732 0.38928498
1933.96698349 0.27501526 0.38904895
1934.96748374 0.27469953 0.38876684
1935.96798399 0.27411232 0.38838583
1936.96848424 0.27370856 0.38812363
1937.96898449 0.27350660 0.38801503
1938.96948474 0.27328173 0.38786971
1939.96998499 0.27217046 0.38708829
1940.97048524 0.27177486 0.38680959
1941.97098549 0.27153457 0.38667994
1942.97148574 0.27104177 0.38515668
1943.97198599 0.27066108 0.38460748
1944.97248624 0.27030371 0.38441779
1945.97298649 0.26999614 0.38438646
1946.97348674 0.26971627 0.38420343
1947.97398699 0.26940121 0.38389103
1948.97448724 0.26869068 0.38348786
1949.97498749 0.26861498 0.38340762
1950.97548774 0.26824735 0.38314112
1951.97598799 0.26782214 0.38308169
1952.97648824 0.26753312 0.38281045
1953.97698849 0.26717266 0.38254124
1954.97748874 0.26689053 0.38233604
1955.97798899 0.26659231 0.38209775
1956.97848924 0.26622679 0.38173826
1957.97898949 0.26599955 0.38156123
1958.97948974 0.26565820 0.38136837
1959.97998999 0.26523769 0.38109379
1960.98049025 0.26486568 0.38077232
1961.98099050 0.26455506 0.38053145
1962.98149075 0.26347372 0.37972167
1963.98199100 0.26174825 0.36910820
1964.98249125 0.26143079 0.36904963
1965.98299150 0.26056360 0.36877565
1966.98349175 0.26024060 0.36845861
1967.98399200 0.26017105 0.36835541
1968.98449225 0.25924326 0.36678019
1969.98499250 0.25891864 0.36662519
1970.98549275 0.25761685 0.36514130
1971.98599300 0.25779434 0.36624192
1972.98649325 0.25730587 0.36585799
1973.98699350 0.25695629 0.36574864
1974.98749375 0.25666816 0.36569837
1975.98799400 0.25638631 0.36533029
1976.98849425 0.25622744 0.36538080
1977.98899450 0.25425110 0.35793186
1978.98949475 0.25397167 0.35785935
1979.98999500 0.25252722 0.35543588
1980.99049525 0.25206090 0.35505232
1981.99099550 0.25182014 0.35484588
1982.99149575 0.25129417 0.35440779
1983.99199600 0.24988202 0.35143511
1984.99249625 0.24945691 0.35110527
1985.99299650 0.24918115 0.35068403
1986.99349675 0.24893138 0.35054479
1987.99399700 0.24857652 0.35034193
1988.99449725 0.24839817 0.35017914
1989.99499750 0.24796109 0.34994524
1990.99549775 0.24772510 0.34965280
1991.99599800 0.24746658 0.34951888
1992.99649825 0.24705433 0.34933263
1993.99699850 0.24680548 0.34913639
1994.99749875 0.24651457 0.34890524
1995.99799900 0.24620245 0.34869054
1996.99849925 0.24591881 0.34852876
1997.99899950 0.24566683 0.34832919
1998.99949975 0.24538317 0.34811697
2000.00000000 0.24509519 0.34793806
