0.00000000 10.00000000 0.00000114
1.00050025 10.05575520 0.05883523
2.00100050 9.96445100 0.08429010
3.00150075 10.00484106 0.18490438
4.00200100 9.91722693 0.20464543
5.00250125 9.90672101 0.23685193
6.00300150 9.87965230 0.25050534
7.00350175 9.85861375 0.27956054
8.00400200 9.82762447 0.30221563
9.00450225 9.81910861 0.33972511
10.00500250 9.79463185 0.35129582
11.00550275 9.76683778 0.35139998
12.00600300 9.75059582 0.38300715
13.00650325 9.72547394 0.38909829
14.00700350 9.70506192 0.40556602
15.00750375 9.69008715 0.42507247
16.00800400 9.66430951 0.45215551
17.00850425 9.63284744 0.46413871
18.00900450 9.62073710 0.48529749
19.00950475 9.60170483 0.51346799
20.01000500 9.56524401 0.52526308
21.01050525 9.54433420 0.55241083
22.01100550 9.53034693 0.57180338
23.01150575 9.49226544 0.58833491
24.01200600 9.48118899 0.59977874
25.01250625 9.46168067 0.62255299
26.01300650 9.42362725 0.63985261
27.01350675 9.39456827 0.66012889
28.01400700 9.36264628 0.68944958
29.01450725 9.35010948 0.69275171
30.01500750 9.32523698 0.71275530
31.01550775 9.30366844 0.73275033
32.01600800 9.29465065 0.72963443
33.01650825 9.28506530 0.73136233
34.01700850 9.26341325 0.74044381
35.01750875 9.23531040 0.76784848
36.01800900 9.21716433 0.77273935
37.01850925 9.20714111 0.77510129
38.01900950 9.18407375 0.77278977
39.01950975 9.15831045 0.78655343
40.02001001 9.14077075 0.80214515
41.02051026 9.11293578 0.80890811
42.02101051 9.09085031 0.81045923
43.02151076 9.07568613 0.82878635
44.02201101 9.06393514 0.84271507
45.02251126 9.03476553 0.85385247
46.02301151 9.00828421 0.87206449
47.02351176 8.98985413 0.87732972
48.02401201 8.96839498 0.87840299
49.02451226 8.96274444 0.88134977
50.02501251 8.94250790 0.89932410
51.02551276 8.92031145 0.89878430
52.02601301 8.89569664 0.90941878
53.02651326 8.87391248 0.92187268
54.02701351 8.85188997 0.93094609
55.02751376 8.83498707 0.93031724
56.02801401 8.81400315 0.93856516
57.02851426 8.79935490 0.94301757
58.02901451 8.76899431 0.95867819
59.02951476 8.75064871 0.97018837
60.03001501 8.72342287 0.97632329
61.03051526 8.69705962 0.98248500
62.03101551 8.67100336 0.99832865
63.03151576 8.65238136 0.99789386
64.03201601 8.63361200 1.01256502
65.03251626 8.60723762 1.02363228
66.03301651 8.57978541 1.04919470
67.03351676 8.54657420 1.05402477
68.03401701 8.54171340 1.06104441
69.03451726 8.53366663 1.06798424
70.03501751 8.49680950 1.08112235
71.03551776 8.46710016 1.09403230
72.03601801 8.43761073 1.10127132
73.03651826 8.41967875 1.10344874
74.03701851 8.39717886 1.11198542
75.03751876 8.37460155 1.12166953
76.03801901 8.36312222 1.12506630
77.03851926 8.33583290 1.13154716
78.03901951 8.31557820 1.13648764
79.03951976 8.29483633 1.14317351
80.04002001 8.27940440 1.15147360
81.04052026 8.26574376 1.15139336
82.04102051 8.24640890 1.15651941
83.04152076 8.21290345 1.18229240
84.04202101 8.19421559 1.18954520
85.04252126 8.17402316 1.20195172
86.04302151 8.14959947 1.20534169
87.04352176 8.13533467 1.20292302
88.04402201 8.12219488 1.20960608
89.04452226 8.09831170 1.21708703
90.04502251 8.07993690 1.22117899
91.04552276 8.07352251 1.22522739
92.04602301 8.04974299 1.23290543
93.04652326 8.02893740 1.24384940
94.04702351 8.02123720 1.24531515
95.04752376 7.99864716 1.23822158
96.04802401 7.97917135 1.25259552
97.04852426 7.94524924 1.27077448
98.04902451 7.92517159 1.26126071
99.04952476 7.90439961 1.26082876
100.05002501 7.87349547 1.27037374
101.05052526 7.85483051 1.26350827
102.05102551 7.83050318 1.26562683
103.05152576 7.80788607 1.27363849
104.05202601 7.79046403 1.28719008
105.05252626 7.77327085 1.29636861
106.05302651 7.74732827 1.30975258
107.05352676 7.72270590 1.31750679
108.05402701 7.71001151 1.31213339
109.05452726 7.70102783 1.30166941
110.05502751 7.68314626 1.30617190
111.05552776 7.66508577 1.31025293
112.05602801 7.64977591 1.30611957
113.05652826 7.63430979 1.30769072
114.05702851 7.61875803 1.30988249
115.05752876 7.59657359 1.30736912
116.05802901 7.57353608 1.30599332
117.05852926 7.55633390 1.29943271
118.05902951 7.52880805 1.30931196
119.05952976 7.50809905 1.31170129
120.06003002 7.48701708 1.31664595
121.06053027 7.46418629 1.32672546
122.06103052 7.44260204 1.32870437
123.06153077 7.42571378 1.32760958
124.06203102 7.40614807 1.33714597
125.06253127 7.37898814 1.34804506
126.06303152 7.35948204 1.35117972
127.06353177 7.34207418 1.35086448
128.06403202 7.32524422 1.36024781
129.06453227 7.30711772 1.36477824
130.06503252 7.28156716 1.37309907
131.06553277 7.26559154 1.38149788
132.06603302 7.25291952 1.38601465
133.06653327 7.23348108 1.37627465
134.06703352 7.22328653 1.38419572
135.06753377 7.20540374 1.38385055
136.06803402 7.17460678 1.38783162
137.06853427 7.15840870 1.39204416
138.06903452 7.14622909 1.39236322
139.06953477 7.12865219 1.39937920
140.07003502 7.10571772 1.40199304
141.07053527 7.09224696 1.40075497
142.07103552 7.07268231 1.39143304
143.07153577 7.05403724 1.40281952
144.07203602 7.03295703 1.40814022
145.07253627 7.01196679 1.41653642
146.07303652 6.98964842 1.42576182
147.07353677 6.98270488 1.42689516
148.07403702 6.95619366 1.43634552
149.07453727 6.93931183 1.44496230
150.07503752 6.92522649 1.44527491
151.07553777 6.91105574 1.44884314
152.07603802 6.88764548 1.44921098
153.07653827 6.86731754 1.44858834
154.07703852 6.83957222 1.45013830
155.07753877 6.81779617 1.45438535
156.07803902 6.79710741 1.44997909
157.07853927 6.78192460 1.45199704
158.07903952 6.76797743 1.44930147
159.07953977 6.74807030 1.45578739
160.08004002 6.73426059 1.45707519
161.08054027 6.71508037 1.45792222
162.08104052 6.69915967 1.44496975
163.08154077 6.67588235 1.44589799
164.08204102 6.65682676 1.45681862
165.08254127 6.63824662 1.47078492
166.08304152 6.62189788 1.47157194
167.08354177 6.60213716 1.47729169
168.08404202 6.59323923 1.47689896
169.08454227 6.58171998 1.47753273
170.08504252 6.56679978 1.48142639
171.08554277 6.55437649 1.47705812
172.08604302 6.53808273 1.47381682
173.08654327 6.52420391 1.47185067
174.08704352 6.50698591 1.47195450
175.08754377 6.49222794 1.46605784
176.08804402 6.47860312 1.46756156
177.08854427 6.47035231 1.47234717
178.08904452 6.45086378 1.47408030
179.08954477 6.42418605 1.47324763
180.09004502 6.40826659 1.47552087
181.09054527 6.38666540 1.48060180
182.09104552 6.37175427 1.48098458
183.09154577 6.35119881 1.48558336
184.09204602 6.34087526 1.48720957
185.09254627 6.32512017 1.48730424
186.09304652 6.30750662 1.48831772
187.09354677 6.29437676 1.48113883
188.09404702 6.28112155 1.49021690
189.09454727 6.27374135 1.49558008
190.09504752 6.25497842 1.50171541
191.09554777 6.23564899 1.49711756
192.09604802 6.20997095 1.48731566
193.09654827 6.19464349 1.48796228
194.09704852 6.17934754 1.49657969
195.09754877 6.16612821 1.49912927
196.09804902 6.15032597 1.50329066
197.09854927 6.12007321 1.50018030
198.09904952 6.10842516 1.50091571
199.09954977 6.09379052 1.50548145
200.10005003 6.08209724 1.50853941
201.10055028 6.05640596 1.51540926
202.10105053 6.04461504 1.51277581
203.10155078 6.02990677 1.51379088
204.10205103 6.00983889 1.52115901
205.10255128 5.99188982 1.52406261
206.10305153 5.97837452 1.52527368
207.10355178 5.96849710 1.52167565
208.10405203 5.96260374 1.52304751
209.10455228 5.94348626 1.52734659
210.10505253 5.92159535 1.52596958
211.10555278 5.90323737 1.53087961
212.10605303 5.89706270 1.53510102
213.10655328 5.88201283 1.53565625
214.10705353 5.85841704 1.53819569
215.10755378 5.84975218 1.54176355
216.10805403 5.82735860 1.54652291
217.10855428 5.80736682 1.55585877
218.10905453 5.78716273 1.55756151
219.10955478 5.77440716 1.55652418
220.11005503 5.76533130 1.55916598
221.11055528 5.75661375 1.56202957
222.11105553 5.73709316 1.56555594
223.11155578 5.71625300 1.57280035
224.11205603 5.70647228 1.58318212
225.11255628 5.69166952 1.58407297
226.11305653 5.66853698 1.58544068
227.11355678 5.65396841 1.59642065
228.11405703 5.63909029 1.59848158
229.11455728 5.62042884 1.60294681
230.11505753 5.59520678 1.60501670
231.11555778 5.57359308 1.60186093
232.11605803 5.55581293 1.61115857
233.11655828 5.54706915 1.61520507
234.11705853 5.52648309 1.61932576
235.11755878 5.51131476 1.62303914
236.11805903 5.49635922 1.62440633
237.11855928 5.47713694 1.62238742
238.11905953 5.46112599 1.62803605
239.11955978 5.44437455 1.62396575
240.12006003 5.42608209 1.62746841
241.12056028 5.40776927 1.62690335
242.12106053 5.39032583 1.62643889
243.12156078 5.37643247 1.63416874
244.12206103 5.35088819 1.63042451
245.12256128 5.34089793 1.62466723
246.12306153 5.32651080 1.62873254
247.12356178 5.30844104 1.62520493
248.12406203 5.29439793 1.62049587
249.12456228 5.26929624 1.61559683
250.12506253 5.25314713 1.61070953
251.12556278 5.23508351 1.61640577
252.12606303 5.22106681 1.61451142
253.12656328 5.20591541 1.61084483
254.12706353 5.18842939 1.61549911
255.12756378 5.17521005 1.61842440
256.12806403 5.15579205 1.61135707
257.12856428 5.14342175 1.60442364
258.12906453 5.13162952 1.60819508
259.12956478 5.11642136 1.61631324
260.13006503 5.09380943 1.61466241
261.13056528 5.08549061 1.61325647
262.13106553 5.07680069 1.61553727
263.13156578 5.06678679 1.62157367
264.13206603 5.05402842 1.61918583
265.13256628 5.03660700 1.62082398
266.13306653 5.02904712 1.62444264
267.13356678 5.00640949 1.62245853
268.13406703 4.99232934 1.62650378
269.13456728 4.98042652 1.63160328
270.13506753 4.96779673 1.63541356
271.13556778 4.95711558 1.63229903
272.13606803 4.94082798 1.63300594
273.13656828 4.92781738 1.63662238
274.13706853 4.90564317 1.64324525
275.13756878 4.88569462 1.63698309
276.13806903 4.86797120 1.64273258
277.13856928 4.85641686 1.64504985
278.13906953 4.84592967 1.63859769
279.13956978 4.83220007 1.64524124
280.14007004 4.81281401 1.65450840
281.14057029 4.79130673 1.66125379
282.14107054 4.77906816 1.66051142
283.14157079 4.76909926 1.66981617
284.14207104 4.75180462 1.67456481
285.14257129 4.72304502 1.67185790
286.14307154 4.70420177 1.66664939
287.14357179 4.69872367 1.66887535
288.14407204 4.68554286 1.67430127
289.14457229 4.66343574 1.67427071
290.14507254 4.64966802 1.67228403
291.14557279 4.64335267 1.67187975
292.14607304 4.62197677 1.66999752
293.14657329 4.59905541 1.67042687
294.14707354 4.58488363 1.66756841
295.14757379 4.56893145 1.67291292
296.14807404 4.55380857 1.67460462
297.14857429 4.54790186 1.67395147
298.14907454 4.53355367 1.67647545
299.14957479 4.51601553 1.68366285
300.15007504 4.50548762 1.68881858
301.15057529 4.48814800 1.68845827
302.15107554 4.46128461 1.67510494
303.15157579 4.44564012 1.67897901
304.15207604 4.42457016 1.67758983
305.15257629 4.40713287 1.67315021
306.15307654 4.39733359 1.67541035
307.15357679 4.37980738 1.68271315
308.15407704 4.36385801 1.67867863
309.15457729 4.35223485 1.68635079
310.15507754 4.33693034 1.68223265
311.15557779 4.32215216 1.68224999
312.15607804 4.31296794 1.67854600
313.15657829 4.29981997 1.67399372
314.15707854 4.28848666 1.67241037
315.15757879 4.27467470 1.67237814
316.15807904 4.26403303 1.67578673
317.15857929 4.24846913 1.67174416
318.15907954 4.23880145 1.67597770
319.15957979 4.22407782 1.67916005
320.16008004 4.20057895 1.68860993
321.16058029 4.18884969 1.68927022
322.16108054 4.17445181 1.69136552
323.16158079 4.15737508 1.68843200
324.16208104 4.14548659 1.68991032
325.16258129 4.13174425 1.68742560
326.16308154 4.12062727 1.67689450
327.16358179 4.10687054 1.67963238
328.16408204 4.09139618 1.68613882
329.16458229 4.08059812 1.68466789
330.16508254 4.07271492 1.68171820
331.16558279 4.05056007 1.68847554
332.16608304 4.03563678 1.68765751
333.16658329 4.02077932 1.67677831
334.16708354 4.00098202 1.67857073
335.16758379 3.99583848 1.68493593
336.16808404 3.97583023 1.68154254
337.16858429 3.96209206 1.68528161
338.16908454 3.94530585 1.68967258
339.16958479 3.93753766 1.68631398
340.17008504 3.91962611 1.68091385
341.17058529 3.90870384 1.68454036
342.17108554 3.88828079 1.68583471
343.17158579 3.86987885 1.69141429
344.17208604 3.85897635 1.68610847
345.17258629 3.84822663 1.68514518
346.17308654 3.83987182 1.68502935
347.17358679 3.82565523 1.68507563
348.17408704 3.80907480 1.67896236
349.17458729 3.79996686 1.67828384
350.17508754 3.78206089 1.68323437
351.17558779 3.77214557 1.68641618
352.17608804 3.75952619 1.68435736
353.17658829 3.74591775 1.68303482
354.17708854 3.73363300 1.68038986
355.17758879 3.72107076 1.68295168
356.17808904 3.70522486 1.68705980
357.17858929 3.69827658 1.68684738
358.17908954 3.68711830 1.68404197
359.17958979 3.67137556 1.67541342
360.18009005 3.65252837 1.67394892
361.18059030 3.64043814 1.67150868
362.18109055 3.63203276 1.67320878
363.18159080 3.61401220 1.66133614
364.18209105 3.60199782 1.65629137
365.18259130 3.59077020 1.65043260
366.18309155 3.57783125 1.64811805
367.18359180 3.56939580 1.65091482
368.18409205 3.55906892 1.64968152
369.18459230 3.54823604 1.64582459
370.18509255 3.53442564 1.64447363
371.18559280 3.52115820 1.64606485
372.18609305 3.51070626 1.64637242
373.18659330 3.50044896 1.64508597
374.18709355 3.48582504 1.64954604
375.18759380 3.47293352 1.64908182
376.18809405 3.46369829 1.65018710
377.18859430 3.45391681 1.64960281
378.18909455 3.43940314 1.64741164
379.18959480 3.43022955 1.64742035
380.19009505 3.41368168 1.65196273
381.19059530 3.38849819 1.65662656
382.19109555 3.37427881 1.65166292
383.19159580 3.35660309 1.64532797
384.19209605 3.34737150 1.64720826
385.19259630 3.34039879 1.64818877
386.19309655 3.32971957 1.64603721
387.19359680 3.31812083 1.64855689
388.19409705 3.30684642 1.64529700
389.19459730 3.30324820 1.65019351
390.19509755 3.29112926 1.64714402
391.19559780 3.27962507 1.64740069
392.19609805 3.26002430 1.64179095
393.19659830 3.25116420 1.63901841
394.19709855 3.24108593 1.64055243
395.19759880 3.23026525 1.64747442
396.19809905 3.21969906 1.64756471
397.19859930 3.21110544 1.64706653
398.19909955 3.20379078 1.64884415
399.19959980 3.19266220 1.64495066
400.20010005 3.18329619 1.64277082
401.20060030 3.16948025 1.63127330
402.20110055 3.16028653 1.63203397
403.20160080 3.15129157 1.63407327
404.20210105 3.14338257 1.63020359
405.20260130 3.13210049 1.62634578
406.20310155 3.11998783 1.62158011
407.20360180 3.11002302 1.62145818
408.20410205 3.09727412 1.61562291
409.20460230 3.08918613 1.61716977
410.20510255 3.08425596 1.61744862
411.20560280 3.07244453 1.61028066
412.20610305 3.06428953 1.60708072
413.20660330 3.04885545 1.60257788
414.20710355 3.04119924 1.60605139
415.20760380 3.03434373 1.60993475
416.20810405 3.02074131 1.60924186
417.20860430 3.01436378 1.60861096
418.20910455 2.99917760 1.60906964
419.20960480 2.98369587 1.60573497
420.21010505 2.97359573 1.60396769
421.21060530 2.95307297 1.59109714
422.21110555 2.94191584 1.59295130
423.21160580 2.93054013 1.59237056
424.21210605 2.91788169 1.58747603
425.21260630 2.90816613 1.58333387
426.21310655 2.89593423 1.57947620
427.21360680 2.88594172 1.57773461
428.21410705 2.87448449 1.57300444
429.21460730 2.86511251 1.57262142
430.21510755 2.85706931 1.57109739
431.21560780 2.84235985 1.57363561
432.21610805 2.83573090 1.57056813
433.21660830 2.81955501 1.56182836
434.21710855 2.81539635 1.56428967
435.21760880 2.79801578 1.55635559
436.21810905 2.79309705 1.55713477
437.21860930 2.78484348 1.55760990
438.21910955 2.77686981 1.55158293
439.21960980 2.76890344 1.55129230
440.22011006 2.75576564 1.54267518
441.22061031 2.74156237 1.53415049
442.22111056 2.73056815 1.53046132
443.22161081 2.71107736 1.52552275
444.22211106 2.70406096 1.52834531
445.22261131 2.70305151 1.52997910
446.22311156 2.69193114 1.52380680
447.22361181 2.68207639 1.52243577
448.22411206 2.66943765 1.52174249
449.22461231 2.66255337 1.52152013
450.22511256 2.65263490 1.51680586
451.22561281 2.64351819 1.51259114
452.22611306 2.63189699 1.50877748
453.22661331 2.62095439 1.50366763
454.22711356 2.61070975 1.50714146
455.22761381 2.60157232 1.50253488
456.22811406 2.59561593 1.50608414
457.22861431 2.58810980 1.49941496
458.22911456 2.57859095 1.49736579
459.22961481 2.57126368 1.49615734
460.23011506 2.55819947 1.49071628
461.23061531 2.54761725 1.49082756
462.23111556 2.53163211 1.48968992
463.23161581 2.51986190 1.48516046
464.23211606 2.50526295 1.47958866
465.23261631 2.49396666 1.48412935
466.23311656 2.48628212 1.48540662
467.23361681 2.47433803 1.48394965
468.23411706 2.46321567 1.48189990
469.23461731 2.45878341 1.48175115
470.23511756 2.45054395 1.48012716
471.23561781 2.43946124 1.46898704
472.23611806 2.43306365 1.46294876
473.23661831 2.41857312 1.45631370
474.23711856 2.40701840 1.45393241
475.23761881 2.39871100 1.44746519
476.23811906 2.38929483 1.44606062
477.23861931 2.38397468 1.44717987
478.23911956 2.37773748 1.44695052
479.23961981 2.36823683 1.44365746
480.24012006 2.36040672 1.44369863
481.24062031 2.35480226 1.44485931
482.24112056 2.34081929 1.43946167
483.24162081 2.33009353 1.42878205
484.24212106 2.32240534 1.42788373
485.24262131 2.31566336 1.42800432
486.24312156 2.30627582 1.42756145
487.24362181 2.30446415 1.42896899
488.24412206 2.29085751 1.41861299
489.24462231 2.27952715 1.41461985
490.24512256 2.26964680 1.40892692
491.24562281 2.26082951 1.40466236
492.24612306 2.25451687 1.40546476
493.24662331 2.24476197 1.40494184
494.24712356 2.23542480 1.40243218
495.24762381 2.22850260 1.40573249
496.24812406 2.22047466 1.40241565
497.24862431 2.21322017 1.39703005
498.24912456 2.19998064 1.38783370
499.24962481 2.19555153 1.38753737
500.25012506 2.18588053 1.38719749
501.25062531 2.18209202 1.38547961
502.25112556 2.16602625 1.37537414
503.25162581 2.15663155 1.37101669
504.25212606 2.14575232 1.36608393
505.25262631 2.13439404 1.36288267
506.25312656 2.13102378 1.36610840
507.25362681 2.11879160 1.36074427
508.25412706 2.11257290 1.35752548
509.25462731 2.10010243 1.35719016
510.25512756 2.09260253 1.35525333
511.25562781 2.08361959 1.35002741
512.25612806 2.07763892 1.35355086
513.25662831 2.06947404 1.34401312
514.25712856 2.05998326 1.34352481
515.25762881 2.04612457 1.33767041
516.25812906 2.04057724 1.34037285
517.25862931 2.03432848 1.33551793
518.25912956 2.02311332 1.33328029
519.25962981 2.01433200 1.33440974
520.26013007 2.00433955 1.33505150
521.26063032 1.99324990 1.33199788
522.26113057 1.98912965 1.32963399
523.26163082 1.98272106 1.32952418
524.26213107 1.97152860 1.32824605
525.26263132 1.96740820 1.32767927
526.26313157 1.96170120 1.32690735
527.26363182 1.95589594 1.32706616
528.26413207 1.95313961 1.32722702
529.26463232 1.94497615 1.32182983
530.26513257 1.93476574 1.32070071
531.26563282 1.92982015 1.31729380
532.26613307 1.91975424 1.31350571
533.26663332 1.90954912 1.30951101
534.26713357 1.90497838 1.30986027
535.26763382 1.89753289 1.30394597
536.26813407 1.88690972 1.29970517
537.26863432 1.87929782 1.29504166
538.26913457 1.87113323 1.29423403
539.26963482 1.86633954 1.29265498
540.27013507 1.86004777 1.29139991
541.27063532 1.84765691 1.27658369
542.27113557 1.83739724 1.27766001
543.27163582 1.82766592 1.27565350
544.27213607 1.82207694 1.27440679
545.27263632 1.81255439 1.27049670
546.27313657 1.80641293 1.26651159
547.27363682 1.79917870 1.26620601
548.27413707 1.78768950 1.26363648
549.27463732 1.77930272 1.25948782
550.27513757 1.77481372 1.25660388
551.27563782 1.77010601 1.25412682
552.27613807 1.76088948 1.24717039
553.27663832 1.75301852 1.23837308
554.27713857 1.74588837 1.23498018
555.27763882 1.74034572 1.23353791
556.27813907 1.73431420 1.23009188
557.27863932 1.72538057 1.22340164
558.27913957 1.71913980 1.22434363
559.27963982 1.71366479 1.21941108
560.28014007 1.70997849 1.21929757
561.28064032 1.70377072 1.21714762
562.28114057 1.69485444 1.21511271
563.28164082 1.69077608 1.21054680
564.28214107 1.68922887 1.21030059
565.28264132 1.68485492 1.21242215
566.28314157 1.67944891 1.21177427
567.28364182 1.66938251 1.20635415
568.28414207 1.66069018 1.20210777
569.28464232 1.65488543 1.20819989
570.28514257 1.64821390 1.20295193
571.28564282 1.64054123 1.20093482
572.28614307 1.63596066 1.20353700
573.28664332 1.62873989 1.20109305
574.28714357 1.61959395 1.19716792
575.28764382 1.61415104 1.19712711
576.28814407 1.60765854 1.19704115
577.28864432 1.60254701 1.19927875
578.28914457 1.59873841 1.19779642
579.28964482 1.59531987 1.19682503
580.29014507 1.58885401 1.19688854
581.29064532 1.58710462 1.19764208
582.29114557 1.57954279 1.19505294
583.29164582 1.57433375 1.19118962
584.29214607 1.56876625 1.18897576
585.29264632 1.56460226 1.18789860
586.29314657 1.55326251 1.18175626
587.29364682 1.54622352 1.17729577
588.29414707 1.53773154 1.17227488
589.29464732 1.53751813 1.17207057
590.29514757 1.52953252 1.17148070
591.29564782 1.52518274 1.16892024
592.29614807 1.51928140 1.16901109
593.29664832 1.51221288 1.16566767
594.29714857 1.50500271 1.16135908
595.29764882 1.49771687 1.16037939
596.29814907 1.48783050 1.15416336
597.29864932 1.47846977 1.14728436
598.29914957 1.47494727 1.14662615
599.29964982 1.47317337 1.14234451
600.30015008 1.46626117 1.14422717
601.30065033 1.45971265 1.14085116
602.30115058 1.45635198 1.13982638
603.30165083 1.44976548 1.13297731
604.30215108 1.44177921 1.12752220
605.30265133 1.43507584 1.12470890
606.30315158 1.42923955 1.12334782
607.30365183 1.42121458 1.11939966
608.30415208 1.41771933 1.11919248
609.30465233 1.41223585 1.12023343
610.30515258 1.41068193 1.11872730
611.30565283 1.40598089 1.11965922
612.30615308 1.40343150 1.11957308
613.30665333 1.39866006 1.11949309
614.30715358 1.38732812 1.11481230
615.30765383 1.38355234 1.11182189
616.30815408 1.38119463 1.10761944
617.30865433 1.37230012 1.09945150
618.30915458 1.36737788 1.09771029
619.30965483 1.36315635 1.09868302
620.31015508 1.35763968 1.09135788
621.31065533 1.35152571 1.08765355
622.31115558 1.34759874 1.08600216
623.31165583 1.34043231 1.08249194
624.31215608 1.33582806 1.08203822
625.31265633 1.33123027 1.08276102
626.31315658 1.32733936 1.08073025
627.31365683 1.32284703 1.08071414
628.31415708 1.31351015 1.07373277
629.31465733 1.30489798 1.06651079
630.31515758 1.29691990 1.06645429
631.31565783 1.29146432 1.06898714
632.31615808 1.28358196 1.06248249
633.31665833 1.28237141 1.06785722
634.31715858 1.27624919 1.06665744
635.31765883 1.26694114 1.06027801
636.31815908 1.26063366 1.05913075
637.31865933 1.25710298 1.05844882
638.31915958 1.25310879 1.05671030
639.31965983 1.24772580 1.05550202
640.32016008 1.24023444 1.05286245
641.32066033 1.23350423 1.04626095
642.32116058 1.22280043 1.04313175
643.32166083 1.21643731 1.04336001
644.32216108 1.21164659 1.03994669
645.32266133 1.20446192 1.03795263
646.32316158 1.19755240 1.03132770
647.32366183 1.19387040 1.03119210
648.32416208 1.19205103 1.03127828
649.32466233 1.18952965 1.03257872
650.32516258 1.18225899 1.02754120
651.32566283 1.17334987 1.01971038
652.32616308 1.16911060 1.01518143
653.32666333 1.16173810 1.01191722
654.32716358 1.15283911 1.00381686
655.32766383 1.14515144 0.99777052
656.32816408 1.13914164 0.99185680
657.32866433 1.13570663 0.99205762
658.32916458 1.13438926 0.99095889
659.32966483 1.13261273 0.99187598
660.33016508 1.12552979 0.98610103
661.33066533 1.12348174 0.98974576
662.33116558 1.11686686 0.98398623
663.33166583 1.11307780 0.98410930
664.33216608 1.10693745 0.98309460
665.33266633 1.09967935 0.98004421
666.33316658 1.09466530 0.97692215
667.33366683 1.09129862 0.97515883
668.33416708 1.08418968 0.97103374
669.33466733 1.07770264 0.96911470
670.33516758 1.07415594 0.96749076
671.33566783 1.06902678 0.96540625
672.33616808 1.06401971 0.96241307
673.33666833 1.05812189 0.96158555
674.33716858 1.05236329 0.95639985
675.33766883 1.04988664 0.95588806
676.33816908 1.04476203 0.95155713
677.33866933 1.03861303 0.94234713
678.33916958 1.03043466 0.93897551
679.33966983 1.02273544 0.93278480
680.34017009 1.01817648 0.92954016
681.34067034 1.01451214 0.92998244
682.34117059 1.01053807 0.92689381
683.34167084 1.00684495 0.92353938
684.34217109 1.00328593 0.92339133
685.34267134 1.00039129 0.92275591
686.34317159 0.99451317 0.91747649
687.34367184 0.99215699 0.91592667
688.34417209 0.98636407 0.91172871
689.34467234 0.98167233 0.91036139
690.34517259 0.97786170 0.90740503
691.34567284 0.97361073 0.90486172
692.34617309 0.97088692 0.90489458
693.34667334 0.96609399 0.90329493
694.34717359 0.96217431 0.89815107
695.34767384 0.96037739 0.89611089
696.34817409 0.96132552 0.89919618
697.34867434 0.95816775 0.89721499
698.34917459 0.95347455 0.89407549
699.34967484 0.95040872 0.89828421
700.35017509 0.94567395 0.89564804
701.35067534 0.94173265 0.89420268
702.35117559 0.93769819 0.89320511
703.35167584 0.93541091 0.89186775
704.35217609 0.92788640 0.88806610
705.35267634 0.92063522 0.87902675
706.35317659 0.91507318 0.87535227
707.35367684 0.90821532 0.87224466
708.35417709 0.90561819 0.86718716
709.35467734 0.90126727 0.86689929
710.35517759 0.89457152 0.86114723
711.35567784 0.88972958 0.85691368
712.35617809 0.88660114 0.85589969
713.35667834 0.87903992 0.85132783
714.35717859 0.87543834 0.85439894
715.35767884 0.86861570 0.85085347
716.35817909 0.86414384 0.84718355
717.35867934 0.85743570 0.84354693
718.35917959 0.85498937 0.83970629
719.35967984 0.84930227 0.83411298
720.36018009 0.84476661 0.83498129
721.36068034 0.84142275 0.83381118
722.36118059 0.83738058 0.83075140
723.36168084 0.83473611 0.83686445
724.36218109 0.83006605 0.83387632
725.36268134 0.82386555 0.83010788
726.36318159 0.82188532 0.83084012
727.36368184 0.81617431 0.82684173
728.36418209 0.81040458 0.82367496
729.36468234 0.80929733 0.82397428
730.36518259 0.80493935 0.81819831
731.36568284 0.80043205 0.81491718
732.36618309 0.79459864 0.81347490
733.36668334 0.78861098 0.81037393
734.36718359 0.78365912 0.80681673
735.36768384 0.78064673 0.80488193
736.36818409 0.77657396 0.80228627
737.36868434 0.77453575 0.80094905
738.36918459 0.77185405 0.80018337
739.36968484 0.76556841 0.79766538
740.37018509 0.76098563 0.78785537
741.37068534 0.75703247 0.78393674
742.37118559 0.75406882 0.78287301
743.37168584 0.75145796 0.78191481
744.37218609 0.74784441 0.78031749
745.37268634 0.74309675 0.77692440
746.37318659 0.73736187 0.77212046
747.37368684 0.73405437 0.77079758
748.37418709 0.73184781 0.76744990
749.37468734 0.72796895 0.77000749
750.37518759 0.72527652 0.76853764
751.37568784 0.72037676 0.76414660
752.37618809 0.71734330 0.76489649
753.37668834 0.71597344 0.76468854
754.37718859 0.71379218 0.76474687
755.37768884 0.71051122 0.76321957
756.37818909 0.70729008 0.76184773
757.37868934 0.70403679 0.75928318
758.37918959 0.70184304 0.75725797
759.37968984 0.69779070 0.75195465
760.38019010 0.69547977 0.74647500
761.38069035 0.69053243 0.74319948
762.38119060 0.68631412 0.74290904
763.38169085 0.68379773 0.74265063
764.38219110 0.68080628 0.73927437
765.38269135 0.67786364 0.73766213
766.38319160 0.67219084 0.73387263
767.38369185 0.66993929 0.73271220
768.38419210 0.66681704 0.73115973
769.38469235 0.66465728 0.73678538
770.38519260 0.65860300 0.73037801
771.38569285 0.65517650 0.73065044
772.38619310 0.65162615 0.72695443
773.38669335 0.64908627 0.72607665
774.38719360 0.64666740 0.72341873
775.38769385 0.64165061 0.71779410
776.38819410 0.63941173 0.71850169
777.38869435 0.63781971 0.71728861
778.38919460 0.63399175 0.71650092
779.38969485 0.62985348 0.71222351
780.39019510 0.62733919 0.71214510
781.39069535 0.62626047 0.71302681
782.39119560 0.62460349 0.71297531
783.39169585 0.61890683 0.70884231
784.39219610 0.61326584 0.70615711
785.39269635 0.60911914 0.70327253
786.39319660 0.60774223 0.70213374
787.39369685 0.60519733 0.70176910
788.39419710 0.60254545 0.69853619
789.39469735 0.60014353 0.69836391
790.39519760 0.59757160 0.69398049
791.39569785 0.59473342 0.69506261
792.39619810 0.59445693 0.70045813
793.39669835 0.59175274 0.69862848
794.39719860 0.58826732 0.69588614
795.39769885 0.58715139 0.69704709
796.39819910 0.58327725 0.69404679
797.39869935 0.58148786 0.69331939
798.39919960 0.58111771 0.69203541
799.39969985 0.57747334 0.68986640
800.40020010 0.57654468 0.68994206
801.40070035 0.57458847 0.68892175
802.40120060 0.57230957 0.68933487
803.40170085 0.56940174 0.68760581
804.40220110 0.56622218 0.68278103
805.40270135 0.56329771 0.68130833
806.40320160 0.56260380 0.68245360
807.40370185 0.55881873 0.67963652
808.40420210 0.55633050 0.67894076
809.40470235 0.55359248 0.67704290
810.40520260 0.55157486 0.67411778
811.40570285 0.54834280 0.67248345
812.40620310 0.54590243 0.67131149
813.40670335 0.54313496 0.66799982
814.40720360 0.54187188 0.66620095
815.40770385 0.53938048 0.66350233
816.40820410 0.53625983 0.65570444
817.40870435 0.53402688 0.65484057
818.40920460 0.52988872 0.64872965
819.40970485 0.52529695 0.64167690
820.41020510 0.52067235 0.63706194
821.41070535 0.52175924 0.63750549
822.41120560 0.51987872 0.63652369
823.41170585 0.51724049 0.63672638
824.41220610 0.51489458 0.63422961
825.41270635 0.51303085 0.62694001
826.41320660 0.51249111 0.62949191
827.41370685 0.51110763 0.62987503
828.41420710 0.50837631 0.62667140
829.41470735 0.50651511 0.62649564
830.41520760 0.50355934 0.62253740
831.41570785 0.50135163 0.62059184
832.41620810 0.49927985 0.62070855
833.41670835 0.49682215 0.61649832
834.41720860 0.49379487 0.61415397
835.41770885 0.49210378 0.61309645
836.41820910 0.48870092 0.60857978
837.41870935 0.48690939 0.60750115
838.41920960 0.48410379 0.60522051
839.41970985 0.48221827 0.60320626
840.42021011 0.48046392 0.60337202
841.42071036 0.47683435 0.59681610
842.42121061 0.47359329 0.59520891
843.42171086 0.47175463 0.59439395
844.42221111 0.47044710 0.59398336
845.42271136 0.46903154 0.59336981
846.42321161 0.46751310 0.59103193
847.42371186 0.46500716 0.58974235
848.42421211 0.46208063 0.58673988
849.42471236 0.45777630 0.57666730
850.42521261 0.45603425 0.57612164
851.42571286 0.45364295 0.57460666
852.42621311 0.45090416 0.57175550
853.42671336 0.45012594 0.57738535
854.42721361 0.44807698 0.57776278
855.42771386 0.44653231 0.57537254
856.42821411 0.44575305 0.57743674
857.42871436 0.44444294 0.57723538
858.42921461 0.44149145 0.57632900
859.42971486 0.43717914 0.57532921
860.43021511 0.43552019 0.57266992
861.43071536 0.43432393 0.57346092
862.43121561 0.43192770 0.56907643
863.43171586 0.42773228 0.56298821
864.43221611 0.42383326 0.55780898
865.43271636 0.42144621 0.55221192
866.43321661 0.41773659 0.54950917
867.43371686 0.41663107 0.54944486
868.43421711 0.41231235 0.54184818
869.43471736 0.41045676 0.54009493
870.43521761 0.40866964 0.54111752
871.43571786 0.40784101 0.54263097
872.43621811 0.40520304 0.54112406
873.43671836 0.40154552 0.53443663
874.43721861 0.39922124 0.53202487
875.43771886 0.39551422 0.52893551
876.43821911 0.39469340 0.53021085
877.43871936 0.39324462 0.53399655
878.43921961 0.39267300 0.52741441
879.43971986 0.39157938 0.52813641
880.44022011 0.38871389 0.52269785
881.44072036 0.38614057 0.52236578
882.44122061 0.38447503 0.52102779
883.44172086 0.38361918 0.52454156
884.44222111 0.38313846 0.52627819
885.44272136 0.37789162 0.52292470
886.44322161 0.37537182 0.51784862
887.44372186 0.37341424 0.51903120
888.44422211 0.37271983 0.52016752
889.44472236 0.37008012 0.51166724
890.44522261 0.36742139 0.51064979
891.44572286 0.36611219 0.51079109
892.44622311 0.36418269 0.50952612
893.44672336 0.36294058 0.50758795
894.44722361 0.36253174 0.51851893
895.44772386 0.36051146 0.51457864
896.44822411 0.35677739 0.51188946
897.44872436 0.35500981 0.51027625
898.44922461 0.35243145 0.50759085
899.44972486 0.35165990 0.50664302
900.45022511 0.35032105 0.50812711
901.45072536 0.34825833 0.50570099
902.45122561 0.34629292 0.50450185
903.45172586 0.34501681 0.50365337
904.45222611 0.34248269 0.50189201
905.45272636 0.34134647 0.50088346
906.45322661 0.33971622 0.49811842
907.45372686 0.33872574 0.49606291
908.45422711 0.33624391 0.49465399
909.45472736 0.33485282 0.49377462
910.45522761 0.33531810 0.49403402
911.45572786 0.33488396 0.49584997
912.45622811 0.33259439 0.49494062
913.45672836 0.33111929 0.49357470
914.45722861 0.32932297 0.49256649
915.45772886 0.32797969 0.49104499
916.45822911 0.32671402 0.48935115
917.45872936 0.32453413 0.48806237
918.45922961 0.32315577 0.48690084
919.45972986 0.32269560 0.48727578
920.46023012 0.32071789 0.48632323
921.46073037 0.31949766 0.48543295
922.46123062 0.31922475 0.48831988
923.46173087 0.31678607 0.48478352
924.46223112 0.31419292 0.48120940
925.46273137 0.31313708 0.48132077
926.46323162 0.31083185 0.47937375
927.46373187 0.30799177 0.47650285
928.46423212 0.30560656 0.47272208
929.46473237 0.30395370 0.47207009
930.46523262 0.30234373 0.47184846
931.46573287 0.30151136 0.47176294
932.46623312 0.29944870 0.46678611
933.46673337 0.29807911 0.46552375
934.46723362 0.29641587 0.46259378
935.46773387 0.29448388 0.45844964
936.46823412 0.29321846 0.45733755
937.46873437 0.29170011 0.45653211
938.46923462 0.28891798 0.45247478
939.46973487 0.28818407 0.45204349
940.47023512 0.28746425 0.45367818
941.47073537 0.28552674 0.45096728
942.47123562 0.28462660 0.44967098
943.47173587 0.28272885 0.44852603
944.47223612 0.28094469 0.44718268
945.47273637 0.27947196 0.44572689
946.47323662 0.27885742 0.44617850
947.47373687 0.27757802 0.44506121
948.47423712 0.27576933 0.44238183
949.47473737 0.27483035 0.44237968
950.47523762 0.27277014 0.44053786
951.47573787 0.26957476 0.43540272
952.47623812 0.26920047 0.43608835
953.47673837 0.26861720 0.43582046
954.47723862 0.26585168 0.43320049
955.47773887 0.26452505 0.43143888
956.47823912 0.26267980 0.42984555
957.47873937 0.26176696 0.42916857
958.47923962 0.26131460 0.42849061
959.47973987 0.26019693 0.42802248
960.48024012 0.25842811 0.42718180
961.48074037 0.25756051 0.42680660
962.48124062 0.25652497 0.42492808
963.48174087 0.25487260 0.42349817
964.48224112 0.25344253 0.42202367
965.48274137 0.25302284 0.42125274
966.48324162 0.25245507 0.42051360
967.48374187 0.25153035 0.41912629
968.48424212 0.25167460 0.42251162
969.48474237 0.25148002 0.42248116
970.48524262 0.25050331 0.42186469
971.48574287 0.25025112 0.42151010
972.48624312 0.24888326 0.41990741
973.48674337 0.24850706 0.42224366
974.48724362 0.24645968 0.41902369
975.48774387 0.24569588 0.41821705
976.48824412 0.24510751 0.42106870
977.48874437 0.24412724 0.42004624
978.48924462 0.24270684 0.41851637
979.48974487 0.24162352 0.41777192
980.49024512 0.24073698 0.41705976
981.49074537 0.23907054 0.41597523
982.49124562 0.23822429 0.41537802
983.49174587 0.23704419 0.41380277
984.49224612 0.23610077 0.41227884
985.49274637 0.23510407 0.41108984
986.49324662 0.23399552 0.41007039
987.49374687 0.23259678 0.40687486
988.49424712 0.23174036 0.40624147
989.49474737 0.23072678 0.40515522
990.49524762 0.22987353 0.40453229
991.49574787 0.23027513 0.40416671
992.49624812 0.22930333 0.40170969
993.49674837 0.22869288 0.40064178
994.49724862 0.22837486 0.39876531
995.49774887 0.22695541 0.39741676
996.49824912 0.22551763 0.39712409
997.49874937 0.22442720 0.39346162
998.49924962 0.22377648 0.39199254
999.49974987 0.22234882 0.38683338
1000.50025013 0.22112809 0.38661124
1001.50075038 0.22061836 0.38751378
1002.50125063 0.22261480 0.38940757
1003.50175088 0.22026163 0.38750669
1004.50225113 0.21935762 0.38550266
1005.50275138 0.21843665 0.38654154
1006.50325163 0.21772269 0.38620564
1007.50375188 0.21546852 0.38435305
1008.50425213 0.21412100 0.38228305
1009.50475238 0.21242529 0.37798511
1010.50525263 0.21117165 0.37663624
1011.50575288 0.21118986 0.38084926
1012.50625313 0.20991604 0.37886212
1013.50675338 0.20910308 0.37583285
1014.50725363 0.20849120 0.37782495
1015.50775388 0.20756391 0.37650992
1016.50825413 0.20551681 0.37571195
1017.50875438 0.20494090 0.37443145
1018.50925463 0.20457423 0.37364201
1019.50975488 0.20322638 0.36784704
1020.51025513 0.20273727 0.36848943
1021.51075538 0.20169194 0.36706967
1022.51125563 0.20087699 0.36727144
1023.51175588 0.19991019 0.36615442
1024.51225613 0.20003550 0.36589607
1025.51275638 0.19953783 0.36521331
1026.51325663 0.19843216 0.36370914
1027.51375688 0.19666994 0.36216315
1028.51425713 0.19523401 0.36163508
1029.51475738 0.19471601 0.36094656
1030.51525763 0.19426106 0.36051282
1031.51575788 0.19370503 0.36027900
1032.51625813 0.19248760 0.35898218
1033.51675838 0.19148475 0.35627087
1034.51725863 0.19012158 0.35556786
1035.51775888 0.18893430 0.35390852
1036.51825913 0.18699394 0.35165096
1037.51875938 0.18593858 0.35008387
1038.51925963 0.18611247 0.35261212
1039.51975988 0.18458496 0.35056591
1040.52026013 0.18385557 0.34732727
1041.52076038 0.18258740 0.34803569
1042.52126063 0.18186987 0.34918477
1043.52176088 0.18101250 0.34744107
1044.52226113 0.18015443 0.34487523
1045.52276138 0.17916719 0.34393052
1046.52326163 0.17856108 0.34355792
1047.52376188 0.17776801 0.34263598
1048.52426213 0.17559885 0.33838374
1049.52476238 0.17461178 0.33622074
1050.52526263 0.17378007 0.33687971
1051.52576288 0.17250842 0.33635835
1052.52626313 0.17125326 0.33428150
1053.52676338 0.17032340 0.32981960
1054.52726363 0.16969737 0.32948062
1055.52776388 0.16875046 0.32874639
1056.52826413 0.16822286 0.32939179
1057.52876438 0.16527980 0.32334651
1058.52926463 0.16497099 0.32446995
1059.52976488 0.16433088 0.32257283
1060.53026513 0.16235214 0.31668728
1061.53076538 0.16113367 0.31366958
1062.53126563 0.16065505 0.31396984
1063.53176588 0.16116273 0.32163082
1064.53226613 0.16140446 0.32143721
1065.53276638 0.16005452 0.31996417
1066.53326663 0.15921392 0.32032610
1067.53376688 0.15830272 0.31726708
1068.53426713 0.15831198 0.31844235
1069.53476738 0.15737339 0.31792121
1070.53526763 0.15644990 0.31677889
1071.53576788 0.15565650 0.31487737
1072.53626813 0.15513380 0.31724145
1073.53676838 0.15414690 0.31551181
1074.53726863 0.15210728 0.31373929
1075.53776888 0.15180943 0.31242845
1076.53826913 0.15068921 0.31020258
1077.53876938 0.15018298 0.31069838
1078.53926963 0.14979978 0.31023548
1079.53976988 0.15006531 0.31124500
1080.54027014 0.14940314 0.31081760
1081.54077039 0.14812405 0.30403343
1082.54127064 0.14859745 0.30402668
1083.54177089 0.14774203 0.30214083
1084.54227114 0.14650566 0.30009310
1085.54277139 0.14634924 0.30059495
1086.54327164 0.14637601 0.30243956
1087.54377189 0.14534417 0.30095005
1088.54427214 0.14471958 0.30013257
1089.54477239 0.14414115 0.29937178
1090.54527264 0.14418922 0.30087333
1091.54577289 0.14322119 0.29840369
1092.54627314 0.14281993 0.29962123
1093.54677339 0.14218638 0.30002114
1094.54727364 0.14109723 0.29770209
1095.54777389 0.14058773 0.29633040
1096.54827414 0.14042804 0.29693884
1097.54877439 0.13986980 0.29577752
1098.54927464 0.13802982 0.29296882
1099.54977489 0.13789800 0.29416215
1100.55027514 0.13722058 0.29352579
1101.55077539 0.13681991 0.29188534
1102.55127564 0.13660678 0.29196032
1103.55177589 0.13652072 0.29283879
1104.55227614 0.13543151 0.29075933
1105.55277639 0.13570845 0.29043039
1106.55327664 0.13560113 0.29174619
1107.55377689 0.13504419 0.28984168
1108.55427714 0.13477480 0.28949255
1109.55477739 0.13457311 0.28923182
1110.55527764 0.13393423 0.28790443
1111.55577789 0.13240911 0.27346267
1112.55627814 0.13180335 0.27259678
1113.55677839 0.13163945 0.27338078
1114.55727864 0.13180683 0.27270877
1115.55777889 0.12980433 0.26766399
1116.55827914 0.12951458 0.26774477
1117.55877939 0.12858297 0.26603305
1118.55927964 0.12820336 0.26526037
1119.55977989 0.12801654 0.26484852
1120.56028014 0.12716466 0.26331449
1121.56078039 0.12607956 0.26215135
1122.56128064 0.12675814 0.26351429
1123.56178089 0.12688718 0.26341300
1124.56228114 0.12815834 0.26473885
1125.56278139 0.12723335 0.26356783
1126.56328164 0.12580200 0.26033564
1127.56378189 0.12523739 0.25946642
1128.56428214 0.12486233 0.25920542
1129.56478239 0.12428497 0.25859651
1130.56528264 0.12360225 0.25779858
1131.56578289 0.12336513 0.25806901
1132.56628314 0.12301622 0.25799186
1133.56678339 0.12371534 0.25882320
1134.56728364 0.12286157 0.25691860
1135.56778389 0.12234129 0.25629949
1136.56828414 0.12180938 0.25489212
1137.56878439 0.12140767 0.25478718
1138.56928464 0.12101390 0.25401215
1139.56978489 0.12086132 0.25407904
1140.57028514 0.11846969 0.24981205
1141.57078539 0.11885863 0.25099170
1142.57128564 0.11935352 0.25101991
1143.57178589 0.11859860 0.25014001
1144.57228614 0.11697140 0.24361901
1145.57278639 0.11648751 0.24346003
1146.57328664 0.11582123 0.24197334
1147.57378689 0.11506532 0.24018845
1148.57428714 0.11454303 0.24061508
1149.57478739 0.11384412 0.24005676
1150.57528764 0.11288334 0.23626787
1151.57578789 0.11187717 0.23449439
1152.57628814 0.11113038 0.23325404
1153.57678839 0.11031966 0.22988171
1154.57728864 0.11105970 0.23700705
1155.57778889 0.10884598 0.22638495
1156.57828914 0.10871358 0.22661570
1157.57878939 0.10843140 0.22631874
1158.57928964 0.10798208 0.22537200
1159.57978989 0.10733250 0.22375022
1160.58029015 0.10691862 0.22411550
1161.58079040 0.10650094 0.22462719
1162.58129065 0.10604428 0.22364810
1163.58179090 0.10549431 0.22202519
1164.58229115 0.10465903 0.22328793
1165.58279140 0.10448732 0.22463619
1166.58329165 0.10396453 0.22361787
1167.58379190 0.10355906 0.22297196
1168.58429215 0.10299668 0.22069729
1169.58479240 0.10274732 0.21990312
1170.58529265 0.10263183 0.22158766
1171.58579290 0.10250498 0.22092589
1172.58629315 0.10091404 0.20818521
1173.58679340 0.10058013 0.20899325
1174.58729365 0.09980736 0.20656288
1175.58779390 0.09906204 0.20368309
1176.58829415 0.09890027 0.20441801
1177.58879440 0.09843291 0.20443827
1178.58929465 0.09817637 0.20363600
1179.58979490 0.09809697 0.20292331
1180.59029515 0.09869426 0.20378462
1181.59079540 0.09830347 0.20410502
1182.59129565 0.09790866 0.20356490
1183.59179590 0.09729940 0.20252860
1184.59229615 0.09676220 0.20144313
1185.59279640 0.09631592 0.20029241
1186.59329665 0.09619363 0.20095375
1187.59379690 0.09630505 0.20119773
1188.59429715 0.09583786 0.20056233
1189.59479740 0.09543371 0.20045354
1190.59529765 0.09493013 0.20015484
1191.59579790 0.09517113 0.19978597
1192.59629815 0.09498223 0.19893003
1193.59679840 0.09387044 0.19421775
1194.59729865 0.09337033 0.19344163
1195.59779890 0.09265089 0.19220799
1196.59829915 0.09199029 0.19120067
1197.59879940 0.09174489 0.19135297
1198.59929965 0.09158530 0.19123993
1199.59979990 0.09099384 0.18991414
1200.60030015 0.08924429 0.18676535
1201.60080040 0.08923710 0.18988654
1202.60130065 0.08906105 0.18972232
1203.60180090 0.08874182 0.18893365
1204.60230115 0.08761602 0.18377794
1205.60280140 0.08661408 0.18211427
1206.60330165 0.08643175 0.18225530
1207.60380190 0.08605301 0.18201224
1208.60430215 0.08633877 0.18400998
1209.60480240 0.08605550 0.18459470
1210.60530265 0.08563528 0.18222025
1211.60580290 0.08490344 0.18144700
1212.60630315 0.08452826 0.18128857
1213.60680340 0.08418500 0.18054684
1214.60730365 0.08362745 0.18092084
1215.60780390 0.08322649 0.18021572
1216.60830415 0.08267114 0.17791349
1217.60880440 0.08234645 0.17736675
1218.60930465 0.08214011 0.17871166
1219.60980490 0.08358541 0.18181416
1220.61030515 0.08310636 0.18106615
1221.61080540 0.08277113 0.18012181
1222.61130565 0.08217449 0.17905419
1223.61180590 0.08190489 0.17891223
1224.61230615 0.08145004 0.17868159
1225.61280640 0.08137285 0.17831110
1226.61330665 0.08100607 0.17755404
1227.61380690 0.08139700 0.17731730
1228.61430715 0.08039568 0.17571303
1229.61480740 0.07998397 0.17528796
1230.61530765 0.07960017 0.17496059
1231.61580790 0.07971170 0.17509612
1232.61630815 0.07952215 0.17511422
1233.61680840 0.07900404 0.17386343
1234.61730865 0.07867325 0.17355611
1235.61780890 0.08000671 0.17560115
1236.61830915 0.07977728 0.17578091
1237.61880940 0.07971883 0.17547386
1238.61930965 0.07948221 0.17536206
1239.61980990 0.07920927 0.17493398
1240.62031016 0.07758070 0.16742896
1241.62081041 0.07745251 0.16753553
1242.62131066 0.07610550 0.16017991
1243.62181091 0.07587107 0.16038514
1244.62231116 0.07589288 0.16006297
1245.62281141 0.07568444 0.15979909
1246.62331166 0.07534067 0.15910320
1247.62381191 0.07487617 0.15886716
1248.62431216 0.07554457 0.16467523
1249.62481241 0.07563234 0.16644188
1250.62531266 0.07543343 0.16430340
1251.62581291 0.07462441 0.16417830
1252.62631316 0.07394122 0.16142275
1253.62681341 0.07286651 0.16018022
1254.62731366 0.07278756 0.16056506
1255.62781391 0.07453292 0.16416582
1256.62831416 0.07415776 0.16307230
1257.62881441 0.07370684 0.16167757
1258.62931466 0.07527187 0.16655292
1259.62981491 0.07505702 0.16656820
1260.63031516 0.07507597 0.16678820
1261.63081541 0.07462833 0.16618066
1262.63131566 0.07413016 0.16566867
1263.63181591 0.07377459 0.16478821
1264.63231616 0.07347445 0.16418738
1265.63281641 0.07322629 0.16409570
1266.63331666 0.07260007 0.16338890
1267.63381691 0.07233618 0.16276782
1268.63431716 0.07166177 0.16224308
1269.63481741 0.07121336 0.16166801
1270.63531766 0.07098609 0.16133138
1271.63581791 0.06932744 0.15539012
1272.63631816 0.06808123 0.15051508
1273.63681841 0.06792105 0.15089462
1274.63731866 0.06749291 0.14994687
1275.63781891 0.06713800 0.14834537
1276.63831916 0.06627946 0.14540422
1277.63881941 0.06631617 0.14687414
1278.63931966 0.06510302 0.14164919
1279.63981991 0.06481269 0.14159767
1280.64032016 0.06457527 0.14057408
1281.64082041 0.06400642 0.13897155
1282.64132066 0.06395940 0.13887585
1283.64182091 0.06358072 0.13836552
1284.64232116 0.06417448 0.13996895
1285.64282141 0.06377882 0.13920446
1286.64332166 0.06360667 0.13789744
1287.64382191 0.06337113 0.13771047
1288.64432216 0.06328348 0.13790052
1289.64482241 0.06258375 0.13712661
1290.64532266 0.06223000 0.13672786
1291.64582291 0.06187859 0.13645460
1292.64632316 0.06337871 0.14119202
1293.64682341 0.06315227 0.14070986
1294.64732366 0.06275742 0.13927909
1295.64782391 0.06227667 0.13787883
1296.64832416 0.06203763 0.13757260
1297.64882441 0.06155403 0.13659386
1298.64932466 0.06134760 0.13640903
1299.64982491 0.06104445 0.13566429
1300.65032516 0.06094114 0.13579280
1301.65082541 0.06110999 0.13565483
1302.65132566 0.06100139 0.13566380
1303.65182591 0.06068586 0.13510709
1304.65232616 0.06038522 0.13451591
1305.65282641 0.06013337 0.13409795
1306.65332666 0.05995619 0.13378673
1307.65382691 0.06107573 0.13675705
1308.65432716 0.06174206 0.13900938
1309.65482741 0.06209807 0.13728308
1310.65532766 0.06174287 0.13637059
1311.65582791 0.06153608 0.13781815
1312.65632816 0.06138739 0.13779717
1313.65682841 0.06087329 0.13576667
1314.65732866 0.06094144 0.13605791
1315.65782891 0.06080604 0.13552989
1316.65832916 0.06189493 0.13764877
1317.65882941 0.06166239 0.13748140
1318.65932966 0.06160356 0.13728279
1319.65982991 0.06137347 0.13676843
1320.66033017 0.06111758 0.13571332
1321.66083042 0.06111589 0.13609998
1322.66133067 0.06099058 0.13652846
1323.66183092 0.06069001 0.13564307
1324.66233117 0.06081014 0.13573815
1325.66283142 0.06024814 0.13447787
1326.66333167 0.05966421 0.13270383
1327.66383192 0.06036838 0.13460210
1328.66433217 0.06028274 0.13478999
1329.66483242 0.05944109 0.13311932
1330.66533267 0.05920861 0.13230017
1331.66583292 0.05922753 0.13246088
1332.66633317 0.05911342 0.13231157
1333.66683342 0.05903057 0.13246475
1334.66733367 0.06035592 0.13762840
1335.66783392 0.05997569 0.13735798
1336.66833417 0.05976864 0.13713540
1337.66883442 0.06028518 0.13905133
1338.66933467 0.05987667 0.13762124
1339.66983492 0.05975533 0.13761173
1340.67033517 0.05946257 0.13718996
1341.67083542 0.05922240 0.13717693
1342.67133567 0.05906410 0.13711167
1343.67183592 0.05871523 0.13612470
1344.67233617 0.06013543 0.13941738
1345.67283642 0.05990532 0.13969812
1346.67333667 0.05948837 0.13844371
1347.67383692 0.05915815 0.13792716
1348.67433717 0.05914623 0.13823015
1349.67483742 0.05880600 0.13745133
1350.67533767 0.05859707 0.13737487
1351.67583792 0.05819541 0.13671469
1352.67633817 0.05903066 0.13805996
1353.67683842 0.05879227 0.13782582
1354.67733867 0.05822875 0.13688385
1355.67783892 0.05778073 0.13604314
1356.67833917 0.05774324 0.13590654
1357.67883942 0.05768744 0.13603337
1358.67933967 0.05846039 0.13761350
1359.67983992 0.05791653 0.13646523
1360.68034017 0.05764000 0.13625690
1361.68084042 0.05747956 0.13641926
1362.68134067 0.05711813 0.13601051
1363.68184092 0.05681717 0.13557133
1364.68234117 0.05654195 0.13521514
1365.68284142 0.05424320 0.12857397
1366.68334167 0.05560844 0.13278855
1367.68384192 0.05555938 0.13337149
1368.68434217 0.05509169 0.13251991
1369.68484242 0.05481223 0.13173297
1370.68534267 0.05453181 0.13182191
1371.68584292 0.05323087 0.12880883
1372.68634317 0.05516279 0.13360438
1373.68684342 0.05526712 0.13415362
1374.68734367 0.05464831 0.13281922
1375.68784392 0.05428506 0.13130206
1376.68834417 0.05317470 0.12984506
1377.68884442 0.05324681 0.13044676
1378.68934467 0.05321054 0.13057311
1379.68984492 0.05298633 0.13026502
1380.69034517 0.05247794 0.12858154
1381.69084542 0.05172256 0.12670102
1382.69134567 0.05311441 0.12970464
1383.69184592 0.05302092 0.12968108
1384.69234617 0.05252718 0.12881120
1385.69284642 0.05222684 0.12822650
1386.69334667 0.05189992 0.12777550
1387.69384692 0.05191556 0.12785697
1388.69434717 0.05181951 0.12781394
1389.69484742 0.05153863 0.12750702
1390.69534767 0.05169637 0.12721608
1391.69584792 0.05142794 0.12696098
1392.69634817 0.05148182 0.12846522
1393.69684842 0.05132482 0.12815053
1394.69734867 0.05097809 0.12754257
1395.69784892 0.05086645 0.12743569
1396.69834917 0.05055257 0.12708167
1397.69884942 0.05041902 0.12675319
1398.69934967 0.05020973 0.12654638
1399.69984992 0.04978845 0.12560287
1400.70035018 0.04974137 0.12535537
1401.70085043 0.04978986 0.12594221
1402.70135068 0.04974620 0.12660311
1403.70185093 0.04961257 0.12618306
1404.70235118 0.04935861 0.12541881
1405.70285143 0.04908956 0.12506132
1406.70335168 0.04885031 0.12467021
1407.70385193 0.04871989 0.12475289
1408.70435218 0.04868363 0.12492421
1409.70485243 0.04844168 0.12428881
1410.70535268 0.04787426 0.12303541
1411.70585293 0.04769379 0.12300085
1412.70635318 0.04759749 0.12306743
1413.70685343 0.04735144 0.12258936
1414.70735368 0.04714919 0.12208885
1415.70785393 0.04665492 0.12133900
1416.70835418 0.04655502 0.12108203
1417.70885443 0.04638717 0.12107980
1418.70935468 0.04615333 0.12073355
1419.70985493 0.04664853 0.12115667
1420.71035518 0.04645981 0.12079755
1421.71085543 0.04649481 0.12072760
1422.71135568 0.04527188 0.11835665
1423.71185593 0.04513592 0.11796509
1424.71235618 0.04487204 0.11737306
1425.71285643 0.04466726 0.11726511
1426.71335668 0.04454225 0.11712136
1427.71385693 0.04435274 0.11685714
1428.71435718 0.04413145 0.11560120
1429.71485743 0.04412897 0.11608711
1430.71535768 0.04377677 0.11540494
1431.71585793 0.04343103 0.11469898
1432.71635818 0.04392966 0.11522463
1433.71685843 0.04372595 0.11499353
1434.71735868 0.04354249 0.11427285
1435.71785893 0.04301833 0.11227986
1436.71835918 0.04297118 0.11273462
1437.71885943 0.04273460 0.11173138
1438.71935968 0.04269208 0.11214151
1439.71985993 0.04247401 0.11151813
1440.72036018 0.04243699 0.11284907
1441.72086043 0.04206547 0.11221047
1442.72136068 0.04194275 0.11178836
1443.72186093 0.04264565 0.11302050
1444.72236118 0.04243671 0.11327207
1445.72286143 0.04229205 0.11229835
1446.72336168 0.04105690 0.10691276
1447.72386193 0.04117452 0.10701290
1448.72436218 0.04127956 0.10801014
1449.72486243 0.04062150 0.10691946
1450.72536268 0.04075732 0.10716956
1451.72586293 0.04076367 0.10710959
1452.72636318 0.04064273 0.10693645
1453.72686343 0.04023825 0.10622653
1454.72736368 0.04016576 0.10615691
1455.72786393 0.04004495 0.10609080
1456.72836418 0.04000942 0.10613848
1457.72886443 0.03980745 0.10603784
1458.72936468 0.03949075 0.10543680
1459.72986493 0.03920232 0.10507964
1460.73036518 0.03929119 0.10501112
1461.73086543 0.03925538 0.10506770
1462.73136568 0.03907479 0.10489063
1463.73186593 0.03884923 0.10442059
1464.73236618 0.03862726 0.10421711
1465.73286643 0.03862052 0.10430905
1466.73336668 0.03849088 0.10394248
1467.73386693 0.03831865 0.10366406
1468.73436718 0.03821879 0.10365994
1469.73486743 0.03794751 0.10334162
1470.73536768 0.03801351 0.10361679
1471.73586793 0.03762528 0.10219166
1472.73636818 0.03761840 0.10233146
1473.73686843 0.03749755 0.10224195
1474.73736868 0.03756946 0.10230246
1475.73786893 0.03742392 0.10185877
1476.73836918 0.03910835 0.10889464
1477.73886943 0.03895237 0.10884235
1478.73936968 0.03875578 0.10876034
1479.73986993 0.03863540 0.10912244
1480.74037019 0.03847937 0.10882682
1481.74087044 0.03844394 0.10871079
1482.74137069 0.03832844 0.10875137
1483.74187094 0.03806807 0.10805341
1484.74237119 0.03795058 0.10795823
1485.74287144 0.03719240 0.10386830
1486.74337169 0.03707057 0.10381642
1487.74387194 0.03532806 0.09565325
1488.74437219 0.03533731 0.09614757
1489.74487244 0.03582276 0.09801056
1490.74537269 0.03574121 0.09800969
1491.74587294 0.03544369 0.09753084
1492.74637319 0.03532350 0.09722863
1493.74687344 0.03523880 0.09717403
1494.74737369 0.03517835 0.09708723
1495.74787394 0.03515493 0.09718582
1496.74837419 0.03486362 0.09672270
1497.74887444 0.03494996 0.09661436
1498.74937469 0.03490867 0.09660512
1499.74987494 0.03503315 0.09684237
1500.75037519 0.03476800 0.09634493
1501.75087544 0.03490154 0.09656682
1502.75137569 0.03496338 0.09683457
1503.75187594 0.03456599 0.09614464
1504.75237619 0.03437758 0.09602682
1505.75287644 0.03429071 0.09591360
1506.75337669 0.03418649 0.09549003
1507.75387694 0.03539220 0.09911371
1508.75437719 0.03532722 0.09913410
1509.75487744 0.03530761 0.09923814
1510.75537769 0.03512065 0.09886617
1511.75587794 0.03488713 0.09809244
1512.75637819 0.03582077 0.09936269
1513.75687844 0.03581650 0.09948286
1514.75737869 0.03561463 0.09903856
1515.75787894 0.03425327 0.09444957
1516.75837919 0.03548861 0.09854021
1517.75887944 0.03523076 0.09785464
1518.75937969 0.03543483 0.09830030
1519.75987994 0.03541272 0.09841975
1520.76038019 0.03516324 0.09718048
1521.76088044 0.03486341 0.09640190
1522.76138069 0.03436783 0.09308068
1523.76188094 0.03429561 0.09346949
1524.76238119 0.03507619 0.09639585
1525.76288144 0.03489190 0.09561598
1526.76338169 0.03472971 0.09488305
1527.76388194 0.03450786 0.09405366
1528.76438219 0.03433797 0.09398478
1529.76488244 0.03407771 0.09399718
1530.76538269 0.03436297 0.09461984
1531.76588294 0.03558338 0.09915719
1532.76638319 0.03558173 0.09851135
1533.76688344 0.03479354 0.09548191
1534.76738369 0.03492008 0.09597581
1535.76788394 0.03482852 0.09615570
1536.76838419 0.03427651 0.09469615
1537.76888444 0.03428659 0.09452468
1538.76938469 0.03393972 0.09358628
1539.76988494 0.03406659 0.09387857
1540.77038519 0.03555940 0.09984213
1541.77088544 0.03550722 0.09956267
1542.77138569 0.03502046 0.09856146
1543.77188594 0.03439522 0.09737248
1544.77238619 0.03451655 0.09797784
1545.77288644 0.03425178 0.09760224
1546.77338669 0.03401436 0.09690412
1547.77388694 0.03378056 0.09644726
1548.77438719 0.03397179 0.09642661
1549.77488744 0.03345491 0.09514227
1550.77538769 0.03344742 0.09506937
1551.77588794 0.03349625 0.09529458
1552.77638819 0.03304947 0.09437005
1553.77688844 0.03304348 0.09427436
1554.77738869 0.03287952 0.09381509
1555.77788894 0.03279574 0.09389030
1556.77838919 0.03262860 0.09353534
1557.77888944 0.03105953 0.08724635
1558.77938969 0.03108440 0.08735097
1559.77988994 0.03105196 0.08734176
1560.78039020 0.03104340 0.08666152
1561.78089045 0.03025495 0.08486785
1562.78139070 0.03046128 0.08542549
1563.78189095 0.03028805 0.08505970
1564.78239120 0.03003300 0.08418939
1565.78289145 0.03062991 0.08567937
1566.78339170 0.03067207 0.08602773
1567.78389195 0.03058540 0.08636414
1568.78439220 0.03047898 0.08617511
1569.78489245 0.03043466 0.08581872
1570.78539270 0.03257552 0.09572555
1571.78589295 0.03228844 0.09518254
1572.78639320 0.03215495 0.09509137
1573.78689345 0.03200559 0.09466340
1574.78739370 0.03191744 0.09429036
1575.78789395 0.03183037 0.09388807
1576.78839420 0.03340237 0.09877655
1577.78889445 0.03308044 0.09832807
1578.78939470 0.03286874 0.09781064
1579.78989495 0.03267095 0.09751366
1580.79039520 0.03264098 0.09766986
1581.79089545 0.03270452 0.09746222
1582.79139570 0.03267022 0.09687008
1583.79189595 0.03245662 0.09658074
1584.79239620 0.03243674 0.09640029
1585.79289645 0.03234977 0.09644851
1586.79339670 0.03268208 0.09815883
1587.79389695 0.03213700 0.09681629
1588.79439720 0.03168160 0.09587356
1589.79489745 0.03132089 0.09526737
1590.79539770 0.03178846 0.09685539
1591.79589795 0.03161460 0.09643049
1592.79639820 0.03179962 0.09726746
1593.79689845 0.03200325 0.09726031
1594.79739870 0.03203154 0.09739560
1595.79789895 0.03177655 0.09717745
1596.79839920 0.03213451 0.09747853
1597.79889945 0.03262588 0.09750581
1598.79939970 0.03261351 0.09780239
1599.79989995 0.03253731 0.09781984
1600.80040020 0.03230327 0.09748646
1601.80090045 0.03230066 0.09783039
1602.80140070 0.03217405 0.09727945
1603.80190095 0.03134641 0.09313931
1604.80240120 0.03114726 0.09280883
1605.80290145 0.03109325 0.09285836
1606.80340170 0.03084977 0.09225996
1607.80390195 0.03087469 0.09213638
1608.80440220 0.03077509 0.09198435
1609.80490245 0.03069311 0.09198557
1610.80540270 0.03049814 0.09184170
1611.80590295 0.03046563 0.09162849
1612.80640320 0.03040851 0.09132029
1613.80690345 0.03017580 0.09067546
1614.80740370 0.03009351 0.09060871
1615.80790395 0.03138748 0.09526437
1616.80840420 0.03303493 0.10191941
1617.80890445 0.03293672 0.10209087
1618.80940470 0.03261891 0.10047018
1619.80990495 0.03246693 0.10020857
1620.81040520 0.03217694 0.09980106
1621.81090545 0.03209437 0.09958209
1622.81140570 0.03208830 0.09996099
1623.81190595 0.03197455 0.09978453
1624.81240620 0.03186773 0.09881366
1625.81290645 0.03154499 0.09778031
1626.81340670 0.03149776 0.09869914
1627.81390695 0.03136042 0.09867816
1628.81440720 0.03130145 0.09808307
1629.81490745 0.03126212 0.09785076
1630.81540770 0.03113587 0.09755698
1631.81590795 0.03099307 0.09734732
1632.81640820 0.03108638 0.09715257
1633.81690845 0.03097285 0.09700246
1634.81740870 0.03085925 0.09654376
1635.81790895 0.03073364 0.09603929
1636.81840920 0.03048014 0.09595617
1637.81890945 0.03031598 0.09589270
1638.81940970 0.03114891 0.09734731
1639.81990995 0.03119218 0.09730154
1640.82041021 0.03239459 0.10176152
1641.82091046 0.03236509 0.10169054
1642.82141071 0.03233507 0.10171920
1643.82191096 0.03399804 0.10808270
1644.82241121 0.03392449 0.10797927
1645.82291146 0.03399343 0.10786430
1646.82341171 0.03386410 0.10763105
1647.82391196 0.03369256 0.10726827
1648.82441221 0.03363510 0.10650820
1649.82491246 0.03358193 0.10684372
1650.82541271 0.03351371 0.10659292
1651.82591296 0.03352263 0.10672271
1652.82641321 0.03316611 0.10581913
1653.82691346 0.03290438 0.10523424
1654.82741371 0.03267026 0.10479743
1655.82791396 0.03267232 0.10495358
1656.82841421 0.03265826 0.10461089
1657.82891446 0.03251537 0.10471749
1658.82941471 0.03248590 0.10422174
1659.82991496 0.03237862 0.10389861
1660.83041521 0.03221918 0.10378756
1661.83091546 0.03200625 0.10332052
1662.83141571 0.03303410 0.10581540
1663.83191596 0.03295101 0.10587894
1664.83241621 0.03264860 0.10402288
1665.83291646 0.03237846 0.10313160
1666.83341671 0.03082694 0.09777767
1667.83391696 0.03083588 0.09819410
1668.83441721 0.03062883 0.09745607
1669.83491746 0.03213847 0.10339051
1670.83541771 0.03200693 0.10317211
1671.83591796 0.03196968 0.10340624
1672.83641821 0.03195602 0.10306578
1673.83691846 0.03105702 0.10025356
1674.83741871 0.03095967 0.10025829
1675.83791896 0.03235464 0.10505056
1676.83841921 0.03221465 0.10472815
1677.83891946 0.03094205 0.09959036
1678.83941971 0.03036939 0.09852818
1679.83991996 0.03093355 0.10033792
1680.84042021 0.03089805 0.10040672
1681.84092046 0.02993440 0.09410228
1682.84142071 0.02995485 0.09334393
1683.84192096 0.03000040 0.09415730
1684.84242121 0.03117566 0.09746105
1685.84292146 0.03080846 0.09715359
1686.84342171 0.03127297 0.09793811
1687.84392196 0.03108445 0.09779037
1688.84442221 0.03110171 0.09801507
1689.84492246 0.03125986 0.09867096
1690.84542271 0.03097404 0.09804311
1691.84592296 0.03205383 0.10281756
1692.84642321 0.03111723 0.09881141
1693.84692346 0.03106114 0.09851197
1694.84742371 0.03092294 0.09863620
1695.84792396 0.03076848 0.09886211
1696.84842421 0.03037414 0.09750816
1697.84892446 0.03040532 0.09746915
1698.84942471 0.03045605 0.09745837
1699.84992496 0.03054657 0.09800050
1700.85042521 0.03161104 0.10134390
1701.85092546 0.03142125 0.10064069
1702.85142571 0.03111327 0.09964812
1703.85192596 0.03107221 0.09979433
1704.85242621 0.03103920 0.09993338
1705.85292646 0.03099037 0.09910364
1706.85342671 0.03403629 0.11025109
1707.85392696 0.03383574 0.10953150
1708.85442721 0.03392643 0.11036556
1709.85492746 0.03388305 0.11056030
1710.85542771 0.03364439 0.10976583
1711.85592796 0.03374749 0.11122781
1712.85642821 0.03536618 0.11695158
1713.85692846 0.03537205 0.11706703
1714.85742871 0.03507959 0.11650746
1715.85792896 0.03483102 0.11568392
1716.85842921 0.03465761 0.11497571
1717.85892946 0.03445810 0.11486798
1718.85942971 0.03452720 0.11536324
1719.85992996 0.03436524 0.11481797
1720.86043022 0.03457366 0.11463912
1721.86093047 0.03440853 0.11448985
1722.86143072 0.03468709 0.11637164
1723.86193097 0.03465028 0.11619061
1724.86243122 0.03438772 0.11551551
1725.86293147 0.03432283 0.11521145
1726.86343172 0.03343896 0.11086939
1727.86393197 0.03249179 0.10894535
1728.86443222 0.03225700 0.10830806
1729.86493247 0.03216059 0.10716468
1730.86543272 0.03207187 0.10687904
1731.86593297 0.03189885 0.10675120
1732.86643322 0.03188783 0.10644336
1733.86693347 0.03152111 0.10564206
1734.86743372 0.03145496 0.10539823
1735.86793397 0.03136596 0.10513347
1736.86843422 0.03113936 0.10502515
1737.86893447 0.03080458 0.10416106
1738.86943472 0.02967711 0.10088130
1739.86993497 0.02952978 0.10071682
1740.87043522 0.02928022 0.10000447
1741.87093547 0.02915174 0.09967018
1742.87143572 0.02858435 0.09860171
1743.87193597 0.02839217 0.09820412
1744.87243622 0.03150728 0.10965964
1745.87293647 0.03122849 0.10844759
1746.87343672 0.03105700 0.10795068
1747.87393697 0.03093449 0.10795422
1748.87443722 0.03090151 0.10798695
1749.87493747 0.03073498 0.10756028
1750.87543772 0.03211387 0.11227862
1751.87593797 0.03200406 0.11231333
1752.87643822 0.03226782 0.11243148
1753.87693847 0.03367433 0.11697325
1754.87743872 0.03358292 0.11691657
1755.87793897 0.03351026 0.11602034
1756.87843922 0.03484709 0.12005734
1757.87893947 0.03386650 0.11633576
1758.87943972 0.03426821 0.11667352
1759.87993997 0.03431363 0.11692392
1760.88044022 0.03451761 0.11736609
1761.88094047 0.03444588 0.11736050
1762.88144072 0.03276888 0.11126979
1763.88194097 0.03258489 0.11083609
1764.88244122 0.03256242 0.11133296
1765.88294147 0.03258828 0.11145377
1766.88344172 0.03175476 0.10748906
1767.88394197 0.03156059 0.10693035
1768.88444222 0.03159173 0.10725252
1769.88494247 0.03144207 0.10700900
1770.88544272 0.03123217 0.10653485
1771.88594297 0.03105164 0.10589848
1772.88644322 0.03103152 0.10587124
1773.88694347 0.03094188 0.10574941
1774.88744372 0.03082953 0.10575729
1775.88794397 0.03073770 0.10545591
1776.88844422 0.03070839 0.10553242
1777.88894447 0.03038949 0.10510663
1778.88944472 0.03034267 0.10514121
1779.88994497 0.03016035 0.10444588
1780.89044522 0.03007787 0.10460085
1781.89094547 0.02967136 0.10254991
1782.89144572 0.02966925 0.10260628
1783.89194597 0.02952868 0.10224575
1784.89244622 0.03007675 0.10751351
1785.89294647 0.02984637 0.10609507
1786.89344672 0.03137671 0.11131035
1787.89394697 0.03174025 0.11186433
1788.89444722 0.03147507 0.11182466
1789.89494747 0.03108418 0.10958726
1790.89544772 0.03093356 0.10913237
1791.89594797 0.03075136 0.10872404
1792.89644822 0.03070182 0.10871569
1793.89694847 0.03045916 0.10841108
1794.89744872 0.03168430 0.11167435
1795.89794897 0.03172905 0.11169341
1796.89844922 0.03138180 0.11019553
1797.89894947 0.03130662 0.11006072
1798.89944972 0.03098968 0.10902037
1799.89994997 0.03055152 0.10763052
1800.90045023 0.03056016 0.10738506
1801.90095048 0.03035438 0.10670372
1802.90145073 0.03049487 0.10715800
1803.90195098 0.03025328 0.10645557
1804.90245123 0.03005794 0.10583928
1805.90295148 0.02857400 0.10106537
1806.90345173 0.02871763 0.10142013
1807.90395198 0.02867772 0.10143713
1808.90445223 0.02839540 0.10087249
1809.90495248 0.02837966 0.10055089
1810.90545273 0.02855909 0.10091342
1811.90595298 0.02853005 0.10092448
1812.90645323 0.02832069 0.10058764
1813.90695348 0.02842210 0.10093222
1814.90745373 0.02839975 0.10061162
1815.90795398 0.02692578 0.09596036
1816.90845423 0.02690750 0.09580549
1817.90895448 0.02711549 0.09571300
1818.90945473 0.02743460 0.09594199
1819.90995498 0.02720340 0.09565553
1820.91045523 0.02710900 0.09563339
1821.91095548 0.02678635 0.09493188
1822.91145573 0.02675361 0.09452013
1823.91195598 0.02683147 0.09489579
1824.91245623 0.02676464 0.09492668
1825.91295648 0.02737922 0.10055123
1826.91345673 0.02710894 0.09987929
1827.91395698 0.02697190 0.09891113
1828.91445723 0.02671824 0.09802604
1829.91495748 0.02683981 0.09829794
1830.91545773 0.02680568 0.09858251
1831.91595798 0.02658854 0.09821848
1832.91645823 0.02654812 0.09784359
1833.91695848 0.02635735 0.09732518
1834.91745873 0.02783174 0.10260259
1835.91795898 0.02765539 0.10264211
1836.91845923 0.02763727 0.10242310
1837.91895948 0.02862562 0.10451042
1838.91945973 0.02844291 0.10367992
1839.91995998 0.02743588 0.10136838
1840.92046023 0.02822872 0.10443569
1841.92096048 0.02814023 0.10402220
1842.92146073 0.02801562 0.10381649
1843.92196098 0.02817677 0.10479136
1844.92246123 0.02794042 0.10412301
1845.92296148 0.02780833 0.10289405
1846.92346173 0.02693261 0.09874855
1847.92396198 0.02692398 0.09892065
1848.92446223 0.02670627 0.09838519
1849.92496248 0.02656722 0.09856072
1850.92546273 0.02638619 0.09794989
1851.92596298 0.02622738 0.09754172
1852.92646323 0.02623893 0.09775012
1853.92696348 0.02619128 0.09763179
1854.92746373 0.02604122 0.09736744
1855.92796398 0.02540137 0.09613126
1856.92846423 0.02542715 0.09596154
1857.92896448 0.02544970 0.09596589
1858.92946473 0.02544277 0.09568262
1859.92996498 0.02532582 0.09539961
1860.93046523 0.02522520 0.09540478
1861.93096548 0.02514159 0.09519304
1862.93146573 0.02504827 0.09501236
1863.93196598 0.02495375 0.09485608
1864.93246623 0.02484698 0.09455137
1865.93296648 0.02473665 0.09431469
1866.93346673 0.02465534 0.09413089
1867.93396698 0.02456399 0.09387532
1868.93446723 0.02446807 0.09371737
1869.93496748 0.02442164 0.09362022
1870.93546773 0.02396778 0.09321302
1871.93596798 0.02391592 0.09304024
1872.93646823 0.02380984 0.09279064
1873.93696848 0.02531742 0.09913349
1874.93746873 0.02528274 0.09918648
1875.93796898 0.02510583 0.09833675
1876.93846923 0.02493251 0.09758233
1877.93896948 0.02498386 0.09753257
1878.93946973 0.02621816 0.10089105
1879.93996998 0.02608590 0.10017979
1880.94047024 0.02595936 0.09975398
1881.94097049 0.02587517 0.09976305
1882.94147074 0.02582987 0.10007046
1883.94197099 0.02572364 0.09980195
1884.94247124 0.02554352 0.09897171
1885.94297149 0.02549454 0.09866065
1886.94347174 0.02414497 0.09330132
1887.94397199 0.02415656 0.09349869
1888.94447224 0.02404714 0.09300299
1889.94497249 0.02390659 0.09252449
1890.94547274 0.02215002 0.08262302
1891.94597299 0.02214157 0.08283879
1892.94647324 0.02215025 0.08291832
1893.94697349 0.02215864 0.08294209
1894.94747374 0.02197108 0.08224330
1895.94797399 0.02176070 0.08172162
1896.94847424 0.02172928 0.08193145
1897.94897449 0.02168460 0.08169952
1898.94947474 0.02164147 0.08147623
1899.94997499 0.02155380 0.08146232
1900.95047524 0.02142813 0.08106983
1901.95097549 0.02130065 0.08073050
1902.95147574 0.02121094 0.08064963
1903.95197599 0.02120555 0.08055362
1904.95247624 0.02107865 0.08023652
1905.95297649 0.02148115 0.08142406
1906.95347674 0.02143050 0.08127877
1907.95397699 0.02135869 0.08137097
1908.95447724 0.02004402 0.07595566
1909.95497749 0.02004549 0.07634772
1910.95547774 0.01992043 0.07638734
1911.95597799 0.01993152 0.07658055
1912.95647824 0.01979448 0.07627777
1913.95697849 0.01972296 0.07487076
1914.95747874 0.01964013 0.07466218
1915.95797899 0.01948998 0.07469425
1916.95847924 0.02029807 0.07679199
1917.95897949 0.02039875 0.07688161
1918.95947974 0.02041400 0.07736846
1919.95997999 0.02039352 0.07721189
1920.96048024 0.02018424 0.07590790
1921.96098049 0.02018817 0.07657938
1922.96148074 0.02009866 0.07643269
1923.96198099 0.01998298 0.07597331
1924.96248124 0.01994710 0.07584951
1925.96298149 0.01982060 0.07548777
1926.96348174 0.01995627 0.07552286
1927.96398199 0.01982535 0.07507315
1928.96448224 0.01975229 0.07531451
1929.96498249 0.01959997 0.07489732
1930.96548274 0.01960739 0.07471183
1931.96598299 0.01921929 0.07284572
1932.96648324 0.01917209 0.07269240
1933.96698349 0.01914185 0.07253543
1934.96748374 0.01908619 0.07223095
1935.96798399 0.01900387 0.07201384
1936.96848424 0.01880529 0.07157588
1937.96898449 0.01869088 0.07139858
1938.96948474 0.01869044 0.07134517
1939.96998499 0.01875453 0.07185018
1940.97048524 0.01867124 0.07173890
1941.97098549 0.01841890 0.07063903
1942.97148574 0.01704217 0.06334680
1943.97198599 0.01987344 0.07788835
1944.97248624 0.02021418 0.07784823
1945.97298649 0.02019143 0.07793651
1946.97348674 0.02007979 0.07766241
1947.97398699 0.01988645 0.07715939
1948.97448724 0.02008794 0.07793229
1949.97498749 0.02007376 0.07841302
1950.97548774 0.02009195 0.07903148
1951.97598799 0.02018471 0.07916460
1952.97648824 0.02019687 0.07999472
1953.97698849 0.01998608 0.07948242
1954.97748874 0.01987441 0.07917001
1955.97798899 0.01967418 0.07697166
1956.97848924 0.01952426 0.07619575
1957.97898949 0.01875847 0.07460037
1958.97948974 0.01855335 0.07330536
1959.97998999 0.01859643 0.07443056
1960.98049025 0.01852309 0.07386955
1961.98099050 0.01870579 0.07570681
1962.98149075 0.01852860 0.07523994
1963.98199100 0.01843482 0.07525784
1964.98249125 0.01851923 0.07586751
1965.98299150 0.01828633 0.07500525
1966.98349175 0.01809415 0.07375761
1967.98399200 0.01807601 0.07377271
1968.98449225 0.01817465 0.07481063
1969.98499250 0.01971934 0.08134664
1970.98549275 0.01950418 0.08010464
1971.98599300 0.01928711 0.07914279
1972.98649325 0.01938932 0.08001117
1973.98699350 0.01931468 0.07986976
1974.98749375 0.01918680 0.07943545
1975.98799400 0.02084483 0.08738023
1976.98849425 0.02080554 0.08680019
1977.98899450 0.02065098 0.08599557
1978.98949475 0.02091762 0.08556562
1979.98999500 0.02106197 0.08692340
1980.99049525 0.02082699 0.08603156
1981.99099550 0.02086449 0.08644945
1982.99149575 0.02072589 0.08579981
1983.99199600 0.02034925 0.08294383
1984.99249625 0.02019501 0.08237077
1985.99299650 0.02004344 0.08160526
1986.99349675 0.02000337 0.08144884
1987.99399700 0.01987505 0.08167408
1988.99449725 0.01932500 0.08090266
1989.99499750 0.01922327 0.08046765
1990.99549775 0.01907402 0.08011113
1991.99599800 0.02044416 0.08623282
1992.99649825 0.02047810 0.08650634
1993.99699850 0.02148251 0.08973573
1994.99749875 0.02078807 0.08711717
1995.99799900 0.02072802 0.08701881
1996.99849925 0.02209585 0.09261049
1997.99899950 0.02210206 0.09255886
1998.99949975 0.02216523 0.09311315
2000.00000000 0.02202970 0.09274843
