0.00000000 5.00000000
0.05001250 5.00187292
0.10002501 5.00383348
0.15003751 5.00233726
0.20005001 5.00129684
0.25006252 4.99976865
0.30007502 4.99841731
0.35008752 4.99517040
0.40010003 4.99350494
0.45011253 4.99259446
0.50012503 4.99007539
0.55013753 4.98824150
0.60015004 4.98674836
0.65016254 4.98569563
0.70017504 4.98505174
0.75018755 4.98427969
0.80020005 4.97976210
0.85021255 4.97307862
0.90022506 4.97301100
0.95023756 4.96873161
1.00025006 4.96696654
1.05026257 4.96612403
1.10027507 4.96356383
1.15028757 4.96343784
1.20030008 4.96193541
1.25031258 4.95794211
1.30032508 4.95250804
1.35033758 4.95035150
1.40035009 4.94297951
1.45036259 4.93886288
1.50037509 4.93793610
1.55038760 4.93620950
1.60040010 4.93170230
1.65041260 4.92742859
1.70042511 4.92566216
1.75043761 4.92102916
1.80045011 4.91419185
1.85046262 4.91335859
1.90047512 4.91313187
1.95048762 4.90807289
2.00050013 4.90485853
2.05051263 4.90174941
2.10052513 4.89198866
2.15053763 4.88942288
2.20055014 4.88737139
2.25056264 4.88435457
2.30057514 4.88285259
2.35058765 4.87606860
2.40060015 4.87277217
2.45061265 4.87041891
2.50062516 4.86638876
2.55063766 4.86404763
2.60065016 4.86080032
2.65066267 4.85932929
2.70067517 4.85765917
2.75068767 4.85268622
2.80070018 4.84658731
2.85071268 4.84241076
2.90072518 4.83284190
2.95073768 4.82819692
3.00075019 4.82745854
3.05076269 4.82364956
3.10077519 4.81604755
3.15078770 4.80760994
3.20080020 4.80514221
3.25081270 4.80106072
3.30082521 4.80026486
3.35083771 4.79653322
3.40085021 4.79281255
3.45086272 4.78845009
3.50087522 4.78653641
3.55088772 4.78223786
3.60090023 4.78220194
3.65091273 4.77570146
3.70092523 4.77173006
3.75093773 4.76930289
3.80095024 4.76815340
3.85096274 4.76362899
3.90097524 4.75169062
3.95098775 4.74366804
4.00100025 4.74166161
4.05101275 4.73758330
4.10102526 4.73447184
4.15103776 4.72875013
4.20105026 4.72484930
4.25106277 4.72081607
4.30107527 4.71600849
4.35108777 4.71191573
4.40110028 4.70695710
4.45111278 4.69851917
4.50112528 4.69790060
4.55113778 4.69267831
4.60115029 4.68511895
4.65116279 4.67842082
4.70117529 4.67469396
4.75118780 4.66711101
4.80120030 4.66238134
4.85121280 4.65294048
4.90122531 4.65078199
4.95123781 4.64332004
5.00125031 4.63642851
5.05126282 4.62896307
5.10127532 4.62348425
5.15128782 4.61223895
5.20130033 4.61268106
5.25131283 4.60874531
5.30132533 4.60766129
5.35133783 4.60563181
5.40135034 4.59820474
5.45136284 4.59356165
5.50137534 4.59097576
5.55138785 4.58672720
5.60140035 4.58240546
5.65141285 4.57727472
5.70142536 4.57220363
5.75143786 4.56503114
5.80145036 4.55655335
5.85146287 4.55449320
5.90147537 4.53854068
5.95148787 4.53806083
6.00150038 4.53211360
6.05151288 4.52514490
6.10152538 4.51560410
6.15153788 4.50556469
6.20155039 4.49919430
6.25156289 4.49092215
6.30157539 4.48874416
6.35158790 4.48443735
6.40160040 4.47893674
6.45161290 4.47370175
6.50162541 4.47067858
6.55163791 4.46680197
6.60165041 4.46145814
6.65166292 4.46037342
6.70167542 4.45520967
6.75168792 4.44729040
6.80170043 4.44268040
6.85171293 4.43324914
6.90172543 4.42938850
6.95173793 4.41892489
7.00175044 4.41128527
7.05176294 4.40910913
7.10177544 4.40321844
7.15178795 4.40127976
7.20180045 4.39757280
7.25181295 4.39140278
7.30182546 4.38505094
7.35183796 4.38150928
7.40185046 4.38040778
7.45186297 4.37430951
7.50187547 4.37181606
7.55188797 4.36893066
7.60190048 4.36217460
7.65191298 4.35421018
7.70192548 4.35057147
7.75193798 4.34390113
7.80195049 4.33554161
7.85196299 4.33172455
7.90197549 4.32668770
7.95198800 4.31831201
8.00200050 4.31420868
8.05201300 4.31047712
8.10202551 4.30411538
8.15203801 4.29200486
8.20205051 4.29236054
8.25206302 4.28725775
8.30207552 4.28424807
8.35208802 4.28220734
8.40210053 4.27611154
8.45211303 4.27196789
8.50212553 4.26173013
8.55213803 4.26044619
8.60215054 4.25650170
8.65216304 4.25516604
8.70217554 4.25452986
8.75218805 4.25124586
8.80220055 4.24215931
8.85221305 4.23698898
8.90222556 4.23158606
8.95223806 4.22435340
9.00225056 4.22172446
9.05226307 4.21591639
9.10227557 4.20897223
9.15228807 4.20712576
9.20230058 4.19553186
9.25231308 4.19038834
9.30232558 4.17895804
9.35233808 4.17392098
9.40235059 4.16843362
9.45236309 4.16197014
9.50237559 4.16051819
9.55238810 4.15234696
9.60240060 4.15024758
9.65241310 4.14429313
9.70242561 4.13814538
9.75243811 4.13375924
9.80245061 4.12492458
9.85246312 4.12129562
9.90247562 4.11495134
9.95248812 4.11081820
10.00250063 4.10140462
10.05251313 4.09752231
10.10252563 4.09503460
10.15253813 4.09041367
10.20255064 4.08585522
10.25256314 4.08409508
10.30257564 4.07850549
10.35258815 4.07357682
10.40260065 4.06745334
10.45261315 4.06338464
10.50262566 4.05727183
10.55263816 4.05365471
10.60265066 4.04896082
10.65266317 4.04699610
10.70267567 4.03942030
10.75268817 4.03134285
10.80270068 4.03127690
10.85271318 4.02457345
10.90272568 4.02171968
10.95273818 4.01454230
11.00275069 4.00359808
11.05276319 3.99783190
11.10277569 3.98961739
11.15278820 3.98162836
11.20280070 3.98119630
11.25281320 3.97990864
11.30282571 3.97182270
11.35283821 3.96138856
11.40285071 3.95566007
11.45286322 3.95339732
11.50287572 3.94667778
11.55288822 3.94294694
11.60290073 3.94003354
11.65291323 3.93838893
11.70292573 3.93281453
11.75293823 3.92507824
11.80295074 3.91863216
11.85296324 3.91494817
11.90297574 3.91205978
11.95298825 3.90704595
12.00300075 3.90420899
12.05301325 3.89866956
12.10302576 3.89581178
12.15303826 3.89228781
12.20305076 3.89033771
12.25306327 3.88154020
12.30307577 3.87885316
12.35308827 3.87646754
12.40310078 3.86936770
12.45311328 3.86292101
12.50312578 3.85880032
12.55313828 3.85395744
12.60315079 3.84718388
12.65316329 3.83761262
12.70317579 3.83535644
12.75318830 3.83272583
12.80320080 3.82943366
12.85321330 3.82414274
12.90322581 3.81957320
12.95323831 3.81467852
13.00325081 3.81228210
13.05326332 3.80869706
13.10327582 3.80514328
13.15328832 3.80103881
13.20330083 3.79597570
13.25331333 3.79107286
13.30332583 3.78630537
13.35333833 3.78222020
13.40335084 3.77108802
13.45336334 3.76360888
13.50337584 3.76084409
13.55338835 3.75442598
13.60340085 3.74733491
13.65341335 3.74342711
13.70342586 3.73805972
13.75343836 3.73563786
13.80345086 3.73036697
13.85346337 3.72528473
13.90347587 3.72401210
13.95348837 3.72323656
14.00350088 3.71961627
14.05351338 3.71525035
14.10352588 3.71052509
14.15353838 3.70949153
14.20355089 3.70719314
14.25356339 3.70308852
14.30357589 3.69568772
14.35358840 3.69412914
14.40360090 3.69088334
14.45361340 3.68562854
14.50362591 3.67781661
14.55363841 3.67373707
14.60365091 3.66901997
14.65366342 3.66743016
14.70367592 3.66505983
14.75368842 3.66023918
14.80370093 3.65464831
14.85371343 3.65101513
14.90372593 3.64680391
14.95373843 3.64344530
15.00375094 3.63822648
15.05376344 3.63531877
15.10377594 3.62974426
15.15378845 3.62193102
15.20380095 3.61744025
15.25381345 3.61066090
15.30382596 3.60418356
15.35383846 3.59678631
15.40385096 3.58694894
15.45386347 3.57920999
15.50387597 3.57524085
15.55388847 3.56610087
15.60390098 3.56034857
15.65391348 3.55561589
15.70392598 3.55110931
15.75393848 3.54791118
15.80395099 3.54027980
15.85396349 3.53682296
15.90397599 3.53137895
15.95398850 3.52909073
16.00400100 3.52502613
16.05401350 3.52424302
16.10402601 3.51984852
16.15403851 3.51927196
16.20405101 3.51417589
16.25406352 3.51160368
16.30407602 3.50682134
16.35408852 3.49912228
16.40410103 3.49591766
16.45411353 3.49100079
16.50412603 3.48698693
16.55413853 3.48689748
16.60415104 3.48007397
16.65416354 3.47935847
16.70417604 3.47253522
16.75418855 3.46529876
16.80420105 3.46232780
16.85421355 3.45791292
16.90422606 3.45156094
16.95423856 3.44933829
17.00425106 3.44341190
17.05426357 3.44151698
17.10427607 3.43646775
17.15428857 3.42931179
17.20430108 3.42263015
17.25431358 3.41715741
17.30432608 3.41019893
17.35433858 3.40882416
17.40435109 3.40428636
17.45436359 3.40130401
17.50437609 3.40040102
17.55438860 3.39502039
17.60440110 3.38854728
17.65441360 3.38449847
17.70442611 3.37772656
17.75443861 3.37348166
17.80445111 3.37291819
17.85446362 3.36524958
17.90447612 3.36363485
17.95448862 3.35794732
18.00450113 3.35231351
18.05451363 3.34947805
18.10452613 3.34322924
18.15453863 3.33692683
18.20455114 3.33567368
18.25456364 3.33073084
18.30457614 3.32596324
18.35458865 3.31635776
18.40460115 3.31353278
18.45461365 3.30813311
18.50462616 3.30025093
18.55463866 3.29725563
18.60465116 3.29555390
18.65466367 3.29247776
18.70467617 3.28544829
18.75468867 3.28186291
18.80470118 3.27796335
18.85471368 3.27667211
18.90472618 3.27329746
18.95473868 3.27080801
19.00475119 3.26740237
19.05476369 3.26408249
19.10477619 3.26164943
19.15478870 3.25755191
19.20480120 3.25612668
19.25481370 3.24881051
19.30482621 3.24772899
19.35483871 3.24468542
19.40485121 3.24108696
19.45486372 3.23704288
19.50487622 3.23189454
19.55488872 3.22402903
19.60490123 3.22012480
19.65491373 3.21217511
19.70492623 3.20742480
19.75493873 3.20545458
19.80495124 3.20129770
19.85496374 3.20020883
19.90497624 3.19446213
19.95498875 3.18808533
20.00500125 3.18539181
20.05501375 3.18230679
20.10502626 3.17842262
20.15503876 3.17659148
20.20505126 3.17254286
20.25506377 3.16227820
20.30507627 3.15798931
20.35508877 3.15165606
20.40510128 3.14626384
20.45511378 3.14129545
20.50512628 3.13488539
20.55513878 3.12779174
20.60515129 3.12474470
20.65516379 3.12388031
20.70517629 3.12096719
20.75518880 3.11635066
20.80520130 3.11608650
20.85521380 3.11356612
20.90522631 3.10980259
20.95523881 3.10507540
21.00525131 3.10281077
21.05526382 3.09890449
21.10527632 3.09696964
21.15528882 3.09376292
21.20530133 3.09190049
21.25531383 3.08923239
21.30532633 3.08267931
21.35533883 3.08161522
21.40535134 3.07449479
21.45536384 3.06568097
21.50537634 3.06316343
21.55538885 3.05856329
21.60540135 3.05313538
21.65541385 3.04948533
21.70542636 3.04295374
21.75543886 3.03786381
21.80545136 3.03409956
21.85546387 3.03032027
21.90547637 3.02843421
21.95548887 3.02301245
22.00550138 3.02026278
22.05551388 3.01829086
22.10552638 3.01679933
22.15553888 3.01408799
22.20555139 3.01231140
22.25556389 3.00816618
22.30557639 3.00283337
22.35558890 2.99720867
22.40560140 2.99450293
22.45561390 2.99307399
22.50562641 2.98490898
22.55563891 2.98368004
22.60565141 2.97761758
22.65566392 2.97171620
22.70567642 2.96736533
22.75568892 2.96452007
22.80570143 2.95930924
22.85571393 2.95353321
22.90572643 2.95246629
22.95573893 2.95189336
23.00575144 2.94950987
23.05576394 2.94827147
23.10577644 2.94722721
23.15578895 2.94114090
23.20580145 2.94065490
23.25581395 2.93892923
23.30582646 2.93184139
23.35583896 2.92094738
23.40585146 2.91883468
23.45586397 2.91608573
23.50587647 2.91279812
23.55588897 2.91143002
23.60590148 2.90670177
23.65591398 2.90153997
23.70592648 2.89788561
23.75593898 2.89047977
23.80595149 2.88867091
23.85596399 2.88657126
23.90597649 2.88330708
23.95598900 2.88128117
24.00600150 2.87745127
24.05601400 2.87359041
24.10602651 2.87090653
24.15603901 2.86746357
24.20605151 2.86445396
24.25606402 2.85848194
24.30607652 2.85810399
24.35608902 2.85669628
24.40610153 2.85467752
24.45611403 2.85095594
24.50612653 2.84972190
24.55613903 2.84713977
24.60615154 2.84460895
24.65616404 2.84248693
24.70617654 2.83990337
24.75618905 2.83655310
24.80620155 2.83135804
24.85621405 2.83001205
24.90622656 2.82934418
24.95623906 2.82357099
25.00625156 2.82152413
25.05626407 2.81955399
25.10627657 2.81740896
25.15628907 2.81534250
25.20630158 2.81395349
25.25631408 2.81285042
25.30632658 2.81000859
25.35633908 2.80461980
25.40635159 2.80110165
25.45636409 2.80032926
25.50637659 2.79721842
25.55638910 2.79513767
25.60640160 2.78816451
25.65641410 2.78366860
25.70642661 2.78020346
25.75643911 2.77539438
25.80645161 2.76836608
25.85646412 2.76506646
25.90647662 2.76049978
25.95648912 2.75992764
26.00650163 2.75886309
26.05651413 2.75451032
26.10652663 2.75215375
26.15653913 2.74782709
26.20655164 2.74418384
26.25656414 2.73960116
26.30657664 2.73651168
26.35658915 2.73593500
26.40660165 2.73411857
26.45661415 2.73243364
26.50662666 2.73139314
26.55663916 2.72453034
26.60665166 2.71723403
26.65666417 2.71591020
26.70667667 2.71415583
26.75668917 2.71150623
26.80670168 2.70890011
26.85671418 2.70724982
26.90672668 2.70613294
26.95673918 2.70480918
27.00675169 2.70009188
27.05676419 2.69766074
27.10677669 2.69549794
27.15678920 2.69217274
27.20680170 2.68736470
27.25681420 2.68130642
27.30682671 2.67806131
27.35683921 2.67467553
27.40685171 2.67048442
27.45686422 2.66941106
27.50687672 2.66741260
27.55688922 2.66502710
27.60690173 2.66135652
27.65691423 2.65789785
27.70692673 2.65178846
27.75693923 2.65042219
27.80695174 2.64799027
27.85696424 2.64629261
27.90697674 2.64294203
27.95698925 2.63661671
28.00700175 2.62941585
28.05701425 2.62781948
28.10702676 2.62639075
28.15703926 2.62334540
28.20705176 2.61950697
28.25706427 2.61841769
28.30707677 2.61588539
28.35708927 2.61217608
28.40710178 2.61161609
28.45711428 2.60726790
28.50712678 2.60206608
28.55713928 2.60118186
28.60715179 2.59754076
28.65716429 2.59275145
28.70717679 2.58709977
28.75718930 2.58288511
28.80720180 2.57981484
28.85721430 2.57628334
28.90722681 2.57504552
28.95723931 2.57194996
29.00725181 2.56536304
29.05726432 2.56268992
29.10727682 2.55834047
29.15728932 2.55014011
29.20730183 2.54526545
29.25731433 2.54105221
29.30732683 2.53873454
29.35733933 2.52891347
29.40735184 2.51928505
29.45736434 2.51846863
29.50737684 2.51774961
29.55738935 2.51569314
29.60740185 2.51403431
29.65741435 2.51331203
29.70742686 2.50950353
29.75743936 2.50463257
29.80745186 2.49998200
29.85746437 2.49844472
29.90747687 2.49727698
29.95748937 2.49059408
30.00750188 2.48664930
30.05751438 2.48277250
30.10752688 2.47754567
30.15753938 2.47675226
30.20755189 2.47371195
30.25756439 2.46920209
30.30757689 2.46621161
30.35758940 2.46295042
30.40760190 2.45872658
30.45761440 2.45540674
30.50762691 2.45239763
30.55763941 2.45120671
30.60765191 2.44592938
30.65766442 2.44230272
30.70767692 2.44032686
30.75768942 2.43508608
30.80770193 2.43109004
30.85771443 2.42770646
30.90772693 2.42520918
30.95773943 2.42382419
31.00775194 2.42167064
31.05776444 2.41949615
31.10777694 2.41780942
31.15778945 2.41504128
31.20780195 2.41264696
31.25781445 2.40838383
31.30782696 2.40431217
31.35783946 2.40354517
31.40785196 2.40156954
31.45786447 2.39838522
31.50787697 2.39691381
31.55788947 2.39187462
31.60790198 2.38998677
31.65791448 2.38496433
31.70792698 2.38248487
31.75793948 2.37844245
31.80795199 2.37777683
31.85796449 2.37553357
31.90797699 2.37196063
31.95798950 2.36672917
32.00800200 2.36206728
32.05801450 2.35702812
32.10802701 2.35529977
32.15803951 2.35148954
32.20805201 2.34862994
32.25806452 2.34631713
32.30807702 2.34192796
32.35808952 2.33936026
32.40810203 2.33497174
32.45811453 2.33076501
32.50812703 2.32679023
32.55813953 2.32349810
32.60815204 2.32036066
32.65816454 2.31750922
32.70817704 2.31409765
32.75818955 2.31224925
32.80820205 2.31179857
32.85821455 2.30773988
32.90822706 2.30378832
32.95823956 2.30273761
33.00825206 2.30027137
33.05826457 2.29610634
33.10827707 2.29348645
33.15828957 2.29032934
33.20830208 2.28780237
33.25831458 2.28570473
33.30832708 2.28274119
33.35833958 2.27969305
33.40835209 2.27223231
33.45836459 2.26721374
33.50837709 2.26137007
33.55838960 2.25995831
33.60840210 2.25678489
33.65841460 2.25319758
33.70842711 2.25174252
33.75843961 2.24999654
33.80845211 2.24491212
33.85846462 2.24070073
33.90847712 2.23830073
33.95848962 2.23283503
34.00850213 2.23161912
34.05851463 2.22857086
34.10852713 2.22213272
34.15853963 2.22132611
34.20855214 2.21803621
34.25856464 2.21586248
34.30857714 2.21290919
34.35858965 2.20937777
34.40860215 2.20707693
34.45861465 2.20353786
34.50862716 2.19944275
34.55863966 2.19718625
34.60865216 2.19453832
34.65866467 2.19342751
34.70867717 2.19185968
34.75868967 2.18853072
34.80870218 2.18715873
34.85871468 2.18340208
34.90872718 2.17858015
34.95873968 2.17307163
35.00875219 2.17144776
35.05876469 2.16957659
35.10877719 2.16807176
35.15878970 2.16632843
35.20880220 2.16376002
35.25881470 2.16108783
35.30882721 2.16091161
35.35883971 2.15920513
35.40885221 2.15646158
35.45886472 2.15567722
35.50887722 2.15243272
35.55888972 2.15092012
35.60890223 2.14934961
35.65891473 2.14853547
35.70892723 2.14706478
35.75893973 2.14073146
35.80895224 2.13933595
35.85896474 2.13753696
35.90897724 2.13593548
35.95898975 2.13423955
36.00900225 2.12951185
36.05901475 2.12354756
36.10902726 2.11900167
36.15903976 2.11705683
36.20905226 2.11412213
36.25906477 2.10816724
36.30907727 2.10484302
36.35908977 2.10434624
36.40910228 2.10251401
36.45911478 2.10154997
36.50912728 2.10215334
36.55913978 2.09678146
36.60915229 2.09644103
36.65916479 2.09194916
36.70917729 2.09094779
36.75918980 2.08833096
36.80920230 2.08580393
36.85921480 2.08336348
36.90922731 2.08016370
36.95923981 2.07906481
37.00925231 2.07702411
37.05926482 2.07606070
37.10927732 2.07402717
37.15928982 2.07289022
37.20930233 2.07030919
37.25931483 2.06714328
37.30932733 2.06603105
37.35933983 2.06527771
37.40935234 2.06442711
37.45936484 2.06072505
37.50937734 2.05905728
37.55938985 2.05658525
37.60940235 2.05362994
37.65941485 2.05254935
37.70942736 2.05047623
37.75943986 2.04437419
37.80945236 2.04177585
37.85946487 2.04028106
37.90947737 2.03578253
37.95948987 2.03376776
38.00950238 2.03257854
38.05951488 2.02944329
38.10952738 2.02759686
38.15953988 2.02659900
38.20955239 2.02386229
38.25956489 2.01710288
38.30957739 2.01227375
38.35958990 2.01132747
38.40960240 2.01038043
38.45961490 2.00760444
38.50962741 2.00714484
38.55963991 2.00622996
38.60965241 2.00538044
38.65966492 2.00196852
38.70967742 1.99921396
38.75968992 1.99826620
38.80970243 1.99647359
38.85971493 1.99375967
38.90972743 1.99188044
38.95973993 1.98688409
39.00975244 1.98497101
39.05976494 1.98264123
39.10977744 1.98171621
39.15978995 1.97885037
39.20980245 1.97867847
39.25981495 1.97745112
39.30982746 1.97520425
39.35983996 1.96821281
39.40985246 1.96505252
39.45986497 1.96363111
39.50987747 1.95925448
39.55988997 1.95705158
39.60990248 1.95536213
39.65991498 1.95128097
39.70992748 1.94937152
39.75993998 1.94432835
39.80995249 1.94230753
39.85996499 1.94053308
39.90997749 1.93736667
39.95999000 1.93382727
40.01000250 1.93172433
40.06001500 1.92968644
40.11002751 1.92525769
40.16004001 1.92227669
40.21005251 1.92177870
40.26006502 1.91903234
40.31007752 1.91750365
40.36009002 1.91669218
40.41010253 1.91304974
40.46011503 1.91218815
40.51012753 1.91016252
40.56014004 1.90369884
40.61015254 1.90012184
40.66016504 1.89869867
40.71017754 1.89770382
40.76019005 1.89656578
40.81020255 1.89334681
40.86021505 1.89232134
40.91022756 1.88696799
40.96024006 1.88377272
41.01025256 1.87832924
41.06026507 1.87634059
41.11027757 1.87433960
41.16029007 1.87282834
41.21030258 1.87082247
41.26031508 1.86965653
41.31032758 1.86610783
41.36034009 1.86511628
41.41035259 1.85914074
41.46036509 1.85487371
41.51037759 1.85148573
41.56039010 1.85031385
41.61040260 1.84716903
41.66041510 1.84606579
41.71042761 1.84317772
41.76044011 1.83695347
41.81045261 1.83632738
41.86046512 1.83390739
41.91047762 1.83297096
41.96049012 1.83139293
42.01050263 1.82845789
42.06051513 1.82511621
42.11052763 1.82214704
42.16054014 1.81974822
42.21055264 1.81766468
42.26056514 1.81634611
42.31057764 1.81427676
42.36059015 1.81216162
42.41060265 1.80552913
42.46061515 1.80452108
42.51062766 1.80310730
42.56064016 1.80115297
42.61065266 1.79958155
42.66066517 1.79695203
42.71067767 1.79580041
42.76069017 1.79361692
42.81070268 1.79162532
42.86071518 1.78823546
42.91072768 1.78622391
42.96074019 1.78448428
43.01075269 1.78070082
43.06076519 1.77926973
43.11077769 1.77936471
43.16079020 1.77733365
43.21080270 1.77597676
43.26081520 1.77457897
43.31082771 1.77212415
43.36084021 1.77140087
43.41085271 1.77040491
43.46086522 1.76831482
43.51087772 1.76595175
43.56089022 1.76433375
43.61090273 1.76333501
43.66091523 1.76107496
43.71092773 1.75955757
43.76094024 1.75553233
43.81095274 1.75269182
43.86096524 1.75161158
43.91097774 1.75110835
43.96099025 1.74911849
44.01100275 1.74749505
44.06101525 1.74472050
44.11102776 1.74312708
44.16104026 1.73916408
44.21105276 1.73712112
44.26106527 1.73448651
44.31107777 1.73256760
44.36109027 1.73110514
44.41110278 1.72749998
44.46111528 1.72668036
44.51112778 1.72481946
44.56114029 1.72316773
44.61115279 1.71893400
44.66116529 1.71683818
44.71117779 1.71260856
44.76119030 1.70849526
44.81120280 1.70592386
44.86121530 1.70517102
44.91122781 1.70296296
44.96124031 1.70032311
45.01125281 1.69935106
45.06126532 1.69752869
45.11127782 1.69663858
45.16129032 1.69450332
45.21130283 1.69403111
45.26131533 1.68953670
45.31132783 1.68732447
45.36134034 1.68428293
45.41135284 1.68038713
45.46136534 1.67793100
45.51137784 1.67394700
45.56139035 1.67175512
45.61140285 1.67069082
45.66141535 1.66921925
45.71142786 1.66804313
45.76144036 1.66383913
45.81145286 1.66236010
45.86146537 1.66031067
45.91147787 1.65565939
45.96149037 1.65401654
46.01150288 1.65036118
46.06151538 1.64888340
46.11152788 1.64564623
46.16154039 1.64197911
46.21155289 1.63912166
46.26156539 1.63816168
46.31157789 1.63392720
46.36159040 1.63319216
46.41160290 1.62980313
46.46161540 1.62898288
46.51162791 1.62686952
46.56164041 1.62571620
46.61165291 1.62096352
46.66166542 1.61972167
46.71167792 1.61819758
46.76169042 1.61239498
46.81170293 1.60626685
46.86171543 1.60488758
46.91172793 1.60277923
46.96174044 1.59895427
47.01175294 1.59772320
47.06176544 1.59634093
47.11177794 1.59564850
47.16179045 1.59352322
47.21180295 1.59283972
47.26181545 1.59067739
47.31182796 1.58800663
47.36184046 1.58714769
47.41185296 1.58582321
47.46186547 1.58190595
47.51187797 1.58061604
47.56189047 1.57820239
47.61190298 1.57583711
47.66191548 1.57452719
47.71192798 1.57275770
47.76194049 1.57202477
47.81195299 1.56888102
47.86196549 1.56716799
47.91197799 1.56629997
47.96199050 1.56313826
48.01200300 1.55957143
48.06201550 1.55783900
48.11202801 1.55499350
48.16204051 1.55422639
48.21205301 1.55215272
48.26206552 1.55034060
48.31207802 1.54796558
48.36209052 1.54717811
48.41210303 1.54346884
48.46211553 1.53931703
48.51212803 1.53785015
48.56214054 1.53666218
48.61215304 1.53309110
48.66216554 1.53205629
48.71217804 1.53115828
48.76219055 1.53018164
48.81220305 1.52800714
48.86221555 1.52655285
48.91222806 1.52532304
48.96224056 1.52297209
49.01225306 1.52097844
49.06226557 1.51663764
49.11227807 1.51519235
49.16229057 1.51269144
49.21230308 1.50976067
49.26231558 1.50863527
49.31232808 1.50534369
49.36234059 1.50320049
49.41235309 1.50167675
49.46236559 1.49967896
49.51237809 1.49544015
49.56239060 1.49305168
49.61240310 1.49193252
49.66241560 1.48788443
49.71242811 1.48670383
49.76244061 1.48550743
49.81245311 1.48330009
49.86246562 1.48172580
49.91247812 1.47825082
49.96249062 1.47620596
50.01250313 1.47390149
50.06251563 1.47265892
50.11252813 1.47188819
50.16254064 1.47069080
50.21255314 1.47003531
50.26256564 1.46788971
50.31257814 1.46619036
50.36259065 1.46380205
50.41260315 1.46288447
50.46261565 1.45994029
50.51262816 1.45886631
50.56264066 1.45792249
50.61265316 1.45691131
50.66266567 1.45405893
50.71267817 1.45188764
50.76269067 1.44942398
50.81270318 1.44865073
50.86271568 1.44622788
50.91272818 1.44378289
50.96274069 1.44127610
51.01275319 1.44040328
51.06276569 1.43860998
51.11277819 1.43631712
51.16279070 1.43536710
51.21280320 1.43373395
51.26281570 1.43170259
51.31282821 1.42897098
51.36284071 1.42593465
51.41285321 1.42527870
51.46286572 1.42492637
51.51287822 1.42352031
51.56289072 1.42247517
51.61290323 1.42148856
51.66291573 1.41903768
51.71292823 1.41799956
51.76294074 1.41641158
51.81295324 1.41521928
51.86296574 1.41386664
51.91297824 1.41054965
51.96299075 1.40867094
52.01300325 1.40720481
52.06301575 1.40417137
52.11302826 1.40337183
52.16304076 1.40014177
52.21305326 1.39748998
52.26306577 1.39729974
52.31307827 1.39445428
52.36309077 1.39351422
52.41310328 1.38992229
52.46311578 1.38772393
52.51312828 1.38701209
52.56314079 1.38423598
52.61315329 1.38075043
52.66316579 1.37870108
52.71317829 1.37816789
52.76319080 1.37661238
52.81320330 1.37421716
52.86321580 1.36964558
52.91322831 1.36877915
52.96324081 1.36494855
53.01325331 1.36398591
53.06326582 1.36192884
53.11327832 1.36139305
53.16329082 1.36052455
53.21330333 1.35831908
53.26331583 1.35574546
53.31332833 1.35466818
53.36334084 1.35331547
53.41335334 1.35061248
53.46336584 1.34920375
53.51337834 1.34649400
53.56339085 1.34546722
53.61340335 1.34498931
53.66341585 1.34343056
53.71342836 1.34293538
53.76344086 1.34202408
53.81345336 1.34097095
53.86346587 1.33879639
53.91347837 1.33674102
53.96349087 1.33567757
54.01350338 1.33470525
54.06351588 1.33297588
54.11352838 1.33196686
54.16354089 1.32879169
54.21355339 1.32589837
54.26356589 1.32293508
54.31357839 1.32184528
54.36359090 1.32018578
54.41360340 1.31853993
54.46361590 1.31528579
54.51362841 1.31480165
54.56364091 1.31229397
54.61365341 1.30974768
54.66366592 1.30916804
54.71367842 1.30811215
54.76369092 1.30564508
54.81370343 1.30304276
54.86371593 1.30218629
54.91372843 1.30112866
54.96374094 1.29936277
55.01375344 1.29697448
55.06376594 1.29407448
55.11377844 1.29293469
55.16379095 1.29129692
55.21380345 1.29012361
55.26381595 1.28857179
55.31382846 1.28695508
55.36384096 1.28535878
55.41385346 1.28221870
55.46386597 1.28146791
55.51387847 1.28032761
55.56389097 1.27875499
55.61390348 1.27707581
55.66391598 1.27505733
55.71392848 1.27326186
55.76394099 1.27069966
55.81395349 1.26920685
55.86396599 1.26699355
55.91397849 1.26405648
55.96399100 1.26210893
56.01400350 1.25881849
56.06401600 1.25876714
56.11402851 1.25777153
56.16404101 1.25601147
56.21405351 1.25310052
56.26406602 1.25097875
56.31407852 1.24860540
56.36409102 1.24618251
56.41410353 1.24493691
56.46411603 1.24324846
56.51412853 1.24240410
56.56414104 1.24035437
56.61415354 1.23772055
56.66416604 1.23517432
56.71417854 1.23445874
56.76419105 1.23383727
56.81420355 1.23295955
56.86421605 1.23055325
56.91422856 1.22969208
56.96424106 1.22816418
57.01425356 1.22672151
57.06426607 1.22385646
57.11427857 1.22100529
57.16429107 1.22020782
57.21430358 1.21820452
57.26431608 1.21737460
57.31432858 1.21643796
57.36434109 1.21556242
57.41435359 1.21400997
57.46436609 1.21313000
57.51437859 1.21138070
57.56439110 1.21050794
57.61440360 1.20785866
57.66441610 1.20709264
57.71442861 1.20628769
57.76444111 1.20548999
57.81445361 1.20443001
57.86446612 1.20256369
57.91447862 1.20167526
57.96449112 1.20041377
58.01450363 1.19734334
58.06451613 1.19439965
58.11452863 1.19279154
58.16454114 1.19200721
58.21455364 1.19137536
58.26456614 1.19197058
58.31457864 1.19065869
58.36459115 1.18837962
58.41460365 1.18686325
58.46461615 1.18428746
58.51462866 1.18351390
58.56464116 1.18291965
58.61465366 1.18232933
58.66466617 1.18105197
58.71467867 1.17931788
58.76469117 1.17852934
58.81470368 1.17691527
58.86471618 1.17495635
58.91472868 1.17442779
58.96474119 1.17372513
59.01475369 1.17129133
59.06476619 1.17036486
59.11477869 1.16908676
59.16479120 1.16678882
59.21480370 1.16626666
59.26481620 1.16521694
59.31482871 1.16262218
59.36484121 1.16128433
59.41485371 1.15867638
59.46486622 1.15812055
59.51487872 1.15787942
59.56489122 1.15690578
59.61490373 1.15579243
59.66491623 1.15407715
59.71492873 1.15275215
59.76494124 1.15040865
59.81495374 1.14788905
59.86496624 1.14668593
59.91497874 1.14563201
59.96499125 1.14317402
60.01500375 1.14134650
60.06501625 1.13980344
60.11502876 1.13858622
60.16504126 1.13793572
60.21505376 1.13542113
60.26506627 1.13467140
60.31507877 1.13364407
60.36509127 1.13234573
60.41510378 1.13150553
60.46511628 1.12886095
60.51512878 1.12798666
60.56514129 1.12699314
60.61515379 1.12605246
60.66516629 1.12435030
60.71517879 1.12242672
60.76519130 1.12138468
60.81520380 1.12054134
60.86521630 1.11850356
60.91522881 1.11772025
60.96524131 1.11609469
61.01525381 1.11500626
61.06526632 1.11334192
61.11527882 1.11266018
61.16529132 1.11186016
61.21530383 1.11096269
61.26531633 1.10680604
61.31532883 1.10611566
61.36534134 1.10511437
61.41535384 1.10327599
61.46536634 1.10210743
61.51537884 1.09810670
61.56539135 1.09639295
61.61540385 1.09478537
61.66541635 1.09340637
61.71542886 1.09186431
61.76544136 1.09109819
61.81545386 1.09019009
61.86546637 1.08747047
61.91547887 1.08598604
61.96549137 1.08330045
62.01550388 1.08215283
62.06551638 1.08118069
62.11552888 1.08037362
62.16554139 1.07902104
62.21555389 1.07757080
62.26556639 1.07668765
62.31557889 1.07551507
62.36559140 1.07392166
62.41560390 1.07311803
62.46561640 1.06944857
62.51562891 1.06798704
62.56564141 1.06628559
62.61565391 1.06303329
62.66566642 1.06127397
62.71567892 1.06040135
62.76569142 1.05969024
62.81570393 1.05872640
62.86571643 1.05649512
62.91572893 1.05435647
62.96574144 1.05298580
63.01575394 1.05115883
63.06576644 1.05016673
63.11577894 1.05023042
63.16579145 1.04869740
63.21580395 1.04780219
63.26581645 1.04604130
63.31582896 1.04393516
63.36584146 1.04219760
63.41585396 1.04023634
63.46586647 1.04001633
63.51587897 1.03917865
63.56589147 1.03849999
63.61590398 1.03767542
63.66591648 1.03646545
63.71592898 1.03461262
63.76594149 1.03280525
63.81595399 1.03103541
63.86596649 1.03031009
63.91597899 1.02968802
63.96599150 1.02712400
64.01600400 1.02685408
64.06601650 1.02607457
64.11602901 1.02361814
64.16604151 1.02236807
64.21605401 1.02031178
64.26606652 1.01847602
64.31607902 1.01772317
64.36609152 1.01644521
64.41610403 1.01575306
64.46611653 1.01490842
64.51612903 1.01413402
64.56614154 1.01192189
64.61615404 1.01111987
64.66616654 1.01042706
64.71617904 1.00965066
64.76619155 1.00883979
64.81620405 1.00657013
64.86621655 1.00563761
64.91622906 1.00489537
64.96624156 1.00412349
65.01625406 1.00353412
65.06626657 1.00232213
65.11627907 1.00140409
65.16629157 1.00054180
65.21630408 0.99974061
65.26631658 0.99885406
65.31632908 0.99801110
65.36634159 0.99523153
65.41635409 0.99333396
65.46636659 0.99247797
65.51637909 0.99160937
65.56639160 0.99076246
65.61640410 0.99009897
65.66641660 0.98940226
65.71642911 0.98833351
65.76644161 0.98422600
65.81645411 0.98298637
65.86646662 0.98262058
65.91647912 0.97887067
65.96649162 0.97801409
66.01650413 0.97725008
66.06651663 0.97610452
66.11652913 0.97478024
66.16654164 0.97288825
66.21655414 0.97163207
66.26656664 0.96964956
66.31657914 0.96792323
66.36659165 0.96685281
66.41660415 0.96565556
66.46661665 0.96488219
66.51662916 0.96326675
66.56664166 0.96232121
66.61665416 0.96128875
66.66666667 0.96046148
66.71667917 0.95859849
66.76669167 0.95802146
66.81670418 0.95718884
66.86671668 0.95601876
66.91672918 0.95424216
66.96674169 0.95237030
67.01675419 0.95151225
67.06676669 0.94966664
67.11677919 0.94891923
67.16679170 0.94763862
67.21680420 0.94630100
67.26681670 0.94641375
67.31682921 0.94548830
67.36684171 0.94364288
67.41685421 0.94130334
67.46686672 0.94058234
67.51687922 0.93987862
67.56689172 0.93909530
67.61690423 0.93785783
67.66691673 0.93703435
67.71692923 0.93525996
67.76694174 0.93363341
67.81695424 0.93287917
67.86696674 0.93220072
67.91697924 0.93165467
67.96699175 0.93022142
68.01700425 0.92894855
68.06701675 0.92800192
68.11702926 0.92694037
68.16704176 0.92617712
68.21705426 0.92543980
68.26706677 0.92389430
68.31707927 0.92291961
68.36709177 0.92205373
68.41710428 0.92097399
68.46711678 0.91975048
68.51712928 0.91909007
68.56714179 0.91838829
68.61715429 0.91711570
68.66716679 0.91529177
68.71717929 0.91350983
68.76719180 0.91248429
68.81720430 0.91207014
68.86721680 0.91132238
68.91722931 0.91019139
68.96724181 0.90915861
69.01725431 0.90822943
69.06726682 0.90742579
69.11727932 0.90655449
69.16729182 0.90417952
69.21730433 0.90343064
69.26731683 0.90174523
69.31732933 0.90098209
69.36734184 0.89888414
69.41735434 0.89709932
69.46736684 0.89615868
69.51737934 0.89530183
69.56739185 0.89447684
69.61740435 0.89334482
69.66741685 0.89199804
69.71742936 0.89112779
69.76744186 0.89023462
69.81745436 0.88932511
69.86746687 0.88668116
69.91747937 0.88610882
69.96749187 0.88444251
70.01750438 0.88277729
70.06751688 0.88195927
70.11752938 0.88015814
70.16754189 0.87825446
70.21755439 0.87756146
70.26756689 0.87631563
70.31757939 0.87408405
70.36759190 0.87351015
70.41760440 0.87271153
70.46761690 0.87198245
70.51762941 0.87133762
70.56764191 0.87059169
70.61765441 0.86916699
70.66766692 0.86798544
70.71767942 0.86734789
70.76769192 0.86659622
70.81770443 0.86502304
70.86771693 0.86425181
70.91772943 0.86359701
70.96774194 0.86210720
71.01775444 0.86137397
71.06776694 0.86057033
71.11777944 0.85802208
71.16779195 0.85647831
71.21780445 0.85438345
71.26781695 0.85370641
71.31782946 0.85292636
71.36784196 0.85056955
71.41785446 0.84982430
71.46786697 0.84931812
71.51787947 0.84583081
71.56789197 0.84276483
71.61790448 0.84206038
71.66791698 0.84147559
71.71792948 0.84125356
71.76794199 0.84056906
71.81795449 0.83836334
71.86796699 0.83595273
71.91797949 0.83509508
71.96799200 0.83429037
72.01800450 0.83280323
72.06801700 0.83197058
72.11802951 0.83104503
72.16804201 0.82855263
72.21805451 0.82736234
72.26806702 0.82681362
72.31807952 0.82405898
72.36809202 0.82380705
72.41810453 0.82288407
72.46811703 0.82107725
72.51812953 0.82020919
72.56814204 0.81942816
72.61815454 0.81851619
72.66816704 0.81796693
72.71817954 0.81676446
72.76819205 0.81649681
72.81820455 0.81581815
72.86821705 0.81559830
72.91822956 0.81451905
72.96824206 0.81290062
73.01825456 0.81208522
73.06826707 0.81080807
73.11827957 0.80961135
73.16829207 0.80823812
73.21830458 0.80763264
73.26831708 0.80687778
73.31832958 0.80535325
73.36834209 0.80400424
73.41835459 0.80209317
73.46836709 0.80098751
73.51837959 0.80068233
73.56839210 0.80023548
73.61840460 0.79848898
73.66841710 0.79785032
73.71842961 0.79644886
73.76844211 0.79496849
73.81845461 0.79424942
73.86846712 0.79345181
73.91847962 0.79256853
73.96849212 0.79182872
74.01850463 0.79009506
74.06851713 0.78933479
74.11852963 0.78897202
74.16854214 0.78766308
74.21855464 0.78580629
74.26856714 0.78508330
74.31857964 0.78326070
74.36859215 0.78114245
74.41860465 0.78021013
74.46861715 0.77942509
74.51862966 0.77874276
74.56864216 0.77792653
74.61865466 0.77704214
74.66866717 0.77641774
74.71867967 0.77492492
74.76869217 0.77435220
74.81870468 0.77388851
74.86871718 0.77280438
74.91872968 0.77221391
74.96874219 0.77151105
75.01875469 0.77025789
75.06876719 0.76923233
75.11877969 0.76735279
75.16879220 0.76672818
75.21880470 0.76583364
75.26881720 0.76564201
75.31882971 0.76505770
75.36884221 0.76345684
75.41885471 0.76251785
75.46886722 0.76084506
75.51887972 0.75982466
75.56889222 0.75823922
75.61890473 0.75549442
75.66891723 0.75563538
75.71892973 0.75382349
75.76894224 0.75266278
75.81895474 0.75005047
75.86896724 0.74965418
75.91897974 0.74814215
75.96899225 0.74756310
76.01900475 0.74694006
76.06901725 0.74615418
76.11902976 0.74553473
76.16904226 0.74521282
76.21905476 0.74232221
76.26906727 0.74153800
76.31907977 0.74081576
76.36909227 0.73997782
76.41910478 0.73730824
76.46911728 0.73593247
76.51912978 0.73532166
76.56914229 0.73467133
76.61915479 0.73369671
76.66916729 0.73306377
76.71917979 0.73242559
76.76919230 0.73183361
76.81920480 0.73100876
76.86921730 0.73067920
76.91922981 0.72994296
76.96924231 0.72843160
77.01925481 0.72806338
77.06926732 0.72744173
77.11927982 0.72679496
77.16929232 0.72441563
77.21930483 0.72297520
77.26931733 0.72222939
77.31932983 0.72139584
77.36934234 0.72056438
77.41935484 0.71937526
77.46936734 0.71732813
77.51937984 0.71463458
77.56939235 0.71406004
77.61940485 0.71356438
77.66941735 0.71302337
77.71942986 0.71237120
77.76944236 0.71188775
77.81945486 0.71075314
77.86946737 0.70921467
77.91947987 0.70849023
77.96949237 0.70727817
78.01950488 0.70564151
78.06951738 0.70512941
78.11952988 0.70440753
78.16954239 0.70373146
78.21955489 0.70321542
78.26956739 0.69977059
78.31957989 0.69895096
78.36959240 0.69759077
78.41960490 0.69645121
78.46961740 0.69460281
78.51962991 0.69353615
78.56964241 0.69300221
78.61965491 0.69445549
78.66966742 0.69335548
78.71967992 0.69238365
78.76969242 0.69119967
78.81970493 0.69049202
78.86971743 0.69027570
78.91972993 0.68830568
78.96974244 0.68735838
79.01975494 0.68686208
79.06976744 0.68608938
79.11977994 0.68545024
79.16979245 0.68389830
79.21980495 0.68315342
79.26981745 0.68205555
79.31982996 0.68154204
79.36984246 0.68076499
79.41985496 0.68045483
79.46986747 0.67969352
79.51987997 0.67819624
79.56989247 0.67763432
79.61990498 0.67722704
79.66991748 0.67671789
79.71992998 0.67624138
79.76994249 0.67554390
79.81995499 0.67486975
79.86996749 0.67281351
79.91997999 0.67271787
79.96999250 0.67021224
80.02000500 0.66967828
80.07001750 0.66883440
80.12003001 0.66769770
80.17004251 0.66719341
80.22005501 0.66556901
80.27006752 0.66504480
80.32008002 0.66504028
80.37009252 0.66426093
80.42010503 0.66323487
80.47011753 0.66263978
80.52013003 0.66194627
80.57014254 0.66132234
80.62015504 0.66053183
80.67016754 0.66023570
80.72018005 0.65965435
80.77019255 0.65884408
80.82020505 0.65833498
80.87021755 0.65659940
80.92023006 0.65603881
80.97024256 0.65537303
81.02025506 0.65544936
81.07026757 0.65434384
81.12028007 0.65404134
81.17029257 0.65290596
81.22030508 0.65276561
81.27031758 0.65201254
81.32033008 0.65065967
81.37034259 0.65001697
81.42035509 0.64933694
81.47036759 0.64744121
81.52038010 0.64628681
81.57039260 0.64517271
81.62040510 0.64418323
81.67041760 0.64373754
81.72043011 0.64346437
81.77044261 0.64237052
81.82045511 0.63955708
81.87046762 0.63923567
81.92048012 0.63719623
81.97049262 0.63655902
82.02050513 0.63534869
82.07051763 0.63484246
82.12053013 0.63500656
82.17054264 0.63478498
82.22055514 0.63396315
82.27056764 0.63323694
82.32058015 0.63273893
82.37059265 0.63189054
82.42060515 0.63158853
82.47061765 0.63021460
82.52063016 0.62954517
82.57064266 0.62889271
82.62065516 0.62883473
82.67066767 0.62799201
82.72068017 0.62714861
82.77069267 0.62513374
82.82070518 0.62484485
82.87071768 0.62320124
82.92073018 0.62231238
82.97074269 0.62199623
83.02075519 0.62142043
83.07076769 0.62082549
83.12078020 0.61992895
83.17079270 0.61931915
83.22080520 0.61837266
83.27081770 0.61752624
83.32083021 0.61671596
83.37084271 0.61596743
83.42085521 0.61542579
83.47086772 0.61506209
83.52088022 0.61374608
83.57089272 0.61305849
83.62090523 0.61227880
83.67091773 0.61065321
83.72093023 0.61008392
83.77094274 0.60929414
83.82095524 0.60873086
83.87096774 0.60844749
83.92098025 0.60792984
83.97099275 0.60737405
84.02100525 0.60697336
84.07101775 0.60539806
84.12103026 0.60444122
84.17104276 0.60390215
84.22105526 0.60320313
84.27106777 0.60267958
84.32108027 0.60399475
84.37109277 0.60349906
84.42110528 0.60298068
84.47111778 0.60229788
84.52113028 0.60094989
84.57114279 0.60043307
84.62115529 0.59943734
84.67116779 0.59873555
84.72118030 0.59820747
84.77119280 0.59897149
84.82120530 0.59837108
84.87121780 0.59762738
84.92123031 0.59655304
84.97124281 0.59619430
85.02125531 0.59425436
85.07126782 0.59385851
85.12128032 0.59302237
85.17129282 0.59211327
85.22130533 0.59153215
85.27131783 0.59091455
85.32133033 0.59051872
85.37134284 0.58991488
85.42135534 0.58917935
85.47136784 0.58862319
85.52138035 0.58798981
85.57139285 0.58611652
85.62140535 0.58431373
85.67141785 0.58366513
85.72143036 0.58307664
85.77144286 0.58242245
85.82145536 0.58151289
85.87146787 0.58098442
85.92148037 0.58026706
85.97149287 0.57895675
86.02150538 0.57820962
86.07151788 0.57744353
86.12153038 0.57719431
86.17154289 0.57679692
86.22155539 0.57562686
86.27156789 0.57463544
86.32158040 0.57359186
86.37159290 0.57307549
86.42160540 0.57251060
86.47161790 0.57190116
86.52163041 0.57032777
86.57164291 0.56972046
86.62165541 0.56908396
86.67166792 0.56827963
86.72168042 0.56777593
86.77169292 0.56698477
86.82170543 0.56812217
86.87171793 0.56727022
86.92173043 0.56629225
86.97174294 0.56563137
87.02175544 0.56527801
87.07176794 0.56477801
87.12178045 0.56400944
87.17179295 0.56345408
87.22180545 0.56316466
87.27181795 0.56247601
87.32183046 0.56197405
87.37184296 0.56139048
87.42185546 0.56049398
87.47186797 0.55999166
87.52188047 0.55940800
87.57189297 0.55868031
87.62190548 0.55806952
87.67191798 0.55764573
87.72193048 0.55596502
87.77194299 0.55544252
87.82195549 0.55494770
87.87196799 0.55417256
87.92198050 0.55330380
87.97199300 0.55183030
88.02200550 0.55134616
88.07201800 0.55082768
88.12203051 0.55019496
88.17204301 0.54963789
88.22205551 0.54853019
88.27206802 0.54698941
88.32208052 0.54638960
88.37209302 0.54518826
88.42210553 0.54462611
88.47211803 0.54403718
88.52213053 0.54301168
88.57214304 0.54239551
88.62215554 0.54180044
88.67216804 0.54079178
88.72218055 0.54017828
88.77219305 0.54014457
88.82220555 0.53978379
88.87221805 0.53875580
88.92223056 0.53818139
88.97224306 0.53776443
89.02225556 0.53711920
89.07226807 0.53660359
89.12228057 0.53593812
89.17229307 0.53487253
89.22230558 0.53382440
89.27231808 0.53332927
89.32233058 0.53148983
89.37234309 0.52937219
89.42235559 0.52708603
89.47236809 0.52690454
89.52238060 0.52620924
89.57239310 0.52451680
89.62240560 0.52380467
89.67241810 0.52328788
89.72243061 0.52277857
89.77244311 0.52236262
89.82245561 0.52172113
89.87246812 0.52069003
89.92248062 0.52030936
89.97249312 0.51998328
90.02250563 0.51960492
90.07251813 0.51902103
90.12253063 0.51823698
90.17254314 0.51775686
90.22255564 0.51714999
90.27256814 0.51647256
90.32258065 0.51612960
90.37259315 0.51528847
90.42260565 0.51490838
90.47261815 0.51458388
90.52263066 0.51428691
90.57264316 0.51413761
90.62265566 0.51354992
90.67266817 0.51281283
90.72268067 0.51227898
90.77269317 0.51115541
90.82270568 0.51074808
90.87271818 0.51032648
90.92273068 0.50805489
90.97274319 0.50777655
91.02275569 0.50706533
91.07276819 0.50650980
91.12278070 0.50593804
91.17279320 0.50559175
91.22280570 0.50504213
91.27281820 0.50449021
91.32283071 0.50403030
91.37284321 0.50362003
91.42285571 0.50296482
91.47286822 0.50330073
91.52288072 0.50251744
91.57289322 0.50164245
91.62290573 0.50119779
91.67291823 0.50069860
91.72293073 0.50037036
91.77294324 0.49929879
91.82295574 0.49824539
91.87296824 0.49771635
91.92298075 0.49717908
91.97299325 0.49680305
92.02300575 0.49633780
92.07301825 0.49597324
92.12303076 0.49461872
92.17304326 0.49451809
92.22305576 0.49414578
92.27306827 0.49371662
92.32308077 0.49329130
92.37309327 0.49251965
92.42310578 0.49076123
92.47311828 0.49009560
92.52313078 0.48982692
92.57314329 0.48667857
92.62315579 0.48638000
92.67316829 0.48586504
92.72318080 0.48503711
92.77319330 0.48456575
92.82320580 0.48407346
92.87321830 0.48352010
92.92323081 0.48287925
92.97324331 0.48263225
93.02325581 0.48232585
93.07326832 0.48191314
93.12328082 0.48144127
93.17329332 0.48098514
93.22330583 0.48026032
93.27331833 0.47921506
93.32333083 0.47867623
93.37334334 0.47799386
93.42335584 0.47745783
93.47336834 0.47689504
93.52338085 0.47635622
93.57339335 0.47577854
93.62340585 0.47536386
93.67341835 0.47497953
93.72343086 0.47445740
93.77344336 0.47392834
93.82345586 0.47319401
93.87346837 0.47296296
93.92348087 0.47242208
93.97349337 0.47209993
94.02350588 0.47164244
94.07351838 0.47092130
94.12353088 0.47071906
94.17354339 0.47075696
94.22355589 0.47004193
94.27356839 0.46954187
94.32358090 0.46878531
94.37359340 0.46821505
94.42360590 0.46762560
94.47361840 0.46707481
94.52363091 0.46583856
94.57364341 0.46505321
94.62365591 0.46470955
94.67366842 0.46417640
94.72368092 0.46338268
94.77369342 0.46275309
94.82370593 0.46221093
94.87371843 0.46161952
94.92373093 0.46049522
94.97374344 0.45985903
95.02375594 0.45953977
95.07376844 0.45818036
95.12378095 0.45781228
95.17379345 0.45672301
95.22380595 0.45616046
95.27381845 0.45563040
95.32383096 0.45406717
95.37384346 0.45340028
95.42385596 0.45317388
95.47386847 0.45265294
95.52388097 0.45220991
95.57389347 0.45186464
95.62390598 0.45098806
95.67391848 0.45053451
95.72393098 0.45011046
95.77394349 0.44958209
95.82395599 0.44911070
95.87396849 0.44862606
95.92398100 0.44813687
95.97399350 0.44740646
96.02400600 0.44686655
96.07401850 0.44647809
96.12403101 0.44593215
96.17404351 0.44523836
96.22405601 0.44477974
96.27406852 0.44422932
96.32408102 0.44366285
96.37409352 0.44299410
96.42410603 0.44277240
96.47411853 0.44231282
96.52413103 0.44148219
96.57414354 0.44048274
96.62415604 0.44011368
96.67416854 0.43959779
96.72418105 0.43886677
96.77419355 0.43857649
96.82420605 0.43810203
96.87421855 0.43806982
96.92423106 0.43747621
96.97424356 0.43690591
97.02425606 0.43554094
97.07426857 0.43507309
97.12428107 0.43442783
97.17429357 0.43393232
97.22430608 0.43334988
97.27431858 0.43155410
97.32433108 0.43103717
97.37434359 0.43049995
97.42435609 0.42982681
97.47436859 0.42943961
97.52438110 0.42935334
97.57439360 0.42883939
97.62440610 0.43021111
97.67441860 0.42955394
97.72443111 0.42878096
97.77444361 0.42801127
97.82445611 0.42755829
97.87446862 0.42710044
97.92448112 0.42650657
97.97449362 0.42601585
98.02450613 0.42546602
98.07451863 0.42330700
98.12453113 0.42279778
98.17454364 0.42238698
98.22455614 0.42211299
98.27456864 0.42161445
98.32458115 0.42121820
98.37459365 0.42037454
98.42460615 0.41980376
98.47461865 0.41946722
98.52463116 0.41897134
98.57464366 0.41844091
98.62465616 0.41791258
98.67466867 0.41733008
98.72468117 0.41682396
98.77469367 0.41639986
98.82470618 0.41616492
98.87471868 0.41574866
98.92473118 0.41462441
98.97474369 0.41419258
99.02475619 0.41366637
99.07476869 0.41335442
99.12478120 0.41287768
99.17479370 0.41249191
99.22480620 0.41207754
99.27481870 0.41099931
99.32483121 0.41057381
99.37484371 0.41014112
99.42485621 0.40970496
99.47486872 0.41018149
99.52488122 0.40972413
99.57489372 0.40918930
99.62490623 0.40869875
99.67491873 0.40820945
99.72493123 0.40755522
99.77494374 0.40705918
99.82495624 0.40673217
99.87496874 0.40626288
99.92498125 0.40577054
99.97499375 0.40525142
100.02500625 0.40482044
100.07501875 0.40516138
100.12503126 0.40514916
100.17504376 0.40485202
100.22505626 0.40438193
100.27506877 0.40394390
100.32508127 0.40372443
100.37509377 0.40218466
100.42510628 0.40171431
100.47511878 0.39990516
100.52513128 0.39955732
100.57514379 0.39925286
100.62515629 0.39879417
100.67516879 0.39829905
100.72518130 0.39805383
100.77519380 0.39760824
100.82520630 0.39726417
100.87521880 0.39695734
100.92523131 0.39643023
100.97524381 0.39612766
101.02525631 0.39546056
101.07526882 0.39497400
101.12528132 0.39452944
101.17529382 0.39428277
101.22530633 0.39397927
101.27531883 0.39353933
101.32533133 0.39274431
101.37534384 0.39232245
101.42535634 0.39268081
101.47536884 0.39220579
101.52538135 0.39162095
101.57539385 0.39101542
101.62540635 0.39069483
101.67541885 0.39022853
101.72543136 0.38982000
101.77544386 0.38992834
101.82545636 0.38961144
101.87546887 0.38929628
101.92548137 0.38887705
101.97549387 0.38842291
102.02550638 0.38762863
102.07551888 0.38717907
102.12553138 0.38624404
102.17554389 0.38577164
102.22555639 0.38538109
102.27556889 0.38489245
102.32558140 0.38448842
102.37559390 0.38245134
102.42560640 0.38194416
102.47561890 0.38149497
102.52563141 0.38056010
102.57564391 0.38003653
102.62565641 0.37948182
102.67566892 0.37912563
102.72568142 0.37894068
102.77569392 0.37856295
102.82570643 0.37820095
102.87571893 0.37710650
102.92573143 0.37649198
102.97574394 0.37543217
103.02575644 0.37491044
103.07576894 0.37446227
103.12578145 0.37410404
103.17579395 0.37391452
103.22580645 0.37350913
103.27581895 0.37311617
103.32583146 0.37330197
103.37584396 0.37285298
103.42585646 0.37198959
103.47586897 0.37144459
103.52588147 0.37126395
103.57589397 0.37079692
103.62590648 0.37032859
103.67591898 0.36995731
103.72593148 0.36972335
103.77594399 0.36930319
103.82595649 0.36877220
103.87596899 0.36774727
103.92598150 0.36647413
103.97599400 0.36602290
104.02600650 0.36567161
104.07601900 0.36523308
104.12603151 0.36514634
104.17604401 0.36465335
104.22605651 0.36424042
104.27606902 0.36320698
104.32608152 0.36293538
104.37609402 0.36273305
104.42610653 0.36240955
104.47611903 0.36209920
104.52613153 0.36166450
104.57614404 0.36125801
104.62615654 0.36087689
104.67616904 0.35989944
104.72618155 0.35926999
104.77619405 0.35895200
104.82620655 0.35739173
104.87621905 0.35704665
104.92623156 0.35683830
104.97624406 0.35642877
105.02625656 0.35606127
105.07626907 0.35560230
105.12628157 0.35605800
105.17629407 0.35563176
105.22630658 0.35535003
105.27631908 0.35492567
105.32633158 0.35457087
105.37634409 0.35401952
105.42635659 0.35300640
105.47636909 0.35232437
105.52638160 0.35178502
105.57639410 0.35123216
105.62640660 0.35082216
105.67641910 0.35050942
105.72643161 0.35011989
105.77644411 0.34982624
105.82645661 0.34932064
105.87646912 0.34980160
105.92648162 0.34941694
105.97649412 0.34904549
106.02650663 0.34872752
106.07651913 0.34843011
106.12653163 0.34810446
106.17654414 0.34789437
106.22655664 0.34717046
106.27656914 0.34680218
106.32658165 0.34643146
106.37659415 0.34605170
106.42660665 0.34565194
106.47661915 0.34491245
106.52663166 0.34399901
106.57664416 0.34354704
106.62665666 0.34260759
106.67666917 0.34215172
106.72668167 0.34144751
106.77669417 0.34074020
106.82670668 0.34092992
106.87671918 0.34124788
106.92673168 0.34084872
106.97674419 0.34101896
107.02675669 0.34026909
107.07676919 0.33928665
107.12678170 0.33883294
107.17679420 0.33777235
107.22680670 0.33758415
107.27681920 0.33714339
107.32683171 0.33669243
107.37684421 0.33626635
107.42685671 0.33549402
107.47686922 0.33515659
107.52688172 0.33473034
107.57689422 0.33401641
107.62690673 0.33367531
107.67691923 0.33335586
107.72693173 0.33280686
107.77694424 0.33209138
107.82695674 0.33304657
107.87696924 0.33285153
107.92698175 0.33237581
107.97699425 0.33204297
108.02700675 0.33170454
108.07701925 0.33145754
108.12703176 0.33073746
108.17704426 0.33021030
108.22705676 0.32996977
108.27706927 0.32973942
108.32708177 0.32840141
108.37709427 0.32780938
108.42710678 0.32738168
108.47711928 0.32693659
108.52713178 0.32653597
108.57714429 0.32610743
108.62715679 0.32566433
108.67716929 0.32546834
108.72718180 0.32527021
108.77719430 0.32433124
108.82720680 0.32398277
108.87721930 0.32372767
108.92723181 0.32340487
108.97724431 0.32213058
109.02725681 0.32136835
109.07726932 0.32104297
109.12728182 0.32071086
109.17729432 0.32034046
109.22730683 0.32006221
109.27731933 0.31922432
109.32733183 0.31985677
109.37734434 0.31968782
109.42735684 0.31864026
109.47736934 0.31823017
109.52738185 0.31785473
109.57739435 0.31669892
109.62740685 0.31625052
109.67741935 0.31602131
109.72743186 0.31566827
109.77744436 0.31540068
109.82745686 0.31495601
109.87746937 0.31426963
109.92748187 0.31393566
109.97749437 0.31326042
110.02750688 0.31309789
110.07751938 0.31259445
110.12753188 0.31212515
110.17754439 0.31162418
110.22755689 0.31164501
110.27756939 0.31111485
110.32758190 0.31077993
110.37759440 0.31035898
110.42760690 0.31004899
110.47761940 0.30978425
110.52763191 0.30950336
110.57764441 0.30912155
110.62765691 0.30888923
110.67766942 0.30826482
110.72768192 0.30800851
110.77769442 0.30759101
110.82770693 0.30723300
110.87771943 0.30686698
110.92773193 0.30649953
110.97774444 0.30614185
111.02775694 0.30561823
111.07776944 0.30534730
111.12778195 0.30496975
111.17779445 0.30444167
111.22780695 0.30391465
111.27781945 0.30363014
111.32783196 0.30313819
111.37784446 0.30269038
111.42785696 0.30234387
111.47786947 0.30120229
111.52788197 0.30081314
111.57789447 0.30078992
111.62790698 0.30010559
111.67791948 0.29956819
111.72793198 0.29956433
111.77794449 0.29929993
111.82795699 0.29902721
111.87796949 0.29757576
111.92798200 0.29713307
111.97799450 0.29681028
112.02800700 0.29641571
112.07801950 0.29339668
112.12803201 0.29312833
112.17804451 0.29275788
112.22805701 0.29221437
112.27806952 0.29191002
112.32808202 0.29161358
112.37809452 0.29147571
112.42810703 0.29137794
112.47811953 0.29119794
112.52813203 0.29089170
112.57814454 0.29054204
112.62815704 0.28947337
112.67816954 0.28939378
112.72818205 0.28772808
112.77819455 0.28567800
112.82820705 0.28552080
112.87821955 0.28527333
112.92823206 0.28485174
112.97824456 0.28465910
113.02825706 0.28422062
113.07826957 0.28363894
113.12828207 0.28321087
113.17829457 0.28286952
113.22830708 0.28259513
113.27831958 0.28223730
113.32833208 0.28190599
113.37834459 0.28120332
113.42835709 0.28100281
113.47836959 0.28090175
113.52838210 0.28017788
113.57839460 0.27975364
113.62840710 0.27940385
113.67841960 0.27885683
113.72843211 0.27860738
113.77844461 0.27823752
113.82845711 0.27772842
113.87846962 0.27720337
113.92848212 0.27667958
113.97849462 0.27632864
114.02850713 0.27593451
114.07851963 0.27544527
114.12853213 0.27505712
114.17854464 0.27465787
114.22855714 0.27432929
114.27856964 0.27401861
114.32858215 0.27370095
114.37859465 0.27324387
114.42860715 0.27288333
114.47861965 0.27362655
114.52863216 0.27328343
114.57864466 0.27200737
114.62865716 0.27156508
114.67866967 0.27114212
114.72868217 0.27097758
114.77869467 0.27063959
114.82870718 0.27015369
114.87871968 0.26980610
114.92873218 0.26946900
114.97874469 0.26912942
115.02875719 0.26879090
115.07876969 0.26789963
115.12878220 0.26750818
115.17879470 0.26706983
115.22880720 0.26684710
115.27881970 0.26644615
115.32883221 0.26698767
115.37884471 0.26672795
115.42885721 0.26640134
115.47886972 0.26589116
115.52888222 0.26549512
115.57889472 0.26517323
115.62890723 0.26489091
115.67891973 0.26462381
115.72893223 0.26439050
115.77894474 0.26411864
115.82895724 0.26338090
115.87896974 0.26305836
115.92898225 0.26286318
115.97899475 0.26267364
116.02900725 0.26181585
116.07901975 0.26167728
116.12903226 0.26131224
116.17904476 0.26064519
116.22905726 0.26034042
116.27906977 0.25996062
116.32908227 0.25958395
116.37909477 0.25902759
116.42910728 0.25885397
116.47911978 0.25850703
116.52913228 0.25824235
116.57914479 0.25796603
116.62915729 0.25932352
116.67916979 0.25902915
116.72918230 0.25872066
116.77919480 0.25856579
116.82920730 0.25821939
116.87921980 0.25785299
116.92923231 0.25748549
116.97924481 0.25713323
117.02925731 0.25699089
117.07926982 0.25664501
117.12928232 0.25632349
117.17929482 0.25616955
117.22930733 0.25583240
117.27931983 0.25465279
117.32933233 0.25436095
117.37934484 0.25417381
117.42935734 0.25395501
117.47936984 0.25340382
117.52938235 0.25312111
117.57939485 0.25272396
117.62940735 0.25233342
117.67941985 0.25167553
117.72943236 0.25137550
117.77944486 0.25107952
117.82945736 0.25072383
117.87946987 0.25134407
117.92948237 0.25072671
117.97949487 0.25032228
118.02950738 0.24998629
118.07951988 0.24993241
118.12953238 0.24981307
118.17954489 0.24939307
118.22955739 0.24893864
118.27956989 0.24776576
118.32958240 0.24742959
118.37959490 0.24713490
118.42960740 0.24680647
118.47961990 0.24651222
118.52963241 0.24716052
118.57964491 0.24698632
118.62965741 0.24682690
118.67966992 0.24631206
118.72968242 0.24543931
118.77969492 0.24533276
118.82970743 0.24503748
118.87971993 0.24473860
118.92973243 0.24449522
118.97974494 0.24474877
119.02975744 0.24445649
119.07976994 0.24411928
119.12978245 0.24435472
119.17979495 0.24404261
119.22980745 0.24374453
119.27981995 0.24343813
119.32983246 0.24318929
119.37984496 0.24311992
119.42985746 0.24286278
119.47986997 0.24265475
119.52988247 0.24288741
119.57989497 0.24252393
119.62990748 0.24213603
119.67991998 0.24191185
119.72993248 0.24166047
119.77994499 0.24135780
119.82995749 0.24128229
119.87996999 0.24090347
119.92998250 0.24037891
119.97999500 0.24040969
120.03000750 0.24062573
120.08002001 0.24019685
120.13003251 0.23979396
120.18004501 0.23945437
120.23005751 0.23914783
120.28007002 0.23889720
120.33008252 0.23882585
120.38009502 0.23860182
120.43010753 0.23834616
120.48012003 0.23799115
120.53013253 0.23763392
120.58014504 0.23732238
120.63015754 0.23671068
120.68017004 0.23715584
120.73018255 0.23687872
120.78019505 0.23568581
120.83020755 0.23527919
120.88022006 0.23505154
120.93023256 0.23481422
120.98024506 0.23465680
121.03025756 0.23573060
121.08027007 0.23570970
121.13028257 0.23533420
121.18029507 0.23500289
121.23030758 0.23452609
121.28032008 0.23418917
121.33033258 0.23385566
121.38034509 0.23313912
121.43035759 0.23288473
121.48037009 0.23299644
121.53038260 0.23269355
121.58039510 0.23247099
121.63040760 0.23220242
121.68042011 0.23141249
121.73043261 0.23154752
121.78044511 0.23149396
121.83045761 0.23113486
121.88047012 0.23082487
121.93048262 0.23046476
121.98049512 0.23023412
122.03050763 0.23009732
122.08052013 0.23002748
122.13053263 0.22935832
122.18054514 0.22906008
122.23055764 0.22970529
122.28057014 0.22941112
122.33058265 0.22903946
122.38059515 0.22874862
122.43060765 0.22853839
122.48062016 0.22824180
122.53063266 0.22824365
122.58064516 0.22781316
122.63065766 0.22733375
122.68067017 0.22693092
122.73068267 0.22648728
122.78069517 0.22617372
122.83070768 0.22582453
122.88072018 0.22578532
122.93073268 0.22559682
122.98074519 0.22546115
123.03075769 0.22525777
123.08077019 0.22501048
123.13078270 0.22453117
123.18079520 0.22421857
123.23080770 0.22391699
123.28082021 0.22369744
123.33083271 0.22343307
123.38084521 0.22319805
123.43085771 0.22291068
123.48087022 0.22259205
123.53088272 0.22218180
123.58089522 0.22195709
123.63090773 0.22093737
123.68092023 0.22048870
123.73093273 0.22027040
123.78094524 0.21998136
123.83095774 0.21972227
123.88097024 0.21948438
123.93098275 0.21917807
123.98099525 0.21936482
124.03100775 0.21945157
124.08102026 0.21913574
124.13103276 0.21870849
124.18104526 0.21840769
124.23105776 0.21857735
124.28107027 0.21854468
124.33108277 0.21831995
124.38109527 0.21831030
124.43110778 0.21789928
124.48112028 0.21776501
124.53113278 0.21729328
124.58114529 0.21699880
124.63115779 0.21670674
124.68117029 0.21641114
124.73118280 0.21608753
124.78119530 0.21582301
124.83120780 0.21562061
124.88122031 0.21537768
124.93123281 0.21485640
124.98124531 0.21456620
125.03125781 0.21467010
125.08127032 0.21454897
125.13128282 0.21433546
125.18129532 0.21403939
125.23130783 0.21353399
125.28132033 0.21323613
125.33133283 0.21306733
125.38134534 0.21276900
125.43135784 0.21223649
125.48137034 0.21226074
125.53138285 0.21196198
125.58139535 0.21168421
125.63140785 0.21127336
125.68142036 0.21100503
125.73143286 0.21085187
125.78144536 0.21053554
125.83145786 0.21030197
125.88147037 0.21004333
125.93148287 0.20972586
125.98149537 0.20947342
126.03150788 0.20921005
126.08152038 0.20881914
126.13153288 0.20836846
126.18154539 0.20783563
126.23155789 0.20752022
126.28157039 0.20898575
126.33158290 0.20802595
126.38159540 0.20809975
126.43160790 0.20782142
126.48162041 0.20753365
126.53163291 0.20725399
126.58164541 0.20691722
126.63165791 0.20636362
126.68167042 0.20610388
126.73168292 0.20588709
126.78169542 0.20561130
126.83170793 0.20531353
126.88172043 0.20500075
126.93173293 0.20409292
126.98174544 0.20379982
127.03175794 0.20376076
127.08177044 0.20360171
127.13178295 0.20325944
127.18179545 0.20302040
127.23180795 0.20281879
127.28182046 0.20254786
127.33183296 0.20229464
127.38184546 0.20202890
127.43185796 0.20191189
127.48187047 0.20160795
127.53188297 0.20127438
127.58189547 0.20096447
127.63190798 0.20063939
127.68192048 0.20031227
127.73193298 0.20005822
127.78194549 0.19962086
127.83195799 0.19935414
127.88197049 0.19869231
127.93198300 0.19844149
127.98199550 0.19819066
128.03200800 0.19759193
128.08202051 0.19769445
128.13203301 0.19742009
128.18204551 0.19711676
128.23205801 0.19680228
128.28207052 0.19653715
128.33208302 0.19628093
128.38209552 0.19603087
128.43210803 0.19578387
128.48212053 0.19553563
128.53213303 0.19517181
128.58214554 0.19492039
128.63215804 0.19453251
128.68217054 0.19433715
128.73218305 0.19408418
128.78219555 0.19385946
128.83220805 0.19361458
128.88222056 0.19335947
128.93223306 0.19304302
128.98224556 0.19278123
129.03225806 0.19250904
129.08227057 0.19223666
129.13228307 0.19195676
129.18229557 0.19173702
129.23230808 0.19145930
129.28232058 0.19120212
129.33233308 0.19110046
129.38234559 0.19154861
129.43235809 0.19129341
129.48237059 0.19101023
129.53238310 0.19074791
129.58239560 0.19100450
129.63240810 0.19074173
129.68242061 0.19057792
129.73243311 0.19042677
129.78244561 0.18909004
129.83245811 0.18889505
129.88247062 0.18874195
129.93248312 0.18846776
129.98249562 0.18822379
130.03250813 0.18799859
130.08252063 0.18821549
130.13253313 0.18767927
130.18254564 0.18686686
130.23255814 0.18666979
130.28257064 0.18647651
130.33258315 0.18620271
130.38259565 0.18582560
130.43260815 0.18563879
130.48262066 0.18537557
130.53263316 0.18510549
130.58264566 0.18484168
130.63265816 0.18455787
130.68267067 0.18426096
130.73268317 0.18396270
130.78269567 0.18367814
130.83270818 0.18347870
130.88272068 0.18322750
130.93273318 0.18297957
130.98274569 0.18277912
131.03275819 0.18254130
131.08277069 0.18243876
131.13278320 0.18216633
131.18279570 0.18205600
131.23280820 0.18174626
131.28282071 0.18307202
131.33283321 0.18264397
131.38284571 0.18239379
131.43285821 0.18214322
131.48287072 0.18189036
131.53288322 0.18167989
131.58289572 0.18141338
131.63290823 0.18116169
131.68292073 0.18095155
131.73293323 0.18075815
131.78294574 0.18055582
131.83295824 0.18034060
131.88297074 0.18036569
131.93298325 0.18011193
131.98299575 0.17973262
132.03300825 0.17925318
132.08302076 0.17895242
132.13303326 0.17870639
132.18304576 0.17845861
132.23305826 0.17821299
132.28307077 0.17844493
132.33308327 0.17802003
132.38309577 0.17777930
132.43310828 0.17757156
132.48312078 0.17729882
132.53313328 0.17728528
132.58314579 0.17700091
132.63315829 0.17675105
132.68317079 0.17653811
132.73318330 0.17630343
132.78319580 0.17584930
132.83320830 0.17558559
132.88322081 0.17534662
132.93323331 0.17510100
132.98324581 0.17486770
133.03325831 0.17463518
133.08327082 0.17440172
133.13328332 0.17416924
133.18329582 0.17394131
133.23330833 0.17371725
133.28332083 0.17349002
133.33333333 0.17325477
133.38334584 0.17301173
133.43335834 0.17284146
133.48337084 0.17258975
133.53338335 0.17234079
133.58339585 0.17209922
133.63340835 0.17186537
133.68342086 0.17178640
133.73343336 0.17176424
133.78344586 0.17141439
133.83345836 0.17102941
133.88347087 0.17079936
133.93348337 0.17056174
133.98349587 0.17008181
134.03350838 0.16983272
134.08352088 0.16959423
134.13353338 0.16935510
134.18354589 0.16913056
134.23355839 0.16891610
134.28357089 0.16870063
134.33358340 0.16867379
134.38359590 0.16843688
134.43360840 0.16820781
134.48362091 0.16816571
134.53363341 0.16773001
134.58364591 0.16752213
134.63365841 0.16732117
134.68367092 0.16710845
134.73368342 0.16688551
134.78369592 0.16664320
134.83370843 0.16615209
134.88372093 0.16545994
134.93373343 0.16517457
134.98374594 0.16504331
135.03375844 0.16483420
135.08377094 0.16467690
135.13378345 0.16460961
135.18379595 0.16429241
135.23380845 0.16421187
135.28382096 0.16400622
135.33383346 0.16407208
135.38384596 0.16376247
135.43385846 0.16361984
135.48387097 0.16360551
135.53388347 0.16337943
135.58389597 0.16326203
135.63390848 0.16302097
135.68392098 0.16280477
135.73393348 0.16248326
135.78394599 0.16224463
135.83395849 0.16217338
135.88397099 0.16234690
135.93398350 0.16218181
135.98399600 0.16202521
136.03400850 0.16184919
136.08402101 0.16169215
136.13403351 0.16152776
136.18404601 0.16140514
136.23405851 0.16102824
136.28407102 0.16213694
136.33408352 0.16196731
136.38409602 0.16171692
136.43410853 0.16156772
136.48412103 0.16136354
136.53413353 0.16139421
136.58414604 0.16118704
136.63415854 0.16098427
136.68417104 0.16084055
136.73418355 0.16064585
136.78419605 0.16047744
136.83420855 0.16027176
136.88422106 0.16010995
136.93423356 0.16067572
136.98424606 0.16044055
137.03425856 0.16028077
137.08427107 0.16004515
137.13428357 0.15982900
137.18429607 0.15960049
137.23430858 0.15940082
137.28432108 0.15944021
137.33433358 0.15915547
137.38434609 0.15893600
137.43435859 0.15846649
137.48437109 0.15823986
137.53438360 0.15817604
137.58439610 0.15717410
137.63440860 0.15694746
137.68442111 0.15671042
137.73443361 0.15634277
137.78444611 0.15615608
137.83445861 0.15611617
137.88447112 0.15610777
137.93448362 0.15583004
137.98449612 0.15652009
138.03450863 0.15631384
138.08452113 0.15609970
138.13453363 0.15598642
138.18454614 0.15584311
138.23455864 0.15568269
138.28457114 0.15552403
138.33458365 0.15533487
138.38459615 0.15503919
138.43460865 0.15481777
138.48462116 0.15461761
138.53463366 0.15440786
138.58464616 0.15421213
138.63465866 0.15417799
138.68467117 0.15399607
138.73468367 0.15399124
138.78469617 0.15378498
138.83470868 0.15357751
138.88472118 0.15337126
138.93473368 0.15317820
138.98474619 0.15298502
139.03475869 0.15278663
139.08477119 0.15249576
139.13478370 0.15231081
139.18479620 0.15224990
139.23480870 0.15211676
139.28482121 0.15206987
139.33483371 0.15192885
139.38484621 0.15181969
139.43485871 0.15160363
139.48487122 0.15157834
139.53488372 0.15141759
139.58489622 0.15146814
139.63490873 0.14996206
139.68492123 0.14968444
139.73493373 0.14944524
139.78494624 0.14931240
139.83495874 0.14910356
139.88497124 0.14884479
139.93498375 0.14855785
139.98499625 0.14826417
140.03500875 0.14803688
140.08502126 0.14810436
140.13503376 0.14815020
140.18504626 0.14788989
140.23505876 0.14764659
140.28507127 0.14756436
140.33508377 0.14732578
140.38509627 0.14710810
140.43510878 0.14687795
140.48512128 0.14666219
140.53513378 0.14646961
140.58514629 0.14630104
140.63515879 0.14614496
140.68517129 0.14598009
140.73518380 0.14579140
140.78519630 0.14557887
140.83520880 0.14535372
140.88522131 0.14513121
140.93523381 0.14498809
140.98524631 0.14486515
141.03525881 0.14457884
141.08527132 0.14435045
141.13528382 0.14413995
141.18529632 0.14393340
141.23530883 0.14409505
141.28532133 0.14386541
141.33533383 0.14358104
141.38534634 0.14339124
141.43535884 0.14319097
141.48537134 0.14299054
141.53538385 0.14277490
141.58539635 0.14255772
141.63540885 0.14235242
141.68542136 0.14237206
141.73543386 0.14219380
141.78544636 0.14201108
141.83545886 0.14182536
141.88547137 0.14162866
141.93548387 0.14142797
141.98549637 0.14123215
142.03550888 0.14104404
142.08552138 0.14082917
142.13553388 0.14064753
142.18554639 0.14046954
142.23555889 0.14029071
142.28557139 0.13975918
142.33558390 0.13957740
142.38559640 0.13937870
142.43560890 0.13917816
142.48562141 0.13899302
142.53563391 0.13881363
142.58564641 0.13862815
142.63565891 0.13913743
142.68567142 0.13892887
142.73568392 0.13872202
142.78569642 0.13852808
142.83570893 0.13834642
142.88572143 0.13816703
142.93573393 0.13739721
142.98574644 0.13640904
143.03575894 0.13622315
143.08577144 0.13604498
143.13578395 0.13591081
143.18579645 0.13574715
143.23580895 0.13558415
143.28582146 0.13540988
143.33583396 0.13521935
143.38584646 0.13566278
143.43585896 0.13548353
143.48587147 0.13560780
143.53588397 0.13549535
143.58589647 0.13531849
143.63590898 0.13511771
143.68592148 0.13490249
143.73593398 0.13481630
143.78594649 0.13460333
143.83595899 0.13440098
143.88597149 0.13379237
143.93598400 0.13364277
143.98599650 0.13348776
144.03600900 0.13331783
144.08602151 0.13314596
144.13603401 0.13295020
144.18604651 0.13276474
144.23605901 0.13258720
144.28607152 0.13241263
144.33608402 0.13235313
144.38609652 0.13253770
144.43610903 0.13234285
144.48612153 0.13214481
144.53613403 0.13188276
144.58614654 0.13221916
144.63615904 0.13205416
144.68617154 0.13188171
144.73618405 0.13193965
144.78619655 0.13177354
144.83620905 0.13147955
144.88622156 0.13133716
144.93623406 0.13117981
144.98624656 0.13101700
145.03625906 0.13077357
145.08627157 0.13060127
145.13628407 0.13050134
145.18629657 0.13082709
145.23630908 0.13066098
145.28632158 0.13030088
145.33633408 0.13019043
145.38634659 0.13010093
145.43635909 0.12984690
145.48637159 0.12963208
145.53638410 0.12936222
145.58639660 0.12856407
145.63640910 0.12834735
145.68642161 0.12813623
145.73643411 0.12792573
145.78644661 0.12780143
145.83645911 0.12758247
145.88647162 0.12784865
145.93648412 0.12766349
145.98649662 0.12749474
146.03650913 0.12732607
146.08652163 0.12711456
146.13653413 0.12695897
146.18654664 0.12680957
146.23655914 0.12663859
146.28657164 0.12647114
146.33658415 0.12627920
146.38659665 0.12609714
146.43660915 0.12592174
146.48662166 0.12574331
146.53663416 0.12556520
146.58664666 0.12538781
146.63665916 0.12521419
146.68667167 0.12504800
146.73668417 0.12488951
146.78669667 0.12473342
146.83670918 0.12288779
146.88672168 0.12321680
146.93673418 0.12304255
146.98674669 0.12285289
147.03675919 0.12311591
147.08677169 0.12297784
147.13678420 0.12284001
147.18679670 0.12266654
147.23680920 0.12264729
147.28682171 0.12244551
147.33683421 0.12234655
147.38684671 0.12282473
147.43685921 0.12268730
147.48687172 0.12247880
147.53688422 0.12262977
147.58689672 0.12241909
147.63690923 0.12213905
147.68692173 0.12217044
147.73693423 0.12198667
147.78694674 0.12185099
147.83695924 0.12171789
147.88697174 0.12159319
147.93698425 0.12146162
147.98699675 0.12173834
148.03700925 0.12153222
148.08702176 0.12136114
148.13703426 0.12115860
148.18704676 0.12101035
148.23705926 0.12079421
148.28707177 0.12051294
148.33708427 0.12035584
148.38709677 0.12011811
148.43710928 0.12015585
148.48712178 0.12036896
148.53713428 0.12019435
148.58714679 0.12026378
148.63715929 0.12088370
148.68717179 0.12097377
148.73718430 0.12094135
148.78719680 0.12081530
148.83720930 0.12076966
148.88722181 0.12062046
148.93723431 0.12050619
148.98724681 0.12098570
149.03725931 0.12081811
149.08727182 0.12063135
149.13728432 0.12047145
149.18729682 0.12060468
149.23730933 0.12045612
149.28732183 0.12026377
149.33733433 0.12007427
149.38734684 0.11988387
149.43735934 0.12004173
149.48737184 0.12003611
149.53738435 0.11986382
149.58739685 0.11974864
149.63740935 0.11960144
149.68742186 0.11939144
149.73743436 0.11920150
149.78744686 0.11902882
149.83745936 0.11875866
149.88747187 0.11859286
149.93748437 0.11819829
149.98749687 0.11800029
150.03750938 0.11784096
150.08752188 0.11761930
150.13753438 0.11742003
150.18754689 0.11725732
150.23755939 0.11761977
150.28757189 0.11746041
150.33758440 0.11728796
150.38759690 0.11727562
150.43760940 0.11716297
150.48762191 0.11695150
150.53763441 0.11680948
150.58764691 0.11664142
150.63765941 0.11653121
150.68767192 0.11621542
150.73768442 0.11603204
150.78769692 0.11606312
150.83770943 0.11689558
150.88772193 0.11673933
150.93773443 0.11676584
150.98774694 0.11648180
151.03775944 0.11660243
151.08777194 0.11603460
151.13778445 0.11588573
151.18779695 0.11567355
151.23780945 0.11579845
151.28782196 0.11560202
151.33783446 0.11536392
151.38784696 0.11523797
151.43785946 0.11439496
151.48787197 0.11424134
151.53788447 0.11454185
151.58789697 0.11436151
151.63790948 0.11418861
151.68792198 0.11399009
151.73793448 0.11388931
151.78794699 0.11375251
151.83795949 0.11354321
151.88797199 0.11342475
151.93798450 0.11333850
151.98799700 0.11329306
152.03800950 0.11311630
152.08802201 0.11299127
152.13803451 0.11275221
152.18804701 0.11264485
152.23805951 0.11295337
152.28807202 0.11283414
152.33808452 0.11275683
152.38809702 0.11259555
152.43810953 0.11248252
152.48812203 0.11259765
152.53813453 0.11246876
152.58814704 0.11216761
152.63815954 0.11186794
152.68817204 0.11173432
152.73818455 0.11142285
152.78819705 0.11145609
152.83820955 0.11122712
152.88822206 0.11114227
152.93823456 0.11081237
152.98824706 0.11064801
153.03825956 0.11069826
153.08827207 0.11052794
153.13828457 0.11059193
153.18829707 0.11043746
153.23830958 0.11027825
153.28832208 0.11012346
153.33833458 0.10993228
153.38834709 0.10985702
153.43835959 0.10970770
153.48837209 0.10958180
153.53838460 0.10944760
153.58839710 0.10931702
153.63840960 0.10918280
153.68842211 0.10898713
153.73843461 0.10884359
153.78844711 0.10881205
153.83845961 0.10868057
153.88847212 0.10855184
153.93848462 0.10837649
153.98849712 0.10801103
154.03850963 0.10784075
154.08852213 0.10763132
154.13853463 0.10770034
154.18854714 0.10748215
154.23855964 0.10732570
154.28857214 0.10721293
154.33858465 0.10706909
154.38859715 0.10593316
154.43860965 0.10575114
154.48862216 0.10592288
154.53863466 0.10576158
154.58864716 0.10559733
154.63865966 0.10535238
154.68867217 0.10520928
154.73868467 0.10510266
154.78869717 0.10489779
154.83870968 0.10497461
154.88872218 0.10486635
154.93873468 0.10474045
154.98874719 0.10462824
155.03875969 0.10451777
155.08877219 0.10446787
155.13878470 0.10444922
155.18879720 0.10449219
155.23880970 0.10435637
155.28882221 0.10425252
155.33883471 0.10441062
155.38884721 0.10430792
155.43885971 0.10453425
155.48887222 0.10445306
155.53888472 0.10436663
155.58889722 0.10428181
155.63890973 0.10464500
155.68892223 0.10425514
155.73893473 0.10414778
155.78894724 0.10395491
155.83895974 0.10360877
155.88897224 0.10345604
155.93898475 0.10333608
155.98899725 0.10328084
156.03900975 0.10320002
156.08902226 0.10309592
156.13903476 0.10313852
156.18904726 0.10311560
156.23905976 0.10296603
156.28907227 0.10283619
156.33908477 0.10265883
156.38909727 0.10258195
156.43910978 0.10230031
156.48912228 0.10216328
156.53913478 0.10199591
156.58914729 0.10183845
156.63915979 0.10169221
156.68917229 0.10153684
156.73918480 0.10138646
156.78919730 0.10122002
156.83920980 0.10104070
156.88922231 0.10131909
156.93923481 0.10112957
156.98924731 0.10094665
157.03925981 0.10083468
157.08927232 0.10070319
157.13928482 0.10056867
157.18929732 0.10042034
157.23930983 0.10026194
157.28932233 0.10014103
157.33933483 0.09988038
157.38934734 0.10059829
157.43935984 0.10049265
157.48937234 0.10071766
157.53938485 0.10059676
157.58939735 0.10040831
157.63940985 0.10020659
157.68942236 0.10004729
157.73943486 0.10007477
157.78944736 0.09995774
157.83945986 0.09976323
157.88947237 0.09961750
157.93948487 0.09946344
157.98949737 0.09931442
158.03950988 0.09905708
158.08952238 0.09894332
158.13953488 0.09889337
158.18954739 0.09877581
158.23955989 0.09856815
158.28957239 0.09876820
158.33958490 0.09864265
158.38959740 0.09852434
158.43960990 0.09843942
158.48962241 0.09849204
158.53963491 0.09837228
158.58964741 0.09856339
158.63965991 0.09842322
158.68967242 0.09825784
158.73968492 0.09809672
158.78969742 0.09794936
158.83970993 0.09781629
158.88972243 0.09768952
158.93973493 0.09755786
158.98974744 0.09741371
159.03975994 0.09725742
159.08977244 0.09709656
159.13978495 0.09682547
159.18979745 0.09667205
159.23980995 0.09638551
159.28982246 0.09624106
159.33983496 0.09609817
159.38984746 0.09595492
159.43985996 0.09581109
159.48987247 0.09566713
159.53988497 0.09549217
159.58989747 0.09533091
159.63990998 0.09517772
159.68992248 0.09501747
159.73993498 0.09546921
159.78994749 0.09558988
159.83995999 0.09541203
159.88997249 0.09508675
159.93998500 0.09496793
159.98999750 0.09492662
160.04001000 0.09488243
160.09002251 0.09480705
160.14003501 0.09465047
160.19004751 0.09450936
160.24006002 0.09432335
160.29007252 0.09439287
160.34008502 0.09466834
160.39009752 0.09455993
160.44011003 0.09441064
160.49012253 0.09426834
160.54013503 0.09408206
160.59014754 0.09436420
160.64016004 0.09420376
160.69017254 0.09415563
160.74018505 0.09357017
160.79019755 0.09342963
160.84021005 0.09350587
160.89022256 0.09338198
160.94023506 0.09329178
160.99024756 0.09317508
161.04026007 0.09311846
161.09027257 0.09297548
161.14028507 0.09273720
161.19029757 0.09256510
161.24031008 0.09236287
161.29032258 0.09219032
161.34033508 0.09211538
161.39034759 0.09259150
161.44036009 0.09233702
161.49037259 0.09223975
161.54038510 0.09213600
161.59039760 0.09226245
161.64041010 0.09212287
161.69042261 0.09199210
161.74043511 0.09187628
161.79044761 0.09169673
161.84046012 0.09156876
161.89047262 0.09151148
161.94048512 0.09141016
161.99049762 0.09127507
162.04051013 0.09128449
162.09052263 0.09114765
162.14053513 0.09093007
162.19054764 0.09078499
162.24056014 0.09065124
162.29057264 0.09051150
162.34058515 0.09038027
162.39059765 0.09036373
162.44061015 0.09027007
162.49062266 0.09017140
162.54063516 0.09020540
162.59064766 0.08999733
162.64066017 0.08989253
162.69067267 0.08976176
162.74068517 0.08962396
162.79069767 0.08938543
162.84071018 0.08924386
162.89072268 0.08905591
162.94073518 0.08892123
162.99074769 0.08879461
163.04076019 0.08867700
163.09077269 0.08859438
163.14078520 0.08846738
163.19079770 0.08836673
163.24081020 0.08823682
163.29082271 0.08810519
163.34083521 0.08794438
163.39084771 0.08777974
163.44086022 0.08852091
163.49087272 0.08836609
163.54088522 0.08823509
163.59089772 0.08821537
163.64091023 0.08806767
163.69092273 0.08786235
163.74093523 0.08779309
163.79094774 0.08761334
163.84096024 0.08750087
163.89097274 0.08721414
163.94098525 0.08713862
163.99099775 0.08698611
164.04101025 0.08690457
164.09102276 0.08672753
164.14103526 0.08664393
164.19104776 0.08645776
164.24106027 0.08620848
164.29107277 0.08607598
164.34108527 0.08633428
164.39109777 0.08618774
164.44111028 0.08655994
164.49112278 0.08643356
164.54113528 0.08637321
164.59114779 0.08631596
164.64116029 0.08628776
164.69117279 0.08778153
164.74118530 0.08766729
164.79119780 0.08753849
164.84121030 0.08739990
164.89122281 0.08728189
164.94123531 0.08720809
164.99124781 0.08713486
165.04126032 0.08691759
165.09127282 0.08666967
165.14128532 0.08659727
165.19129782 0.08777432
165.24131033 0.08747729
165.29132283 0.08737596
165.34133533 0.08724554
165.39134784 0.08710654
165.44136034 0.08693247
165.49137284 0.08676878
165.54138535 0.08662394
165.59139785 0.08650193
165.64141035 0.08638614
165.69142286 0.08627047
165.74143536 0.08678808
165.79144786 0.08660580
165.84146037 0.08783213
165.89147287 0.08839617
165.94148537 0.08832735
165.99149787 0.08824791
166.04151038 0.08815248
166.09152288 0.08808217
166.14153538 0.08797129
166.19154789 0.08782191
166.24156039 0.08766508
166.29157289 0.08752999
166.34158540 0.08740375
166.39159790 0.08728814
166.44161040 0.08758691
166.49162291 0.08771310
166.54163541 0.08757729
166.59164791 0.08742077
166.64166042 0.08741780
166.69167292 0.08721539
166.74168542 0.08709173
166.79169792 0.08681200
166.84171043 0.08677585
166.89172293 0.08665201
166.94173543 0.08652566
166.99174794 0.08633617
167.04176044 0.08622129
167.09177294 0.08610936
167.14178545 0.08599364
167.19179795 0.08587081
167.24181045 0.08618431
167.29182296 0.08661260
167.34183546 0.08656371
167.39184796 0.08646408
167.44186047 0.08645032
167.49187297 0.08637460
167.54188547 0.08621700
167.59189797 0.08685315
167.64191048 0.08670526
167.69192298 0.08671880
167.74193548 0.08661402
167.79194799 0.08644607
167.84196049 0.08633115
167.89197299 0.08619255
167.94198550 0.08606882
167.99199800 0.08596702
168.04201050 0.08581854
168.09202301 0.08560954
168.14203551 0.08564602
168.19204801 0.08550678
168.24206052 0.08550853
168.29207302 0.08538073
168.34208552 0.08525699
168.39209802 0.08513789
168.44211053 0.08502112
168.49212303 0.08490839
168.54213553 0.08479896
168.59214804 0.08480007
168.64216054 0.08463411
168.69217304 0.08468023
168.74218555 0.08450842
168.79219805 0.08435782
168.84221055 0.08423804
168.89222306 0.08408960
168.94223556 0.08396696
168.99224806 0.08383804
169.04226057 0.08371560
169.09227307 0.08359137
169.14228557 0.08351640
169.19229807 0.08315985
169.24231058 0.08305178
169.29232308 0.08336195
169.34233558 0.08325527
169.39234809 0.08311509
169.44236059 0.08323885
169.49237309 0.08316786
169.54238560 0.08302088
169.59239810 0.08289127
169.64241060 0.08286934
169.69242311 0.08273770
169.74243561 0.08262616
169.79244811 0.08250783
169.84246062 0.08237891
169.89247312 0.08242168
169.94248562 0.08229461
169.99249812 0.08217102
170.04251063 0.08209429
170.09252313 0.08222179
170.14253563 0.08241436
170.19254814 0.08225717
170.24256064 0.08211871
170.29257314 0.08202842
170.34258565 0.08208193
170.39259815 0.08194222
170.44261065 0.08187114
170.49262316 0.08159607
170.54263566 0.08155299
170.59264816 0.08146889
170.64266067 0.08134337
170.69267317 0.08117173
170.74268567 0.08112651
170.79269817 0.08102672
170.84271068 0.08090383
170.89272318 0.08077968
170.94273568 0.08089962
170.99274819 0.08081152
171.04276069 0.08070709
171.09277319 0.08060305
171.14278570 0.08048831
171.19279820 0.08013958
171.24281070 0.08001353
171.29282321 0.07974931
171.34283571 0.07964328
171.39284821 0.07951702
171.44286072 0.07938553
171.49287322 0.07925103
171.54288572 0.07911982
171.59289822 0.07899844
171.64291073 0.07888908
171.69292323 0.07878789
171.74293573 0.07868620
171.79294824 0.07857569
171.84296074 0.07845422
171.89297324 0.07832645
171.94298575 0.07820117
171.99299825 0.07822145
172.04301075 0.07811304
172.09302326 0.07800328
172.14303576 0.07789043
172.19304826 0.07776917
172.24306077 0.07769661
172.29307327 0.07760635
172.34308577 0.07746115
172.39309827 0.07731474
172.44311078 0.07716504
172.49312328 0.07716207
172.54313578 0.07741948
172.59314829 0.07726724
172.64316079 0.07713034
172.69317329 0.07699060
172.74318580 0.07833378
172.79319830 0.07824065
172.84321080 0.07815575
172.89322331 0.07823121
172.94323581 0.07821699
172.99324831 0.07799337
173.04326082 0.07784803
173.09327332 0.07775346
173.14328582 0.07762377
173.19329832 0.07755467
173.24331083 0.07747971
173.29332333 0.07731675
173.34333583 0.07719940
173.39334834 0.07708129
173.44336084 0.07699045
173.49337334 0.07688989
173.54338585 0.07679106
173.59339835 0.07671561
173.64341085 0.07727708
173.69342336 0.07711180
173.74343586 0.07698775
173.79344836 0.07699334
173.84346087 0.07682561
173.89347337 0.07668982
173.94348587 0.07655335
173.99349837 0.07643331
174.04351088 0.07631809
174.09352338 0.07620584
174.14353588 0.07596686
174.19354839 0.07590034
174.24356089 0.07583015
174.29357339 0.07576163
174.34358590 0.07567972
174.39359840 0.07558094
174.44361090 0.07547175
174.49362341 0.07535316
174.54363591 0.07524237
174.59364841 0.07545866
174.64366092 0.07533262
174.69367342 0.07520134
174.74368592 0.07507064
174.79369842 0.07492816
174.84371093 0.07480895
174.89372343 0.07449897
174.94373593 0.07437560
174.99374844 0.07424946
175.04376094 0.07410859
175.09377344 0.07420629
175.14378595 0.07402589
175.19379845 0.07392031
175.24381095 0.07381019
175.29382346 0.07371170
175.34383596 0.07360611
175.39384846 0.07327990
175.44386097 0.07317679
175.49387347 0.07307431
175.54388597 0.07297913
175.59389847 0.07290707
175.64391098 0.07282949
175.69392348 0.07273831
175.74393598 0.07263496
175.79394849 0.07257259
175.84396099 0.07246800
175.89397349 0.07236178
175.94398600 0.07226933
175.99399850 0.07217736
176.04401100 0.07207814
176.09402351 0.07196647
176.14403601 0.07189234
176.19404851 0.07175129
176.24406102 0.07172150
176.29407352 0.07160057
176.34408602 0.07153147
176.39409852 0.07141883
176.44411103 0.07139847
176.49412353 0.07169317
176.54413603 0.07158569
176.59414854 0.07147296
176.64416104 0.07129104
176.69417354 0.07118241
176.74418605 0.07104125
176.79419855 0.07092132
176.84421105 0.07076057
176.89422356 0.07067565
176.94423606 0.07055477
176.99424856 0.07044039
177.04426107 0.07032596
177.09427357 0.07022412
177.14428607 0.07011711
177.19429857 0.07001026
177.24431108 0.06991507
177.29432358 0.06981270
177.34433608 0.06982133
177.39434859 0.06969902
177.44436109 0.06959512
177.49437359 0.06957398
177.54438610 0.06944448
177.59439860 0.06933027
177.64441110 0.06923200
177.69442361 0.06915121
177.74443611 0.06908361
177.79444861 0.06901877
177.84446112 0.06894549
177.89447362 0.06885793
177.94448612 0.06860459
177.99449862 0.06864645
178.04451113 0.06853852
178.09452363 0.06843544
178.14453613 0.06835056
178.19454864 0.06821601
178.24456114 0.06812115
178.29457364 0.06801163
178.34458615 0.06789540
178.39459865 0.06784681
178.44461115 0.06776833
178.49462366 0.06767178
178.54463616 0.06758558
178.59464866 0.06747369
178.64466117 0.06738419
178.69467367 0.06714310
178.74468617 0.06708863
178.79469867 0.06717558
178.84471118 0.06706135
178.89472368 0.06697147
178.94473618 0.06688413
178.99474869 0.06679687
179.04476119 0.06671074
179.09477369 0.06661214
179.14478620 0.06654763
179.19479870 0.06646784
179.24481120 0.06635166
179.29482371 0.06628506
179.34483621 0.06620062
179.39484871 0.06606619
179.44486122 0.06610171
179.49487372 0.06599420
179.54488622 0.06589141
179.59489872 0.06578974
179.64491123 0.06557340
179.69492373 0.06551385
179.74493623 0.06537718
179.79494874 0.06525837
179.84496124 0.06516586
179.89497374 0.06501322
179.94498625 0.06490986
179.99499875 0.06480263
180.04501125 0.06469258
180.09502376 0.06458406
180.14503626 0.06448128
180.19504876 0.06456750
180.24506127 0.06445936
180.29507377 0.06435590
180.34508627 0.06428482
180.39509877 0.06422645
180.44511128 0.06412765
180.49512378 0.06402082
180.54513628 0.06391842
180.59514879 0.06382951
180.64516129 0.06375543
180.69517379 0.06368993
180.74518630 0.06362217
180.79519880 0.06354294
180.84521130 0.06345080
180.89522381 0.06427451
180.94523631 0.06410255
180.99524881 0.06402105
181.04526132 0.06394199
181.09527382 0.06396783
181.14528632 0.06389032
181.19529882 0.06378881
181.24531133 0.06369327
181.29532383 0.06359255
181.34533633 0.06349191
181.39534884 0.06339808
181.44536134 0.06476831
181.49537384 0.06468410
181.54538635 0.06460021
181.59539885 0.06451773
181.64541135 0.06443728
181.69542386 0.06435783
181.74543636 0.06405705
181.79544886 0.06396125
181.84546137 0.06391960
181.89547387 0.06388685
181.94548637 0.06375833
181.99549887 0.06411834
182.04551138 0.06395560
182.09552388 0.06403821
182.14553638 0.06393692
182.19554889 0.06384876
182.24556139 0.06402315
182.29557389 0.06384540
182.34558640 0.06374134
182.39559890 0.06361660
182.44561140 0.06367615
182.49562391 0.06362584
182.54563641 0.06350693
182.59564891 0.06341540
182.64566142 0.06334816
182.69567392 0.06324143
182.74568642 0.06317057
182.79569892 0.06306768
182.84571143 0.06296147
182.89572393 0.06286476
182.94573643 0.06277706
182.99574894 0.06274268
183.04576144 0.06283301
183.09577394 0.06273747
183.14578645 0.06266886
183.19579895 0.06325953
183.24581145 0.06310060
183.29582396 0.06314051
183.34583646 0.06305097
183.39584896 0.06295700
183.44586147 0.06328250
183.49587397 0.06320230
183.54588647 0.06315436
183.59589897 0.06301667
183.64591148 0.06294349
183.69592398 0.06286686
183.74593648 0.06278701
183.79594899 0.06270690
183.84596149 0.06259326
183.89597399 0.06244912
183.94598650 0.06237059
183.99599900 0.06228833
184.04601150 0.06219898
184.09602401 0.06210436
184.14603651 0.06200883
184.19604901 0.06182314
184.24606152 0.06174080
184.29607402 0.06165950
184.34608652 0.06122466
184.39609902 0.06116593
184.44611153 0.06101365
184.49612403 0.06091727
184.54613653 0.06082734
184.59614904 0.06062295
184.64616154 0.06050739
184.69617404 0.06042016
184.74618655 0.06032649
184.79619905 0.06026446
184.84621155 0.06018152
184.89622406 0.06011713
184.94623656 0.06009711
184.99624906 0.06003876
185.04626157 0.06014006
185.09627407 0.06009821
185.14628657 0.06016897
185.19629907 0.06009415
185.24631158 0.06002481
185.29632408 0.05997256
185.34633658 0.06052915
185.39634909 0.06045303
185.44636159 0.06035698
185.49637409 0.06028328
185.54638660 0.06019566
185.59639910 0.06012385
185.64641160 0.06017576
185.69642411 0.06008593
185.74643661 0.05991814
185.79644911 0.05988798
185.84646162 0.05982130
185.89647412 0.05971998
185.94648662 0.05964055
185.99649912 0.05955842
186.04651163 0.05858668
186.09652413 0.05849657
186.14653663 0.05839068
186.19654914 0.05830103
186.24656164 0.05821929
186.29657414 0.05799680
186.34658665 0.05789155
186.39659915 0.05780818
186.44661165 0.05770556
186.49662416 0.05759768
186.54663666 0.05741148
186.59664916 0.05720321
186.64666167 0.05711659
186.69667417 0.05703891
186.74668667 0.05696183
186.79669917 0.05688083
186.84671168 0.05679537
186.89672418 0.05670650
186.94673668 0.05661632
186.99674919 0.05652735
187.04676169 0.05645540
187.09677419 0.05637584
187.14678670 0.05629830
187.19679920 0.05624706
187.24681170 0.05600498
187.29682421 0.05602939
187.34683671 0.05596416
187.39684921 0.05589886
187.44686172 0.05596156
187.49687422 0.05589163
187.54688672 0.05582162
187.59689922 0.05557364
187.64691173 0.05549524
187.69692423 0.05541167
187.74693673 0.05532678
187.79694924 0.05524053
187.84696174 0.05515340
187.89697424 0.05506544
187.94698675 0.05497694
187.99699925 0.05488937
188.04701175 0.05480538
188.09702426 0.05522922
188.14703676 0.05502641
188.19704926 0.05488644
188.24706177 0.05492631
188.29707427 0.05481514
188.34708677 0.05477041
188.39709927 0.05468117
188.44711178 0.05477504
188.49712428 0.05470480
188.54713678 0.05462327
188.59714929 0.05455262
188.64716179 0.05446826
188.69717429 0.05435037
188.74718680 0.05425828
188.79719930 0.05419514
188.84721180 0.05409278
188.89722431 0.05399071
188.94723681 0.05389200
188.99724931 0.05379602
189.04726182 0.05372067
189.09727432 0.05364621
189.14728682 0.05357598
189.19729932 0.05349877
189.24731183 0.05341870
189.29732433 0.05334252
189.34733683 0.05324596
189.39734934 0.05315600
189.44736184 0.05307052
189.49737434 0.05299765
189.54738685 0.05293499
189.59739935 0.05295054
189.64741185 0.05288638
189.69742436 0.05281366
189.74743686 0.05273401
189.79744936 0.05265075
189.84746187 0.05256467
189.89747437 0.05247732
189.94748687 0.05238139
189.99749937 0.05228160
190.04751188 0.05207757
190.09752438 0.05200829
190.14753688 0.05203925
190.19754939 0.05197628
190.24756189 0.05192347
190.29757439 0.05187409
190.34758690 0.05181937
190.39759940 0.05175431
190.44761190 0.05167955
190.49762441 0.05202728
190.54763691 0.05197142
190.59764941 0.05205637
190.64766192 0.05195056
190.69767442 0.05190992
190.74768692 0.05180902
190.79769942 0.05175801
190.84771193 0.05170685
190.89772443 0.05162204
190.94773693 0.05150180
190.99774944 0.05143842
191.04776194 0.05137652
191.09777444 0.05153419
191.14778695 0.05145227
191.19779945 0.05137016
191.24781195 0.05128842
191.29782446 0.05127511
191.34783696 0.05117139
191.39784946 0.05107334
191.44786197 0.05112073
191.49787447 0.05104335
191.54788697 0.05097600
191.59789947 0.05091219
191.64791198 0.05084769
191.69792448 0.05078143
191.74793698 0.05092927
191.79794949 0.05080819
191.84796199 0.05069388
191.89797449 0.05058203
191.94798700 0.05048187
191.99799950 0.05036909
192.04801200 0.05030701
192.09802451 0.05025706
192.14803701 0.05014438
192.19804951 0.05007379
192.24806202 0.04999842
192.29807452 0.04992429
192.34808702 0.04985664
192.39809952 0.04979576
192.44811203 0.04984997
192.49812453 0.04974349
192.54813703 0.04966741
192.59814954 0.04958152
192.64816204 0.04949652
192.69817454 0.04942012
192.74818705 0.04932904
192.79819955 0.04937250
192.84821205 0.04903804
192.89822456 0.04895253
192.94823706 0.04886360
192.99824956 0.04878311
193.04826207 0.04871628
193.09827457 0.04873252
193.14828707 0.04856624
193.19829957 0.04851254
193.24831208 0.04841771
193.29832458 0.04834518
193.34833708 0.04826872
193.39834959 0.04820532
193.44836209 0.04814433
193.49837459 0.04808935
193.54838710 0.04813347
193.59839960 0.04804400
193.64841210 0.04796361
193.69842461 0.04788134
193.74843711 0.04782171
193.79844961 0.04745257
193.84846212 0.04734772
193.89847462 0.04726243
193.94848712 0.04719805
193.99849962 0.04712834
194.04851213 0.04705725
194.09852463 0.04699160
194.14853713 0.04693416
194.19854964 0.04682762
194.24856214 0.04773356
194.29857464 0.04764542
194.34858715 0.04757438
194.39859965 0.04750324
194.44861215 0.04740280
194.49862466 0.04735116
194.54863716 0.04732309
194.59864966 0.04726436
194.64866217 0.04720033
194.69867467 0.04712896
194.74868717 0.04705437
194.79869967 0.04698230
194.84871218 0.04691550
194.89872468 0.04861102
194.94873718 0.04862733
194.99874969 0.04856246
195.04876219 0.04923961
195.09877469 0.04917704
195.14878720 0.04911739
195.19879970 0.04919294
195.24881220 0.04909963
195.29882471 0.04891859
195.34883721 0.04884819
195.39884971 0.04892185
195.44886222 0.04912307
195.49887472 0.04907130
195.54888722 0.04906292
195.59889972 0.04903968
195.64891223 0.04899158
195.69892473 0.04893743
195.74893723 0.04874637
195.79894974 0.04861786
195.84896224 0.04850805
195.89897474 0.04904807
195.94898725 0.04896639
195.99899975 0.04889602
196.04901225 0.04883614
196.09902476 0.04877150
196.14903726 0.04870512
196.19904976 0.04864008
196.24906227 0.04866015
196.29907477 0.04860529
196.34908727 0.04855165
196.39909977 0.04849206
196.44911228 0.04848956
196.49912478 0.04824050
196.54913728 0.04815736
196.59914979 0.04807695
196.64916229 0.04800542
196.69917479 0.04794436
196.74918730 0.04788964
196.79919980 0.04783496
196.84921230 0.04777615
196.89922481 0.04771376
196.94923731 0.04765170
196.99924981 0.04748325
197.04926232 0.04740341
197.09927482 0.04733401
197.14928732 0.04727791
197.19929982 0.04720921
197.24931233 0.04720696
197.29932483 0.04886034
197.34933733 0.04882973
197.39934984 0.04890286
197.44936234 0.04885235
197.49937484 0.04880278
197.54938735 0.04874012
197.59939985 0.04866780
197.64941235 0.04858756
197.69942486 0.04910322
197.74943736 0.04919223
197.79944986 0.04923768
197.84946237 0.04912730
197.89947487 0.04909033
197.94948737 0.04901185
197.99949987 0.04893303
198.04951238 0.04890113
198.09952488 0.04891438
198.14953738 0.04881975
198.19954989 0.04871565
198.24956239 0.04875350
198.29957489 0.04863968
198.34958740 0.04857242
198.39959990 0.04848795
198.44961240 0.04837478
198.49962491 0.04822181
198.54963741 0.04826518
198.59964991 0.04820583
198.64966242 0.04812618
198.69967492 0.04808137
198.74968742 0.04798315
198.79969992 0.04789166
198.84971243 0.04779959
198.89972493 0.04774892
198.94973743 0.04763659
198.99974994 0.04760196
199.04976244 0.04758957
199.09977494 0.04756714
199.14978745 0.04742129
199.19979995 0.04919080
199.24981245 0.04912728
199.29982496 0.04909182
199.34983746 0.04903092
199.39984996 0.04896164
199.44986247 0.04879296
199.49987497 0.04871837
199.54988747 0.04865027
199.59989997 0.04858307
199.64991248 0.04874067
199.69992498 0.04870182
199.74993748 0.04865001
199.79994999 0.04859659
199.84996249 0.04854568
199.89997499 0.04849576
199.94998750 0.04875072
200.00000000 0.04870020
