0.00000000 13.00000000 0.00000061
1.00050025 13.16603159 0.11875806
2.00100050 13.01819809 0.12620387
3.00150075 12.97294592 0.18337635
4.00200100 13.04765276 0.29453475
5.00250125 12.88980193 0.25632033
6.00300150 12.89834408 0.33327406
7.00350175 12.88125496 0.35166472
8.00400200 12.83086714 0.34133732
9.00450225 12.80838446 0.42663030
10.00500250 12.76092392 0.42339895
11.00550275 12.74831409 0.45955364
12.00600300 12.70987490 0.49454554
13.00650325 12.64935129 0.51743816
14.00700350 12.62227654 0.53729056
15.00750375 12.60072125 0.56491240
16.00800400 12.56975857 0.58716065
17.00850425 12.54171307 0.59863904
18.00900450 12.51226607 0.61069238
19.00950475 12.48907907 0.64718847
20.01000500 12.46104821 0.66209982
21.01050525 12.42406200 0.68748485
22.01100550 12.40462158 0.70631273
23.01150575 12.37539228 0.74468394
24.01200600 12.34291901 0.77647509
25.01250625 12.31336000 0.77927542
26.01300650 12.29257946 0.79670080
27.01350675 12.27359460 0.81135081
28.01400700 12.23258985 0.83225599
29.01450725 12.20199194 0.85189011
30.01500750 12.16583852 0.87267915
31.01550775 12.14653190 0.88564477
32.01600800 12.12863519 0.88878621
33.01650825 12.10457190 0.89588504
34.01700850 12.06429872 0.93825260
35.01750875 12.04169583 0.95334157
36.01800900 12.01020002 0.97482738
37.01850925 11.98879948 0.99740246
38.01900950 11.95955423 1.01041600
39.01950975 11.93788991 1.01550041
40.02001001 11.91697204 1.02394587
41.02051026 11.89874515 1.03074831
42.02101051 11.86015154 1.04180347
43.02151076 11.84735312 1.04624115
44.02201101 11.80462104 1.07394244
45.02251126 11.77727520 1.09527728
46.02301151 11.75636687 1.11404874
47.02351176 11.73342595 1.12630872
48.02401201 11.70602329 1.14861210
49.02451226 11.67558416 1.15148389
50.02501251 11.64673069 1.16369412
51.02551276 11.62395207 1.17219642
52.02601301 11.58436313 1.18995443
53.02651326 11.53977342 1.21882561
54.02701351 11.52207317 1.24099773
55.02751376 11.47938521 1.27047023
56.02801401 11.45329244 1.28650153
57.02851426 11.43366257 1.29368494
58.02901451 11.39881614 1.30606703
59.02951476 11.37693967 1.32103189
60.03001501 11.34516054 1.32450017
61.03051526 11.30794729 1.35780609
62.03101551 11.28911617 1.36475915
63.03151576 11.25952790 1.36336397
64.03201601 11.22550047 1.39089340
65.03251626 11.19358430 1.41057178
66.03301651 11.17460497 1.42863660
67.03351676 11.14591788 1.43595055
68.03401701 11.12195055 1.44336554
69.03451726 11.09988444 1.46660110
70.03501751 11.08271186 1.47096077
71.03551776 11.05158294 1.48609938
72.03601801 11.03545509 1.49959010
73.03651826 11.00688908 1.50564107
74.03701851 10.97566796 1.52290225
75.03751876 10.94992617 1.53318120
76.03801901 10.92082943 1.54956354
77.03851926 10.89173956 1.56375821
78.03901951 10.86250024 1.58598027
79.03951976 10.83169821 1.59504138
80.04002001 10.79587154 1.61121584
81.04052026 10.77039026 1.62448904
82.04102051 10.72724496 1.65800515
83.04152076 10.69861394 1.65695274
84.04202101 10.67274486 1.66976334
85.04252126 10.63935802 1.68206675
86.04302151 10.61016696 1.69087862
87.04352176 10.58867726 1.69859717
88.04402201 10.56614225 1.69191735
89.04452226 10.53882795 1.69582933
90.04502251 10.52423983 1.70892818
91.04552276 10.49594949 1.70705242
92.04602301 10.46786443 1.72970829
93.04652326 10.44282453 1.72823158
94.04702351 10.40973765 1.73365872
95.04752376 10.38114922 1.74852587
96.04802401 10.35879786 1.75037508
97.04852426 10.33030849 1.76934658
98.04902451 10.30681556 1.77743193
99.04952476 10.26756577 1.78862780
100.05002501 10.23652545 1.79441867
101.05052526 10.21219638 1.79951329
102.05102551 10.19412322 1.80577040
103.05152576 10.17159951 1.82304911
104.05202601 10.13603231 1.83511457
105.05252626 10.10657286 1.83535691
106.05302651 10.06264055 1.85995972
107.05352676 10.03221633 1.89071185
108.05402701 9.99917320 1.90197924
109.05452726 9.96673548 1.91397111
110.05502751 9.92764919 1.92122632
111.05552776 9.90089452 1.92340084
112.05602801 9.87281675 1.93175839
113.05652826 9.83649900 1.95985725
114.05702851 9.81258195 1.96938833
115.05752876 9.79443699 1.97717766
116.05802901 9.76883932 1.99300511
117.05852926 9.74521091 1.99830881
118.05902951 9.73374964 1.99741418
119.05952976 9.70357227 2.01679414
120.06003002 9.67689258 2.02256484
121.06053027 9.64155845 2.02962517
122.06103052 9.61381091 2.05227184
123.06153077 9.57652622 2.06854943
124.06203102 9.54421854 2.08080367
125.06253127 9.51126926 2.08047394
126.06303152 9.48034478 2.08359955
127.06353177 9.46354417 2.10357619
128.06403202 9.44309905 2.11496587
129.06453227 9.41713351 2.12041462
130.06503252 9.38971582 2.13146149
131.06553277 9.36759827 2.12463468
132.06603302 9.34731438 2.12937940
133.06653327 9.33190564 2.12548158
134.06703352 9.29796084 2.12657527
135.06753377 9.27621641 2.14768618
136.06803402 9.24378475 2.16748312
137.06853427 9.22351217 2.17899194
138.06903452 9.20250633 2.18362283
139.06953477 9.18181113 2.20346491
140.07003502 9.15131185 2.21366061
141.07053527 9.12964518 2.22510151
142.07103552 9.08026059 2.24978949
143.07153577 9.05001628 2.24839985
144.07203602 9.01541848 2.28143810
145.07253627 8.99011387 2.27580014
146.07303652 8.97624743 2.27725542
147.07353677 8.95740336 2.28350338
148.07403702 8.94187505 2.27605720
149.07453727 8.92643966 2.28156310
150.07503752 8.90690898 2.28897145
151.07553777 8.87540006 2.30730707
152.07603802 8.83630141 2.32939007
153.07653827 8.81880345 2.34055341
154.07703852 8.79232837 2.35251389
155.07753877 8.77933652 2.34930499
156.07803902 8.75675905 2.36166095
157.07853927 8.72665444 2.37006322
158.07903952 8.71251134 2.38495664
159.07953977 8.68219762 2.40020779
160.08004002 8.65739643 2.40232996
161.08054027 8.63536480 2.40127533
162.08104052 8.60154513 2.41814948
163.08154077 8.57970882 2.43072955
164.08204102 8.56259403 2.43306731
165.08254127 8.53658829 2.43731795
166.08304152 8.51630344 2.44634025
167.08354177 8.47295703 2.45360031
168.08404202 8.44957278 2.46195303
169.08454227 8.43051165 2.46235652
170.08504252 8.39045530 2.48361107
171.08554277 8.36716804 2.49949916
172.08604302 8.33840438 2.50662262
173.08654327 8.31295974 2.51426644
174.08704352 8.27997775 2.51604884
175.08754377 8.25270511 2.53012089
176.08804402 8.21596212 2.54163366
177.08854427 8.18511815 2.55285609
178.08904452 8.15709282 2.56752541
179.08954477 8.13592918 2.58308473
180.09004502 8.12263491 2.58460142
181.09054527 8.09614594 2.59462585
182.09104552 8.06819180 2.60525849
183.09154577 8.04942910 2.60726475
184.09204602 8.02451819 2.61764832
185.09254627 8.00076120 2.63230518
186.09304652 7.96292884 2.63627696
187.09354677 7.94281874 2.63232594
188.09404702 7.91120088 2.63706779
189.09454727 7.88175497 2.63711046
190.09504752 7.85941408 2.64733210
191.09554777 7.83470034 2.64759524
192.09604802 7.81916036 2.65315090
193.09654827 7.79112085 2.65660982
194.09704852 7.75185856 2.65736272
195.09754877 7.72338916 2.65936757
196.09804902 7.69993806 2.66021054
197.09854927 7.69251795 2.67250418
198.09904952 7.67104176 2.68027283
199.09954977 7.65153394 2.68813389
200.10005003 7.63586178 2.69202635
201.10055028 7.61982544 2.68609164
202.10105053 7.58959024 2.69742807
203.10155078 7.56126196 2.70449016
204.10205103 7.53846051 2.70786163
205.10255128 7.51339170 2.69488859
206.10305153 7.48960957 2.70125400
207.10355178 7.46408886 2.69875709
208.10405203 7.45503640 2.70357154
209.10455228 7.43847813 2.71153663
210.10505253 7.41106375 2.73003540
211.10555278 7.38076565 2.73359172
212.10605303 7.35823610 2.74576065
213.10655328 7.32775750 2.75988054
214.10705353 7.31131828 2.75530364
215.10755378 7.29166573 2.75750515
216.10805403 7.26815047 2.76873050
217.10855428 7.24191497 2.77182654
218.10905453 7.21732511 2.77474849
219.10955478 7.20314644 2.77954062
220.11005503 7.16788441 2.78758006
221.11055528 7.13459177 2.79730365
222.11105553 7.12124906 2.80631590
223.11155578 7.08532869 2.81884907
224.11205603 7.05925774 2.82531177
225.11255628 7.04251559 2.83478992
226.11305653 7.01683667 2.85022592
227.11355678 6.99708584 2.85787392
228.11405703 6.98072562 2.86691158
229.11455728 6.96528104 2.86571148
230.11505753 6.92231215 2.86252487
231.11555778 6.90479307 2.87501240
232.11605803 6.87010324 2.87946220
233.11655828 6.84324969 2.88184307
234.11705853 6.82393752 2.87417241
235.11755878 6.80320073 2.87901915
236.11805903 6.77865530 2.88587642
237.11855928 6.74416134 2.90065310
238.11905953 6.71187590 2.90923426
239.11955978 6.69455826 2.91072405
240.12006003 6.67891015 2.91232242
241.12056028 6.64431359 2.91385288
242.12106053 6.62158204 2.91408562
243.12156078 6.59609852 2.91484355
244.12206103 6.57774385 2.92318772
245.12256128 6.53803593 2.93215285
246.12306153 6.50649575 2.94149329
247.12356178 6.47363314 2.94563792
248.12406203 6.44708304 2.95996029
249.12456228 6.41904330 2.95558958
250.12506253 6.39272423 2.95704056
251.12556278 6.38036989 2.95264297
252.12606303 6.34705449 2.95169480
253.12656328 6.31077022 2.95993780
254.12706353 6.29937335 2.97155460
255.12756378 6.26920309 2.97733961
256.12806403 6.24253282 2.96880597
257.12856428 6.22457184 2.97114015
258.12906453 6.19075272 2.97460228
259.12956478 6.16004886 2.97187316
260.13006503 6.12242887 2.97441791
261.13056528 6.09351692 2.97311906
262.13106553 6.06970955 2.96366457
263.13156578 6.05681241 2.96753426
264.13206603 6.03149594 2.97586979
265.13256628 6.00095196 2.98044768
266.13306653 5.97095780 2.99339606
267.13356678 5.94887679 2.99945273
268.13406703 5.92534203 3.00543030
269.13456728 5.90312961 3.00234362
270.13506753 5.87324869 3.00651242
271.13556778 5.84722935 3.01528797
272.13606803 5.82618770 3.02428911
273.13656828 5.78884079 3.03305379
274.13706853 5.76607539 3.02203891
275.13756878 5.75568239 3.02940635
276.13806903 5.72677111 3.02468278
277.13856928 5.70011700 3.02780854
278.13906953 5.67609109 3.03165947
279.13956978 5.65359864 3.04012112
280.14007004 5.62732780 3.04189752
281.14057029 5.59462128 3.03859734
282.14107054 5.57076210 3.04673123
283.14157079 5.54084211 3.04272098
284.14207104 5.51045014 3.03812913
285.14257129 5.50479930 3.04033922
286.14307154 5.47220291 3.03469145
287.14357179 5.45597468 3.04248326
288.14407204 5.43817710 3.04999251
289.14457229 5.40908912 3.04633437
290.14507254 5.39177493 3.05418239
291.14557279 5.36702908 3.05433900
292.14607304 5.33940587 3.05261422
293.14657329 5.31437040 3.06219505
294.14707354 5.30016551 3.06372314
295.14757379 5.27872173 3.06602075
296.14807404 5.25504433 3.06259509
297.14857429 5.23587707 3.05753951
298.14907454 5.21827107 3.05585305
299.14957479 5.18873090 3.06325227
300.15007504 5.16692627 3.06191948
301.15057529 5.15185569 3.06373889
302.15107554 5.11911047 3.04684436
303.15157579 5.10817895 3.04775089
304.15207604 5.09579646 3.04837711
305.15257629 5.07017864 3.04108329
306.15307654 5.05096513 3.03727527
307.15357679 5.02351225 3.04065915
308.15407704 5.00564168 3.03955596
309.15457729 4.96565789 3.03450544
310.15507754 4.94167544 3.03811846
311.15557779 4.92697907 3.04077674
312.15607804 4.90650047 3.03948500
313.15657829 4.88848357 3.04341809
314.15707854 4.86586641 3.04375325
315.15757879 4.84239524 3.04644566
316.15807904 4.82238758 3.05201207
317.15857929 4.79976968 3.05033963
318.15907954 4.77322121 3.05243923
319.15957979 4.75696521 3.05610563
320.16008004 4.73004295 3.05634718
321.16058029 4.69128387 3.05396387
322.16108054 4.66636823 3.05874040
323.16158079 4.64020705 3.06400289
324.16208104 4.62059472 3.06281061
325.16258129 4.58623666 3.05088296
326.16308154 4.56334671 3.05512206
327.16358179 4.54651715 3.05330791
328.16408204 4.52933123 3.05328997
329.16458229 4.50297504 3.04695670
330.16508254 4.48376328 3.05148595
331.16558279 4.45696024 3.04982302
332.16608304 4.43003757 3.04965336
333.16658329 4.40546969 3.05028563
334.16708354 4.37913593 3.04993447
335.16758379 4.33549619 3.02845738
336.16808404 4.30976428 3.02839142
337.16858429 4.27842445 3.03848731
338.16908454 4.26461638 3.04165959
339.16958479 4.24361713 3.04647627
340.17008504 4.20937099 3.04229471
341.17058529 4.19067932 3.04368547
342.17108554 4.15762567 3.03789387
343.17158579 4.14176841 3.02847647
344.17208604 4.12265437 3.01689422
345.17258629 4.10525659 3.01680496
346.17308654 4.08597808 3.01528412
347.17358679 4.06311731 3.01763187
348.17408704 4.03379463 3.01482874
349.17458729 4.01245119 3.01286728
350.17508754 3.98772678 3.01764333
351.17558779 3.95784873 3.01249645
352.17608804 3.93340630 3.00789649
353.17658829 3.92249941 3.01271000
354.17708854 3.91309507 3.01282522
355.17758879 3.89265461 3.00806569
356.17808904 3.87718365 3.00757049
357.17858929 3.85171961 3.00569322
358.17908954 3.84144526 3.01232417
359.17958979 3.81609960 3.00361670
360.18009005 3.78456917 3.00284108
361.18059030 3.75841969 3.00594273
362.18109055 3.74248005 3.00567533
363.18159080 3.72510048 3.00636525
364.18209105 3.70323229 3.01020420
365.18259130 3.68181480 3.00991211
366.18309155 3.67089955 3.01382888
367.18359180 3.65249788 3.01936221
368.18409205 3.63752688 3.02267088
369.18459230 3.61459594 3.02284144
370.18509255 3.59905503 3.02083934
371.18559280 3.58097447 3.02101315
372.18609305 3.56826247 3.02421199
373.18659330 3.54792996 3.02596807
374.18709355 3.53076576 3.02064952
375.18759380 3.52184905 3.02139555
376.18809405 3.49712309 3.01939783
377.18859430 3.47960201 3.02178022
378.18909455 3.45242337 3.01638619
379.18959480 3.43516175 3.01526004
380.19009505 3.40803016 3.00749428
381.19059530 3.39533745 3.01426363
382.19109555 3.37617075 3.01265013
383.19159580 3.35460855 3.00571136
384.19209605 3.33477724 3.00913633
385.19259630 3.31836268 3.00904500
386.19309655 3.30414815 3.00789852
387.19359680 3.28428761 3.00158308
388.19409705 3.25995584 2.99354178
389.19459730 3.24120539 2.99413362
390.19509755 3.22956674 2.99505316
391.19559780 3.21668878 2.99492401
392.19609805 3.18985957 2.98804486
393.19659830 3.16571728 2.96988466
394.19709855 3.14684141 2.96190196
395.19759880 3.12912994 2.94781598
396.19809905 3.10479791 2.93792469
397.19859930 3.08357982 2.92463248
398.19909955 3.07313332 2.92192522
399.19959980 3.06123325 2.91979347
400.20010005 3.04766124 2.92122365
401.20060030 3.03396545 2.92038015
402.20110055 3.03305760 2.92785125
403.20160080 3.01482311 2.93090228
404.20210105 2.99672038 2.92343422
405.20260130 2.97759327 2.92386643
406.20310155 2.97309868 2.91786870
407.20360180 2.96098345 2.90944101
408.20410205 2.95146524 2.90692199
409.20460230 2.93894998 2.90494699
410.20510255 2.92529788 2.90015777
411.20560280 2.91104947 2.89783894
412.20610305 2.88963582 2.88969367
413.20660330 2.86496736 2.86608177
414.20710355 2.84416458 2.86342430
415.20760380 2.83045333 2.85058264
416.20810405 2.81041845 2.84400668
417.20860430 2.78973538 2.83412067
418.20910455 2.77787692 2.83533776
419.20960480 2.75799254 2.82592741
420.21010505 2.74239893 2.81740881
421.21060530 2.73316074 2.81741513
422.21110555 2.71704733 2.81313335
423.21160580 2.69945909 2.80275303
424.21210605 2.68364220 2.79601776
425.21260630 2.66761780 2.78960057
426.21310655 2.65200247 2.78602518
427.21360680 2.63554080 2.78005784
428.21410705 2.62379325 2.77841560
429.21460730 2.61198343 2.77521473
430.21510755 2.60022293 2.76935255
431.21560780 2.59399196 2.76352841
432.21610805 2.58596926 2.76208533
433.21660830 2.56886580 2.75292312
434.21710855 2.54473353 2.73496838
435.21760880 2.53626094 2.73552821
436.21810905 2.52711900 2.73229281
437.21860930 2.51493743 2.72255667
438.21910955 2.49403186 2.71565728
439.21960980 2.47879486 2.70979441
440.22011006 2.46607393 2.71043178
441.22061031 2.44836885 2.70535471
442.22111056 2.43065134 2.69497734
443.22161081 2.42103813 2.69230274
444.22211106 2.40280552 2.67445865
445.22261131 2.39747436 2.66956796
446.22311156 2.38739645 2.67276521
447.22361181 2.37442333 2.66009817
448.22411206 2.35423105 2.64599465
449.22461231 2.34111613 2.64285097
450.22511256 2.31981943 2.62832963
451.22561281 2.30614970 2.62064818
452.22611306 2.29262805 2.61507126
453.22661331 2.28101155 2.60940153
454.22711356 2.26899732 2.60495966
455.22761381 2.25563778 2.60246949
456.22811406 2.24375922 2.59828579
457.22861431 2.22245139 2.58648668
458.22911456 2.21313255 2.58110886
459.22961481 2.20210591 2.57982040
460.23011506 2.18464616 2.55897061
461.23061531 2.16855308 2.54655409
462.23111556 2.16249149 2.55000587
463.23161581 2.15923441 2.54659259
464.23211606 2.13996330 2.52829599
465.23261631 2.13084823 2.52632855
466.23311656 2.11067246 2.51798240
467.23361681 2.09966500 2.51341746
468.23411706 2.08606511 2.49902457
469.23461731 2.07636808 2.49107497
470.23511756 2.06365548 2.48476237
471.23561781 2.04735555 2.48047870
472.23611806 2.03673115 2.47013770
473.23661831 2.02593161 2.46788775
474.23711856 2.01523995 2.46470314
475.23761881 2.00528860 2.45517695
476.23811906 1.98528930 2.43988420
477.23861931 1.96011314 2.42940053
478.23911956 1.94760929 2.41695183
479.23961981 1.92852655 2.39966444
480.24012006 1.91770228 2.39847643
481.24062031 1.90364658 2.39579569
482.24112056 1.89217229 2.39006780
483.24162081 1.88462963 2.37875041
484.24212106 1.88008413 2.38024719
485.24262131 1.86882148 2.37468947
486.24312156 1.85953817 2.37056344
487.24362181 1.85364593 2.36657936
488.24412206 1.84074693 2.35292769
489.24462231 1.82491328 2.34046560
490.24512256 1.81957214 2.34358745
491.24562281 1.80680955 2.33575658
492.24612306 1.79720187 2.33122592
493.24662331 1.79149866 2.33595809
494.24712356 1.77939614 2.32655298
495.24762381 1.76084278 2.31419363
496.24812406 1.75148449 2.30866696
497.24862431 1.74174360 2.29973071
498.24912456 1.73385059 2.29995870
499.24962481 1.72467394 2.29627480
500.25012506 1.71656899 2.29824213
501.25062531 1.71147704 2.29632568
502.25112556 1.70184074 2.29110055
503.25162581 1.68848843 2.28072577
504.25212606 1.67854979 2.27824526
505.25262631 1.67065792 2.27540852
506.25312656 1.65841472 2.26510852
507.25362681 1.64198814 2.24920018
508.25412706 1.63253249 2.24422545
509.25462731 1.62563824 2.24343423
510.25512756 1.61144104 2.23237507
511.25562781 1.60627107 2.22746530
512.25612806 1.58952962 2.21594760
513.25662831 1.58088533 2.20163985
514.25712856 1.57277700 2.19701603
515.25762881 1.56739592 2.19682823
516.25812906 1.55446754 2.18749002
517.25862931 1.54600916 2.18246444
518.25912956 1.54033471 2.18168357
519.25962981 1.53700635 2.17957445
520.26013007 1.52470993 2.17178643
521.26063032 1.52119065 2.17247272
522.26113057 1.50807785 2.15950184
523.26163082 1.49990822 2.15779311
524.26213107 1.48876947 2.14646775
525.26263132 1.47428053 2.12661906
526.26313157 1.46566187 2.11824631
527.26363182 1.45553332 2.11233714
528.26413207 1.44232391 2.09692433
529.26463232 1.43152534 2.09172854
530.26513257 1.41999645 2.08771264
531.26563282 1.41349263 2.08231276
532.26613307 1.40309403 2.06914784
533.26663332 1.39363853 2.05908381
534.26713357 1.38245327 2.04274710
535.26763382 1.37881020 2.03821636
536.26813407 1.36438515 2.02913927
537.26863432 1.34894691 2.01062078
538.26913457 1.33697385 2.00356325
539.26963482 1.33003270 1.99999127
540.27013507 1.32350341 1.98954511
541.27063532 1.31899414 1.98569377
542.27113557 1.31364775 1.98648409
543.27163582 1.29791501 1.96691317
544.27213607 1.29110223 1.96462092
545.27263632 1.28495336 1.95868666
546.27313657 1.27439818 1.94638874
547.27363682 1.25902931 1.93613246
548.27413707 1.25842283 1.93391948
549.27463732 1.25483210 1.92761617
550.27513757 1.24951723 1.92900636
551.27563782 1.24365841 1.92446245
552.27613807 1.23837114 1.92334221
553.27663832 1.23289632 1.92493962
554.27713857 1.22969758 1.91847271
555.27763882 1.21609980 1.91257291
556.27813907 1.21391564 1.91393326
557.27863932 1.21626603 1.91293744
558.27913957 1.20139846 1.90048457
559.27963982 1.19407612 1.89155364
560.28014007 1.19573025 1.89294426
561.28064032 1.18571355 1.88092097
562.28114057 1.17933355 1.88123439
563.28164082 1.17290206 1.87377347
564.28214107 1.15606065 1.85978815
565.28264132 1.14915406 1.85670300
566.28314157 1.13480837 1.84122198
567.28364182 1.13031852 1.83764989
568.28414207 1.12032795 1.83094734
569.28464232 1.11504359 1.82621501
570.28514257 1.10919854 1.82773795
571.28564282 1.09722869 1.81200964
572.28614307 1.08664965 1.78741654
573.28664332 1.08042647 1.78186650
574.28714357 1.07504586 1.77807549
575.28764382 1.06733313 1.77867458
576.28814407 1.05338690 1.76818794
577.28864432 1.04499014 1.76158985
578.28914457 1.03899877 1.75891203
579.28964482 1.03114316 1.75487753
580.29014507 1.02085917 1.74355477
581.29064532 1.01231644 1.73416391
582.29114557 1.00953883 1.73406703
583.29164582 1.00303016 1.72257270
584.29214607 0.99395211 1.70681926
585.29264632 0.98952202 1.70897513
586.29314657 0.97860506 1.70045019
587.29364682 0.96726881 1.68891669
588.29414707 0.96457701 1.68686915
589.29464732 0.95957760 1.67047345
590.29514757 0.95302583 1.66690452
591.29564782 0.94942487 1.67030692
592.29614807 0.93848853 1.64823592
593.29664832 0.93232650 1.64456790
594.29714857 0.92736280 1.64141377
595.29764882 0.92011845 1.63796223
596.29814907 0.91858791 1.64137080
597.29864932 0.90809266 1.63348028
598.29914957 0.90653387 1.63780942
599.29964982 0.90178059 1.64088551
600.30015008 0.89394538 1.63013874
601.30065033 0.88484284 1.62555392
602.30115058 0.87784893 1.61992685
603.30165083 0.87178942 1.61477167
604.30215108 0.86250580 1.60889994
605.30265133 0.85854598 1.60418646
606.30315158 0.84953994 1.59041897
607.30365183 0.84378487 1.58639166
608.30415208 0.83746520 1.58159025
609.30465233 0.83584370 1.58326965
610.30515258 0.83380484 1.58529018
611.30565283 0.82661200 1.58371181
612.30615308 0.82569834 1.58742969
613.30665333 0.81937968 1.58543664
614.30715358 0.81568136 1.58460526
615.30765383 0.80863275 1.57919345
616.30815408 0.80326622 1.57883771
617.30865433 0.79855021 1.57466466
618.30915458 0.79359953 1.56974953
619.30965483 0.79078448 1.56841987
620.31015508 0.78845154 1.56680052
621.31065533 0.79127721 1.56070083
622.31115558 0.78657422 1.54746914
623.31165583 0.78009158 1.54034421
624.31215608 0.77512938 1.53503055
625.31265633 0.76638834 1.52769079
626.31315658 0.76075862 1.52567084
627.31365683 0.75365140 1.51484280
628.31415708 0.75216318 1.50970295
629.31465733 0.74421741 1.49901569
630.31515758 0.74205774 1.50021581
631.31565783 0.73537383 1.49206955
632.31615808 0.73473635 1.49249702
633.31665833 0.72899782 1.48543446
634.31715858 0.72380756 1.47245698
635.31765883 0.71845928 1.46491264
636.31815908 0.71330560 1.45738703
637.31865933 0.70706460 1.45570837
638.31915958 0.70448904 1.45133209
639.31965983 0.69766062 1.43718703
640.32016008 0.69003556 1.42748877
641.32066033 0.68771508 1.42586938
642.32116058 0.68526976 1.42226539
643.32166083 0.68040611 1.41791971
644.32216108 0.67012085 1.39804083
645.32266133 0.66742226 1.39692382
646.32316158 0.66414116 1.39372066
647.32366183 0.65524594 1.37789023
648.32416208 0.65149038 1.37028026
649.32466233 0.64824043 1.36544298
650.32516258 0.64143719 1.35740429
651.32566283 0.64023683 1.35802545
652.32616308 0.63670890 1.35066141
653.32666333 0.63778350 1.35393879
654.32716358 0.63935800 1.36143624
655.32766383 0.63235932 1.35373982
656.32816408 0.62868555 1.34349782
657.32866433 0.62235934 1.32830431
658.32916458 0.61889316 1.32408103
659.32966483 0.61385660 1.31771327
660.33016508 0.61032247 1.31205387
661.33066533 0.60324749 1.30032308
662.33116558 0.59915904 1.29470131
663.33166583 0.59583418 1.29312038
664.33216608 0.59639352 1.29551422
665.33266633 0.59393388 1.29251728
666.33316658 0.58910750 1.28360209
667.33366683 0.58369599 1.27702842
668.33416708 0.57609894 1.26594232
669.33466733 0.56820523 1.25920068
670.33516758 0.56664303 1.25734406
671.33566783 0.56099481 1.25175739
672.33616808 0.55494116 1.23955777
673.33666833 0.55340333 1.23241474
674.33716858 0.54916109 1.21501181
675.33766883 0.55131033 1.22422400
676.33816908 0.54807378 1.22313415
677.33866933 0.54141748 1.21310933
678.33916958 0.53749809 1.21013083
679.33966983 0.53471085 1.20624818
680.34017009 0.52793629 1.19317582
681.34067034 0.51920306 1.17679650
682.34117059 0.51091600 1.16182923
683.34167084 0.50834412 1.15952297
684.34217109 0.50318897 1.15336757
685.34267134 0.50287229 1.14613595
686.34317159 0.50019110 1.14662959
687.34367184 0.49729912 1.14648157
688.34417209 0.49746713 1.14119964
689.34467234 0.49469569 1.14170168
690.34517259 0.48935491 1.13628075
691.34567284 0.48154638 1.12218792
692.34617309 0.48010007 1.11805911
693.34667334 0.47167406 1.09870846
694.34717359 0.47132413 1.09470826
695.34767384 0.47201980 1.09994937
696.34817409 0.46765303 1.08873235
697.34867434 0.46255223 1.07597600
698.34917459 0.45629391 1.06813736
699.34967484 0.45421178 1.06041606
700.35017509 0.45206182 1.06544800
701.35067534 0.45040049 1.06493375
702.35117559 0.44992735 1.06389835
703.35167584 0.44650587 1.05703732
704.35217609 0.44383022 1.05003157
705.35267634 0.44143488 1.04960690
706.35317659 0.43481052 1.03248983
707.35367684 0.42876518 1.02645774
708.35417709 0.42547569 1.02361757
709.35467734 0.42396790 1.02257680
710.35517759 0.41965363 1.01313328
711.35567784 0.41642667 1.00624435
712.35617809 0.41378798 1.00211245
713.35667834 0.40771137 0.98857944
714.35717859 0.40038475 0.98154862
715.35767884 0.39480581 0.97476399
716.35817909 0.39159708 0.96935263
717.35867934 0.38864979 0.96817137
718.35917959 0.38497247 0.96407258
719.35967984 0.38180676 0.95885347
720.36018009 0.37910513 0.95424560
721.36068034 0.37991336 0.96104212
722.36118059 0.37665222 0.95654128
723.36168084 0.37874975 0.96019911
724.36218109 0.37528217 0.95726845
725.36268134 0.37395506 0.95511103
726.36318159 0.36975634 0.94249135
727.36368184 0.36829919 0.94230676
728.36418209 0.36479144 0.93891197
729.36468234 0.35852168 0.93117246
730.36518259 0.35664211 0.92681589
731.36568284 0.35384536 0.92262074
732.36618309 0.35039325 0.91819655
733.36668334 0.34885839 0.92010197
734.36718359 0.34567710 0.91332116
735.36768384 0.34427966 0.90810555
736.36818409 0.34186157 0.90810152
737.36868434 0.33855367 0.90568096
738.36918459 0.33660968 0.90257158
739.36968484 0.33306776 0.89803668
740.37018509 0.33106449 0.89710598
741.37068534 0.32825901 0.89255786
742.37118559 0.32357243 0.88611343
743.37168584 0.32287685 0.88780052
744.37218609 0.32012096 0.87768213
745.37268634 0.31700127 0.87416257
746.37318659 0.31757423 0.87893728
747.37368684 0.31586316 0.87210148
748.37418709 0.31397514 0.87074432
749.37468734 0.31151864 0.85970498
750.37518759 0.31054709 0.85778969
751.37568784 0.31097530 0.85873609
752.37618809 0.30948333 0.85631998
753.37668834 0.30455625 0.84894751
754.37718859 0.30250899 0.84429550
755.37768884 0.30085354 0.84045695
756.37818909 0.29837229 0.83710901
757.37868934 0.29561023 0.83270809
758.37918959 0.29262969 0.82719358
759.37968984 0.28961403 0.82198601
760.38019010 0.28387296 0.80963913
761.38069035 0.28029970 0.80590919
762.38119060 0.27639982 0.80098851
763.38169085 0.27377772 0.79585746
764.38219110 0.27274357 0.79695248
765.38269135 0.27135821 0.80110575
766.38319160 0.26259293 0.78421173
767.38369185 0.26161106 0.78146391
768.38419210 0.25820960 0.77927467
769.38469235 0.25356581 0.77259147
770.38519260 0.24981348 0.76844240
771.38569285 0.24641295 0.76261079
772.38619310 0.24593441 0.76688369
773.38669335 0.24628897 0.76584437
774.38719360 0.24462615 0.76125662
775.38769385 0.23908564 0.76026168
776.38819410 0.23666785 0.75276596
777.38869435 0.23417165 0.74807070
778.38919460 0.23171961 0.74337684
779.38969485 0.23086035 0.74361505
780.39019510 0.22915177 0.73922557
781.39069535 0.22571427 0.73834900
782.39119560 0.22357958 0.73312913
783.39169585 0.22058626 0.73242266
784.39219610 0.21826946 0.73358362
785.39269635 0.21702841 0.72631018
786.39319660 0.21817069 0.73500250
787.39369685 0.21676757 0.73441940
788.39419710 0.21448906 0.73161913
789.39469735 0.21366942 0.72229802
790.39519760 0.21065140 0.71215741
791.39569785 0.20898954 0.70967953
792.39619810 0.20846148 0.71493038
793.39669835 0.21039147 0.71770849
794.39719860 0.20845975 0.71436242
795.39769885 0.20479381 0.71115008
796.39819910 0.20181785 0.70629160
797.39869935 0.19930835 0.69699526
798.39919960 0.20044603 0.70065057
799.39969985 0.20013483 0.70067942
800.40020010 0.19693622 0.68210660
801.40070035 0.19704888 0.68846807
802.40120060 0.19816537 0.68818841
803.40170085 0.19954962 0.67980885
804.40220110 0.19666901 0.67182260
805.40270135 0.19676725 0.67311531
806.40320160 0.19414567 0.66490895
807.40370185 0.19118373 0.66096036
808.40420210 0.18949206 0.65566469
809.40470235 0.18761662 0.65305613
810.40520260 0.18661130 0.65026432
811.40570285 0.18999878 0.66062682
812.40620310 0.18871089 0.66224863
813.40670335 0.18756653 0.66072722
814.40720360 0.18666440 0.65751222
815.40770385 0.18635083 0.66114993
816.40820410 0.18410165 0.65425117
817.40870435 0.18271741 0.64950893
818.40920460 0.18188970 0.64443084
819.40970485 0.18214492 0.64515571
820.41020510 0.18061866 0.63586944
821.41070535 0.17839494 0.62701378
822.41120560 0.17702577 0.62459630
823.41170585 0.17455198 0.61841270
824.41220610 0.17275394 0.61409479
825.41270635 0.17151835 0.61639476
826.41320660 0.17126466 0.60854165
827.41370685 0.17079905 0.60786518
828.41420710 0.16952876 0.61052277
829.41470735 0.16598319 0.60110286
830.41520760 0.16522259 0.59807366
831.41570785 0.16608181 0.60365817
832.41620810 0.16592482 0.60293536
833.41670835 0.16333105 0.59506503
834.41720860 0.16210454 0.59496482
835.41770885 0.16125088 0.59578161
836.41820910 0.15987757 0.59285480
837.41870935 0.15742398 0.58328157
838.41920960 0.15404931 0.57435516
839.41970985 0.15375948 0.57570751
840.42021011 0.15091490 0.57094715
841.42071036 0.14895948 0.56363822
842.42121061 0.14759751 0.56547928
843.42171086 0.14759876 0.56926268
844.42221111 0.14548123 0.56184579
845.42271136 0.14424743 0.55713600
846.42321161 0.14392035 0.55993671
847.42371186 0.14379217 0.56001084
848.42421211 0.14240959 0.55465718
849.42471236 0.14102386 0.55381407
850.42521261 0.14129916 0.55412374
851.42571286 0.14359143 0.55291509
852.42621311 0.14367698 0.55319551
853.42671336 0.14364905 0.55218442
854.42721361 0.14091561 0.54764764
855.42771386 0.14030517 0.54644803
856.42821411 0.13964158 0.54715783
857.42871436 0.13774541 0.54458064
858.42921461 0.14015282 0.54909914
859.42971486 0.13824789 0.54202396
860.43021511 0.13575576 0.53900483
861.43071536 0.13474857 0.53600442
862.43121561 0.13412321 0.53427583
863.43171586 0.13295455 0.53391296
864.43221611 0.13229411 0.53287816
865.43271636 0.13253072 0.53112865
866.43321661 0.13133491 0.52712985
867.43371686 0.13134724 0.52865420
868.43421711 0.13084348 0.52618448
869.43471736 0.12902869 0.52213038
870.43521761 0.12749335 0.51964068
871.43571786 0.12684352 0.51898977
872.43621811 0.12723894 0.51590029
873.43671836 0.12481631 0.50648792
874.43721861 0.12164597 0.49377540
875.43771886 0.12138430 0.49351348
876.43821911 0.12084999 0.48726847
877.43871936 0.12036873 0.48807627
878.43921961 0.11892504 0.48586720
879.43971986 0.11872759 0.48433518
880.44022011 0.11860402 0.48815448
881.44072036 0.11758902 0.48944899
882.44122061 0.11613241 0.48631586
883.44172086 0.11507665 0.48266065
884.44222111 0.11658114 0.48951842
885.44272136 0.11511749 0.48713834
886.44322161 0.11411255 0.48546423
887.44372186 0.11370414 0.48667093
888.44422211 0.11316644 0.48695903
889.44472236 0.11171039 0.48322450
890.44522261 0.11516389 0.49599373
891.44572286 0.11482286 0.49560020
892.44622311 0.11402474 0.49625258
893.44672336 0.11280375 0.49234362
894.44722361 0.11111893 0.47916147
895.44772386 0.10977897 0.47491010
896.44822411 0.10943062 0.47213118
897.44872436 0.10900475 0.47407706
898.44922461 0.10992807 0.47535059
899.44972486 0.10888717 0.47168727
900.45022511 0.10943717 0.47416002
901.45072536 0.10943369 0.47380815
902.45122561 0.10906951 0.47342868
903.45172586 0.10805815 0.47188591
904.45222611 0.10769010 0.47060631
905.45272636 0.10692517 0.46891026
906.45322661 0.10700724 0.46906399
907.45372686 0.10599261 0.46700677
908.45422711 0.10521633 0.46575478
909.45472736 0.10469247 0.46433231
910.45522761 0.10447592 0.46435356
911.45572786 0.10316928 0.46194838
912.45622811 0.10215386 0.46087725
913.45672836 0.10094988 0.45951382
914.45722861 0.10024590 0.45801820
915.45772886 0.10198537 0.46079166
916.45822911 0.10080621 0.45810896
917.45872936 0.10050144 0.45717371
918.45922961 0.10093405 0.45598797
919.45972986 0.09963925 0.45356270
920.46023012 0.09788381 0.45071412
921.46073037 0.09739536 0.44931062
922.46123062 0.09692734 0.44843203
923.46173087 0.09591283 0.44729421
924.46223112 0.09474289 0.44591233
925.46273137 0.09310884 0.44194038
926.46323162 0.09169009 0.43917404
927.46373187 0.09269286 0.43908359
928.46423212 0.09365049 0.43999978
929.46473237 0.09288188 0.43779002
930.46523262 0.09187535 0.43646078
931.46573287 0.08928201 0.43012545
932.46623312 0.09055537 0.43379318
933.46673337 0.09037678 0.43520374
934.46723362 0.09252155 0.43840963
935.46773387 0.09151206 0.43568855
936.46823412 0.09039930 0.43382748
937.46873437 0.08962663 0.43160040
938.46923462 0.08931717 0.43501897
939.46973487 0.08925903 0.43758780
940.47023512 0.08842594 0.43339286
941.47073537 0.08884179 0.43184423
942.47123562 0.08944451 0.43598788
943.47173587 0.08686905 0.42878946
944.47223612 0.08504471 0.42128888
945.47273637 0.08335680 0.42290833
946.47323662 0.08342709 0.42262515
947.47373687 0.08329857 0.42146290
948.47423712 0.07987195 0.41169126
949.47473737 0.07835922 0.40939277
950.47523762 0.07618411 0.40081246
951.47573787 0.07492012 0.39231767
952.47623812 0.07500987 0.39312788
953.47673837 0.07568544 0.39872923
954.47723862 0.07543750 0.39985171
955.47773887 0.07475387 0.39592661
956.47823912 0.07439824 0.39419110
957.47873937 0.07400232 0.39305182
958.47923962 0.07262329 0.38713084
959.47973987 0.07052152 0.38109516
960.48024012 0.07090269 0.38079873
961.48074037 0.07091798 0.37371102
962.48124062 0.07143266 0.37742692
963.48174087 0.07209473 0.37470123
964.48224112 0.07194713 0.37556219
965.48274137 0.07116020 0.37144625
966.48324162 0.06919429 0.36418309
967.48374187 0.06808677 0.35857313
968.48424212 0.06720603 0.35470228
969.48474237 0.06572726 0.35226267
970.48524262 0.06601675 0.35401849
971.48574287 0.06601349 0.35386192
972.48624312 0.06756282 0.35746424
973.48674337 0.06877536 0.35790856
974.48724362 0.06857043 0.35683403
975.48774387 0.06760886 0.35466369
976.48824412 0.06896006 0.36058406
977.48874437 0.06746663 0.35339796
978.48924462 0.06580019 0.34444151
979.48974487 0.06478071 0.33695790
980.49024512 0.06511598 0.33350290
981.49074537 0.06302964 0.32295927
982.49124562 0.06430336 0.32735804
983.49174587 0.06480747 0.32527633
984.49224612 0.06464781 0.32620908
985.49274637 0.06509114 0.32674710
986.49324662 0.06430219 0.32265025
987.49374687 0.06377070 0.31766351
988.49424712 0.06722720 0.33274785
989.49474737 0.06701465 0.33336051
990.49524762 0.06500289 0.32842397
991.49574787 0.06497874 0.32617992
992.49624812 0.06422801 0.32139638
993.49674837 0.06390875 0.31896657
994.49724862 0.06260162 0.31096305
995.49774887 0.06115456 0.30733749
996.49824912 0.06014095 0.30573799
997.49874937 0.06057093 0.29969629
998.49924962 0.05962533 0.29686552
999.49974987 0.05878292 0.29329636
1000.50025013 0.05863705 0.29463584
1001.50075038 0.05849568 0.29463775
1002.50125063 0.05711995 0.29101469
1003.50175088 0.05739139 0.29269917
1004.50225113 0.05731212 0.29209207
1005.50275138 0.05703925 0.29209158
1006.50325163 0.05664060 0.29163928
1007.50375188 0.05591142 0.28968413
1008.50425213 0.05511211 0.28749415
1009.50475238 0.05352541 0.28345437
1010.50525263 0.05281612 0.28207355
1011.50575288 0.05181544 0.27925523
1012.50625313 0.05056600 0.27635401
1013.50675338 0.04968534 0.26942605
1014.50725363 0.04900045 0.26502473
1015.50775388 0.04842037 0.26370544
1016.50825413 0.04842986 0.26273303
1017.50875438 0.04677560 0.25748842
1018.50925463 0.04637161 0.25673694
1019.50975488 0.04595120 0.25718836
1020.51025513 0.04443721 0.25082244
1021.51075538 0.04382213 0.24836904
1022.51125563 0.04404217 0.25079878
1023.51175588 0.04360995 0.25003524
1024.51225613 0.04348126 0.25275161
1025.51275638 0.04265793 0.24921762
1026.51325663 0.04171749 0.24062867
1027.51375688 0.04054186 0.23100301
1028.51425713 0.04034598 0.23249856
1029.51475738 0.04082792 0.24032111
1030.51525763 0.04026664 0.23835225
1031.51575788 0.03944027 0.23510568
1032.51625813 0.03860178 0.23006199
1033.51675838 0.03825640 0.22948602
1034.51725863 0.03820034 0.23461494
1035.51775888 0.03647606 0.21394906
1036.51825913 0.03624634 0.21641302
1037.51875938 0.03563799 0.21666433
1038.51925963 0.03525103 0.21699279
1039.51975988 0.03409406 0.20532571
1040.52026013 0.03563135 0.20833765
1041.52076038 0.03633980 0.21384919
1042.52126063 0.03631237 0.21733369
1043.52176088 0.03604727 0.21685024
1044.52226113 0.03562322 0.21424480
1045.52276138 0.03545865 0.21312610
1046.52326163 0.03537880 0.21185261
1047.52376188 0.03505159 0.21037525
1048.52426213 0.03438162 0.20551814
1049.52476238 0.03366148 0.20312659
1050.52526263 0.03348194 0.20412036
1051.52576288 0.03389172 0.20630343
1052.52626313 0.03384591 0.20889138
1053.52676338 0.03323283 0.20516695
1054.52726363 0.03258194 0.20170725
1055.52776388 0.03255919 0.19953644
1056.52826413 0.03294814 0.19864867
1057.52876438 0.03295009 0.19868356
1058.52926463 0.03299411 0.19921164
1059.52976488 0.03295452 0.19968877
1060.53026513 0.03523009 0.20362505
1061.53076538 0.03468572 0.20388688
1062.53126563 0.03395337 0.20225097
1063.53176588 0.03358141 0.20136310
1064.53226613 0.03351508 0.20112745
1065.53276638 0.03352157 0.20084888
1066.53326663 0.03433780 0.20164484
1067.53376688 0.03421223 0.20088931
1068.53426713 0.03378539 0.20084198
1069.53476738 0.03281815 0.19865372
1070.53526763 0.03250644 0.19807450
1071.53576788 0.03191695 0.19677365
1072.53626813 0.03142803 0.19424229
1073.53676838 0.03184491 0.19443959
1074.53726863 0.03259275 0.19814806
1075.53776888 0.03275037 0.19983145
1076.53826913 0.03235525 0.19889180
1077.53876938 0.03159854 0.19635550
1078.53926963 0.03119630 0.19311546
1079.53976988 0.03088615 0.19187008
1080.54027014 0.03086920 0.19039508
1081.54077039 0.03081794 0.18666914
1082.54127064 0.03010402 0.17851839
1083.54177089 0.02967259 0.17455395
1084.54227114 0.03035630 0.17471805
1085.54277139 0.03046215 0.17387090
1086.54327164 0.02892509 0.16872734
1087.54377189 0.02858177 0.16935118
1088.54427214 0.02843692 0.17380869
1089.54477239 0.02826171 0.17844156
1090.54527264 0.02842826 0.17755001
1091.54577289 0.02895303 0.17942709
1092.54627314 0.02833767 0.17647802
1093.54677339 0.02821114 0.17597509
1094.54727364 0.02776006 0.17297226
1095.54777389 0.02741735 0.17312825
1096.54827414 0.02710480 0.17444564
1097.54877439 0.02686228 0.16997772
1098.54927464 0.02677370 0.16869747
1099.54977489 0.02690638 0.17317362
1100.55027514 0.02700271 0.17516225
1101.55077539 0.02632095 0.16636933
1102.55127564 0.02605264 0.15557331
1103.55177589 0.02608706 0.15503370
1104.55227614 0.02644954 0.15988820
1105.55277639 0.02716870 0.16567573
1106.55327664 0.02728033 0.16770434
1107.55377689 0.02707535 0.16737331
1108.55427714 0.02686038 0.16828233
1109.55477739 0.02713692 0.17103969
1110.55527764 0.02650443 0.16842350
1111.55577789 0.02559782 0.16221791
1112.55627814 0.02549319 0.16195708
1113.55677839 0.02525675 0.16159672
1114.55727864 0.02494559 0.15464987
1115.55777889 0.02475373 0.15422664
1116.55827914 0.02387360 0.14926703
1117.55877939 0.02363823 0.14763671
1118.55927964 0.02512689 0.15448929
1119.55977989 0.02493228 0.15291719
1120.56028014 0.02286919 0.14236814
1121.56078039 0.02274434 0.14300249
1122.56128064 0.02246883 0.14358979
1123.56178089 0.02183756 0.13954368
1124.56228114 0.02157821 0.13678561
1125.56278139 0.02276389 0.14014683
1126.56328164 0.02248959 0.13897978
1127.56378189 0.02378349 0.15906300
1128.56428214 0.02314830 0.15447911
1129.56478239 0.02237674 0.14928536
1130.56528264 0.02186766 0.14376206
1131.56578289 0.02129036 0.14032056
1132.56628314 0.02009249 0.14285882
1133.56678339 0.01949324 0.13883607
1134.56728364 0.01942156 0.13744647
1135.56778389 0.01901108 0.13212533
1136.56828414 0.01743836 0.11896288
1137.56878439 0.01811654 0.12060411
1138.56928464 0.01810148 0.12265606
1139.56978489 0.01665319 0.10279677
1140.57028514 0.01698077 0.10417616
1141.57078539 0.01685517 0.10497538
1142.57128564 0.01669982 0.10438631
1143.57178589 0.01631846 0.10171963
1144.57228614 0.01718613 0.10375590
1145.57278639 0.01687910 0.10330154
1146.57328664 0.01608437 0.09771203
1147.57378689 0.01551693 0.09437257
1148.57428714 0.01514051 0.09163016
1149.57478739 0.01387293 0.08491672
1150.57528764 0.01355161 0.08455633
1151.57578789 0.01321110 0.08297277
1152.57628814 0.01333285 0.08264755
1153.57678839 0.01338739 0.08346741
1154.57728864 0.01325283 0.08519765
1155.57778889 0.01287886 0.08165614
1156.57828914 0.01297212 0.08263697
1157.57878939 0.01221001 0.07755637
1158.57928964 0.01199220 0.07689092
1159.57978989 0.01186847 0.07644839
1160.58029015 0.01164969 0.07672063
1161.58079040 0.01155200 0.07619919
1162.58129065 0.01147080 0.07448023
1163.58179090 0.01125161 0.07356582
1164.58229115 0.01128589 0.07594322
1165.58279140 0.01103425 0.07404253
1166.58329165 0.01104218 0.07320389
1167.58379190 0.01105226 0.07301417
1168.58429215 0.01084899 0.07204600
1169.58479240 0.01025126 0.06980954
1170.58529265 0.01053833 0.07365465
1171.58579290 0.01092644 0.08033487
1172.58629315 0.01100100 0.08044991
1173.58679340 0.01144430 0.07831961
1174.58729365 0.01170549 0.07904839
1175.58779390 0.01259546 0.08312905
1176.58829415 0.01236428 0.08162021
1177.58879440 0.01304301 0.08297268
1178.58929465 0.01254980 0.08055088
1179.58979490 0.01255295 0.08166693
1180.59029515 0.01263197 0.08170349
1181.59079540 0.01239066 0.07958393
1182.59129565 0.01112244 0.06893349
1183.59179590 0.01121303 0.07026224
1184.59229615 0.01251918 0.07437508
1185.59279640 0.01240476 0.07398005
1186.59329665 0.01311003 0.07941132
1187.59379690 0.01303287 0.07753145
1188.59429715 0.01329004 0.08103880
1189.59479740 0.01299333 0.08009655
1190.59529765 0.01250960 0.07621001
1191.59579790 0.01240128 0.07582436
1192.59629815 0.01241343 0.07597577
1193.59679840 0.01302174 0.08020129
1194.59729865 0.01259906 0.07768539
1195.59779890 0.01267918 0.07941902
1196.59829915 0.01267403 0.07868921
1197.59879940 0.01231072 0.07603699
1198.59929965 0.01191402 0.07327402
1199.59979990 0.01307342 0.07760862
1200.60030015 0.01261582 0.07478459
1201.60080040 0.01272649 0.07174273
1202.60130065 0.01197488 0.06916368
1203.60180090 0.01222912 0.06974578
1204.60230115 0.01205607 0.06966452
1205.60280140 0.01219938 0.07397719
1206.60330165 0.01202180 0.07353843
1207.60380190 0.01183812 0.07300676
1208.60430215 0.01299895 0.07732237
1209.60480240 0.01256674 0.07425156
1210.60530265 0.01220063 0.07131254
1211.60580290 0.01062890 0.06204574
1212.60630315 0.01061406 0.06210663
1213.60680340 0.01086172 0.06458329
1214.60730365 0.01057495 0.06121578
1215.60780390 0.01017318 0.05961010
1216.60830415 0.01085644 0.06387162
1217.60880440 0.01035153 0.06224633
1218.60930465 0.01025543 0.06072702
1219.60980490 0.01087799 0.06202034
1220.61030515 0.01038395 0.06068009
1221.61080540 0.01100943 0.06405403
1222.61130565 0.01214263 0.07358407
1223.61180590 0.01294463 0.07767454
1224.61230615 0.01451179 0.08319952
1225.61280640 0.01439770 0.08448681
1226.61330665 0.01397422 0.08256508
1227.61380690 0.01414256 0.08168497
1228.61430715 0.01410589 0.07982856
1229.61480740 0.01348394 0.07622665
1230.61530765 0.01170150 0.06404185
1231.61580790 0.01091241 0.05925586
1232.61630815 0.01075989 0.05858000
1233.61680840 0.01102389 0.05881490
1234.61730865 0.01127107 0.05994002
1235.61780890 0.01153385 0.06070777
1236.61830915 0.01175303 0.06080812
1237.61880940 0.01139158 0.05896436
1238.61930965 0.01120315 0.05833738
1239.61980990 0.01117374 0.05941557
1240.62031016 0.01122151 0.05935715
1241.62081041 0.01272626 0.06492567
1242.62131066 0.01268652 0.06524837
1243.62181091 0.01182616 0.06240621
1244.62231116 0.01156078 0.06230719
1245.62281141 0.01138398 0.06188439
1246.62331166 0.01071415 0.06036026
1247.62381191 0.01053437 0.05948778
1248.62431216 0.01059546 0.05948555
1249.62481241 0.01033852 0.05897994
1250.62531266 0.01016756 0.05725234
1251.62581291 0.00975129 0.05604746
1252.62631316 0.00947317 0.05438297
1253.62681341 0.00911029 0.05281930
1254.62731366 0.00900824 0.05254858
1255.62781391 0.00909391 0.05256382
1256.62831416 0.00920140 0.05289106
1257.62881441 0.00895042 0.05268226
1258.62931466 0.00855385 0.05189707
1259.62981491 0.00868713 0.05333724
1260.63031516 0.00841004 0.05242852
1261.63081541 0.00838496 0.05224339
1262.63131566 0.00863873 0.05218093
1263.63181591 0.00826258 0.04992396
1264.63231616 0.00793223 0.04769797
1265.63281641 0.00688149 0.04042466
1266.63331666 0.00700293 0.04048837
1267.63381691 0.00720884 0.04108219
1268.63431716 0.00720465 0.04074052
1269.63481741 0.00706925 0.04035906
1270.63531766 0.00704150 0.04008472
1271.63581791 0.00717876 0.04014664
1272.63631816 0.00687615 0.03923766
1273.63681841 0.00686745 0.03874776
1274.63731866 0.00700895 0.03914311
1275.63781891 0.00689576 0.03924123
1276.63831916 0.00654031 0.03898059
1277.63881941 0.00626574 0.03840049
1278.63931966 0.00607488 0.03717466
1279.63981991 0.00626673 0.03773821
1280.64032016 0.00635511 0.03837074
1281.64082041 0.00607129 0.03798665
1282.64132066 0.00595881 0.03751406
1283.64182091 0.00557667 0.03602263
1284.64232116 0.00543640 0.03552855
1285.64282141 0.00644041 0.04311037
1286.64332166 0.00654949 0.04380420
1287.64382191 0.00659228 0.04329529
1288.64432216 0.00630464 0.04116039
1289.64482241 0.00616914 0.04089368
1290.64532266 0.00618628 0.04099945
1291.64582291 0.00651155 0.04605484
1292.64632316 0.00683317 0.04699402
1293.64682341 0.00694695 0.04863469
1294.64732366 0.00701689 0.05160020
1295.64782391 0.00728313 0.05328834
1296.64832416 0.00734698 0.05278160
1297.64882441 0.00729645 0.05215833
1298.64932466 0.00714271 0.05096346
1299.64982491 0.01021419 0.07086322
1300.65032516 0.01010644 0.07013840
1301.65082541 0.01013461 0.07031405
1302.65132566 0.00981856 0.06792095
1303.65182591 0.00967381 0.06771265
1304.65232616 0.01177045 0.07654794
1305.65282641 0.01166021 0.07672177
1306.65332666 0.01147871 0.07631603
1307.65382691 0.01123385 0.07551677
1308.65432716 0.01102376 0.07484646
1309.65482741 0.01099943 0.07632432
1310.65532766 0.01098690 0.07795011
1311.65582791 0.01037924 0.07272924
1312.65632816 0.00978684 0.06557940
1313.65682841 0.00933763 0.06231882
1314.65732866 0.00897208 0.05894795
1315.65782891 0.00866576 0.05732573
1316.65832916 0.00888168 0.06055229
1317.65882941 0.00902371 0.06234760
1318.65932966 0.00871053 0.06074612
1319.65982991 0.00848170 0.05938177
1320.66033017 0.00815943 0.05784725
1321.66083042 0.00847000 0.05937825
1322.66133067 0.00869771 0.06065479
1323.66183092 0.00823891 0.05984678
1324.66233117 0.00773861 0.05621989
1325.66283142 0.00756756 0.05579415
1326.66333167 0.00741251 0.05464954
1327.66383192 0.00745704 0.05587054
1328.66433217 0.00750860 0.05623383
1329.66483242 0.01013382 0.07080878
1330.66533267 0.01062314 0.07546838
1331.66583292 0.01072652 0.07742646
1332.66633317 0.01060740 0.07827251
1333.66683342 0.01086934 0.07777791
1334.66733367 0.01093730 0.07825221
1335.66783392 0.01179463 0.08351690
1336.66833417 0.01148937 0.08220674
1337.66883442 0.01091276 0.07795347
1338.66933467 0.01155340 0.07647463
1339.66983492 0.01120172 0.07330836
1340.67033517 0.01119628 0.07445090
1341.67083542 0.01280708 0.08362954
1342.67133567 0.01321013 0.08663339
1343.67183592 0.01360501 0.08817383
1344.67233617 0.01382702 0.08827265
1345.67283642 0.01359132 0.08669561
1346.67333667 0.01328438 0.08616928
1347.67383692 0.01286896 0.08501409
1348.67433717 0.01250335 0.08356134
1349.67483742 0.01294846 0.08690274
1350.67533767 0.01279677 0.08636909
1351.67583792 0.01265771 0.08565602
1352.67633817 0.01258286 0.08260046
1353.67683842 0.01183269 0.07760712
1354.67733867 0.01110842 0.07374252
1355.67783892 0.01078444 0.07137552
1356.67833917 0.01222917 0.07523798
1357.67883942 0.01098918 0.06964662
1358.67933967 0.01094290 0.06915160
1359.67983992 0.01083679 0.06839382
1360.68034017 0.01037629 0.06561480
1361.68084042 0.01004618 0.06408165
1362.68134067 0.00900681 0.06063921
1363.68184092 0.00908651 0.06058590
1364.68234117 0.00923178 0.05990543
1365.68284142 0.00923996 0.05942079
1366.68334167 0.00915716 0.06015473
1367.68384192 0.00906664 0.06019567
1368.68434217 0.00885193 0.05854343
1369.68484242 0.00857699 0.05723246
1370.68534267 0.00871576 0.05965481
1371.68584292 0.00878994 0.06014820
1372.68634317 0.00850614 0.05951470
1373.68684342 0.00853764 0.05850915
1374.68734367 0.00833422 0.05835180
1375.68784392 0.00839392 0.05995018
1376.68834417 0.00764597 0.05758620
1377.68884442 0.00749227 0.05693017
1378.68934467 0.00752300 0.05608554
1379.68984492 0.00770494 0.05725705
1380.69034517 0.00780150 0.05861819
1381.69084542 0.00705376 0.05492617
1382.69134567 0.00694454 0.05506621
1383.69184592 0.00683470 0.05468900
1384.69234617 0.00709420 0.05516444
1385.69284642 0.00708040 0.05515590
1386.69334667 0.00686523 0.05440887
1387.69384692 0.00653251 0.05284037
1388.69434717 0.00626210 0.05080350
1389.69484742 0.00605859 0.04899710
1390.69534767 0.00661082 0.05134909
1391.69584792 0.00678394 0.05347526
1392.69634817 0.00706598 0.05874651
1393.69684842 0.00667426 0.05664751
1394.69734867 0.00644636 0.05461108
1395.69784892 0.00627134 0.05318152
1396.69834917 0.00617604 0.05241012
1397.69884942 0.00589756 0.04952334
1398.69934967 0.00578419 0.04729606
1399.69984992 0.00563335 0.04510136
1400.70035018 0.00538187 0.04414593
1401.70085043 0.00548185 0.04703834
1402.70135068 0.00576927 0.04956764
1403.70185093 0.00575600 0.05002418
1404.70235118 0.00572235 0.04880278
1405.70285143 0.00504823 0.03803090
1406.70335168 0.00501918 0.03749414
1407.70385193 0.00503469 0.03773941
1408.70435218 0.00510704 0.03688297
1409.70485243 0.00489718 0.03518559
1410.70535268 0.00470753 0.03319063
1411.70585293 0.00440721 0.03185202
1412.70635318 0.00397726 0.02719838
1413.70685343 0.00394369 0.02619578
1414.70735368 0.00402359 0.02564773
1415.70785393 0.00378377 0.02382438
1416.70835418 0.00337496 0.02135943
1417.70885443 0.00328787 0.02012411
1418.70935468 0.00331373 0.01981964
1419.70985493 0.00323207 0.01931665
1420.71035518 0.00342319 0.01974356
1421.71085543 0.00361985 0.02064161
1422.71135568 0.00355372 0.02029344
1423.71185593 0.00355412 0.02006096
1424.71235618 0.00327285 0.01920551
1425.71285643 0.00332247 0.01906477
1426.71335668 0.00334602 0.01897421
1427.71385693 0.00329226 0.01845936
1428.71435718 0.00312593 0.01746624
1429.71485743 0.00312339 0.01834682
1430.71535768 0.00318491 0.02087271
1431.71585793 0.00317216 0.02226002
1432.71635818 0.00315323 0.02263280
1433.71685843 0.00419173 0.03273662
1434.71735868 0.00414287 0.03302397
1435.71785893 0.00396141 0.03065544
1436.71835918 0.00394148 0.03158214
1437.71885943 0.00386001 0.03241141
1438.71935968 0.00384802 0.03108913
1439.71985993 0.00390136 0.03018054
1440.72036018 0.00397177 0.03104895
1441.72086043 0.00400046 0.03201861
1442.72136068 0.00522874 0.04269905
1443.72186093 0.00518054 0.04275444
1444.72236118 0.00518779 0.04441561
1445.72286143 0.00515407 0.04512375
1446.72336168 0.00514050 0.04434826
1447.72386193 0.00491982 0.04281076
1448.72436218 0.00481044 0.04163778
1449.72486243 0.00466209 0.04097655
1450.72536268 0.00525945 0.04502409
1451.72586293 0.00531755 0.04525449
1452.72636318 0.00511381 0.04267508
1453.72686343 0.00487546 0.04006773
1454.72736368 0.00481632 0.03917796
1455.72786393 0.00621211 0.04977774
1456.72836418 0.00628692 0.05039487
1457.72886443 0.00600574 0.04858252
1458.72936468 0.00744690 0.05775603
1459.72986493 0.00757030 0.05946018
1460.73036518 0.00749763 0.05920191
1461.73086543 0.00724228 0.05735238
1462.73136568 0.00696983 0.05504327
1463.73186593 0.00706493 0.05628298
1464.73236618 0.00723471 0.05756309
1465.73286643 0.00704470 0.05587963
1466.73336668 0.00730576 0.05724994
1467.73386693 0.00726360 0.05627347
1468.73436718 0.00725198 0.05487685
1469.73486743 0.00730698 0.05514686
1470.73536768 0.00722078 0.05475530
1471.73586793 0.00655069 0.04934264
1472.73636818 0.00643305 0.04880157
1473.73686843 0.00587092 0.04603433
1474.73736868 0.00590220 0.04611116
1475.73786893 0.00509730 0.03747459
1476.73836918 0.00492466 0.03576602
1477.73886943 0.00502727 0.03698608
1478.73936968 0.00458173 0.03606254
1479.73986993 0.00652219 0.04761783
1480.74037019 0.00683623 0.05154603
1481.74087044 0.00614180 0.04847431
1482.74137069 0.00596357 0.04764952
1483.74187094 0.00485942 0.03991540
1484.74237119 0.00477926 0.03980657
1485.74287144 0.00473992 0.04005421
1486.74337169 0.00477210 0.04047552
1487.74387194 0.00589572 0.04606009
1488.74437219 0.00560210 0.04234702
1489.74487244 0.00513996 0.03803236
1490.74537269 0.00476595 0.03495214
1491.74587294 0.00460212 0.03310045
1492.74637319 0.00477403 0.03529986
1493.74687344 0.00484783 0.03676558
1494.74737369 0.00475202 0.03693206
1495.74787394 0.00462061 0.03605908
1496.74837419 0.00449723 0.03460886
1497.74887444 0.00436396 0.03372162
1498.74937469 0.00426781 0.03330617
1499.74987494 0.00449628 0.03701352
1500.75037519 0.00460288 0.03911319
1501.75087544 0.00427548 0.03347750
1502.75137569 0.00529308 0.04185461
1503.75187594 0.00520830 0.04169303
1504.75237619 0.00515612 0.04109984
1505.75287644 0.00635000 0.04902668
1506.75337669 0.00637891 0.04904230
1507.75387694 0.00603513 0.04743690
1508.75437719 0.00590993 0.04569988
1509.75487744 0.00717626 0.05306543
1510.75537769 0.00700015 0.05248120
1511.75587794 0.00659089 0.04957176
1512.75637819 0.00636955 0.04789333
1513.75687844 0.00651136 0.04908456
1514.75737869 0.00640762 0.04928034
1515.75787894 0.00619231 0.04741902
1516.75837919 0.00582011 0.04415252
1517.75887944 0.00480079 0.03466780
1518.75937969 0.00449156 0.03297978
1519.75987994 0.00446549 0.03292730
1520.76038019 0.00437774 0.03194470
1521.76088044 0.00435209 0.03179356
1522.76138069 0.00422741 0.03124346
1523.76188094 0.00434712 0.03281172
1524.76238119 0.00435347 0.03285528
1525.76288144 0.00420741 0.03128656
1526.76338169 0.00549909 0.04429422
1527.76388194 0.00593571 0.04681247
1528.76438219 0.00602298 0.04663999
1529.76488244 0.00564914 0.04373000
1530.76538269 0.00557267 0.04231420
1531.76588294 0.00538291 0.04079220
1532.76638319 0.00421094 0.02989057
1533.76688344 0.00558501 0.03993011
1534.76738369 0.00555606 0.03999633
1535.76788394 0.00527195 0.03875393
1536.76838419 0.00487670 0.03417608
1537.76888444 0.00498827 0.03336015
1538.76938469 0.00521295 0.03450292
1539.76988494 0.00619377 0.04273053
1540.77038519 0.00578273 0.03956043
1541.77088544 0.00567663 0.03837967
1542.77138569 0.00565559 0.03731552
1543.77188594 0.00584180 0.03872082
1544.77238619 0.00574886 0.03719447
1545.77288644 0.00598309 0.03815903
1546.77338669 0.00652633 0.04378422
1547.77388694 0.00691402 0.04745170
1548.77438719 0.00673906 0.04674115
1549.77488744 0.00706414 0.04605185
1550.77538769 0.00723917 0.04632096
1551.77588794 0.00771872 0.04935928
1552.77638819 0.00770592 0.04944479
1553.77688844 0.00766885 0.04767634
1554.77738869 0.00715908 0.04414629
1555.77788894 0.00661255 0.04093063
1556.77838919 0.00627796 0.03927593
1557.77888944 0.00608563 0.03852415
1558.77938969 0.00609731 0.03893371
1559.77988994 0.00605914 0.03948287
1560.78039020 0.00588804 0.03854116
1561.78089045 0.00682602 0.04573747
1562.78139070 0.00650487 0.04315920
1563.78189095 0.00644648 0.04352127
1564.78239120 0.00637293 0.04276776
1565.78289145 0.00625303 0.04139044
1566.78339170 0.00626626 0.04185948
1567.78389195 0.00615054 0.04219180
1568.78439220 0.00607021 0.04233635
1569.78489245 0.00593106 0.04168979
1570.78539270 0.00583409 0.04071536
1571.78589295 0.00583364 0.04070716
1572.78639320 0.00581389 0.04104959
1573.78689345 0.00569569 0.04038419
1574.78739370 0.00548534 0.03914778
1575.78789395 0.00534079 0.03812911
1576.78839420 0.00516998 0.03753696
1577.78889445 0.00520106 0.03756421
1578.78939470 0.00538069 0.03816202
1579.78989495 0.00546536 0.03899634
1580.79039520 0.00688903 0.05227588
1581.79089545 0.00682406 0.05208112
1582.79139570 0.00679290 0.05180523
1583.79189595 0.00685892 0.05154845
1584.79239620 0.00685681 0.05123283
1585.79289645 0.00658517 0.04941934
1586.79339670 0.00649423 0.04948956
1587.79389695 0.00629421 0.04782633
1588.79439720 0.00595136 0.04511019
1589.79489745 0.00583064 0.04354845
1590.79539770 0.00717461 0.05355072
1591.79589795 0.00735348 0.05400398
1592.79639820 0.00757449 0.05462258
1593.79689845 0.00759392 0.05381857
1594.79739870 0.00632264 0.04397809
1595.79789895 0.00754021 0.05384258
1596.79839920 0.00745034 0.05426059
1597.79889945 0.00763711 0.05583574
1598.79939970 0.00761926 0.05630616
1599.79989995 0.00877649 0.06092692
1600.80040020 0.01098358 0.06941370
1601.80090045 0.01113526 0.07105914
1602.80140070 0.01050980 0.07175938
1603.80190095 0.01059269 0.07246463
1604.80240120 0.01064360 0.07239348
1605.80290145 0.01057685 0.07180732
1606.80340170 0.01061958 0.07218653
1607.80390195 0.01039868 0.07020975
1608.80440220 0.01004784 0.06732490
1609.80490245 0.00981399 0.06551097
1610.80540270 0.00879310 0.05756447
1611.80590295 0.00866753 0.05691059
1612.80640320 0.00878818 0.05695035
1613.80690345 0.00859173 0.05631625
1614.80740370 0.00750291 0.05070155
1615.80790395 0.00713964 0.04727931
1616.80840420 0.00713363 0.04666805
1617.80890445 0.00703705 0.04611502
1618.80940470 0.00691794 0.04533850
1619.80990495 0.00704276 0.04554118
1620.81040520 0.00698468 0.04458180
1621.81090545 0.00682422 0.04346028
1622.81140570 0.00676786 0.04339169
1623.81190595 0.00659618 0.04322082
1624.81240620 0.00658526 0.04309760
1625.81290645 0.00652824 0.04275972
1626.81340670 0.00650707 0.04246586
1627.81390695 0.00647539 0.04237988
1628.81440720 0.00626909 0.04200248
1629.81490745 0.00755785 0.05366319
1630.81540770 0.00729256 0.05321290
1631.81590795 0.00724632 0.05311169
1632.81640820 0.00739616 0.05354594
1633.81690845 0.00749459 0.05346803
1634.81740870 0.00727949 0.05163783
1635.81790895 0.00698891 0.04799850
1636.81840920 0.00641038 0.04295461
1637.81890945 0.00641886 0.04299436
1638.81940970 0.00633697 0.04268524
1639.81990995 0.00633625 0.04243905
1640.82041021 0.00753961 0.05081247
1641.82091046 0.00688190 0.04741977
1642.82141071 0.00568963 0.03882913
1643.82191096 0.00585610 0.03920174
1644.82241121 0.00587521 0.03935123
1645.82291146 0.00575721 0.03903657
1646.82341171 0.00567652 0.03864200
1647.82391196 0.00580571 0.03914493
1648.82441221 0.00646966 0.04033827
1649.82491246 0.00661983 0.04163601
1650.82541271 0.00686677 0.04435666
1651.82591296 0.00698756 0.04647768
1652.82641321 0.00708125 0.04694313
1653.82691346 0.00820992 0.05402692
1654.82741371 0.00871116 0.05624345
1655.82791396 0.00865363 0.05647318
1656.82841421 0.00875612 0.05700676
1657.82891446 0.00848758 0.05539683
1658.82941471 0.00781086 0.05156930
1659.82991496 0.00689974 0.04737382
1660.83041521 0.00667307 0.04618623
1661.83091546 0.00655227 0.04541617
1662.83141571 0.00642706 0.04409880
1663.83191596 0.00624890 0.04216449
1664.83241621 0.00608435 0.04036705
1665.83291646 0.00599839 0.03940028
1666.83341671 0.00599210 0.03994120
1667.83391696 0.00588932 0.04038196
1668.83441721 0.00580393 0.04037528
1669.83491746 0.00591893 0.04148036
1670.83541771 0.00605693 0.04213675
1671.83591796 0.00613604 0.04261411
1672.83641821 0.00591212 0.04187461
1673.83691846 0.00575888 0.04120170
1674.83741871 0.00553439 0.03994280
1675.83791896 0.00541205 0.03886759
1676.83841921 0.00526828 0.03740560
1677.83891946 0.00515394 0.03733500
1678.83941971 0.00506427 0.03606115
1679.83991996 0.00517547 0.03666526
1680.84042021 0.00540770 0.03800044
1681.84092046 0.00536625 0.03773655
1682.84142071 0.00502068 0.03632160
1683.84192096 0.00508043 0.03724887
1684.84242121 0.00508382 0.03767897
1685.84292146 0.00527889 0.03906434
1686.84342171 0.00515427 0.03925712
1687.84392196 0.00494936 0.03907451
1688.84442221 0.00473786 0.03808685
1689.84492246 0.00466063 0.03725258
1690.84542271 0.00456788 0.03638781
1691.84592296 0.00499200 0.04020823
1692.84642321 0.00506678 0.04077532
1693.84692346 0.00505598 0.04026234
1694.84742371 0.00499926 0.03902339
1695.84792396 0.00583109 0.04397530
1696.84842421 0.00559905 0.04296960
1697.84892446 0.00546547 0.04267370
1698.84942471 0.00537422 0.04107542
1699.84992496 0.00508446 0.03767021
1700.85042521 0.00461735 0.03288479
1701.85092546 0.00431370 0.02917185
1702.85142571 0.00417849 0.02731403
1703.85192596 0.00432339 0.02767661
1704.85242621 0.00506092 0.03253232
1705.85292646 0.00489792 0.03219395
1706.85342671 0.00486853 0.03163356
1707.85392696 0.00483715 0.03026319
1708.85442721 0.00496314 0.03064962
1709.85492746 0.00525797 0.03204789
1710.85542771 0.00528111 0.03313361
1711.85592796 0.00551207 0.03458545
1712.85642821 0.00630475 0.04052399
1713.85692846 0.00659259 0.04421397
1714.85742871 0.00676264 0.04726686
1715.85792896 0.00666645 0.04745074
1716.85842921 0.00644622 0.04629325
1717.85892946 0.00631482 0.04601149
1718.85942971 0.00581358 0.04498522
1719.85992996 0.00537220 0.04390719
1720.86043022 0.00487211 0.04054047
1721.86093047 0.00436883 0.03453124
1722.86143072 0.00402717 0.02929296
1723.86193097 0.00402532 0.02658130
1724.86243122 0.00408654 0.02590641
1725.86293147 0.00477197 0.03087698
1726.86343172 0.00469048 0.03158104
1727.86393197 0.00464602 0.03146443
1728.86443222 0.00447947 0.02983276
1729.86493247 0.00425771 0.02826879
1730.86543272 0.00401857 0.02679467
1731.86593297 0.00381880 0.02543706
1732.86643322 0.00361798 0.02511203
1733.86693347 0.00374473 0.02557354
1734.86743372 0.00492871 0.03862044
1735.86793397 0.00514287 0.04063865
1736.86843422 0.00485647 0.03332707
1737.86893447 0.00535188 0.03908493
1738.86943472 0.00540927 0.04079872
1739.86993497 0.00513939 0.03991219
1740.87043522 0.00508100 0.03867330
1741.87093547 0.00502345 0.03825232
1742.87143572 0.00501517 0.03882547
1743.87193597 0.00490281 0.03754821
1744.87243622 0.00456902 0.03367895
1745.87293647 0.00402169 0.02797920
1746.87343672 0.00350929 0.02316004
1747.87393697 0.00321439 0.02088982
1748.87443722 0.00319858 0.02102287
1749.87493747 0.00415891 0.02945305
1750.87543772 0.00530937 0.03855219
1751.87593797 0.00543740 0.04006308
1752.87643822 0.00542323 0.04066283
1753.87693847 0.00593459 0.04325095
1754.87743872 0.00587088 0.04373183
1755.87793897 0.00602923 0.04482119
1756.87843922 0.00650968 0.04542188
1757.87893947 0.00655941 0.04455074
1758.87943972 0.00801818 0.05470579
1759.87993997 0.00791741 0.05442406
1760.88044022 0.00766587 0.05277807
1761.88094047 0.00725964 0.04960486
1762.88144072 0.00694611 0.04782217
1763.88194097 0.00680703 0.04853232
1764.88244122 0.00656694 0.04775884
1765.88294147 0.00632143 0.04550708
1766.88344172 0.00562089 0.04297982
1767.88394197 0.00526661 0.04173359
1768.88444222 0.00536588 0.04284984
1769.88494247 0.00528870 0.04285428
1770.88544272 0.00645809 0.05135804
1771.88594297 0.00648736 0.05134873
1772.88644322 0.00663023 0.05410551
1773.88694347 0.00672941 0.05502622
1774.88744372 0.00655846 0.05371228
1775.88794397 0.00626651 0.05192597
1776.88844422 0.00649263 0.05206896
1777.88894447 0.00657452 0.05279353
1778.88944472 0.00648951 0.05132015
1779.88994497 0.00611912 0.04726867
1780.89044522 0.00561474 0.04229496
1781.89094547 0.00524284 0.03924706
1782.89144572 0.00519577 0.03909822
1783.89194597 0.00641937 0.04402404
1784.89244622 0.00641562 0.04437416
1785.89294647 0.00766004 0.05317755
1786.89344672 0.00732772 0.04961540
1787.89394697 0.00709784 0.04713266
1788.89444722 0.00666009 0.04421902
1789.89494747 0.00652200 0.04274404
1790.89544772 0.00662377 0.04239155
1791.89594797 0.00657098 0.04147694
1792.89644822 0.00670949 0.04084386
1793.89694847 0.00663569 0.04009090
1794.89744872 0.00673210 0.04029876
1795.89794897 0.00654000 0.03859763
1796.89844922 0.00639749 0.03819094
1797.89894947 0.00608774 0.03713697
1798.89944972 0.00585877 0.03661405
1799.89994997 0.00578496 0.03537953
1800.90045023 0.00579124 0.03430557
1801.90095048 0.00553671 0.03255879
1802.90145073 0.00512993 0.03119179
1803.90195098 0.00623423 0.04122545
1804.90245123 0.00639769 0.04212532
1805.90295148 0.00660805 0.04333722
1806.90345173 0.00643535 0.04152041
1807.90395198 0.00645892 0.04227221
1808.90445223 0.00631908 0.04178096
1809.90495248 0.00639597 0.04196216
1810.90545273 0.00651335 0.04241814
1811.90595298 0.00629617 0.04064150
1812.90645323 0.00735049 0.04678040
1813.90695348 0.00885093 0.05788572
1814.90745373 0.00883383 0.05849118
1815.90795398 0.00872623 0.05909096
1816.90845423 0.00830477 0.05704523
1817.90895448 0.00861037 0.05899555
1818.90945473 0.00797985 0.05508580
1819.90995498 0.00796264 0.05529710
1820.91045523 0.00784427 0.05469459
1821.91095548 0.00770974 0.05413462
1822.91145573 0.00737226 0.05177867
1823.91195598 0.00709334 0.04978419
1824.91245623 0.00709905 0.04967584
1825.91295648 0.00711485 0.04991482
1826.91345673 0.00777377 0.05106408
1827.91395698 0.00779340 0.05134372
1828.91445723 0.00894325 0.05724603
1829.91495748 0.00860547 0.05576730
1830.91545773 0.00844442 0.05542821
1831.91595798 0.00817755 0.05351818
1832.91645823 0.00821689 0.05341802
1833.91695848 0.01104008 0.06912689
1834.91745873 0.01068784 0.06817916
1835.91795898 0.01025326 0.06713360
1836.91845923 0.00990840 0.06462670
1837.91895948 0.00994608 0.06252153
1838.91945973 0.00943928 0.06186823
1839.91995998 0.00928708 0.06110790
1840.92046023 0.00917107 0.05933256
1841.92096048 0.00830006 0.05660320
1842.92146073 0.00838237 0.05599913
1843.92196098 0.00838707 0.05403038
1844.92246123 0.00826506 0.05251063
1845.92296148 0.00692994 0.04546791
1846.92346173 0.00690827 0.04647242
1847.92396198 0.00688500 0.04306218
1848.92446223 0.00822493 0.05832997
1849.92496248 0.00845231 0.06006764
1850.92546273 0.00827566 0.05891463
1851.92596298 0.00796477 0.05544010
1852.92646323 0.00780715 0.05285188
1853.92696348 0.00928768 0.06231155
1854.92746373 0.00975850 0.06785416
1855.92796398 0.00974704 0.06863433
1856.92846423 0.00897763 0.06583167
1857.92896448 0.00863009 0.06350539
1858.92946473 0.01018544 0.07203306
1859.92996498 0.01029564 0.07397196
1860.93046523 0.01069339 0.07522598
1861.93096548 0.01081265 0.07354754
1862.93146573 0.01040892 0.06999445
1863.93196598 0.00995232 0.06727783
1864.93246623 0.00978978 0.06739658
1865.93296648 0.01003362 0.06982053
1866.93346673 0.01018276 0.07080979
1867.93396698 0.01001631 0.06922976
1868.93446723 0.00993497 0.07086418
1869.93496748 0.00959116 0.07049243
1870.93546773 0.00922016 0.06920603
1871.93596798 0.00905785 0.06863717
1872.93646823 0.01066985 0.07422887
1873.93696848 0.01056046 0.07370474
1874.93746873 0.01057956 0.07422603
1875.93796898 0.01053594 0.07436487
1876.93846923 0.01053137 0.07488542
1877.93896948 0.01039646 0.07458320
1878.93946973 0.01134280 0.07770308
1879.93996998 0.01105309 0.07676719
1880.94047024 0.01121963 0.07658779
1881.94097049 0.01223607 0.07811429
1882.94147074 0.01212216 0.07802132
1883.94197099 0.01183123 0.07644334
1884.94247124 0.01139208 0.07320534
1885.94297149 0.01101397 0.07015979
1886.94347174 0.01070091 0.06773407
1887.94397199 0.01007743 0.06698855
1888.94447224 0.01005306 0.06683936
1889.94497249 0.00998621 0.06640344
1890.94547274 0.01006971 0.06788388
1891.94597299 0.00989947 0.06645975
1892.94647324 0.01084435 0.07616458
1893.94697349 0.01109635 0.07655889
1894.94747374 0.01024723 0.06618561
1895.94797399 0.01021210 0.06485043
1896.94847424 0.01001405 0.06296683
1897.94897449 0.00988080 0.06172423
1898.94947474 0.01117568 0.06938980
1899.94997499 0.01073421 0.06716253
1900.95047524 0.00984788 0.06261477
1901.95097549 0.00996021 0.06260535
1902.95147574 0.01002583 0.06186469
1903.95197599 0.00972346 0.06208431
1904.95247624 0.00887172 0.05779973
1905.95297649 0.00846531 0.05453359
1906.95347674 0.00820037 0.05268463
1907.95397699 0.00806471 0.05365044
1908.95447724 0.00828030 0.05448642
1909.95497749 0.00846742 0.05527670
1910.95547774 0.00838342 0.05531338
1911.95597799 0.00793109 0.05373809
1912.95647824 0.00722830 0.05063721
1913.95697849 0.00710407 0.05074372
1914.95747874 0.00709222 0.05188583
1915.95797899 0.00683330 0.05031738
1916.95847924 0.00660124 0.04938572
1917.95897949 0.00643454 0.04811187
1918.95947974 0.00745821 0.05765689
1919.95997999 0.00742977 0.05898385
1920.96048024 0.00753743 0.05948516
1921.96098049 0.00786700 0.06212892
1922.96148074 0.00793557 0.06411838
1923.96198099 0.00782007 0.06522518
1924.96248124 0.00783087 0.06396223
1925.96298149 0.00781414 0.06159077
1926.96348174 0.00792620 0.06325800
1927.96398199 0.00789191 0.06331769
1928.96448224 0.00755774 0.06155572
1929.96498249 0.00749004 0.06010448
1930.96548274 0.00732775 0.05976109
1931.96598299 0.00739020 0.06088221
1932.96648324 0.00720496 0.06085711
1933.96698349 0.00689264 0.05990571
1934.96748374 0.00713085 0.05983832
1935.96798399 0.00710003 0.06021061
1936.96848424 0.00704057 0.05999076
1937.96898449 0.00686320 0.05928338
1938.96948474 0.00846097 0.07006559
1939.96998499 0.00854384 0.07070214
1940.97048524 0.00860830 0.07029469
1941.97098549 0.00879348 0.06988695
1942.97148574 0.00883987 0.06918364
1943.97198599 0.00866387 0.06830874
1944.97248624 0.00851737 0.07088374
1945.97298649 0.00860461 0.07198899
1946.97348674 0.00882163 0.07297593
1947.97398699 0.00879987 0.07187501
1948.97448724 0.00863154 0.07029460
1949.97498749 0.00831771 0.06938563
1950.97548774 0.00837251 0.06977929
1951.97598799 0.00846288 0.07005212
1952.97648824 0.00833149 0.06895306
1953.97698849 0.00820052 0.06812782
1954.97748874 0.00803600 0.06609396
1955.97798899 0.00777368 0.06267987
1956.97848924 0.00770676 0.06097949
1957.97898949 0.00758882 0.06041405
1958.97948974 0.00718566 0.05886143
1959.97998999 0.00728422 0.05923593
1960.98049025 0.00721448 0.05929491
1961.98099050 0.00642396 0.05239335
1962.98149075 0.00658843 0.05284553
1963.98199100 0.00681843 0.05399743
1964.98249125 0.00719010 0.05543358
1965.98299150 0.00717179 0.05541829
1966.98349175 0.00700869 0.05514255
1967.98399200 0.00656303 0.05139315
1968.98449225 0.00681852 0.05187041
1969.98499250 0.00700318 0.05226212
1970.98549275 0.00709687 0.05254377
1971.98599300 0.00703126 0.05234090
1972.98649325 0.00689906 0.05112551
1973.98699350 0.00665301 0.05040713
1974.98749375 0.00660119 0.04982540
1975.98799400 0.00656445 0.04934417
1976.98849425 0.00653740 0.04919806
1977.98899450 0.00638289 0.04904661
1978.98949475 0.00628423 0.04893680
1979.98999500 0.00633831 0.04902085
1980.99049525 0.00625450 0.04899348
1981.99099550 0.00730893 0.05575513
1982.99149575 0.00734828 0.05534850
1983.99199600 0.00744825 0.05520115
1984.99249625 0.00739635 0.05455408
1985.99299650 0.00708834 0.05347873
1986.99349675 0.00690132 0.05274226
1987.99399700 0.00698514 0.05269453
1988.99449725 0.00718481 0.05273679
1989.99499750 0.00718590 0.05161021
1990.99549775 0.00711815 0.05070609
1991.99599800 0.00790927 0.05580124
1992.99649825 0.00794486 0.05560075
1993.99699850 0.00797498 0.05610081
1994.99749875 0.00799704 0.05609844
1995.99799900 0.00784727 0.05487562
1996.99849925 0.00761625 0.05333944
1997.99899950 0.00726281 0.05178425
1998.99949975 0.00690407 0.04999300
2000.00000000 0.00659811 0.04853280
