0.00000000 1.00000000 0.00000011
1.00050025 1.03811566 0.02268775
2.00100050 1.04917289 0.04490685
3.00150075 1.01076131 0.06190280
4.00200100 0.99817056 0.09418790
5.00250125 1.00544686 0.13942778
6.00300150 0.98585462 0.19451620
7.00350175 0.95165191 0.21564075
8.00400200 0.94330103 0.24255670
9.00450225 0.94232320 0.25129631
10.00500250 0.90301411 0.27763304
11.00550275 0.88672543 0.29197443
12.00600300 0.88174882 0.30068183
13.00650325 0.87796369 0.29759650
14.00700350 0.87185295 0.30321005
15.00750375 0.86093278 0.31229422
16.00800400 0.85257210 0.31979039
17.00850425 0.84802179 0.32629934
18.00900450 0.82912045 0.33141657
19.00950475 0.82282083 0.33631450
20.01000500 0.80695919 0.34787135
21.01050525 0.79325106 0.34949654
22.01100550 0.78463901 0.35338904
23.01150575 0.76989409 0.36185720
24.01200600 0.75611839 0.36448624
25.01250625 0.74609029 0.36858245
26.01300650 0.73798498 0.37037147
27.01350675 0.72440211 0.37348152
28.01400700 0.71618276 0.37861996
29.01450725 0.70192048 0.38280799
30.01500750 0.68706949 0.38708989
31.01550775 0.67943439 0.39441306
32.01600800 0.67251889 0.39534104
33.01650825 0.66144150 0.39695055
34.01700850 0.65654584 0.40197111
35.01750875 0.64904842 0.40336377
36.01800900 0.63818627 0.40722557
37.01850925 0.63394211 0.40944610
38.01900950 0.62580086 0.40836116
39.01950975 0.62046998 0.40757769
40.02001001 0.61258998 0.40980690
41.02051026 0.60446789 0.41002319
42.02101051 0.59743872 0.41176702
43.02151076 0.59174081 0.41075107
44.02201101 0.58366668 0.41087361
45.02251126 0.57432259 0.41274790
46.02301151 0.56650221 0.41256652
47.02351176 0.55893079 0.41163638
48.02401201 0.54927824 0.41446900
49.02451226 0.53964848 0.41339875
50.02501251 0.53276192 0.41085009
51.02551276 0.52571498 0.41110720
52.02601301 0.51866987 0.41230710
53.02651326 0.51148081 0.41325647
54.02701351 0.50363532 0.41079087
55.02751376 0.49405922 0.40567829
56.02801401 0.48990364 0.40573725
57.02851426 0.48561760 0.40564110
58.02901451 0.47979350 0.40586121
59.02951476 0.47351859 0.40698500
60.03001501 0.46778396 0.40545495
61.03051526 0.46308310 0.40480458
62.03101551 0.45748097 0.40523728
63.03151576 0.45382849 0.40509261
64.03201601 0.44598413 0.40399992
65.03251626 0.43911995 0.40424405
66.03301651 0.43301323 0.40301893
67.03351676 0.42440158 0.39936186
68.03401701 0.41665101 0.39845205
69.03451726 0.41039109 0.39555224
70.03501751 0.40615959 0.39609260
71.03551776 0.39847322 0.39434195
72.03601801 0.39261946 0.39368026
73.03651826 0.38459598 0.39033922
74.03701851 0.38130343 0.39157191
75.03751876 0.37636260 0.38836984
76.03801901 0.37069958 0.38490613
77.03851926 0.36839497 0.38461767
78.03901951 0.36516908 0.38410138
79.03951976 0.36029101 0.38389765
80.04002001 0.35474934 0.38254511
81.04052026 0.35028575 0.37942967
82.04102051 0.34611843 0.37832511
83.04152076 0.33992581 0.37637183
84.04202101 0.33587897 0.37808147
85.04252126 0.33496843 0.37818993
86.04302151 0.33216047 0.37740111
87.04352176 0.32874783 0.37852337
88.04402201 0.32560242 0.38068963
89.04452226 0.32170777 0.37887797
90.04502251 0.31750574 0.37570098
91.04552276 0.31344154 0.37367950
92.04602301 0.30857607 0.36917580
93.04652326 0.30297311 0.36594440
94.04702351 0.29954469 0.36465270
95.04752376 0.29725217 0.36561949
96.04802401 0.29469793 0.36496412
97.04852426 0.29436647 0.36519495
98.04902451 0.28890662 0.36166967
99.04952476 0.28541160 0.36161647
100.05002501 0.28306490 0.36023679
101.05052526 0.28084055 0.36113953
102.05102551 0.27844597 0.35974652
103.05152576 0.27672835 0.35797371
104.05202601 0.27319971 0.35511520
105.05252626 0.26621727 0.34912459
106.05302651 0.26111250 0.34475953
107.05352676 0.25727377 0.34424822
108.05402701 0.25496338 0.34284515
109.05452726 0.25144017 0.33948205
110.05502751 0.24800727 0.33753485
111.05552776 0.24554602 0.33525120
112.05602801 0.24470691 0.33728082
113.05652826 0.24222286 0.33626965
114.05702851 0.24050191 0.33516192
115.05752876 0.23730466 0.33270640
116.05802901 0.23182483 0.33085323
117.05852926 0.22833351 0.32843211
118.05902951 0.22577541 0.32774476
119.05952976 0.22243046 0.32666104
120.06003002 0.21785475 0.32325112
121.06053027 0.21550415 0.32145274
122.06103052 0.21306377 0.31965814
123.06153077 0.21107938 0.31788834
124.06203102 0.20887904 0.31743939
125.06253127 0.20456288 0.31585230
126.06303152 0.20025235 0.31423615
127.06353177 0.19664441 0.31029796
128.06403202 0.19405567 0.30758425
129.06453227 0.19089108 0.30409031
130.06503252 0.18826678 0.30253735
131.06553277 0.18563510 0.29922046
132.06603302 0.18219902 0.29528346
133.06653327 0.18042287 0.29436780
134.06703352 0.17834685 0.29263048
135.06753377 0.17539035 0.29078152
136.06803402 0.17360219 0.29126309
137.06853427 0.16908384 0.28680698
138.06903452 0.16711064 0.28512561
139.06953477 0.16173300 0.27773195
140.07003502 0.15923083 0.27596263
141.07053527 0.15605121 0.27229738
142.07103552 0.15427433 0.27207487
143.07153577 0.15085413 0.26691255
144.07203602 0.14841697 0.26412907
145.07253627 0.14417799 0.26175596
146.07303652 0.14182139 0.25914951
147.07353677 0.14040806 0.25736748
148.07403702 0.13891551 0.25730255
149.07453727 0.13659759 0.25607879
150.07503752 0.13528356 0.25554747
151.07553777 0.13129303 0.24798686
152.07603802 0.12970208 0.24650970
153.07653827 0.12747037 0.24616338
154.07703852 0.12582279 0.24428138
155.07753877 0.12395388 0.24259356
156.07803902 0.12147062 0.23899556
157.07853927 0.11985006 0.23763697
158.07903952 0.11797906 0.23648686
159.07953977 0.11712902 0.23524765
160.08004002 0.11651952 0.23460113
161.08054027 0.11322227 0.23191372
162.08104052 0.11165820 0.23175887
163.08154077 0.10881391 0.22762267
164.08204102 0.10698466 0.22600211
165.08254127 0.10581538 0.22364922
166.08304152 0.10444763 0.22227464
167.08354177 0.10378287 0.22108326
168.08404202 0.10258756 0.22033272
169.08454227 0.10144754 0.22043972
170.08504252 0.10112900 0.22028913
171.08554277 0.10018325 0.21920826
172.08604302 0.09822522 0.21695293
173.08654327 0.09481512 0.20969948
174.08704352 0.09295974 0.20567406
175.08754377 0.09070642 0.20382360
176.08804402 0.08810263 0.19994607
177.08854427 0.08821555 0.20178105
178.08904452 0.08765291 0.20238087
179.08954477 0.08612393 0.20242876
180.09004502 0.08566864 0.20247140
181.09054527 0.08742999 0.20345014
182.09104552 0.08576197 0.20063774
183.09154577 0.08487269 0.20088205
184.09204602 0.08360798 0.19846049
185.09254627 0.08340383 0.19679972
186.09304652 0.08304626 0.19524778
187.09354677 0.08166110 0.19324847
188.09404702 0.08113135 0.19304531
189.09454727 0.08161725 0.19496128
190.09504752 0.08204430 0.19676032
191.09554777 0.08175250 0.20044700
192.09604802 0.08097222 0.19967320
193.09654827 0.08034898 0.19852620
194.09704852 0.07929713 0.19614241
195.09754877 0.07828209 0.19568688
196.09804902 0.07578867 0.19148783
197.09854927 0.07606039 0.19404960
198.09904952 0.07472423 0.19024569
199.09954977 0.07192634 0.18325234
200.10005003 0.07110271 0.18303678
201.10055028 0.07016621 0.18164998
202.10105053 0.07063950 0.18263466
203.10155078 0.06996949 0.18243284
204.10205103 0.06960027 0.18336144
205.10255128 0.06891709 0.18282422
206.10305153 0.06801542 0.18155313
207.10355178 0.06677016 0.17995129
208.10405203 0.06688551 0.18206281
209.10455228 0.06630929 0.18041867
210.10505253 0.06458063 0.17769931
211.10555278 0.06097082 0.17106757
212.10605303 0.05958298 0.16772854
213.10655328 0.05937148 0.16816383
214.10705353 0.05856921 0.16632512
215.10755378 0.05777051 0.16466811
216.10805403 0.05680985 0.16437935
217.10855428 0.05711306 0.16645260
218.10905453 0.05662280 0.16560943
219.10955478 0.05668477 0.16620868
220.11005503 0.05668610 0.16629732
221.11055528 0.05585410 0.16585931
222.11105553 0.05524909 0.16581200
223.11155578 0.05618411 0.16999263
224.11205603 0.05689913 0.17177656
225.11255628 0.05718766 0.17392479
226.11305653 0.05753049 0.17508018
227.11355678 0.05701586 0.17247055
228.11405703 0.05648948 0.16931071
229.11455728 0.05539438 0.16730323
230.11505753 0.05508970 0.16717609
231.11555778 0.05466183 0.16450396
232.11605803 0.05376045 0.16335914
233.11655828 0.05389475 0.16446695
234.11705853 0.05286049 0.16310717
235.11755878 0.05228838 0.16157253
236.11805903 0.05214601 0.16145942
237.11855928 0.05218374 0.16162755
238.11905953 0.05369686 0.16448124
239.11955978 0.05305781 0.16311692
240.12006003 0.05276556 0.16334484
241.12056028 0.05278321 0.16430238
242.12106053 0.05124368 0.16023932
243.12156078 0.05082538 0.15974046
244.12206103 0.05043603 0.15901601
245.12256128 0.05036074 0.15855259
246.12306153 0.04933736 0.15620696
247.12356178 0.04880283 0.15567991
248.12406203 0.04794574 0.15551595
249.12456228 0.04770038 0.15408319
250.12506253 0.04668832 0.15105106
251.12556278 0.04668213 0.14961140
252.12606303 0.04594567 0.14781557
253.12656328 0.04564088 0.14792384
254.12706353 0.04577561 0.14851229
255.12756378 0.04532765 0.14773127
256.12806403 0.04493469 0.14775214
257.12856428 0.04470170 0.14734036
258.12906453 0.04520548 0.14637777
259.12956478 0.04450890 0.14555840
260.13006503 0.04520306 0.14473401
261.13056528 0.04503782 0.14448834
262.13106553 0.04538972 0.14546937
263.13156578 0.04497322 0.14403944
264.13206603 0.04437815 0.14301886
265.13256628 0.04464882 0.14302695
266.13306653 0.04440928 0.14200491
267.13356678 0.04478642 0.14245924
268.13406703 0.04431163 0.14154535
269.13456728 0.04312880 0.13922704
270.13506753 0.04291429 0.14029201
271.13556778 0.04237724 0.14036992
272.13606803 0.04139056 0.13893650
273.13656828 0.03967540 0.13292398
274.13706853 0.03905877 0.13233868
275.13756878 0.03925111 0.13214206
276.13806903 0.03818434 0.12959981
277.13856928 0.03759214 0.12838019
278.13906953 0.03730665 0.12845648
279.13956978 0.03834744 0.13074037
280.14007004 0.03844816 0.12958546
281.14057029 0.03762206 0.12716838
282.14107054 0.03716053 0.12660081
283.14157079 0.03600797 0.12099761
284.14207104 0.03451723 0.11780215
285.14257129 0.03350360 0.11504640
286.14307154 0.03275567 0.11309818
287.14357179 0.03435710 0.11811379
288.14407204 0.03445187 0.11997102
289.14457229 0.03348965 0.11879006
290.14507254 0.03072779 0.10526585
291.14557279 0.03066581 0.10615800
292.14607304 0.03055331 0.10641987
293.14657329 0.03009244 0.10470202
294.14707354 0.02981771 0.10339084
295.14757379 0.02922742 0.10246572
296.14807404 0.02882835 0.10175369
297.14857429 0.02801287 0.09998752
298.14907454 0.02859609 0.10062213
299.14957479 0.02863485 0.10115047
300.15007504 0.02837026 0.10085642
301.15057529 0.02804229 0.10022816
302.15107554 0.03003074 0.10773737
303.15157579 0.02958765 0.10943110
304.15207604 0.02920822 0.11014444
305.15257629 0.02865137 0.10928164
306.15307654 0.02789989 0.10793514
307.15357679 0.02768355 0.10730582
308.15407704 0.02718631 0.10682170
309.15457729 0.02697075 0.10619731
310.15507754 0.02643027 0.10410945
311.15557779 0.02587862 0.10104167
312.15607804 0.02555053 0.09883099
313.15657829 0.02549940 0.09823562
314.15707854 0.02569976 0.09952067
315.15757879 0.02547209 0.10068819
316.15807904 0.02497444 0.10014823
317.15857929 0.02445909 0.09864426
318.15907954 0.02443360 0.10129084
319.15957979 0.02451217 0.10156129
320.16008004 0.02453186 0.10240596
321.16058029 0.02322296 0.09320212
322.16108054 0.02277432 0.09137345
323.16158079 0.02234669 0.08937454
324.16208104 0.02132684 0.08337169
325.16258129 0.02116179 0.08374488
326.16308154 0.02107993 0.08307990
327.16358179 0.02097707 0.08356799
328.16408204 0.02072479 0.08356413
329.16458229 0.02059286 0.08299171
330.16508254 0.02052562 0.08275946
331.16558279 0.02062238 0.08442521
332.16608304 0.02039377 0.08390851
333.16658329 0.02033643 0.08324415
334.16708354 0.02011832 0.08263363
335.16758379 0.01992107 0.08241425
336.16808404 0.01994923 0.08260354
337.16858429 0.01986026 0.08243262
338.16908454 0.01969012 0.08202615
339.16958479 0.01924160 0.08105457
340.17008504 0.01871947 0.07933496
341.17058529 0.01826727 0.07815455
342.17108554 0.01828681 0.07832469
343.17158579 0.01781174 0.07750422
344.17208604 0.01776038 0.07749690
345.17258629 0.01800632 0.07763421
346.17308654 0.01805953 0.07762763
347.17358679 0.01832033 0.07827689
348.17408704 0.01909556 0.08148184
349.17458729 0.01893364 0.08103355
350.17508754 0.01894327 0.08127618
351.17558779 0.01866851 0.08045207
352.17608804 0.01828123 0.07906590
353.17658829 0.01749079 0.07575940
354.17708854 0.01712236 0.07432374
355.17758879 0.01709222 0.07535830
356.17808904 0.01726010 0.07828967
357.17858929 0.01688205 0.07670712
358.17908954 0.01669659 0.07617485
359.17958979 0.01715034 0.07802202
360.18009005 0.01694659 0.07711742
361.18059030 0.01672890 0.07636080
362.18109055 0.01657400 0.07563960
363.18159080 0.01766968 0.08009638
364.18209105 0.01726225 0.07893678
365.18259130 0.01676148 0.07614291
366.18309155 0.01657602 0.07529078
367.18359180 0.01640198 0.07515104
368.18409205 0.01673654 0.07844237
369.18459230 0.01662285 0.07791700
370.18509255 0.01729700 0.07924311
371.18559280 0.01645896 0.07663007
372.18609305 0.01607644 0.07401171
373.18659330 0.01601477 0.07343905
374.18709355 0.01605810 0.07430172
375.18759380 0.01608774 0.07464875
376.18809405 0.01661873 0.07625041
377.18859430 0.01644692 0.07574001
378.18909455 0.01607522 0.07615764
379.18959480 0.01552430 0.07492542
380.19009505 0.01526442 0.07355403
381.19059530 0.01524995 0.07422718
382.19109555 0.01538107 0.07499496
383.19159580 0.01529679 0.07446844
384.19209605 0.01461238 0.07151208
385.19259630 0.01446901 0.07345053
386.19309655 0.01440522 0.07248139
387.19359680 0.01453266 0.07211481
388.19409705 0.01492790 0.07402112
389.19459730 0.01608510 0.08324524
390.19509755 0.01614696 0.08316975
391.19559780 0.01570620 0.08211309
392.19609805 0.01589411 0.08291875
393.19659830 0.01566910 0.08300689
394.19709855 0.01605613 0.08341467
395.19759880 0.01657762 0.08367367
396.19809905 0.01658696 0.08477638
397.19859930 0.01616573 0.08455528
398.19909955 0.01582055 0.08329969
399.19959980 0.01538366 0.08253407
400.20010005 0.01482664 0.08104285
401.20060030 0.01432079 0.07922955
402.20110055 0.01401777 0.07796117
403.20160080 0.01357440 0.07564562
404.20210105 0.01318901 0.07764308
405.20260130 0.01282682 0.07598454
406.20310155 0.01206981 0.07009747
407.20360180 0.01220286 0.07172320
408.20410205 0.01292824 0.07312702
409.20460230 0.01255280 0.07135903
410.20510255 0.01236171 0.07086195
411.20560280 0.01217541 0.07034040
412.20610305 0.01207260 0.07060258
413.20660330 0.01089227 0.05802529
414.20710355 0.01089417 0.05730360
415.20760380 0.01036515 0.05438453
416.20810405 0.01047741 0.05502794
417.20860430 0.01048331 0.05643825
418.20910455 0.01036479 0.05543615
419.20960480 0.01037128 0.05412440
420.21010505 0.01045171 0.05256841
421.21060530 0.01023293 0.05308769
422.21110555 0.00981623 0.05035753
423.21160580 0.01001080 0.05175406
424.21210605 0.00991345 0.05144317
425.21260630 0.00994129 0.05057070
426.21310655 0.01021606 0.05329074
427.21360680 0.00999001 0.05278238
428.21410705 0.00965068 0.05167309
429.21460730 0.00930859 0.05104560
430.21510755 0.00889340 0.04958532
431.21560780 0.00871125 0.04862478
432.21610805 0.00860607 0.04777063
433.21660830 0.00829188 0.04657187
434.21710855 0.00809879 0.04573919
435.21760880 0.00773525 0.04468781
436.21810905 0.00732638 0.04315870
437.21860930 0.00701380 0.04207109
438.21910955 0.00701683 0.04194104
439.21960980 0.00742112 0.04253742
440.22011006 0.00729429 0.04164588
441.22061031 0.00780332 0.04343793
442.22111056 0.00776012 0.04349927
443.22161081 0.00752176 0.04323388
444.22211106 0.00775538 0.04366744
445.22261131 0.00795473 0.04449305
446.22311156 0.00768376 0.04224237
447.22361181 0.00740609 0.04063831
448.22411206 0.00727328 0.04062506
449.22461231 0.00705303 0.04045527
450.22511256 0.00676365 0.03874717
451.22561281 0.00651734 0.03788332
452.22611306 0.00699400 0.04813288
453.22661331 0.00732903 0.05269289
454.22711356 0.00734047 0.05373344
455.22761381 0.00779047 0.05805046
456.22811406 0.00775639 0.05776339
457.22861431 0.00769800 0.05626075
458.22911456 0.00779337 0.05591909
459.22961481 0.00781974 0.05723260
460.23011506 0.00769845 0.05610709
461.23061531 0.00758170 0.05423431
462.23111556 0.00743001 0.05262667
463.23161581 0.00725549 0.05185332
464.23211606 0.00700183 0.05124182
465.23261631 0.00782539 0.05628388
466.23311656 0.00776394 0.05622043
467.23361681 0.00782640 0.05645245
468.23411706 0.00789757 0.05627303
469.23461731 0.00806389 0.05648935
470.23511756 0.00811136 0.05655164
471.23561781 0.00843113 0.05695865
472.23611806 0.00822801 0.05351768
473.23661831 0.00835766 0.05312911
474.23711856 0.00850606 0.05254740
475.23761881 0.00831084 0.04995121
476.23811906 0.00753061 0.04367753
477.23861931 0.00720920 0.04071007
478.23911956 0.00688999 0.03815054
479.23961981 0.00661556 0.03677068
480.24012006 0.00545732 0.02932641
481.24062031 0.00538458 0.02803892
482.24112056 0.00554193 0.02864544
483.24162081 0.00538163 0.02895034
484.24212106 0.00524410 0.02866545
485.24262131 0.00508254 0.02771961
486.24312156 0.00478187 0.02465571
487.24362181 0.00493320 0.02596678
488.24412206 0.00506118 0.02632361
489.24462231 0.00612963 0.03836035
490.24512256 0.00617860 0.03749184
491.24562281 0.00639903 0.03969445
492.24612306 0.00601637 0.03825054
493.24662331 0.00549884 0.03689220
494.24712356 0.00552473 0.03658124
495.24762381 0.00562774 0.03720580
496.24812406 0.00570985 0.03762581
497.24862431 0.00570402 0.03714778
498.24912456 0.00557470 0.03701701
499.24962481 0.00547505 0.03667657
500.25012506 0.00541038 0.03654592
501.25062531 0.00562524 0.03805969
502.25112556 0.00606932 0.04223365
503.25162581 0.00650175 0.04802659
504.25212606 0.00651440 0.04984135
505.25262631 0.00620086 0.04850279
506.25312656 0.00604182 0.04747717
507.25362681 0.00603725 0.04734349
508.25412706 0.00607534 0.04735039
509.25462731 0.00590283 0.04525410
510.25512756 0.00557264 0.04127427
511.25562781 0.00616280 0.04336500
512.25612806 0.00693654 0.04817663
513.25662831 0.00680216 0.04784786
514.25712856 0.00687699 0.04832051
515.25762881 0.00722317 0.05054796
516.25812906 0.00733185 0.05097053
517.25862931 0.00707347 0.04952770
518.25912956 0.00673122 0.04762813
519.25962981 0.00634284 0.04549445
520.26013007 0.00616543 0.04481992
521.26063032 0.00608744 0.04487905
522.26113057 0.00596944 0.04397790
523.26163082 0.00576832 0.04273330
524.26213107 0.00528782 0.03935398
525.26263132 0.00521407 0.03860271
526.26313157 0.00506103 0.03793796
527.26363182 0.00488609 0.03652308
528.26413207 0.00494347 0.03588043
529.26463232 0.00492558 0.03580334
530.26513257 0.00503552 0.03591967
531.26563282 0.00532011 0.03617191
532.26613307 0.00518095 0.03561735
533.26663332 0.00600204 0.04156311
534.26713357 0.00583199 0.04034729
535.26763382 0.00542290 0.03686963
536.26813407 0.00529582 0.03655381
537.26863432 0.00524127 0.03672292
538.26913457 0.00614186 0.04321840
539.26963482 0.00583466 0.04248104
540.27013507 0.00575703 0.04243829
541.27063532 0.00562301 0.04194935
542.27113557 0.00568071 0.04184469
543.27163582 0.00572753 0.04184179
544.27213607 0.00557243 0.04121728
545.27263632 0.00556980 0.04039554
546.27313657 0.00564715 0.04029310
547.27363682 0.00576686 0.04025015
548.27413707 0.00572002 0.04024698
549.27463732 0.00568634 0.04034426
550.27513757 0.00549624 0.03860417
551.27563782 0.00522049 0.03601274
552.27613807 0.00517319 0.03428195
553.27663832 0.00511249 0.03340409
554.27713857 0.00517953 0.03451966
555.27763882 0.00532697 0.03559113
556.27813907 0.00667142 0.04452708
557.27863932 0.00629464 0.04062761
558.27913957 0.00716425 0.05467998
559.27963982 0.00701519 0.05386756
560.28014007 0.00695166 0.05423547
561.28064032 0.00668592 0.05215964
562.28114057 0.00632105 0.04803046
563.28164082 0.00605963 0.04201613
564.28214107 0.00553173 0.03521183
565.28264132 0.00518858 0.03108811
566.28314157 0.00494845 0.02835843
567.28364182 0.00461861 0.02673466
568.28414207 0.00453416 0.02691513
569.28464232 0.00464396 0.02813249
570.28514257 0.00651502 0.04568045
571.28564282 0.00678814 0.04996300
572.28614307 0.00580721 0.03568588
573.28664332 0.00575802 0.03254997
574.28714357 0.00538154 0.02926461
575.28764382 0.00463398 0.02141540
576.28814407 0.00456821 0.02077035
577.28864432 0.00439690 0.01994004
578.28914457 0.00442211 0.01993363
579.28964482 0.00426185 0.01964454
580.29014507 0.00498185 0.02946130
581.29064532 0.00468792 0.02777771
582.29114557 0.00465314 0.02858416
583.29164582 0.00447872 0.02773039
584.29214607 0.00440998 0.02687088
585.29264632 0.00441103 0.02636178
586.29314657 0.00440040 0.02623323
587.29364682 0.00439887 0.02663235
588.29414707 0.00428572 0.02638610
589.29464732 0.00409015 0.02511197
590.29514757 0.00393392 0.02275517
591.29564782 0.00368646 0.01966896
592.29614807 0.00342474 0.01734955
593.29664832 0.00325468 0.01641574
594.29714857 0.00320272 0.01718359
595.29764882 0.00325026 0.01859367
596.29814907 0.00429031 0.03013592
597.29864932 0.00440144 0.03138331
598.29914957 0.00432040 0.03038559
599.29964982 0.00393362 0.02707306
600.30015008 0.00386697 0.02444179
601.30065033 0.00351522 0.02105993
602.30115058 0.00338570 0.01889619
603.30165083 0.00339080 0.01815324
604.30215108 0.00332677 0.01739694
605.30265133 0.00321265 0.01664878
606.30315158 0.00309433 0.01585709
607.30365183 0.00303504 0.01568863
608.30415208 0.00324557 0.01701338
609.30465233 0.00341778 0.01814296
610.30515258 0.00305475 0.01641917
611.30565283 0.00302942 0.01600973
612.30615308 0.00304564 0.01641034
613.30665333 0.00293574 0.01579776
614.30715358 0.00282195 0.01467373
615.30765383 0.00280572 0.01422735
616.30815408 0.00331518 0.01852844
617.30865433 0.00338902 0.01939301
618.30915458 0.00345440 0.02026232
619.30965483 0.00345188 0.02061328
620.31015508 0.00331524 0.01976807
621.31065533 0.00315042 0.01859890
622.31115558 0.00304331 0.01812842
623.31165583 0.00299634 0.01809460
624.31215608 0.00305613 0.01798069
625.31265633 0.00297171 0.01680642
626.31315658 0.00269373 0.01460589
627.31365683 0.00253174 0.01306703
628.31415708 0.00250217 0.01276265
629.31465733 0.00251310 0.01258928
630.31515758 0.00258385 0.01292634
631.31565783 0.00264300 0.01334082
632.31615808 0.00258426 0.01322481
633.31665833 0.00262237 0.01308319
634.31715858 0.00266064 0.01311265
635.31765883 0.00257822 0.01293786
636.31815908 0.00245673 0.01248270
637.31865933 0.00238310 0.01215081
638.31915958 0.00236274 0.01204119
639.31965983 0.00251601 0.01288979
640.32016008 0.00252203 0.01417453
641.32066033 0.00254885 0.01612699
642.32116058 0.00269347 0.01736136
643.32166083 0.00278628 0.01747819
644.32216108 0.00442691 0.04121064
645.32266133 0.00442263 0.04161577
646.32316158 0.00471223 0.04354049
647.32366183 0.00483946 0.04503827
648.32416208 0.00481370 0.04511515
649.32466233 0.00485066 0.04433144
650.32516258 0.00460196 0.04402793
651.32566283 0.00452573 0.04403648
652.32616308 0.00580136 0.05118350
653.32666333 0.00598210 0.05161745
654.32716358 0.00616838 0.05221009
655.32766383 0.00615468 0.05151545
656.32816408 0.00609237 0.05103668
657.32866433 0.00603716 0.05164961
658.32916458 0.00611260 0.05191725
659.32966483 0.00600223 0.05151181
660.33016508 0.00578924 0.05031026
661.33066533 0.00543859 0.04869954
662.33116558 0.00616435 0.05351249
663.33166583 0.00579839 0.05227214
664.33216608 0.00564602 0.05199296
665.33266633 0.00560539 0.05118692
666.33316658 0.00549229 0.05039736
667.33366683 0.00543762 0.04960468
668.33416708 0.00638667 0.05302520
669.33466733 0.00587737 0.05185861
670.33516758 0.00587463 0.05164798
671.33566783 0.00716198 0.05862935
672.33616808 0.00699822 0.05686247
673.33666833 0.00710193 0.05778379
674.33716858 0.00722711 0.05892598
675.33766883 0.00698866 0.05787296
676.33816908 0.00761431 0.06022831
677.33866933 0.00778317 0.06199456
678.33916958 0.00748090 0.06119487
679.33966983 0.00724224 0.05974336
680.34017009 0.00737673 0.06035238
681.34067034 0.00778889 0.06302905
682.34117059 0.00928337 0.07132758
683.34167084 0.00916019 0.06971653
684.34217109 0.00922291 0.07021814
685.34267134 0.00893873 0.06778919
686.34317159 0.00899551 0.06826381
687.34367184 0.00891746 0.06727089
688.34417209 0.01012077 0.07300276
689.34467234 0.01043973 0.07548942
690.34517259 0.01094944 0.07660363
691.34567284 0.01046327 0.07372197
692.34617309 0.01049376 0.07389577
693.34667334 0.01053317 0.07428751
694.34717359 0.01041233 0.07312830
695.34767384 0.01001661 0.06935791
696.34817409 0.00990227 0.06782186
697.34867434 0.00966466 0.06515852
698.34917459 0.00927409 0.06242677
699.34967484 0.00906570 0.06178922
700.35017509 0.00877905 0.06142208
701.35067534 0.00860524 0.06114858
702.35117559 0.00822728 0.05952040
703.35167584 0.00770053 0.05785804
704.35217609 0.00771562 0.05758581
705.35267634 0.00766273 0.05708970
706.35317659 0.00732588 0.05575589
707.35367684 0.00724910 0.05510770
708.35417709 0.00708258 0.05396484
709.35467734 0.00691466 0.05270560
710.35517759 0.00761013 0.06084055
711.35567784 0.00730346 0.05834264
712.35617809 0.00710362 0.05737423
713.35667834 0.00784000 0.06023099
714.35717859 0.00762125 0.05783807
715.35767884 0.00754725 0.05883465
716.35817909 0.00909014 0.06884425
717.35867934 0.00930673 0.07042608
718.35917959 0.00950359 0.07157018
719.35967984 0.00947148 0.07207970
720.36018009 0.00928161 0.07148282
721.36068034 0.00920089 0.07092645
722.36118059 0.00900819 0.06797115
723.36168084 0.00872665 0.06314704
724.36218109 0.00961964 0.06464161
725.36268134 0.00958632 0.06407587
726.36318159 0.00943472 0.06365071
727.36368184 0.00916435 0.06096016
728.36418209 0.00921771 0.06169202
729.36468234 0.00899947 0.06012191
730.36518259 0.00918387 0.06263584
731.36568284 0.00898573 0.06189318
732.36618309 0.00872552 0.06023127
733.36668334 0.00850231 0.05864281
734.36718359 0.00835599 0.05789424
735.36768384 0.00710891 0.05013964
736.36818409 0.00643072 0.04608684
737.36868434 0.00648347 0.04575712
738.36918459 0.00662661 0.04662574
739.36968484 0.00823800 0.05843979
740.37018509 0.00832626 0.05964652
741.37068534 0.00834877 0.06077541
742.37118559 0.00827599 0.06078356
743.37168584 0.00805976 0.05966039
744.37218609 0.00816217 0.06121975
745.37268634 0.00797088 0.06043686
746.37318659 0.00763129 0.05900021
747.37368684 0.00735734 0.05748687
748.37418709 0.00750370 0.05897511
749.37468734 0.00697565 0.05595856
750.37518759 0.00696873 0.05440532
751.37568784 0.00716782 0.05501801
752.37618809 0.00733763 0.05696305
753.37668834 0.00718117 0.05631362
754.37718859 0.00724918 0.05673161
755.37768884 0.00752531 0.06080027
756.37818909 0.00775339 0.06010440
757.37868934 0.00741811 0.05693290
758.37918959 0.00647675 0.04986940
759.37968984 0.00610245 0.04614419
760.38019010 0.00637814 0.05054176
761.38069035 0.00592880 0.04683613
762.38119060 0.00600351 0.04761449
763.38169085 0.00596058 0.04676484
764.38219110 0.00592697 0.04628557
765.38269135 0.00596085 0.04760573
766.38319160 0.00682647 0.05147576
767.38369185 0.00708681 0.05469984
768.38419210 0.00710075 0.05631301
769.38469235 0.00694543 0.05581176
770.38519260 0.00675152 0.05437685
771.38569285 0.00657295 0.05217284
772.38619310 0.00628966 0.04973190
773.38669335 0.00598388 0.04801251
774.38719360 0.00587196 0.04668049
775.38769385 0.00562678 0.04419415
776.38819410 0.00524061 0.04292002
777.38869435 0.00523174 0.04309359
778.38919460 0.00531163 0.04344039
779.38969485 0.00618530 0.05485572
780.39019510 0.00628652 0.05614770
781.39069535 0.00608366 0.05462632
782.39119560 0.00598017 0.05389037
783.39169585 0.00603407 0.05564316
784.39219610 0.00576903 0.05295440
785.39269635 0.00541595 0.04806806
786.39319660 0.00551463 0.04722354
787.39369685 0.00593878 0.04994211
788.39419710 0.00749134 0.06118285
789.39469735 0.00770743 0.06393722
790.39519760 0.00770189 0.06430959
791.39569785 0.00750609 0.06265069
792.39619810 0.00724306 0.06081827
793.39669835 0.00638295 0.05652922
794.39719860 0.00624597 0.05589814
795.39769885 0.00588137 0.05423507
796.39819910 0.00543460 0.05174563
797.39869935 0.00521020 0.04993814
798.39919960 0.00512753 0.04926289
799.39969985 0.00625924 0.05606894
800.40020010 0.00663058 0.05760145
801.40070035 0.00684314 0.05811712
802.40120060 0.00865240 0.06745873
803.40170085 0.00900721 0.06948574
804.40220110 0.00894998 0.06873318
805.40270135 0.00894541 0.06923399
806.40320160 0.00817702 0.06458488
807.40370185 0.00842644 0.06567267
808.40420210 0.00815762 0.06409698
809.40470235 0.00808798 0.06408078
810.40520260 0.00794957 0.06474499
811.40570285 0.00761659 0.06331627
812.40620310 0.00722223 0.06143360
813.40670335 0.00741085 0.06140278
814.40720360 0.00741191 0.06159430
815.40770385 0.00744550 0.06137989
816.40820410 0.00753562 0.06071825
817.40870435 0.00724355 0.05908034
818.40920460 0.00774316 0.06070681
819.40970485 0.00807679 0.06210701
820.41020510 0.00937045 0.06747756
821.41070535 0.01005258 0.06851316
822.41120560 0.01009487 0.06850925
823.41170585 0.00921580 0.06546697
824.41220610 0.00892879 0.06445173
825.41270635 0.00862888 0.06323536
826.41320660 0.00818113 0.06137951
827.41370685 0.00788166 0.06076021
828.41420710 0.00759183 0.06003521
829.41470735 0.00726840 0.06021011
830.41520760 0.00715454 0.05997783
831.41570785 0.00722758 0.05915411
832.41620810 0.00878999 0.06592043
833.41670835 0.00916628 0.06772136
834.41720860 0.00908446 0.06685461
835.41770885 0.00867205 0.06270794
836.41820910 0.00855551 0.06107611
837.41870935 0.00850437 0.06148657
838.41920960 0.00837951 0.06043836
839.41970985 0.00790946 0.05766105
840.42021011 0.00751320 0.05715986
841.42071036 0.00702928 0.05665312
842.42121061 0.00679923 0.05583448
843.42171086 0.00661596 0.05548286
844.42221111 0.00698186 0.05569105
845.42271136 0.00857309 0.06379019
846.42321161 0.00865687 0.06447766
847.42371186 0.00866672 0.06317521
848.42421211 0.00872245 0.06326031
849.42471236 0.00855835 0.06338535
850.42521261 0.00839926 0.06294152
851.42571286 0.00840038 0.06317440
852.42621311 0.00840155 0.06290735
853.42671336 0.00821965 0.06231544
854.42721361 0.00812332 0.06341936
855.42771386 0.00915486 0.06797505
856.42821411 0.00900584 0.06694507
857.42871436 0.00912034 0.06859609
858.42921461 0.00886987 0.06716509
859.42971486 0.00889793 0.06716134
860.43021511 0.00893288 0.06712856
861.43071536 0.00866864 0.06474103
862.43121561 0.00842857 0.06297597
863.43171586 0.00829823 0.06266102
864.43221611 0.00821303 0.06238219
865.43271636 0.00792054 0.05988704
866.43321661 0.00926410 0.06590569
867.43371686 0.00937671 0.06603518
868.43421711 0.00938113 0.06634193
869.43471736 0.00923888 0.06594558
870.43521761 0.00923244 0.06534933
871.43571786 0.00956021 0.06679665
872.43621811 0.00965871 0.06692508
873.43671836 0.00974333 0.06942157
874.43721861 0.01114717 0.07679109
875.43771886 0.01095997 0.07978423
876.43821911 0.01103469 0.08149767
877.43871936 0.01050628 0.08046551
878.43921961 0.01045004 0.07895987
879.43971986 0.01058426 0.07912100
880.44022011 0.00998165 0.07624871
881.44072036 0.00974901 0.07490010
882.44122061 0.00943262 0.07131713
883.44172086 0.00845134 0.06568614
884.44222111 0.00955573 0.07032424
885.44272136 0.01056678 0.07410248
886.44322161 0.01033419 0.07401888
887.44372186 0.01057808 0.07624350
888.44422211 0.00946664 0.07221459
889.44472236 0.00935516 0.07131162
890.44522261 0.00916866 0.06973391
891.44572286 0.00946283 0.07047069
892.44622311 0.00967140 0.07031188
893.44672336 0.00967654 0.06950460
894.44722361 0.00968322 0.06892386
895.44772386 0.00921889 0.06761644
896.44822411 0.00917190 0.06717205
897.44872436 0.00905670 0.06602432
898.44922461 0.00894907 0.06549284
899.44972486 0.00906272 0.06581737
900.45022511 0.00905761 0.06592595
901.45072536 0.00891990 0.06590232
902.45122561 0.00876579 0.06580440
903.45172586 0.00863619 0.06544358
904.45222611 0.00862150 0.06487300
905.45272636 0.00874392 0.06451827
906.45322661 0.00872344 0.06432777
907.45372686 0.00860011 0.06404265
908.45422711 0.00851881 0.06422861
909.45472736 0.00840867 0.06403593
910.45522761 0.00830289 0.06348617
911.45572786 0.00820828 0.06299885
912.45622811 0.00799808 0.06228266
913.45672836 0.00761518 0.06081765
914.45722861 0.00745010 0.06060648
915.45772886 0.00717907 0.05977961
916.45822911 0.00730367 0.05986840
917.45872936 0.00718456 0.05966142
918.45922961 0.00713676 0.05950793
919.45972986 0.00731526 0.05948111
920.46023012 0.00865692 0.06627775
921.46073037 0.00856815 0.06606546
922.46123062 0.00899751 0.06688475
923.46173087 0.00905468 0.06776731
924.46223112 0.00900860 0.06776466
925.46273137 0.00933782 0.06821183
926.46323162 0.00937193 0.06858122
927.46373187 0.00916504 0.06816344
928.46423212 0.00991389 0.07149883
929.46473237 0.01021372 0.07238933
930.46523262 0.01025332 0.07332726
931.46573287 0.01038183 0.07423720
932.46623312 0.01024541 0.07376153
933.46673337 0.01083069 0.07463846
934.46723362 0.01072653 0.07360023
935.46773387 0.01054577 0.07116269
936.46823412 0.01114058 0.07639991
937.46873437 0.01104329 0.07696220
938.46923462 0.01041539 0.07407740
939.46973487 0.00929283 0.06744935
940.47023512 0.01029627 0.07211695
941.47073537 0.01038552 0.07153851
942.47123562 0.01018206 0.07056100
943.47173587 0.00970052 0.06811357
944.47223612 0.00926666 0.06569906
945.47273637 0.00999841 0.07004749
946.47323662 0.00991538 0.07046341
947.47373687 0.00987862 0.06927763
948.47423712 0.00972855 0.06886126
949.47473737 0.01007998 0.07012988
950.47523762 0.01020561 0.07062463
951.47573787 0.01001202 0.06888298
952.47623812 0.01012425 0.06989448
953.47673837 0.00936736 0.06790026
954.47723862 0.00948035 0.06716250
955.47773887 0.00885630 0.06109402
956.47823912 0.00958750 0.06359311
957.47873937 0.00945432 0.06426002
958.47923962 0.00955951 0.06579553
959.47973987 0.00957278 0.06687797
960.48024012 0.00937738 0.06636180
961.48074037 0.00924776 0.06533983
962.48124062 0.00910624 0.06442674
963.48174087 0.00896511 0.06392061
964.48224112 0.00869550 0.06324552
965.48274137 0.00834326 0.06189848
966.48324162 0.00902277 0.06503475
967.48374187 0.00879532 0.06313359
968.48424212 0.00857898 0.06203092
969.48474237 0.00957174 0.06580728
970.48524262 0.00940772 0.06548434
971.48574287 0.00935216 0.06571021
972.48624312 0.00925953 0.06585306
973.48674337 0.00899954 0.06505694
974.48724362 0.00878392 0.06465156
975.48774387 0.00872705 0.06442647
976.48824412 0.00869322 0.06439015
977.48874437 0.00863386 0.06424051
978.48924462 0.00881701 0.06453849
979.48974487 0.00840265 0.06372159
980.49024512 0.00842846 0.06323587
981.49074537 0.00857380 0.06365739
982.49124562 0.00865147 0.06389532
983.49174587 0.00865575 0.06401962
984.49224612 0.00848169 0.06367518
985.49274637 0.00828995 0.06289015
986.49324662 0.00822586 0.06270963
987.49374687 0.00784511 0.06021721
988.49424712 0.00883683 0.06478541
989.49474737 0.00866359 0.06466597
990.49524762 0.00827120 0.06251619
991.49574787 0.00775750 0.05867999
992.49624812 0.00821064 0.05779652
993.49674837 0.00773144 0.05373128
994.49724862 0.00733631 0.05050896
995.49774887 0.00692037 0.04721486
996.49824912 0.00594799 0.04121078
997.49874937 0.00586662 0.04070937
998.49924962 0.00579129 0.04064211
999.49974987 0.00579974 0.04032813
1000.50025013 0.00579106 0.03939424
1001.50075038 0.00562980 0.03787659
1002.50125063 0.00540508 0.03673832
1003.50175088 0.00535816 0.03626958
1004.50225113 0.00538381 0.03630229
1005.50275138 0.00554315 0.03679553
1006.50325163 0.00527654 0.03623854
1007.50375188 0.00515080 0.03550226
1008.50425213 0.00493206 0.03437315
1009.50475238 0.00479351 0.03354250
1010.50525263 0.00473410 0.03318455
1011.50575288 0.00483313 0.03337864
1012.50625313 0.00477103 0.03328941
1013.50675338 0.00480591 0.03331900
1014.50725363 0.00480156 0.03297714
1015.50775388 0.00485099 0.03403193
1016.50825413 0.00616452 0.04535076
1017.50875438 0.00620088 0.04519353
1018.50925463 0.00638144 0.04800077
1019.50975488 0.00673251 0.05172941
1020.51025513 0.00682532 0.05360586
1021.51075538 0.00701656 0.05584158
1022.51125563 0.00691504 0.05586357
1023.51175588 0.00662592 0.05426584
1024.51225613 0.00607406 0.05025068
1025.51275638 0.00556053 0.04550896
1026.51325663 0.00545690 0.04388008
1027.51375688 0.00644865 0.05075860
1028.51425713 0.00785893 0.06027745
1029.51475738 0.00763882 0.05793687
1030.51525763 0.00769116 0.05844477
1031.51575788 0.00755567 0.05715400
1032.51625813 0.00752915 0.05521492
1033.51675838 0.00756868 0.05490141
1034.51725863 0.00772473 0.05498177
1035.51775888 0.00784247 0.05544911
1036.51825913 0.00774795 0.05515925
1037.51875938 0.00758110 0.05440397
1038.51925963 0.00746646 0.05474268
1039.51975988 0.00740202 0.05398039
1040.52026013 0.00737647 0.05340016
1041.52076038 0.00744668 0.05386818
1042.52126063 0.00731701 0.05271589
1043.52176088 0.00705409 0.05136315
1044.52226113 0.00684433 0.05077650
1045.52276138 0.00682485 0.05054326
1046.52326163 0.00677562 0.05043125
1047.52376188 0.00675191 0.05005815
1048.52426213 0.00667401 0.04965795
1049.52476238 0.00774730 0.05563714
1050.52526263 0.00776666 0.05652346
1051.52576288 0.00769141 0.05627862
1052.52626313 0.00856774 0.05979883
1053.52676338 0.00851953 0.05909694
1054.52726363 0.00783354 0.05502817
1055.52776388 0.00779998 0.05503047
1056.52826413 0.00912664 0.06273769
1057.52876438 0.00907569 0.06268709
1058.52926463 0.00890186 0.06211646
1059.52976488 0.00860012 0.06020289
1060.53026513 0.00830569 0.05861812
1061.53076538 0.00821402 0.05828683
1062.53126563 0.00812492 0.05809355
1063.53176588 0.00821725 0.05834270
1064.53226613 0.00837770 0.05847046
1065.53276638 0.00818392 0.05673682
1066.53326663 0.00785756 0.05472498
1067.53376688 0.00785423 0.05392914
1068.53426713 0.00788912 0.05374755
1069.53476738 0.00772562 0.05382458
1070.53526763 0.00755261 0.05400075
1071.53576788 0.00741350 0.05350920
1072.53626813 0.00725560 0.05225590
1073.53676838 0.00695917 0.05019285
1074.53726863 0.00668506 0.04840084
1075.53776888 0.00650660 0.04764962
1076.53826913 0.00634807 0.04690148
1077.53876938 0.00775311 0.05657179
1078.53926963 0.00788979 0.05816049
1079.53976988 0.00923485 0.06463754
1080.54027014 0.00919379 0.06362238
1081.54077039 0.00939858 0.06438726
1082.54127064 0.00943949 0.06465165
1083.54177089 0.00936131 0.06454801
1084.54227114 0.00921968 0.06342605
1085.54277139 0.00908313 0.06231481
1086.54327164 0.00936007 0.06248134
1087.54377189 0.00911931 0.06062791
1088.54427214 0.00874548 0.05923824
1089.54477239 0.00853460 0.05861890
1090.54527264 0.00944048 0.06291223
1091.54577289 0.00944870 0.06329607
1092.54627314 0.00799747 0.05476728
1093.54677339 0.00942220 0.06349700
1094.54727364 0.00960650 0.06375077
1095.54777389 0.00883665 0.05911706
1096.54827414 0.00834636 0.05666440
1097.54877439 0.00802625 0.05446577
1098.54927464 0.00789161 0.05282649
1099.54977489 0.00764750 0.05131406
1100.55027514 0.00700203 0.04812984
1101.55077539 0.00799123 0.05238012
1102.55127564 0.00795947 0.05218129
1103.55177589 0.00951109 0.06140437
1104.55227614 0.00953926 0.06188691
1105.55277639 0.00995268 0.06585599
1106.55327664 0.01023745 0.06549747
1107.55377689 0.01008882 0.06447619
1108.55427714 0.00994374 0.06481757
1109.55477739 0.01001416 0.06601747
1110.55527764 0.00972510 0.06483474
1111.55577789 0.00926545 0.06261506
1112.55627814 0.01041585 0.06817607
1113.55677839 0.01014031 0.06737722
1114.55727864 0.01129498 0.07346652
1115.55777889 0.01168190 0.07310921
1116.55827914 0.01166516 0.07333465
1117.55877939 0.01208520 0.07537500
1118.55927964 0.01217313 0.07528597
1119.55977989 0.01230301 0.07553465
1120.56028014 0.01254260 0.07643250
1121.56078039 0.01281729 0.07797200
1122.56128064 0.01195889 0.07325624
1123.56178089 0.01155337 0.07086978
1124.56228114 0.01147287 0.07008603
1125.56278139 0.01093959 0.06736641
1126.56328164 0.01030120 0.06443887
1127.56378189 0.00974456 0.06211937
1128.56428214 0.00993143 0.06811084
1129.56478239 0.01032735 0.06892100
1130.56528264 0.00988257 0.06911517
1131.56578289 0.00950878 0.06537721
1132.56628314 0.00952231 0.06517301
1133.56678339 0.00955310 0.06580260
1134.56728364 0.00978161 0.06603954
1135.56778389 0.00985647 0.06535998
1136.56828414 0.00955769 0.06378911
1137.56878439 0.00945670 0.06264234
1138.56928464 0.00923569 0.06141789
1139.56978489 0.00911066 0.06100860
1140.57028514 0.00907057 0.06084876
1141.57078539 0.00900971 0.05984517
1142.57128564 0.00899626 0.05925141
1143.57178589 0.00831148 0.05372789
1144.57228614 0.00820756 0.05406087
1145.57278639 0.00805981 0.05412784
1146.57328664 0.00788479 0.05334295
1147.57378689 0.00763118 0.05220493
1148.57428714 0.00743122 0.05106380
1149.57478739 0.00733714 0.05059927
1150.57528764 0.00720113 0.05001735
1151.57578789 0.00700678 0.04913519
1152.57628814 0.00679563 0.04850758
1153.57678839 0.00661875 0.04816678
1154.57728864 0.00655437 0.04817885
1155.57778889 0.00649765 0.04799300
1156.57828914 0.00782420 0.05666311
1157.57878939 0.00788475 0.05813687
1158.57928964 0.00787307 0.05953982
1159.57978989 0.00757740 0.05877920
1160.58029015 0.00753113 0.05846749
1161.58079040 0.00781778 0.06062826
1162.58129065 0.00770427 0.05996667
1163.58179090 0.00753360 0.05804232
1164.58229115 0.00843406 0.06124167
1165.58279140 0.00977715 0.06821012
1166.58329165 0.01005951 0.07006818
1167.58379190 0.00971290 0.06795350
1168.58429215 0.00961876 0.06827426
1169.58479240 0.00939753 0.06671621
1170.58529265 0.00918141 0.06483883
1171.58579290 0.00910240 0.06369407
1172.58629315 0.00893168 0.06295501
1173.58679340 0.00748933 0.05637842
1174.58729365 0.00733503 0.05533827
1175.58779390 0.00717555 0.05445054
1176.58829415 0.00696153 0.05331346
1177.58879440 0.00685166 0.05217838
1178.58929465 0.00675650 0.05046808
1179.58979490 0.00676772 0.04951368
1180.59029515 0.00810634 0.05733240
1181.59079540 0.00802321 0.05657523
1182.59129565 0.00865153 0.05720673
1183.59179590 0.00882611 0.05728982
1184.59229615 0.00885375 0.05820845
1185.59279640 0.00897207 0.06051665
1186.59329665 0.00864483 0.05913096
1187.59379690 0.00822109 0.05753357
1188.59429715 0.00797238 0.05741923
1189.59479740 0.00798855 0.05859673
1190.59529765 0.00882793 0.06186306
1191.59579790 0.00856962 0.06109223
1192.59629815 0.00739571 0.05448686
1193.59679840 0.00712173 0.05071094
1194.59729865 0.00695801 0.04916328
1195.59779890 0.00696523 0.04998613
1196.59829915 0.00681015 0.04935450
1197.59879940 0.00645265 0.04703490
1198.59929965 0.00634908 0.04676831
1199.59979990 0.00732567 0.05290504
1200.60030015 0.00724587 0.05202582
1201.60080040 0.00711873 0.05182885
1202.60130065 0.00699250 0.05192193
1203.60180090 0.00696738 0.05215663
1204.60230115 0.00685248 0.05146396
1205.60280140 0.00660714 0.04989616
1206.60330165 0.00636760 0.04841645
1207.60380190 0.00767052 0.05717411
1208.60430215 0.00769519 0.05804039
1209.60480240 0.00772792 0.05942387
1210.60530265 0.00779785 0.05979605
1211.60580290 0.00808906 0.06024477
1212.60630315 0.00778974 0.05933704
1213.60680340 0.00793592 0.05940317
1214.60730365 0.00791642 0.05868929
1215.60780390 0.00788005 0.05783352
1216.60830415 0.00771456 0.05662318
1217.60880440 0.00870116 0.06080004
1218.60930465 0.00966266 0.06439057
1219.60980490 0.00955934 0.06435695
1220.61030515 0.00929221 0.06219557
1221.61080540 0.00945176 0.06492711
1222.61130565 0.00928059 0.06566571
1223.61180590 0.00884545 0.06362006
1224.61230615 0.00850583 0.06122747
1225.61280640 0.00819697 0.05983465
1226.61330665 0.00812369 0.05948116
1227.61380690 0.00775682 0.05738915
1228.61430715 0.00871053 0.06136621
1229.61480740 0.00768955 0.05437140
1230.61530765 0.00727182 0.05028827
1231.61580790 0.00778932 0.05025495
1232.61630815 0.00801206 0.05043856
1233.61680840 0.00832685 0.05178429
1234.61730865 0.00862860 0.05445726
1235.61780890 0.00813634 0.05261196
1236.61830915 0.00793800 0.05155551
1237.61880940 0.00758931 0.05026412
1238.61930965 0.00745983 0.05001257
1239.61980990 0.00750352 0.04951022
1240.62031016 0.00885741 0.05844661
1241.62081041 0.00877022 0.05807755
1242.62131066 0.00849011 0.05654393
1243.62181091 0.00848103 0.05547948
1244.62231116 0.00846516 0.05403225
1245.62281141 0.00828457 0.05314707
1246.62331166 0.00665886 0.04255820
1247.62381191 0.00685906 0.04321666
1248.62431216 0.00690311 0.04343350
1249.62481241 0.00667157 0.04264743
1250.62531266 0.00642819 0.04159550
1251.62581291 0.00614769 0.04023687
1252.62631316 0.00605920 0.03974207
1253.62681341 0.00574734 0.03940634
1254.62731366 0.00590719 0.04058866
1255.62781391 0.00567122 0.03981641
1256.62831416 0.00562373 0.03972192
1257.62881441 0.00557813 0.03947256
1258.62931466 0.00557654 0.03949726
1259.62981491 0.00688451 0.04954370
1260.63031516 0.00720410 0.05446412
1261.63081541 0.00770358 0.05581393
1262.63131566 0.00799924 0.05662305
1263.63181591 0.00771574 0.05465177
1264.63231616 0.00739534 0.05212241
1265.63281641 0.00819279 0.05577117
1266.63331666 0.00790906 0.05357077
1267.63381691 0.00688244 0.04818752
1268.63431716 0.00721820 0.04988554
1269.63481741 0.00742555 0.05170018
1270.63531766 0.00735666 0.05276724
1271.63581791 0.00629479 0.04339480
1272.63631816 0.00640422 0.04421236
1273.63681841 0.00788302 0.05434251
1274.63731866 0.00777920 0.05404921
1275.63781891 0.00785316 0.05411591
1276.63831916 0.00769345 0.05350360
1277.63881941 0.00742170 0.05227101
1278.63931966 0.00727511 0.05120820
1279.63981991 0.00715970 0.05128770
1280.64032016 0.00704479 0.05075494
1281.64082041 0.00706714 0.05042073
1282.64132066 0.00667024 0.04707161
1283.64182091 0.00618196 0.04310640
1284.64232116 0.00576630 0.03940623
1285.64282141 0.00495152 0.03336318
1286.64332166 0.00486120 0.03264480
1287.64382191 0.00472469 0.03208991
1288.64432216 0.00455480 0.03106468
1289.64482241 0.00439599 0.02998580
1290.64532266 0.00417679 0.02873519
1291.64582291 0.00403480 0.02773159
1292.64632316 0.00380924 0.02662006
1293.64682341 0.00365933 0.02568472
1294.64732366 0.00361646 0.02467833
1295.64782391 0.00350678 0.02403295
1296.64832416 0.00349373 0.02425985
1297.64882441 0.00280369 0.01749518
1298.64932466 0.00279180 0.01747625
1299.64982491 0.00275012 0.01727639
1300.65032516 0.00269039 0.01702733
1301.65082541 0.00261982 0.01671717
1302.65132566 0.00301059 0.01968827
1303.65182591 0.00397583 0.03152949
1304.65232616 0.00402169 0.03301941
1305.65282641 0.00383006 0.03240865
1306.65332666 0.00522794 0.04668766
1307.65382691 0.00531090 0.04589629
1308.65432716 0.00543331 0.04474413
1309.65482741 0.00706548 0.05577004
1310.65532766 0.00622345 0.04969384
1311.65582791 0.00534832 0.04378433
1312.65632816 0.00539619 0.04291906
1313.65682841 0.00537844 0.04126743
1314.65732866 0.00664612 0.04946439
1315.65782891 0.00656698 0.04946557
1316.65832916 0.00603074 0.04718182
1317.65882941 0.00574507 0.04481071
1318.65932966 0.00540217 0.04282363
1319.65982991 0.00520137 0.04204397
1320.66033017 0.00518269 0.04198563
1321.66083042 0.00512678 0.04191563
1322.66133067 0.00504724 0.04093633
1323.66183092 0.00481270 0.03830160
1324.66233117 0.00451876 0.03577252
1325.66283142 0.00444193 0.03497544
1326.66333167 0.00448626 0.03518119
1327.66383192 0.00447053 0.03569268
1328.66433217 0.00441125 0.03551297
1329.66483242 0.00423261 0.03427449
1330.66533267 0.00406015 0.03290586
1331.66583292 0.00390580 0.03146721
1332.66633317 0.00372836 0.03050932
1333.66683342 0.00357003 0.03030311
1334.66733367 0.00368823 0.02979381
1335.66783392 0.00374389 0.02888188
1336.66833417 0.00374728 0.02839851
1337.66883442 0.00371139 0.02796112
1338.66933467 0.00373978 0.02741843
1339.66983492 0.00371741 0.02695365
1340.67033517 0.00367908 0.02663312
1341.67083542 0.00372849 0.02650712
1342.67133567 0.00363092 0.02602928
1343.67183592 0.00350642 0.02504364
1344.67233617 0.00319350 0.02304050
1345.67283642 0.00292111 0.02169422
1346.67333667 0.00276753 0.02097274
1347.67383692 0.00240077 0.01836220
1348.67433717 0.00237478 0.01832808
1349.67483742 0.00234705 0.01809905
1350.67533767 0.00234937 0.01740050
1351.67583792 0.00243415 0.01711596
1352.67633817 0.00235828 0.01679443
1353.67683842 0.00350997 0.03164966
1354.67733867 0.00347494 0.03196177
1355.67783892 0.00346229 0.03055169
1356.67833917 0.00367273 0.03423755
1357.67883942 0.00377638 0.03725856
1358.67933967 0.00379305 0.03972185
1359.67983992 0.00383144 0.04081982
1360.68034017 0.00389180 0.04136608
1361.68084042 0.00398647 0.04180432
1362.68134067 0.00387471 0.03957841
1363.68184092 0.00362197 0.03513784
1364.68234117 0.00604391 0.05196873
1365.68284142 0.00569033 0.04435884
1366.68334167 0.00697940 0.05350588
1367.68384192 0.00703490 0.05397503
1368.68434217 0.00709391 0.05639241
1369.68484242 0.00838595 0.06417841
1370.68534267 0.00857396 0.06607670
1371.68584292 0.00801756 0.05985589
1372.68634317 0.00800104 0.05997875
1373.68684342 0.00697635 0.05455512
1374.68734367 0.00679152 0.05110435
1375.68784392 0.00690308 0.05153617
1376.68834417 0.00677619 0.05123773
1377.68884442 0.00672895 0.05115346
1378.68934467 0.00663722 0.05101531
1379.68984492 0.00646752 0.04977815
1380.69034517 0.00628051 0.04941427
1381.69084542 0.00615258 0.04845997
1382.69134567 0.00752165 0.05766942
1383.69184592 0.00731093 0.05709156
1384.69234617 0.00729257 0.05739748
1385.69284642 0.00728315 0.05640319
1386.69334667 0.00740982 0.05673884
1387.69384692 0.00786400 0.06143093
1388.69434717 0.00823878 0.06659652
1389.69484742 0.00827765 0.06766527
1390.69534767 0.00806753 0.06562919
1391.69584792 0.00797144 0.06483954
1392.69634817 0.00802400 0.06627578
1393.69684842 0.00740043 0.05940880
1394.69734867 0.00717633 0.05853618
1395.69784892 0.00807962 0.06293589
1396.69834917 0.00813622 0.06428227
1397.69884942 0.00762911 0.05977372
1398.69934967 0.00760197 0.06009956
1399.69984992 0.00749368 0.05893524
1400.70035018 0.00723804 0.05693981
1401.70085043 0.00694099 0.05421852
1402.70135068 0.00683131 0.05427092
1403.70185093 0.00673199 0.05439562
1404.70235118 0.00650568 0.05330788
1405.70285143 0.00626169 0.05258695
1406.70335168 0.00690491 0.05434078
1407.70385193 0.00728337 0.05504277
1408.70435218 0.00729839 0.05542223
1409.70485243 0.00725547 0.05473609
1410.70535268 0.00739419 0.05489291
1411.70585293 0.00783300 0.06075159
1412.70635318 0.00768955 0.06132950
1413.70685343 0.00740941 0.05780253
1414.70735368 0.00788525 0.05870762
1415.70785393 0.00825557 0.06435976
1416.70835418 0.01062129 0.07539087
1417.70885443 0.01067933 0.07536042
1418.70935468 0.01222124 0.07977054
1419.70985493 0.01208469 0.07826608
1420.71035518 0.01186640 0.07599000
1421.71085543 0.01038433 0.06565172
1422.71135568 0.00994093 0.06382542
1423.71185593 0.00880556 0.05963155
1424.71235618 0.00898833 0.05944045
1425.71285643 0.00885433 0.05798391
1426.71335668 0.00794461 0.04869188
1427.71385693 0.00790210 0.04831341
1428.71435718 0.00963813 0.05715900
1429.71485743 0.00958276 0.05818168
1430.71535768 0.00972118 0.06038835
1431.71585793 0.00983516 0.06216753
1432.71635818 0.00973059 0.06180281
1433.71685843 0.00954356 0.06207658
1434.71735868 0.00950802 0.06273143
1435.71785893 0.01129786 0.07142557
1436.71835918 0.01030894 0.06542976
1437.71885943 0.01006261 0.06177273
1438.71935968 0.01029976 0.06129928
1439.71985993 0.01086591 0.06451966
1440.72036018 0.01081518 0.06465440
1441.72086043 0.01044146 0.06491265
1442.72136068 0.01037595 0.06479195
1443.72186093 0.00990881 0.06290297
1444.72236118 0.00954525 0.06067585
1445.72286143 0.00916158 0.05788159
1446.72336168 0.00898927 0.05664386
1447.72386193 0.00867809 0.05599984
1448.72436218 0.00826613 0.05420612
1449.72486243 0.00781785 0.05172736
1450.72536268 0.00769769 0.05024172
1451.72586293 0.00772528 0.04968017
1452.72636318 0.00785307 0.05054721
1453.72686343 0.00795545 0.05172622
1454.72736368 0.00773047 0.05221136
1455.72786393 0.00749020 0.05354400
1456.72836418 0.00698765 0.04658364
1457.72886443 0.00673779 0.04524983
1458.72936468 0.00679393 0.04710644
1459.72986493 0.00594315 0.04328337
1460.73036518 0.00583498 0.04117677
1461.73086543 0.00473945 0.02577305
1462.73136568 0.00460921 0.02564267
1463.73186593 0.00461028 0.02642894
1464.73236618 0.00575367 0.03687681
1465.73286643 0.00578761 0.03839294
1466.73336668 0.00571163 0.03844849
1467.73386693 0.00555887 0.03709996
1468.73436718 0.00551266 0.03705972
1469.73486743 0.00552617 0.03642373
1470.73536768 0.00548317 0.03540408
1471.73586793 0.00548821 0.03481014
1472.73636818 0.00554177 0.03568491
1473.73686843 0.00560609 0.03636245
1474.73736868 0.00565478 0.03632827
1475.73786893 0.00671966 0.04485210
1476.73836918 0.00640070 0.04313519
1477.73886943 0.00603854 0.03989803
1478.73936968 0.00556748 0.03377428
1479.73986993 0.00517753 0.02961330
1480.74037019 0.00478574 0.02660131
1481.74087044 0.00603344 0.04204797
1482.74137069 0.00592156 0.04204353
1483.74187094 0.00600772 0.04521158
1484.74237119 0.00757414 0.05846675
1485.74287144 0.00921984 0.06936106
1486.74337169 0.00903026 0.07092987
1487.74387194 0.00898692 0.07122848
1488.74437219 0.00764241 0.06212498
1489.74487244 0.00635676 0.04836704
1490.74537269 0.00615872 0.04281270
1491.74587294 0.00613700 0.04018503
1492.74637319 0.00633948 0.04071908
1493.74687344 0.00639671 0.04323271
1494.74737369 0.00661761 0.04594888
1495.74787394 0.00645789 0.04488586
1496.74837419 0.00621996 0.04285213
1497.74887444 0.00594905 0.04006629
1498.74937469 0.00586213 0.04047470
1499.74987494 0.00677784 0.04630542
1500.75037519 0.00710330 0.04836251
1501.75087544 0.00836187 0.05721103
1502.75137569 0.00796204 0.05519002
1503.75187594 0.00774226 0.05514053
1504.75237619 0.00773652 0.05489757
1505.75287644 0.00793459 0.05540601
1506.75337669 0.00796349 0.05556420
1507.75387694 0.00790315 0.05520234
1508.75437719 0.00777201 0.05445750
1509.75487744 0.00764447 0.05309000
1510.75537769 0.00759204 0.05166729
1511.75587794 0.00753069 0.05000192
1512.75637819 0.00746022 0.04935859
1513.75687844 0.00755823 0.04956574
1514.75737869 0.00733319 0.04914163
1515.75787894 0.00731572 0.04947836
1516.75837919 0.00739190 0.04963257
1517.75887944 0.00723268 0.04888019
1518.75937969 0.00687304 0.04735859
1519.75987994 0.00665620 0.04626708
1520.76038019 0.00635836 0.04577676
1521.76088044 0.00610662 0.04510850
1522.76138069 0.00746197 0.05491776
1523.76188094 0.00733252 0.05432967
1524.76238119 0.00784165 0.05859549
1525.76288144 0.00777866 0.05836205
1526.76338169 0.00808644 0.05951910
1527.76388194 0.00799324 0.05817105
1528.76438219 0.00771004 0.05590834
1529.76488244 0.00908206 0.05968131
1530.76538269 0.00923707 0.06020740
1531.76588294 0.00900211 0.05874392
1532.76638319 0.00890641 0.05757078
1533.76688344 0.00875508 0.05688390
1534.76738369 0.00871232 0.05648388
1535.76788394 0.00841146 0.05408374
1536.76838419 0.00789361 0.05189210
1537.76888444 0.00743329 0.04839705
1538.76938469 0.00736575 0.04866248
1539.76988494 0.00720804 0.04831292
1540.77038519 0.00702956 0.04801692
1541.77088544 0.00704968 0.04761821
1542.77138569 0.00698779 0.04706722
1543.77188594 0.00700347 0.04708405
1544.77238619 0.00710853 0.04628488
1545.77288644 0.00740122 0.04834866
1546.77338669 0.00742082 0.04848528
1547.77388694 0.00723625 0.04565120
1548.77438719 0.00737222 0.04480539
1549.77488744 0.00733245 0.04599512
1550.77538769 0.00704208 0.04511774
1551.77588794 0.00672028 0.04299319
1552.77638819 0.00645576 0.04203374
1553.77688844 0.00644062 0.04267037
1554.77738869 0.00615055 0.04165109
1555.77788894 0.00597349 0.04126217
1556.77838919 0.00584596 0.04089887
1557.77888944 0.00546249 0.03871636
1558.77938969 0.00531812 0.03809143
1559.77988994 0.00523745 0.03742686
1560.78039020 0.00601250 0.04325470
1561.78089045 0.00588094 0.04191912
1562.78139070 0.00669916 0.04944464
1563.78189095 0.00779402 0.05587386
1564.78239120 0.00782503 0.05677180
1565.78289145 0.00783826 0.05776738
1566.78339170 0.00742407 0.05542068
1567.78389195 0.00658920 0.04991958
1568.78439220 0.00662416 0.05014881
1569.78489245 0.00648970 0.04916138
1570.78539270 0.00655041 0.04936220
1571.78589295 0.00657380 0.04876445
1572.78639320 0.00653003 0.04834730
1573.78689345 0.00711581 0.05774226
1574.78739370 0.00837503 0.06452716
1575.78789395 0.00836438 0.06633229
1576.78839420 0.00867307 0.07175992
1577.78889445 0.00877541 0.07440035
1578.78939470 0.00878583 0.07510058
1579.78989495 0.00658832 0.05402017
1580.79039520 0.00650216 0.05429888
1581.79089545 0.00669676 0.05472744
1582.79139570 0.00531385 0.03690851
1583.79189595 0.00455539 0.02590910
1584.79239620 0.00442047 0.02517462
1585.79289645 0.00455915 0.02575759
1586.79339670 0.00471517 0.02632706
1587.79389695 0.00490185 0.02796185
1588.79439720 0.00506969 0.02976353
1589.79489745 0.00516528 0.03081521
1590.79539770 0.00519107 0.03027185
1591.79589795 0.00499668 0.03032253
1592.79639820 0.00473150 0.02880582
1593.79689845 0.00445995 0.02663219
1594.79739870 0.00426644 0.02566098
1595.79789895 0.00395899 0.02416846
1596.79839920 0.00359433 0.02294271
1597.79889945 0.00440344 0.03254551
1598.79939970 0.00411333 0.03110173
1599.79989995 0.00423647 0.03352680
1600.80040020 0.00422513 0.03316455
1601.80090045 0.00543837 0.04265897
1602.80140070 0.00538272 0.04234601
1603.80190095 0.00527976 0.04179617
1604.80240120 0.00654797 0.05120684
1605.80290145 0.00639968 0.05020776
1606.80340170 0.00627882 0.04906894
1607.80390195 0.00628876 0.04969168
1608.80440220 0.00622220 0.05008041
1609.80490245 0.00618738 0.05120895
1610.80540270 0.00606983 0.05120039
1611.80590295 0.00590701 0.05069862
1612.80640320 0.00575336 0.04970940
1613.80690345 0.00566896 0.04862372
1614.80740370 0.00567440 0.04847965
1615.80790395 0.00578373 0.04911444
1616.80840420 0.00649506 0.05228176
1617.80890445 0.00639478 0.05168372
1618.80940470 0.00610339 0.04892737
1619.80990495 0.00580804 0.04592112
1620.81040520 0.00564340 0.04427358
1621.81090545 0.00542091 0.04166836
1622.81140570 0.00522572 0.03929689
1623.81190595 0.00504050 0.03794385
1624.81240620 0.00419618 0.03284427
1625.81290645 0.00405146 0.03230753
1626.81340670 0.00397760 0.03153441
1627.81390695 0.00406357 0.03136912
1628.81440720 0.00365331 0.02471545
1629.81490745 0.00365808 0.02529545
1630.81540770 0.00365441 0.02431269
1631.81590795 0.00362459 0.02396816
1632.81640820 0.00397895 0.02671299
1633.81690845 0.00415736 0.02895560
1634.81740870 0.00407951 0.02930502
1635.81790895 0.00407828 0.02941572
1636.81840920 0.00400487 0.02889694
1637.81890945 0.00378623 0.02764607
1638.81940970 0.00357983 0.02577596
1639.81990995 0.00342921 0.02417466
1640.82041021 0.00326173 0.02291611
1641.82091046 0.00290379 0.02106062
1642.82141071 0.00300973 0.02232262
1643.82191096 0.00299677 0.02263986
1644.82241121 0.00289029 0.02210310
1645.82291146 0.00279331 0.02164567
1646.82341171 0.00372230 0.03241775
1647.82391196 0.00380658 0.03335524
1648.82441221 0.00368861 0.03216614
1649.82491246 0.00332913 0.02757740
1650.82541271 0.00335083 0.02909688
1651.82591296 0.00328171 0.02966309
1652.82641321 0.00304977 0.02736630
1653.82691346 0.00289397 0.02565613
1654.82741371 0.00299223 0.02695228
1655.82791396 0.00434554 0.03896806
1656.82841421 0.00444349 0.04038078
1657.82891446 0.00439301 0.04078698
1658.82941471 0.00433442 0.04120891
1659.82991496 0.00445579 0.04156574
1660.83041521 0.00460938 0.04183294
1661.83091546 0.00463378 0.04196147
1662.83141571 0.00456314 0.04204939
1663.83191596 0.00455501 0.04139159
1664.83241621 0.00462255 0.04024785
1665.83291646 0.00621963 0.05247953
1666.83341671 0.00640090 0.05304969
1667.83391696 0.00796474 0.06319132
1668.83441721 0.00796654 0.06481398
1669.83491746 0.00759190 0.06103605
1670.83541771 0.00762204 0.06139549
1671.83591796 0.00750777 0.06084563
1672.83641821 0.00739869 0.06024846
1673.83691846 0.00746252 0.06088519
1674.83741871 0.00742917 0.06091547
1675.83791896 0.00724295 0.05987928
1676.83841921 0.00713492 0.05886932
1677.83891946 0.00719799 0.05808960
1678.83941971 0.00701856 0.05722000
1679.83991996 0.00714700 0.05801292
1680.84042021 0.00724126 0.05817434
1681.84092046 0.00719667 0.05773376
1682.84142071 0.00705953 0.05712094
1683.84192096 0.00699820 0.05703285
1684.84242121 0.00699465 0.05739124
1685.84292146 0.00695114 0.05717814
1686.84342171 0.00692586 0.05662429
1687.84392196 0.00627472 0.05219636
1688.84442221 0.00606825 0.05096569
1689.84492246 0.00607803 0.05067393
1690.84542271 0.00606649 0.05055182
1691.84592296 0.00641353 0.05184006
1692.84642321 0.00649830 0.05175237
1693.84692346 0.00655269 0.05187410
1694.84742371 0.00659078 0.05195703
1695.84792396 0.00684048 0.05293488
1696.84842421 0.00674524 0.05265365
1697.84892446 0.00633522 0.05118140
1698.84942471 0.00629995 0.05090407
1699.84992496 0.00618596 0.05055333
1700.85042521 0.00602120 0.05013303
1701.85092546 0.00594571 0.05021929
1702.85142571 0.00557758 0.04868841
1703.85192596 0.00546341 0.04803852
1704.85242621 0.00547433 0.04822927
1705.85292646 0.00539356 0.04793383
1706.85342671 0.00534131 0.04770779
1707.85392696 0.00536797 0.04757048
1708.85442721 0.00679173 0.05663357
1709.85492746 0.00687333 0.05720767
1710.85542771 0.00690109 0.05697531
1711.85592796 0.00705191 0.05790016
1712.85642821 0.00683406 0.05559210
1713.85692846 0.00837806 0.06563327
1714.85742871 0.00868747 0.06727360
1715.85792896 0.00864657 0.06756276
1716.85842921 0.00896045 0.06699619
1717.85892946 0.00898954 0.06731689
1718.85942971 0.00897818 0.06712958
1719.85992996 0.00906948 0.06616050
1720.86043022 0.00912620 0.06604994
1721.86093047 0.00792979 0.05943838
1722.86143072 0.00794615 0.05928791
1723.86193097 0.00941297 0.06696925
1724.86243122 0.00944054 0.06814907
1725.86293147 0.00947919 0.06919104
1726.86343172 0.00922938 0.06830877
1727.86393197 0.00890277 0.06695964
1728.86443222 0.00852502 0.06537499
1729.86493247 0.00828339 0.06471112
1730.86543272 0.00724284 0.05936646
1731.86593297 0.00739269 0.05947916
1732.86643322 0.00751346 0.05922153
1733.86693347 0.00767136 0.05943405
1734.86743372 0.00776076 0.06106366
1735.86793397 0.00782466 0.06318734
1736.86843422 0.00775328 0.06369927
1737.86893447 0.00760420 0.06249706
1738.86943472 0.00796512 0.06216390
1739.86993497 0.00738891 0.06095696
1740.87043522 0.00707146 0.05996508
1741.87093547 0.00675823 0.05829026
1742.87143572 0.00656859 0.05623641
1743.87193597 0.00625463 0.05358510
1744.87243622 0.00601009 0.05199682
1745.87293647 0.00608790 0.05214966
1746.87343672 0.00618841 0.05268346
1747.87393697 0.00618825 0.05280212
1748.87443722 0.00616645 0.05275487
1749.87493747 0.00605656 0.05251549
1750.87543772 0.00600967 0.05203165
1751.87593797 0.00588229 0.05172737
1752.87643822 0.00573967 0.05150443
1753.87693847 0.00568312 0.05129148
1754.87743872 0.00584838 0.05125179
1755.87793897 0.00591193 0.05130252
1756.87843922 0.00597077 0.05150316
1757.87893947 0.00600982 0.05168259
1758.87943972 0.00597530 0.05151642
1759.87993997 0.00589705 0.05125589
1760.88044022 0.00564172 0.05051847
1761.88094047 0.00560758 0.05023879
1762.88144072 0.00557743 0.04978566
1763.88194097 0.00554397 0.04948427
1764.88244122 0.00665709 0.05669495
1765.88294147 0.00664267 0.05712035
1766.88344172 0.00675358 0.05784364
1767.88394197 0.00681576 0.05773208
1768.88444222 0.00673666 0.05673602
1769.88494247 0.00654855 0.05554861
1770.88544272 0.00638915 0.05481631
1771.88594297 0.00636388 0.05483338
1772.88644322 0.00628562 0.05475176
1773.88694347 0.00610378 0.05405483
1774.88744372 0.00597749 0.05305739
1775.88794397 0.00570035 0.05222587
1776.88844422 0.00565434 0.05213891
1777.88894447 0.00563321 0.05225550
1778.88944472 0.00535927 0.05197390
1779.88994497 0.00536899 0.05205756
1780.89044522 0.00525075 0.05151514
1781.89094547 0.00519904 0.05103460
1782.89144572 0.00516134 0.05078232
1783.89194597 0.00510942 0.05051279
1784.89244622 0.00505260 0.05015476
1785.89294647 0.00494882 0.04977171
1786.89344672 0.00481114 0.04945382
1787.89394697 0.00485798 0.04945972
1788.89444722 0.00488253 0.04941477
1789.89494747 0.00464079 0.04890418
1790.89544772 0.00461256 0.04873591
1791.89594797 0.00492553 0.04900983
1792.89644822 0.00501862 0.04913669
1793.89694847 0.00506638 0.04914890
1794.89744872 0.00513183 0.04924566
1795.89794897 0.00516913 0.04911506
1796.89844922 0.00666865 0.06029315
1797.89894947 0.00669740 0.06101673
1798.89944972 0.00685005 0.06181266
1799.89994997 0.00842832 0.07063386
1800.90045023 0.00833487 0.07002542
1801.90095048 0.00953672 0.07576094
1802.90145073 0.00944661 0.07602175
1803.90195098 0.00944392 0.07663768
1804.90245123 0.00954435 0.07816076
1805.90295148 0.00919122 0.07671671
1806.90345173 0.00903953 0.07416573
1807.90395198 0.00898927 0.07327533
1808.90445223 0.00817905 0.06467894
1809.90495248 0.00814961 0.06471719
1810.90545273 0.00810411 0.06523397
1811.90595298 0.00807144 0.06636516
1812.90645323 0.00822700 0.06706071
1813.90695348 0.00695102 0.05728020
1814.90745373 0.00662463 0.05499821
1815.90795398 0.00802284 0.06107066
1816.90845423 0.00705582 0.05565436
1817.90895448 0.00720185 0.05597943
1818.90945473 0.00715889 0.05518845
1819.90995498 0.00691178 0.05312580
1820.91045523 0.00721066 0.05450327
1821.91095548 0.00744383 0.05445973
1822.91145573 0.00771011 0.05475271
1823.91195598 0.00792262 0.05647713
1824.91245623 0.00931289 0.06502513
1825.91295648 0.00919403 0.06510493
1826.91345673 0.00873219 0.06363489
1827.91395698 0.00835815 0.06230665
1828.91445723 0.00808275 0.06100830
1829.91495748 0.00954521 0.07026754
1830.91545773 0.00953975 0.07170336
1831.91595798 0.00944542 0.07208263
1832.91645823 0.00915969 0.07062754
1833.91695848 0.00891882 0.06908723
1834.91745873 0.00872187 0.06748994
1835.91795898 0.01003058 0.07252208
1836.91845923 0.01009609 0.07269566
1837.91895948 0.01003927 0.07170685
1838.91945973 0.00980457 0.06989426
1839.91995998 0.00931738 0.06759417
1840.92046023 0.00914363 0.06687730
1841.92096048 0.01005353 0.06976037
1842.92146073 0.00906908 0.06487774
1843.92196098 0.00986256 0.06763207
1844.92246123 0.00979113 0.06729866
1845.92296148 0.00979703 0.06678590
1846.92346173 0.00928332 0.06509670
1847.92396198 0.00907665 0.06353387
1848.92446223 0.00901475 0.06337247
1849.92496248 0.00896410 0.06276227
1850.92546273 0.00892659 0.06158534
1851.92596298 0.00876834 0.06020492
1852.92646323 0.00856966 0.05892991
1853.92696348 0.00849356 0.05848485
1854.92746373 0.00778095 0.05742738
1855.92796398 0.00772570 0.05709263
1856.92846423 0.00765874 0.05664681
1857.92896448 0.00766298 0.05882731
1858.92946473 0.00926216 0.06909410
1859.92996498 0.00913513 0.06945853
1860.93046523 0.00901402 0.06854534
1861.93096548 0.00873834 0.06690869
1862.93146573 0.00867151 0.06644456
1863.93196598 0.01052735 0.07620995
1864.93246623 0.01073166 0.07739033
1865.93296648 0.01059270 0.07529591
1866.93346673 0.01056803 0.07447336
1867.93396698 0.01064970 0.07317187
1868.93446723 0.01177586 0.07881702
1869.93496748 0.01169855 0.07820352
1870.93546773 0.01162277 0.07693581
1871.93596798 0.01145495 0.07603176
1872.93646823 0.01100516 0.07342439
1873.93696848 0.01057040 0.07070916
1874.93746873 0.01032899 0.06955723
1875.93796898 0.01159675 0.07619412
1876.93846923 0.01170068 0.07811905
1877.93896948 0.01165939 0.07754942
1878.93946973 0.01156724 0.07603646
1879.93996998 0.01157132 0.07610022
1880.94047024 0.01144228 0.07574953
1881.94097049 0.01290341 0.08324821
1882.94147074 0.01273931 0.08212518
1883.94197099 0.01423420 0.08927753
1884.94247124 0.01268370 0.08272945
1885.94297149 0.01272218 0.08221796
1886.94347174 0.01261174 0.08185294
1887.94397199 0.01314831 0.08278716
1888.94447224 0.01288854 0.08109283
1889.94497249 0.01263214 0.07983857
1890.94547274 0.01229202 0.07776230
1891.94597299 0.01189599 0.07484103
1892.94647324 0.01143708 0.07135666
1893.94697349 0.01232476 0.07475926
1894.94747374 0.01147116 0.07047263
1895.94797399 0.01140284 0.06926824
1896.94847424 0.01237401 0.07260939
1897.94897449 0.01233788 0.07162608
1898.94947474 0.01218198 0.06960281
1899.94997499 0.01193988 0.06798829
1900.95047524 0.01191525 0.06739326
1901.95097549 0.01171301 0.06563513
1902.95147574 0.01147612 0.06492003
1903.95197599 0.01134129 0.06451126
1904.95247624 0.01099098 0.06348786
1905.95297649 0.01052504 0.06200742
1906.95347674 0.01024326 0.06037183
1907.95397699 0.00996172 0.05852327
1908.95447724 0.00979979 0.05775514
1909.95497749 0.00940018 0.05657119
1910.95547774 0.00893217 0.05446504
1911.95597799 0.00827383 0.05146768
1912.95647824 0.00800992 0.05021368
1913.95697849 0.00921481 0.05852332
1914.95747874 0.00990735 0.06357340
1915.95797899 0.00986161 0.06443071
1916.95847924 0.00960116 0.06428124
1917.95897949 0.00952978 0.06605117
1918.95947974 0.00929072 0.06729206
1919.95997999 0.00925694 0.06802919
1920.96048024 0.00938217 0.06875833
1921.96098049 0.00914388 0.06651103
1922.96148074 0.00902304 0.06613918
1923.96198099 0.00872757 0.06318387
1924.96248124 0.00865649 0.06104329
1925.96298149 0.00843209 0.05757417
1926.96348174 0.00817767 0.05451128
1927.96398199 0.00789216 0.05378978
1928.96448224 0.00807460 0.05539286
1929.96498249 0.00810281 0.05609671
1930.96548274 0.00800128 0.05583017
1931.96598299 0.00885066 0.06014238
1932.96648324 0.00857951 0.05895173
1933.96698349 0.00886042 0.06038422
1934.96748374 0.01081888 0.07268846
1935.96798399 0.01110808 0.07614219
1936.96848424 0.01049663 0.07469709
1937.96898449 0.01053462 0.07486251
1938.96948474 0.01033712 0.07323773
1939.96998499 0.00893661 0.05946756
1940.97048524 0.00878266 0.06035980
1941.97098549 0.00875229 0.05974053
1942.97148574 0.01010777 0.06774826
1943.97198599 0.00975795 0.06693942
1944.97248624 0.00950866 0.06454989
1945.97298649 0.00948254 0.06386668
1946.97348674 0.00932878 0.06235525
1947.97398699 0.00881670 0.05858202
1948.97448724 0.00836764 0.05488999
1949.97498749 0.01020357 0.06491490
1950.97548774 0.00992289 0.06244359
1951.97598799 0.00994831 0.06189082
1952.97648824 0.01142898 0.06966361
1953.97698849 0.01158427 0.07018151
1954.97748874 0.01148206 0.06931773
1955.97798899 0.01227698 0.07318162
1956.97848924 0.01220406 0.07390040
1957.97898949 0.01205055 0.07371409
1958.97948974 0.01231757 0.07746287
1959.97998999 0.01228210 0.07643781
1960.98049025 0.01217797 0.07707245
1961.98099050 0.01179420 0.07637611
1962.98149075 0.01250688 0.07936094
1963.98199100 0.01219996 0.07941026
1964.98249125 0.01326182 0.08356222
1965.98299150 0.01323755 0.08290300
1966.98349175 0.01325905 0.08261181
1967.98399200 0.01185498 0.07356534
1968.98449225 0.01169986 0.07344561
1969.98499250 0.01177515 0.07506747
1970.98549275 0.01197163 0.07659848
1971.98599300 0.01218102 0.07756079
1972.98649325 0.01239846 0.08053000
1973.98699350 0.01232789 0.08250036
1974.98749375 0.01133741 0.07647519
1975.98799400 0.01099454 0.07425236
1976.98849425 0.01081448 0.07324077
1977.98899450 0.01180483 0.08113901
1978.98949475 0.01175632 0.07974282
1979.98999500 0.01154088 0.07790044
1980.99049525 0.01105329 0.07680062
1981.99099550 0.01065527 0.07350576
1982.99149575 0.01168603 0.07517297
1983.99199600 0.01308129 0.07945644
1984.99249625 0.01283654 0.07704621
1985.99299650 0.01261311 0.07621707
1986.99349675 0.01253637 0.07543229
1987.99399700 0.01292739 0.07812251
1988.99449725 0.01301066 0.07980099
1989.99499750 0.01274169 0.07980848
1990.99549775 0.01241043 0.07910173
1991.99599800 0.01200566 0.07728809
1992.99649825 0.01156828 0.07535893
1993.99699850 0.01101547 0.07152494
1994.99749875 0.01044746 0.06704309
1995.99799900 0.01006941 0.06472704
1996.99849925 0.00984880 0.06339079
1997.99899950 0.00977434 0.06367654
1998.99949975 0.00978165 0.06452728
2000.00000000 0.00961204 0.06391376
