0.00000000 5.00000000 0.00000039
1.00100100 4.94927438 0.17315031
2.00200200 4.81207430 0.31022521
3.00300300 4.68752926 0.41590999
4.00400400 4.56082872 0.50544059
5.00500501 4.42460660 0.58489089
6.00600601 4.29970152 0.62175878
7.00700701 4.16325516 0.65173813
8.00800801 4.00411910 0.67475299
9.00900901 3.86796390 0.68417413
10.01001001 3.72347120 0.70717138
11.01101101 3.57057172 0.72398824
12.01201201 3.41803754 0.75140337
13.01301301 3.28748831 0.78267420
14.01401401 3.19553864 0.78603662
15.01501502 3.05984314 0.78817132
16.01601602 2.94481910 0.77548558
17.01701702 2.84436361 0.76173574
18.01801802 2.72336494 0.75919750
19.01901902 2.62843373 0.76806350
20.02002002 2.50666781 0.77167324
21.02102102 2.39862309 0.75890325
22.02202202 2.31026964 0.74709360
23.02302302 2.22209163 0.74085045
24.02402402 2.13313503 0.72364981
25.02502503 2.05436983 0.71771287
26.02602603 1.96854287 0.71692812
27.02702703 1.89438197 0.71532987
28.02802803 1.81754406 0.69634252
29.02902903 1.74184169 0.69260798
30.03003003 1.68761793 0.68591533
31.03103103 1.62063978 0.67569024
32.03203203 1.55686570 0.67173311
33.03303303 1.48835324 0.66885785
34.03403403 1.42466098 0.66126100
35.03503504 1.36446242 0.64095428
36.03603604 1.30708533 0.62749628
37.03703704 1.25412126 0.61911796
38.03803804 1.21032228 0.62585184
39.03903904 1.15501119 0.60250160
40.04004004 1.10186210 0.59282267
41.04104104 1.06153624 0.59963627
42.04204204 1.02196939 0.58296762
43.04304304 0.98040510 0.57065148
44.04404404 0.93095784 0.54979358
45.04504505 0.89280487 0.54219239
46.04604605 0.85502545 0.53605663
47.04704705 0.81721697 0.51239674
48.04804805 0.78453523 0.49540308
49.04904905 0.74951800 0.48706209
50.05005005 0.71676039 0.46878883
51.05105105 0.68000301 0.45170968
52.05205205 0.65494835 0.44213174
53.05305305 0.62871007 0.43200203
54.05405405 0.60160781 0.42218272
55.05505506 0.58258295 0.42515066
56.05605606 0.55715286 0.42146877
57.05705706 0.53179156 0.40085071
58.05805806 0.50714320 0.38708528
59.05905906 0.48767473 0.38290518
60.06006006 0.47117984 0.36895147
61.06106106 0.45262379 0.35890094
62.06206206 0.43568512 0.35065665
63.06306306 0.41834379 0.34465898
64.06406406 0.39924265 0.33302677
65.06506507 0.38210241 0.32637561
66.06606607 0.37183623 0.32505327
67.06706707 0.35778406 0.32432506
68.06806807 0.34772110 0.32189011
69.06906907 0.33378853 0.30813056
70.07007007 0.31826732 0.30095766
71.07107107 0.30853722 0.29038161
72.07207207 0.29768195 0.28081217
73.07307307 0.29120278 0.27862194
74.07407407 0.28299617 0.27573739
75.07507508 0.26897457 0.26440762
76.07607608 0.26106492 0.26086039
77.07707708 0.25192507 0.26113883
78.07807808 0.24507927 0.25743811
79.07907908 0.23509634 0.25061524
80.08008008 0.23195530 0.24823220
81.08108108 0.22547687 0.24307260
82.08208208 0.22009461 0.24315832
83.08308308 0.21308630 0.23974063
84.08408408 0.20625711 0.23600595
85.08508509 0.19980205 0.23187558
86.08608609 0.19414898 0.23038533
87.08708709 0.18564300 0.22049106
88.08808809 0.17947257 0.21547146
89.08908909 0.17501580 0.21807183
90.09009009 0.16866575 0.20922861
91.09109109 0.16258457 0.20637018
92.09209209 0.15932781 0.19464187
93.09309309 0.15356046 0.18807028
94.09409409 0.14923767 0.18489438
95.09509510 0.15035386 0.19084450
96.09609610 0.14562912 0.18704901
97.09709710 0.14333896 0.19005682
98.09809810 0.13686179 0.18299582
99.09909910 0.13275688 0.17562824
100.10010010 0.12617163 0.16766559
101.10110110 0.12250110 0.16579703
102.10210210 0.12193467 0.16809055
103.10310310 0.12318494 0.17470479
104.10410410 0.12528604 0.18450095
105.10510511 0.12047608 0.17973191
106.10610611 0.11744176 0.17549375
107.10710711 0.11266050 0.16984719
108.10810811 0.11077638 0.17382332
109.10910911 0.10952991 0.17467710
110.11011011 0.10543322 0.16925140
111.11111111 0.10372057 0.16776799
112.11211211 0.10157444 0.17001761
113.11311311 0.10018102 0.17712385
114.11411411 0.09725169 0.17286752
115.11511512 0.09408237 0.16817212
116.11611612 0.09147693 0.16324255
117.11711712 0.09363714 0.16630728
118.11811812 0.09151257 0.16128626
119.11911912 0.08849375 0.15499771
120.12012012 0.09020296 0.15861522
121.12112112 0.08741196 0.15305288
122.12212212 0.08331920 0.14646247
123.12312312 0.08145034 0.14353596
124.12412412 0.07602530 0.13199657
125.12512513 0.07231663 0.12658692
126.12612613 0.07526223 0.13257891
127.12712713 0.07430095 0.13374913
128.12812813 0.07221766 0.13225046
129.12912913 0.07320296 0.13803848
130.13013013 0.07157192 0.13415958
131.13113113 0.07070943 0.13310759
132.13213213 0.06961823 0.13197550
133.13313313 0.07019434 0.13974309
134.13413413 0.07071141 0.14028387
135.13513514 0.06833105 0.13718127
136.13613614 0.06467750 0.12912140
137.13713714 0.06422306 0.13263656
138.13813814 0.06317896 0.13192506
139.13913914 0.06300326 0.13283923
140.14014014 0.06220167 0.13039090
141.14114114 0.06285616 0.13475967
142.14214214 0.06199643 0.13502693
143.14314314 0.06514180 0.14796857
144.14414414 0.06840741 0.15807453
145.14514515 0.06633904 0.15505221
146.14614615 0.06443282 0.15066504
147.14714715 0.06303883 0.14907192
148.14814815 0.06079848 0.14594194
149.14914915 0.05851435 0.14025526
150.15015015 0.05606277 0.13423638
151.15115115 0.05674254 0.13667404
152.15215215 0.05480753 0.13241695
153.15315315 0.05344102 0.12873033
154.15415415 0.05409965 0.13160690
155.15515516 0.05501642 0.13893653
156.15615616 0.05742344 0.14650138
157.15715716 0.05563671 0.14423421
158.15815816 0.05390424 0.13853529
159.15915916 0.05330954 0.13576665
160.16016016 0.05116151 0.12737966
161.16116116 0.05145241 0.12854171
162.16216216 0.05284208 0.13326718
163.16316316 0.05137344 0.13022874
164.16416416 0.05253003 0.13539245
165.16516517 0.04854504 0.12316156
166.16616617 0.04945660 0.12726642
167.16716717 0.05167970 0.13731249
168.16816817 0.05668617 0.15321579
169.16916917 0.05656712 0.15352984
170.17017017 0.05595338 0.15528405
171.17117117 0.05697061 0.15392913
172.17217217 0.05800866 0.15557419
173.17317317 0.05829082 0.15567358
174.17417417 0.05961261 0.16216294
175.17517518 0.06236793 0.16931851
176.17617618 0.06522822 0.17600832
177.17717718 0.06217180 0.16720308
178.17817818 0.06347658 0.17425356
179.17917918 0.06657570 0.18167609
180.18018018 0.06869954 0.18483337
181.18118118 0.06944496 0.18550933
182.18218218 0.07130564 0.19447385
183.18318318 0.06981339 0.18837582
184.18418418 0.07000930 0.18739773
185.18518519 0.07239741 0.19125990
186.18618619 0.07225983 0.18941907
187.18718719 0.07273207 0.18658912
188.18818819 0.07186736 0.18473680
189.18918919 0.07013479 0.18487948
190.19019019 0.07210366 0.19298824
191.19119119 0.07124654 0.19259832
192.19219219 0.07011630 0.18928072
193.19319319 0.07226435 0.19290499
194.19419419 0.06873385 0.18043894
195.19519520 0.06797405 0.17820105
196.19619620 0.06472023 0.17000164
197.19719720 0.06613512 0.17532111
198.19819820 0.06796500 0.18006841
199.19919920 0.06524200 0.17152332
200.20020020 0.07130968 0.18382833
201.20120120 0.06992324 0.18083816
202.20220220 0.07125378 0.18368254
203.20320320 0.06837824 0.17796370
204.20420420 0.06670420 0.17477169
205.20520521 0.06593301 0.17354817
206.20620621 0.06411529 0.17058301
207.20720721 0.06217407 0.16662514
208.20820821 0.06544582 0.17558126
209.20920921 0.06455606 0.17244905
210.21021021 0.06261727 0.16842800
211.21121121 0.06279350 0.17043967
212.21221221 0.06463147 0.17503771
213.21321321 0.06460476 0.17517575
214.21421421 0.06537067 0.18078337
215.21521522 0.06102781 0.16684918
216.21621622 0.05795529 0.16139534
217.21721722 0.06007278 0.16853586
218.21821822 0.05862178 0.17038271
219.21921922 0.05798575 0.16804128
220.22022022 0.05986765 0.17139283
221.22122122 0.05947000 0.17149464
222.22222222 0.05740233 0.16722541
223.22322322 0.05930583 0.17131605
224.22422422 0.06259850 0.18017942
225.22522523 0.06120486 0.17549389
226.22622623 0.06402773 0.18175343
227.22722723 0.05931462 0.16781882
228.22822823 0.05887781 0.16696037
229.22922923 0.06008909 0.17124011
230.23023023 0.05997042 0.17152186
231.23123123 0.05951524 0.16952321
232.23223223 0.05575847 0.16095669
233.23323323 0.05436479 0.15872914
234.23423423 0.05467622 0.16058652
235.23523524 0.05309273 0.15827841
236.23623624 0.05393731 0.16107937
237.23723724 0.05549672 0.16410317
238.23823824 0.05420427 0.16166586
239.23923924 0.05469207 0.16407342
240.24024024 0.05685490 0.17314424
241.24124124 0.05630359 0.17296172
242.24224224 0.05913923 0.18257357
243.24324324 0.05921197 0.18516160
244.24424424 0.05833076 0.18174872
245.24524525 0.06301212 0.19275888
246.24624625 0.06064578 0.18361660
247.24724725 0.06102179 0.18710922
248.24824825 0.06487867 0.19619294
249.24924925 0.06331566 0.19735915
250.25025025 0.06917693 0.20914260
251.25125125 0.07179830 0.21469766
252.25225225 0.07458987 0.21891342
253.25325325 0.07043879 0.20807409
254.25425425 0.07382843 0.21585535
255.25525526 0.07394578 0.21332529
256.25625626 0.07490698 0.21408542
257.25725726 0.07711082 0.21674292
258.25825826 0.07440037 0.20751163
259.25925926 0.07483162 0.20492294
260.26026026 0.07571104 0.20800673
261.26126126 0.07200661 0.19905340
262.26226226 0.06847171 0.19203212
263.26326326 0.06251856 0.18052519
264.26426426 0.06274413 0.18183800
265.26526527 0.06464134 0.18422705
266.26626627 0.06288212 0.17780521
267.26726727 0.06144247 0.17534106
268.26826827 0.05908075 0.16760782
269.26926927 0.06005258 0.17057183
270.27027027 0.05675850 0.15943057
271.27127127 0.05823257 0.16407245
272.27227227 0.05983600 0.17001656
273.27327327 0.05950728 0.17052966
274.27427427 0.06179085 0.17729420
275.27527528 0.06002673 0.17249634
276.27627628 0.06426790 0.18353885
277.27727728 0.06649606 0.18866812
278.27827828 0.06772124 0.19273998
279.27927928 0.06918659 0.19742236
280.28028028 0.06753520 0.19461898
281.28128128 0.06613664 0.19242300
282.28228228 0.06804558 0.19636833
283.28328328 0.06747633 0.19477131
284.28428428 0.06541385 0.18695645
285.28528529 0.06501471 0.18783293
286.28628629 0.06316747 0.18497426
287.28728729 0.06076847 0.17918611
288.28828829 0.05809954 0.17272817
289.28928929 0.05673370 0.17014128
290.29029029 0.05591819 0.16786058
291.29129129 0.05381353 0.16458453
292.29229229 0.05275995 0.16223711
293.29329329 0.05429582 0.16779669
294.29429429 0.05183513 0.16073051
295.29529530 0.04824483 0.15131204
296.29629630 0.04973374 0.15506037
297.29729730 0.05008894 0.15493296
298.29829830 0.05614970 0.16913944
299.29929930 0.05964123 0.17661531
300.30030030 0.06639419 0.19338562
301.30130130 0.06817486 0.19530188
302.30230230 0.07140955 0.20214314
303.30330330 0.07137021 0.20271703
304.30430430 0.06778910 0.19448999
305.30530531 0.06648773 0.18930467
306.30630631 0.06637868 0.18843469
307.30730731 0.06380061 0.18200913
308.30830831 0.06606472 0.18856373
309.30930931 0.06237076 0.18096518
310.31031031 0.06017731 0.17592468
311.31131131 0.06132357 0.17937889
312.31231231 0.05499283 0.16481053
313.31331331 0.05918819 0.17601009
314.31431431 0.05920940 0.17376280
315.31531532 0.05839340 0.17055441
316.31631632 0.05903165 0.17357685
317.31731732 0.06098962 0.17804326
318.31831832 0.06612749 0.18764167
319.31931932 0.06514362 0.18562083
320.32032032 0.06726028 0.19079723
321.32132132 0.06581287 0.18787711
322.32232232 0.06470930 0.18566562
323.32332332 0.06328630 0.18334913
324.32432432 0.06416563 0.18669002
325.32532533 0.06268971 0.18235207
326.32632633 0.06180895 0.17967808
327.32732733 0.05850817 0.16990790
328.32832833 0.06395646 0.18402784
329.32932933 0.06580508 0.18976274
330.33033033 0.06853699 0.19620901
331.33133133 0.07123305 0.20173836
332.33233233 0.07148948 0.20463283
333.33333333 0.06989829 0.19887959
334.33433433 0.06846331 0.19632629
335.33533534 0.07030418 0.19898883
336.33633634 0.06646956 0.18935030
337.33733734 0.06652633 0.19196389
338.33833834 0.06763502 0.19355518
339.33933934 0.06587446 0.18917828
340.34034034 0.06633284 0.19377822
341.34134134 0.06705954 0.19657369
342.34234234 0.06442311 0.19165426
343.34334334 0.06108477 0.18227289
344.34434434 0.06203990 0.18370329
345.34534535 0.06217606 0.18409731
346.34634635 0.05908188 0.17674344
347.34734735 0.05720242 0.17239740
348.34834835 0.05612687 0.16920523
349.34934935 0.05533496 0.16670480
350.35035035 0.06148340 0.18244000
351.35135135 0.06111889 0.18158194
352.35235235 0.06402266 0.18870072
353.35335335 0.06041280 0.18012147
354.35435435 0.06302477 0.18553976
355.35535536 0.06059469 0.17560491
356.35635636 0.05820923 0.16690311
357.35735736 0.05530805 0.16128879
358.35835836 0.05896494 0.16968968
359.35935936 0.05681137 0.16471846
360.36036036 0.06314326 0.17893715
361.36136136 0.06179748 0.17800530
362.36236236 0.06565690 0.18937699
363.36336336 0.06588206 0.18836642
364.36436436 0.06513358 0.18809038
365.36536537 0.07054786 0.19572382
366.36636637 0.07020119 0.19671433
367.36736737 0.06737837 0.19199320
368.36836837 0.07311785 0.20385203
369.36936937 0.07071063 0.19758354
370.37037037 0.07467714 0.20840571
371.37137137 0.07538717 0.21225681
372.37237237 0.08084319 0.22265697
373.37337337 0.07977160 0.21889607
374.37437437 0.08505472 0.23223829
375.37537538 0.08426264 0.22965262
376.37637638 0.08195254 0.22303414
377.37737738 0.08220328 0.22258788
378.37837838 0.08014312 0.21715954
379.37937938 0.07595674 0.20835304
380.38038038 0.07532006 0.20534377
381.38138138 0.07471049 0.20393977
382.38238238 0.07096371 0.19366769
383.38338338 0.06946720 0.18729671
384.38438438 0.06921808 0.18827786
385.38538539 0.06548787 0.17934624
386.38638639 0.06408113 0.17514678
387.38738739 0.06241331 0.17298024
388.38838839 0.06072026 0.16601504
389.38938939 0.06074412 0.16849509
390.39039039 0.06470647 0.18139267
391.39139139 0.06640956 0.18681368
392.39239239 0.06635417 0.18415106
393.39339339 0.07111614 0.19619518
394.39439439 0.07141115 0.19774986
395.39539540 0.07176717 0.19797749
396.39639640 0.07463920 0.20253997
397.39739740 0.07527525 0.20531114
398.39839840 0.07398443 0.20015179
399.39939940 0.07212625 0.19650044
400.40040040 0.06896002 0.19063905
401.40140140 0.06716193 0.18605850
402.40240240 0.06466626 0.18169122
403.40340340 0.06474510 0.18235433
404.40440440 0.06161985 0.17581715
405.40540541 0.06150297 0.17820223
406.40640641 0.06381552 0.18335241
407.40740741 0.06464816 0.18260948
408.40840841 0.06397365 0.18173667
409.40940941 0.07090415 0.19851497
410.41041041 0.06687775 0.18803766
411.41141141 0.06442688 0.18120195
412.41241241 0.06505001 0.18263187
413.41341341 0.06172319 0.17484386
414.41441441 0.06335422 0.17928720
415.41541542 0.06369804 0.18162309
416.41641642 0.06110588 0.17559142
417.41741742 0.06292780 0.18206176
418.41841842 0.06386774 0.18307948
419.41941942 0.06373799 0.18200935
420.42042042 0.06315576 0.18137602
421.42142142 0.05974547 0.17353116
422.42242242 0.06185832 0.18039747
423.42342342 0.06108535 0.17735717
424.42442442 0.06364188 0.18466009
425.42542543 0.06215975 0.17904110
426.42642643 0.06563303 0.18892172
427.42742743 0.06644114 0.18895193
428.42842843 0.07056470 0.19734638
429.42942943 0.06959166 0.19721501
430.43043043 0.06828729 0.19474972
431.43143143 0.06802030 0.19301670
432.43243243 0.06919117 0.19663675
433.43343343 0.07094324 0.20220117
434.43443443 0.07123743 0.20219252
435.43543544 0.06996343 0.19572545
436.43643644 0.06613936 0.18527275
437.43743744 0.06645283 0.18545014
438.43843844 0.06801580 0.19022826
439.43943944 0.06780668 0.19062417
440.44044044 0.06614592 0.18611954
441.44144144 0.06303497 0.18236543
442.44244244 0.06379875 0.18633220
443.44344344 0.06164248 0.18110835
444.44444444 0.06154442 0.18073972
445.44544545 0.05734170 0.16857192
446.44644645 0.05756653 0.17084373
447.44744745 0.05804480 0.17304465
448.44844845 0.05570555 0.16681468
449.44944945 0.05800002 0.17140860
450.45045045 0.05775550 0.17126950
451.45145145 0.05518639 0.16121835
452.45245245 0.05757578 0.17211070
453.45345345 0.05487900 0.16296715
454.45445445 0.05538925 0.16495212
455.45545546 0.05477836 0.16353844
456.45645646 0.05332058 0.15881977
457.45745746 0.05466692 0.16321858
458.45845846 0.05834937 0.17341260
459.45945946 0.05712302 0.17346112
460.46046046 0.05765190 0.17186333
461.46146146 0.06063964 0.17895789
462.46246246 0.06532636 0.19076250
463.46346346 0.06327341 0.18703746
464.46446446 0.06276145 0.18595190
465.46546547 0.06173700 0.18123395
466.46646647 0.06963188 0.20015343
467.46746747 0.07282752 0.20769101
468.46846847 0.07529067 0.21334755
469.46946947 0.07511554 0.21229723
470.47047047 0.07291333 0.20870179
471.47147147 0.07432634 0.21052434
472.47247247 0.07637552 0.21265682
473.47347347 0.07507893 0.20766441
474.47447447 0.07305732 0.20442753
475.47547548 0.06892692 0.19551815
476.47647648 0.06854982 0.19310406
477.47747748 0.06633428 0.18720375
478.47847848 0.07089972 0.19843891
479.47947948 0.07502772 0.20709300
480.48048048 0.07677439 0.20874797
481.48148148 0.07725342 0.21041296
482.48248248 0.07617183 0.20991471
483.48348348 0.07293956 0.20469753
484.48448448 0.06725535 0.19274078
485.48548549 0.06665717 0.19099056
486.48648649 0.06734517 0.19229838
487.48748749 0.06527468 0.18790297
488.48848849 0.06500640 0.18693818
489.48948949 0.06074554 0.17595885
490.49049049 0.06137660 0.17806287
491.49149149 0.06132176 0.17715533
492.49249249 0.05893005 0.17036664
493.49349349 0.05718478 0.16748901
494.49449449 0.05789133 0.16843564
495.49549550 0.05681424 0.16752779
496.49649650 0.05956574 0.17641232
497.49749750 0.06169184 0.18239951
498.49849850 0.06264718 0.18476102
499.49949950 0.06864761 0.19837322
500.50050050 0.06636181 0.19321880
501.50150150 0.07054634 0.20307230
502.50250250 0.06919709 0.20181144
503.50350350 0.07225792 0.20683628
504.50450450 0.08324814 0.22932833
505.50550551 0.08711780 0.23625004
506.50650651 0.08485577 0.23178437
507.50750751 0.08640907 0.23475440
508.50850851 0.08764379 0.23590195
509.50950951 0.08231211 0.22600268
510.51051051 0.08078911 0.22296101
511.51151151 0.07417991 0.21043126
512.51251251 0.07676832 0.21561619
513.51351351 0.07561589 0.21390663
514.51451451 0.07992803 0.22357897
515.51551552 0.07941162 0.22192779
516.51651652 0.07619090 0.21459530
517.51751752 0.07845893 0.21767374
518.51851852 0.08268433 0.22577339
519.51951952 0.08024418 0.21975423
520.52052052 0.07952899 0.21892060
521.52152152 0.08090771 0.21989787
522.52252252 0.08238134 0.22247838
523.52352352 0.08548192 0.22854796
524.52452452 0.08682313 0.23134305
525.52552553 0.08311562 0.22159802
526.52652653 0.07931731 0.21180113
527.52752753 0.08217669 0.21923548
528.52852853 0.08108540 0.21649926
529.52952953 0.08277963 0.22433243
530.53053053 0.08510414 0.22974112
531.53153153 0.08412465 0.22856826
532.53253253 0.08248896 0.22604026
533.53353353 0.08418115 0.22933165
534.53453453 0.08569678 0.23238811
535.53553554 0.08516828 0.22985504
536.53653654 0.08102533 0.22022100
537.53753754 0.07841597 0.21176570
538.53853854 0.07454289 0.20182259
539.53953954 0.07400471 0.19907034
540.54054054 0.07324721 0.19976805
541.54154154 0.07405096 0.20170145
542.54254254 0.07804696 0.21083793
543.54354354 0.07960678 0.21228293
544.54454454 0.07806341 0.20585138
545.54554555 0.07429487 0.19832822
546.54654655 0.07587480 0.19931107
547.54754755 0.07352055 0.19311587
548.54854855 0.07208183 0.18950172
549.54954955 0.07325375 0.19393805
550.55055055 0.07681832 0.20245553
551.55155155 0.07520994 0.19914794
552.55255255 0.07428641 0.19477628
553.55355355 0.07793300 0.20267661
554.55455455 0.07556819 0.19913395
555.55555556 0.07297969 0.19473007
556.55655656 0.06717433 0.18055373
557.55755756 0.06791547 0.18474386
558.55855856 0.06764163 0.18662126
559.55955956 0.06642154 0.18453264
560.56056056 0.06670898 0.18405251
561.56156156 0.06603242 0.18348768
562.56256256 0.06623663 0.18530557
563.56356356 0.06739274 0.18719955
564.56456456 0.06644666 0.18580086
565.56556557 0.06804468 0.18837986
566.56656657 0.07095190 0.19756212
567.56756757 0.07720076 0.20970736
568.56856857 0.07514741 0.20421235
569.56956957 0.06981669 0.18920670
570.57057057 0.06715307 0.18327102
571.57157157 0.06313267 0.17323003
572.57257257 0.06917044 0.18762495
573.57357357 0.06526769 0.17880304
574.57457457 0.06732933 0.18504860
575.57557558 0.07163889 0.19309110
576.57657658 0.07286209 0.19591864
577.57757758 0.07334299 0.19848620
578.57857858 0.07643144 0.20433234
579.57957958 0.08027308 0.21231543
580.58058058 0.08102495 0.21359652
581.58158158 0.07769226 0.20704724
582.58258258 0.07615283 0.20309337
583.58358358 0.07932998 0.20865616
584.58458458 0.08239967 0.21452085
585.58558559 0.08217463 0.21557778
586.58658659 0.07872625 0.20941667
587.58758759 0.07794216 0.20550512
588.58858859 0.07523627 0.20055687
589.58958959 0.07683450 0.20368127
590.59059059 0.07505900 0.19998412
591.59159159 0.07413137 0.19672406
592.59259259 0.07040096 0.19125605
593.59359359 0.06698034 0.18242958
594.59459459 0.06586682 0.17781657
595.59559560 0.06423641 0.17492212
596.59659660 0.06438816 0.17487987
597.59759760 0.06483562 0.17899654
598.59859860 0.06848124 0.18647945
599.59959960 0.06517056 0.17785338
600.60060060 0.06556941 0.17933749
601.60160160 0.06763257 0.18487040
602.60260260 0.06783952 0.18454635
603.60360360 0.06791036 0.18615978
604.60460460 0.06400958 0.17909440
605.60560561 0.05904266 0.16599823
606.60660661 0.05557846 0.15487260
607.60760761 0.05831598 0.16015383
608.60860861 0.05714827 0.15687153
609.60960961 0.05968034 0.16667167
610.61061061 0.05902469 0.16548525
611.61161161 0.06143962 0.17237018
612.61261261 0.06397685 0.17978148
613.61361361 0.06396373 0.17960813
614.61461461 0.06425567 0.18324407
615.61561562 0.06086989 0.16980086
616.61661662 0.05849201 0.16624222
617.61761762 0.05673616 0.16363567
618.61861862 0.05555920 0.15850319
619.61961962 0.05650075 0.16112203
620.62062062 0.05841384 0.16627415
621.62162162 0.05971433 0.17216563
622.62262262 0.06071221 0.17669436
623.62362362 0.06275619 0.18288844
624.62462462 0.06479151 0.19051476
625.62562563 0.06730300 0.19707730
626.62662663 0.06724180 0.19698121
627.62762763 0.06589916 0.19304506
628.62862863 0.06162265 0.18338585
629.62962963 0.06596351 0.19536181
630.63063063 0.06397190 0.19339702
631.63163163 0.06155559 0.18809078
632.63263263 0.05840480 0.17847253
633.63363363 0.06048399 0.18244425
634.63463463 0.06144619 0.18422610
635.63563564 0.06493545 0.19193250
636.63663664 0.06496904 0.19311345
637.63763764 0.06233376 0.18550905
638.63863864 0.06332227 0.18813083
639.63963964 0.06155855 0.18261157
640.64064064 0.06173880 0.18265744
641.64164164 0.06170334 0.18245375
642.64264264 0.06066606 0.17904676
643.64364364 0.06306492 0.18569554
644.64464464 0.06233026 0.18362292
645.64564565 0.06283756 0.18324878
646.64664665 0.06605135 0.18862027
647.64764765 0.06629934 0.19069195
648.64864865 0.06336442 0.18304452
649.64964965 0.06488963 0.18395818
650.65065065 0.07115163 0.19686343
651.65165165 0.06889017 0.18985255
652.65265265 0.06742670 0.18682426
653.65365365 0.06187979 0.17334812
654.65465465 0.06498137 0.18109061
655.65565566 0.06651366 0.18613595
656.65665666 0.06394010 0.18055195
657.65765766 0.06655689 0.19128683
658.65865866 0.06326906 0.18201600
659.65965966 0.07151417 0.20182415
660.66066066 0.07262021 0.20607990
661.66166166 0.06948313 0.20136654
662.66266266 0.06866221 0.20146064
663.66366366 0.06774739 0.20107446
664.66466466 0.06604199 0.19850252
665.66566567 0.06509948 0.19648596
666.66666667 0.06223127 0.18925027
667.66766767 0.06204166 0.18750352
668.66866867 0.05741531 0.17605348
669.66966967 0.05954027 0.17979230
670.67067067 0.06201179 0.18624802
671.67167167 0.06368669 0.18878374
672.67267267 0.06253466 0.18726712
673.67367367 0.06305677 0.18954182
674.67467467 0.06159489 0.18396127
675.67567568 0.05907911 0.17799995
676.67667668 0.05614619 0.17111196
677.67767768 0.05157125 0.15867521
678.67867868 0.05129271 0.15304991
679.67967968 0.05017064 0.15297531
680.68068068 0.04907392 0.15153852
681.68168168 0.05622038 0.17263620
682.68268268 0.05999584 0.18136775
683.68368368 0.06591405 0.19623961
684.68468468 0.06311999 0.19093925
685.68568569 0.06018505 0.18471821
686.68668669 0.06199935 0.19008434
687.68768769 0.05944702 0.18419634
688.68868869 0.06060946 0.18534230
689.68968969 0.06237724 0.19414705
690.69069069 0.06155960 0.19276826
691.69169169 0.06048011 0.19088755
692.69269269 0.06299647 0.19646952
693.69369369 0.06376191 0.19607746
694.69469469 0.06653622 0.20476805
695.69569570 0.07225522 0.21145203
696.69669670 0.07042178 0.20697173
697.69769770 0.07486750 0.21648254
698.69869870 0.07755874 0.22091260
699.69969970 0.08272975 0.22735629
700.70070070 0.08204332 0.22509315
701.70170170 0.08106252 0.22139665
702.70270270 0.08228741 0.22439196
703.70370370 0.08325985 0.22857962
704.70470470 0.08090691 0.22505451
705.70570571 0.07931141 0.21981098
706.70670671 0.07968360 0.22180582
707.70770771 0.07960687 0.22039572
708.70870871 0.07675454 0.21416834
709.70970971 0.07574534 0.21176383
710.71071071 0.07366292 0.20737020
711.71171171 0.06998075 0.19608035
712.71271271 0.06999108 0.19869967
713.71371371 0.06982560 0.19956944
714.71471471 0.06917428 0.19801728
715.71571572 0.07293631 0.20597183
716.71671672 0.07066255 0.20216627
717.71771772 0.06714921 0.19412883
718.71871872 0.06744451 0.19570945
719.71971972 0.06338179 0.18594901
720.72072072 0.06711803 0.19288076
721.72172172 0.07063924 0.20040637
722.72272272 0.06824052 0.19626291
723.72372372 0.06649897 0.19262964
724.72472472 0.06351897 0.18515508
725.72572573 0.06405901 0.18540549
726.72672673 0.06445436 0.18905401
727.72772773 0.06882733 0.19942198
728.72872873 0.07597045 0.21428276
729.72972973 0.07408680 0.20735354
730.73073073 0.07360087 0.20492336
731.73173173 0.07078517 0.19862138
732.73273273 0.06596731 0.18767214
733.73373373 0.06849822 0.19533619
734.73473473 0.06981882 0.20023674
735.73573574 0.07027835 0.20306837
736.73673674 0.06776461 0.19491066
737.73773774 0.07155557 0.20608705
738.73873874 0.06720084 0.19730172
739.73973974 0.06641811 0.19846975
740.74074074 0.06730596 0.20152534
741.74174174 0.07015982 0.20829237
742.74274274 0.07165440 0.21278086
743.74374374 0.07129164 0.20835696
744.74474474 0.07460401 0.21287119
745.74574575 0.07592425 0.21363861
746.74674675 0.07773433 0.22080540
747.74774775 0.07652685 0.21995911
748.74874875 0.07347176 0.21227611
749.74974975 0.07319771 0.21186952
750.75075075 0.07187844 0.20853529
751.75175175 0.07254019 0.20916511
752.75275275 0.07128225 0.20538340
753.75375375 0.07021364 0.20266424
754.75475475 0.07422424 0.21016061
755.75575576 0.07369177 0.20839906
756.75675676 0.07559637 0.21186932
757.75775776 0.07367660 0.20825802
758.75875876 0.07396985 0.21049982
759.75975976 0.07812556 0.21977653
760.76076076 0.07877881 0.21885739
761.76176176 0.07643581 0.21317667
762.76276276 0.07566145 0.21129952
763.76376376 0.07553593 0.21317460
764.76476476 0.07645883 0.21577097
765.76576577 0.07708381 0.21542262
766.76676677 0.08136322 0.22324528
767.76776777 0.08197961 0.22457134
768.76876877 0.08225774 0.22800335
769.76976977 0.08265752 0.23051952
770.77077077 0.08288475 0.23026711
771.77177177 0.07765421 0.22107353
772.77277277 0.08128970 0.22828833
773.77377377 0.08328424 0.23176936
774.77477477 0.08190044 0.22947586
775.77577578 0.08165531 0.22875539
776.77677678 0.08499096 0.23379483
777.77777778 0.08500103 0.23243935
778.77877878 0.08259129 0.22206955
779.77977978 0.08257439 0.22205769
780.78078078 0.08526905 0.22533125
781.78178178 0.08407317 0.22278518
782.78278278 0.08156743 0.21649434
783.78378378 0.08332721 0.21852837
784.78478478 0.08088466 0.21561250
785.78578579 0.08024878 0.21398525
786.78678679 0.07818987 0.21101154
787.78778779 0.08130241 0.21593453
788.78878879 0.08363956 0.22267585
789.78978979 0.07944869 0.21395848
790.79079079 0.07498121 0.20644370
791.79179179 0.07529219 0.20452896
792.79279279 0.07801978 0.21230031
793.79379379 0.07839143 0.21140400
794.79479479 0.08220901 0.21795827
795.79579580 0.08621890 0.22787623
796.79679680 0.08803364 0.23262865
797.79779780 0.09121692 0.23801143
798.79879880 0.08998951 0.23341954
799.79979980 0.08626413 0.22531422
800.80080080 0.08839714 0.22891692
801.80180180 0.08707042 0.22637796
802.80280280 0.08798817 0.22965489
803.80380380 0.08694574 0.22577441
804.80480480 0.08617339 0.22696060
805.80580581 0.08742445 0.22705238
806.80680681 0.08314453 0.22001183
807.80780781 0.09638395 0.24580110
808.80880881 0.09199424 0.23591897
809.80980981 0.09560034 0.24344373
810.81081081 0.09181501 0.23417919
811.81181181 0.08657827 0.22435017
812.81281281 0.08558350 0.22035907
813.81381381 0.08640444 0.22157435
814.81481481 0.08293381 0.21372692
815.81581582 0.08383075 0.21644518
816.81681682 0.08271160 0.21333638
817.81781782 0.08479620 0.21656023
818.81881882 0.08536588 0.21774497
819.81981982 0.08850588 0.22206526
820.82082082 0.08780290 0.22054098
821.82182182 0.09405542 0.23086591
822.82282282 0.09925313 0.24034796
823.82382382 0.09802770 0.23557837
824.82482482 0.09380038 0.22736398
825.82582583 0.09389425 0.22695882
826.82682683 0.09003202 0.22017733
827.82782783 0.08764550 0.21605182
828.82882883 0.08578582 0.21036186
829.82982983 0.08408967 0.20630566
830.83083083 0.08326922 0.20510428
831.83183183 0.07767947 0.19165379
832.83283283 0.07539592 0.18783359
833.83383383 0.07479418 0.18934697
834.83483483 0.07397303 0.18878098
835.83583584 0.07564569 0.19142407
836.83683684 0.07971452 0.20049394
837.83783784 0.08117374 0.20272115
838.83883884 0.08271907 0.20507642
839.83983984 0.07935989 0.20063817
840.84084084 0.07485134 0.19176655
841.84184184 0.07538463 0.19474702
842.84284284 0.07645679 0.19987741
843.84384384 0.07390833 0.19130344
844.84484484 0.07102945 0.18541186
845.84584585 0.06776585 0.17832467
846.84684685 0.07075890 0.18554940
847.84784785 0.06860696 0.17955521
848.84884885 0.06763184 0.17774775
849.84984985 0.06756926 0.17725192
850.85085085 0.07283649 0.19122707
851.85185185 0.07206363 0.19112504
852.85285285 0.07016635 0.18798754
853.85385385 0.06829285 0.18501917
854.85485485 0.06864818 0.18601440
855.85585586 0.07015840 0.19216973
856.85685686 0.06905352 0.19006642
857.85785786 0.06763879 0.18842198
858.85885886 0.06951961 0.19357490
859.85985986 0.07033615 0.19662226
860.86086086 0.06719474 0.18606636
861.86186186 0.06599466 0.18333727
862.86286286 0.06350897 0.17905089
863.86386386 0.06594563 0.18638285
864.86486486 0.06449322 0.18121631
865.86586587 0.06258205 0.17566802
866.86686687 0.06091670 0.17093192
867.86786787 0.06552495 0.18168170
868.86886887 0.06884329 0.18725216
869.86986987 0.06839569 0.18575478
870.87087087 0.06699883 0.18356245
871.87187187 0.06721024 0.18466222
872.87287287 0.06482349 0.18001705
873.87387387 0.06359783 0.17718952
874.87487487 0.05959256 0.16259590
875.87587588 0.06178020 0.16898823
876.87687688 0.06185808 0.17345661
877.87787788 0.06455750 0.18092139
878.87887888 0.06530788 0.18418819
879.87987988 0.06527710 0.18642903
880.88088088 0.06325807 0.18224929
881.88188188 0.06332797 0.18070687
882.88288288 0.06354271 0.17824369
883.88388388 0.06714662 0.18931073
884.88488488 0.06242304 0.17732770
885.88588589 0.06133723 0.17646979
886.88688689 0.06287694 0.17957998
887.88788789 0.06247151 0.18011822
888.88888889 0.06332703 0.18334495
889.88988989 0.06053401 0.17839383
890.89089089 0.06362941 0.18471456
891.89189189 0.06394294 0.18506390
892.89289289 0.06687984 0.19206413
893.89389389 0.06924964 0.19758151
894.89489489 0.06841674 0.19644730
895.89589590 0.06926968 0.19796835
896.89689690 0.06588958 0.18819155
897.89789790 0.06627440 0.18874947
898.89889890 0.06747450 0.19222302
899.89989990 0.07130094 0.20171163
900.90090090 0.07067062 0.19851237
901.90190190 0.07469556 0.20632133
902.90290290 0.07485782 0.20377002
903.90390390 0.07361074 0.20135772
904.90490490 0.07436759 0.20138515
905.90590591 0.07486984 0.20440961
906.90690691 0.07580550 0.20386823
907.90790791 0.07659165 0.20918957
908.90890891 0.07775253 0.21365190
909.90990991 0.07567361 0.20850772
910.91091091 0.07572289 0.21241876
911.91191191 0.07569452 0.21192295
912.91291291 0.07986406 0.22413584
913.91391391 0.07961689 0.22343993
914.91491491 0.08011407 0.22469888
915.91591592 0.08118729 0.22241883
916.91691692 0.08226095 0.22432192
917.91791792 0.08186549 0.22206191
918.91891892 0.08063711 0.22062234
919.91991992 0.08160497 0.22101269
920.92092092 0.08209078 0.21944137
921.92192192 0.07991913 0.21714797
922.92292292 0.08194656 0.22029479
923.92392392 0.07647503 0.20775282
924.92492492 0.07396387 0.20261673
925.92592593 0.07743903 0.20928514
926.92692693 0.07795002 0.21166261
927.92792793 0.07881777 0.21231887
928.92892893 0.07721608 0.20863074
929.92992993 0.07845734 0.21088248
930.93093093 0.07880908 0.21257699
931.93193193 0.08121001 0.21869337
932.93293293 0.07869269 0.21431458
933.93393393 0.07705564 0.21683346
934.93493493 0.08091717 0.22547581
935.93593594 0.07687237 0.21551441
936.93693694 0.07688782 0.21777294
937.93793794 0.07890801 0.22151074
938.93893894 0.08064969 0.22214717
939.93993994 0.08140120 0.22142787
940.94094094 0.07821919 0.21201364
941.94194194 0.07638355 0.20760428
942.94294294 0.07701068 0.20975278
943.94394394 0.07621647 0.20762654
944.94494494 0.07442084 0.20059374
945.94594595 0.07419439 0.20043130
946.94694695 0.07615965 0.20618340
947.94794795 0.07362144 0.19586080
948.94894895 0.07323660 0.19390581
949.94994995 0.06813040 0.18078636
950.95095095 0.06732001 0.17873273
951.95195195 0.06899399 0.18263373
952.95295295 0.06740841 0.17869073
953.95395395 0.06691852 0.17570742
954.95495495 0.06655176 0.17673204
955.95595596 0.06813482 0.18241227
956.95695696 0.06861251 0.18431228
957.95795796 0.07353848 0.19825907
958.95895896 0.06891748 0.18667245
959.95995996 0.06748347 0.18528145
960.96096096 0.06786960 0.18563688
961.96196196 0.06849268 0.18705062
962.96296296 0.06931458 0.18681459
963.96396396 0.06689914 0.18163284
964.96496496 0.06997366 0.18913958
965.96596597 0.07082643 0.19410185
966.96696697 0.06848894 0.19182207
967.96796797 0.06521829 0.18353918
968.96896897 0.06992607 0.19606981
969.96996997 0.06720455 0.18791129
970.97097097 0.06565508 0.18633162
971.97197197 0.06561499 0.18460017
972.97297297 0.07059915 0.19670285
973.97397397 0.06941863 0.19277960
974.97497497 0.06759700 0.18909456
975.97597598 0.06696104 0.18915481
976.97697698 0.06334771 0.18108265
977.97797798 0.06314018 0.18194451
978.97897898 0.06402766 0.18471321
979.97997998 0.06432932 0.18502469
980.98098098 0.06225485 0.18083516
981.98198198 0.06562690 0.18996937
982.98298298 0.06472537 0.18852456
983.98398398 0.06143821 0.18102011
984.98498498 0.06053457 0.17866717
985.98598599 0.06455549 0.18644969
986.98698699 0.06271273 0.17854314
987.98798799 0.06796033 0.18987841
988.98898899 0.06970322 0.19651992
989.98998999 0.06794260 0.19345003
990.99099099 0.06469726 0.18463876
991.99199199 0.06095698 0.17314333
992.99299299 0.05734164 0.16379915
993.99399399 0.05803762 0.16781337
994.99499499 0.05598584 0.16407301
995.99599600 0.05947008 0.17280526
996.99699700 0.06147083 0.17368622
997.99799800 0.05955192 0.17126373
998.99899900 0.05947781 0.17471203
1000.00000000 0.06295983 0.18203958
