0.00000000 12.00000000 0.00000135
1.00050025 12.04955055 0.12421837
2.00100050 12.02041897 0.27913455
3.00150075 11.86802985 0.31214638
4.00200100 11.78284127 0.35081856
5.00250125 11.77075800 0.43494065
6.00300150 11.73594265 0.46838366
7.00350175 11.63660709 0.50238695
8.00400200 11.59225785 0.52852236
9.00450225 11.56096556 0.59275561
10.00500250 11.53361462 0.62185734
11.00550275 11.43617036 0.62670860
12.00600300 11.44078174 0.67761157
13.00650325 11.40068285 0.72054655
14.00700350 11.34243438 0.72005369
15.00750375 11.27831834 0.72901655
16.00800400 11.24780691 0.76769065
17.00850425 11.19603043 0.80883679
18.00900450 11.14596990 0.82587380
19.00950475 11.09993331 0.83897071
20.01000500 11.06650384 0.86601364
21.01050525 11.03356524 0.88822362
22.01100550 11.00181342 0.89786757
23.01150575 10.97302284 0.92895423
24.01200600 10.95361328 0.93540767
25.01250625 10.91693852 0.97392158
26.01300650 10.87830611 0.99498137
27.01350675 10.84952264 1.02049428
28.01400700 10.80207881 1.06546777
29.01450725 10.77735467 1.07457982
30.01500750 10.73192777 1.10481110
31.01550775 10.71368456 1.10866237
32.01600800 10.68641262 1.12081244
33.01650825 10.64541692 1.13850892
34.01700850 10.62142183 1.14115487
35.01750875 10.60077500 1.15779564
36.01800900 10.55908759 1.18518804
37.01850925 10.53991443 1.20469793
38.01900950 10.52804880 1.20298248
39.01950975 10.48868518 1.23471273
40.02001001 10.46130370 1.25309841
41.02051026 10.41878761 1.28027824
42.02101051 10.38470403 1.29766885
43.02151076 10.35836902 1.30546506
44.02201101 10.34382177 1.32272802
45.02251126 10.30791669 1.34431876
46.02301151 10.29136577 1.34583520
47.02351176 10.27390666 1.36865188
48.02401201 10.25845193 1.38308285
49.02451226 10.23857695 1.38839008
50.02501251 10.22811540 1.38363217
51.02551276 10.19737561 1.39857422
52.02601301 10.17999836 1.41192899
53.02651326 10.15598194 1.42033435
54.02701351 10.12620163 1.44420688
55.02751376 10.09158674 1.45203264
56.02801401 10.07141038 1.46450703
57.02851426 10.05748718 1.48004734
58.02901451 10.02361822 1.50526907
59.02951476 9.98991170 1.52228077
60.03001501 9.97504861 1.53512396
61.03051526 9.95668917 1.54639049
62.03101551 9.94557652 1.55518829
63.03151576 9.90289938 1.57993934
64.03201601 9.86711004 1.58605474
65.03251626 9.85510677 1.59012505
66.03301651 9.81600372 1.61746818
67.03351676 9.77867822 1.62988204
68.03401701 9.76720892 1.65417404
69.03451726 9.74196689 1.66257590
70.03501751 9.72758066 1.66600527
71.03551776 9.70415933 1.68845280
72.03601801 9.68223036 1.70593992
73.03651826 9.64752994 1.73269835
74.03701851 9.63306876 1.73317443
75.03751876 9.60913832 1.75367042
76.03801901 9.58410087 1.77326116
77.03851926 9.55387847 1.79344179
78.03901951 9.52195710 1.80545524
79.03951976 9.50089041 1.82024317
80.04002001 9.47197770 1.84050963
81.04052026 9.45508607 1.85470736
82.04102051 9.43460367 1.87307529
83.04152076 9.41460074 1.90330248
84.04202101 9.39307461 1.92150604
85.04252126 9.37807135 1.93340552
86.04302151 9.35890676 1.94455941
87.04352176 9.34444781 1.95100262
88.04402201 9.32300450 1.97503378
89.04452226 9.30186841 1.99358059
90.04502251 9.26949460 2.01820366
91.04552276 9.24466800 2.03740581
92.04602301 9.22076157 2.04595577
93.04652326 9.20624304 2.04650670
94.04702351 9.17915802 2.07217020
95.04752376 9.15029687 2.09090159
96.04802401 9.13651670 2.09998314
97.04852426 9.10989414 2.12989021
98.04902451 9.09027641 2.15361695
99.04952476 9.05812246 2.18265916
100.05002501 9.04314801 2.19203056
101.05052526 9.02167813 2.21326152
102.05102551 9.00232635 2.21971757
103.05152576 8.98020693 2.23743491
104.05202601 8.96162198 2.25673498
105.05252626 8.94259445 2.27226726
106.05302651 8.92791768 2.28663940
107.05352676 8.91605261 2.29628694
108.05402701 8.89242093 2.30773449
109.05452726 8.87763233 2.32018623
110.05502751 8.86387171 2.33373158
111.05552776 8.83250233 2.35944941
112.05602801 8.81465562 2.35788365
113.05652826 8.79318110 2.35275893
114.05702851 8.78255729 2.35917930
115.05752876 8.76206458 2.38500924
116.05802901 8.75389452 2.38971698
117.05852926 8.73407403 2.40768053
118.05902951 8.71401899 2.42790603
119.05952976 8.69909671 2.43429495
120.06003002 8.69337402 2.45193909
121.06053027 8.66991265 2.46150323
122.06103052 8.64291848 2.46257378
123.06153077 8.62503667 2.47820015
124.06203102 8.61313330 2.48484167
125.06253127 8.59573190 2.49590588
126.06303152 8.56868116 2.51137337
127.06353177 8.54832234 2.51427859
128.06403202 8.53263942 2.52117066
129.06453227 8.51990924 2.53066508
130.06503252 8.50204520 2.54263515
131.06553277 8.49628941 2.54119215
132.06603302 8.48382221 2.55274735
133.06653327 8.46167754 2.56455895
134.06703352 8.43105177 2.58190823
135.06753377 8.41400429 2.58702382
136.06803402 8.40214492 2.60082629
137.06853427 8.38907439 2.60648107
138.06903452 8.35889769 2.62566815
139.06953477 8.34382751 2.63484077
140.07003502 8.32417424 2.64553885
141.07053527 8.32732408 2.64504080
142.07103552 8.30639651 2.65973492
143.07153577 8.29851911 2.67094401
144.07203602 8.27365772 2.68522773
145.07253627 8.25120029 2.69201630
146.07303652 8.21989429 2.70110622
147.07353677 8.20579532 2.70798369
148.07403702 8.18166132 2.70588497
149.07453727 8.17200803 2.70380632
150.07503752 8.15724710 2.71655405
151.07553777 8.14731579 2.71934973
152.07603802 8.12670134 2.72706483
153.07653827 8.10636592 2.71733142
154.07703852 8.10097157 2.72414088
155.07753877 8.06499964 2.74091568
156.07803902 8.05000621 2.75684533
157.07853927 8.02588386 2.77976882
158.07903952 8.00399380 2.78949079
159.07953977 7.97987571 2.80870708
160.08004002 7.95781204 2.81232422
161.08054027 7.95147859 2.81709834
162.08104052 7.94614425 2.81088834
163.08154077 7.93531087 2.81325757
164.08204102 7.92200557 2.81472098
165.08254127 7.90108657 2.82176983
166.08304152 7.88910642 2.83502952
167.08354177 7.86596878 2.84493658
168.08404202 7.85674188 2.85327955
169.08454227 7.84337706 2.86808647
170.08504252 7.81397466 2.87442737
171.08554277 7.78483007 2.88668987
172.08604302 7.76881161 2.90284046
173.08654327 7.75356901 2.89968571
174.08704352 7.72518803 2.92534940
175.08754377 7.71309353 2.94015113
176.08804402 7.69448064 2.93679266
177.08854427 7.66131967 2.93658877
178.08904452 7.64904051 2.95771106
179.08954477 7.63320788 2.96664899
180.09004502 7.59786571 2.97518482
181.09054527 7.57215220 2.98307553
182.09104552 7.55140614 2.98908105
183.09154577 7.52898038 2.98449427
184.09204602 7.49355024 2.99169608
185.09254627 7.48965688 2.99666241
186.09304652 7.47190920 3.00764384
187.09354677 7.45827768 3.01613728
188.09404702 7.43966198 3.02842469
189.09454727 7.42896187 3.02937636
190.09504752 7.41240360 3.04233849
191.09554777 7.39872497 3.04891898
192.09604802 7.37079175 3.04772660
193.09654827 7.35377448 3.04955528
194.09704852 7.34549161 3.05078099
195.09754877 7.32952472 3.05220500
196.09804902 7.30358664 3.06025027
197.09854927 7.28251453 3.06073138
198.09904952 7.25963219 3.06841582
199.09954977 7.24300394 3.07493361
200.10005003 7.22642818 3.08076430
201.10055028 7.19674071 3.08291083
202.10105053 7.16904658 3.07758587
203.10155078 7.14793083 3.08266338
204.10205103 7.12198088 3.09005761
205.10255128 7.11051887 3.09851976
206.10305153 7.08831099 3.10755791
207.10355178 7.07276255 3.10288920
208.10405203 7.04826336 3.10993389
209.10455228 7.03237908 3.11732281
210.10505253 7.00013328 3.12134876
211.10555278 6.99350270 3.12620008
212.10605303 6.98080415 3.13078724
213.10655328 6.96513140 3.13424582
214.10705353 6.94779351 3.14368314
215.10755378 6.93407328 3.16277870
216.10805403 6.91946634 3.16655139
217.10855428 6.89629942 3.17573951
218.10905453 6.87531528 3.17540245
219.10955478 6.85029413 3.17120676
220.11005503 6.84904369 3.16574957
221.11055528 6.83171013 3.16616771
222.11105553 6.81178117 3.17419294
223.11155578 6.79371204 3.17397644
224.11205603 6.77683800 3.18565941
225.11255628 6.76766973 3.18756399
226.11305653 6.75397040 3.20180426
227.11355678 6.73363233 3.20523963
228.11405703 6.72197519 3.22015838
229.11455728 6.70930889 3.22567910
230.11505753 6.68994771 3.23035390
231.11555778 6.66506424 3.24131386
232.11605803 6.65471535 3.24547265
233.11655828 6.64790903 3.25034012
234.11705853 6.64661535 3.25511486
235.11755878 6.63063679 3.24933703
236.11805903 6.61290356 3.25168074
237.11855928 6.60266650 3.25589976
238.11905953 6.58254689 3.26126897
239.11955978 6.56438855 3.26119725
240.12006003 6.56024656 3.25591114
241.12056028 6.54987855 3.25667621
242.12106053 6.53278665 3.25929384
243.12156078 6.52155675 3.26639497
244.12206103 6.51036511 3.26464462
245.12256128 6.50141762 3.26204075
246.12306153 6.49067130 3.25465306
247.12356178 6.45729589 3.26111353
248.12406203 6.45030963 3.25927780
249.12456228 6.43187502 3.25321149
250.12506253 6.42113834 3.26380113
251.12556278 6.39702035 3.26382633
252.12606303 6.37776046 3.25862551
253.12656328 6.36409379 3.27287028
254.12706353 6.34203532 3.26185305
255.12756378 6.33106801 3.26301783
256.12806403 6.32052861 3.26534531
257.12856428 6.30164152 3.26384510
258.12906453 6.27795573 3.27365510
259.12956478 6.27784479 3.27683692
260.13006503 6.24675701 3.28855567
261.13056528 6.22476012 3.29544490
262.13106553 6.21380447 3.29172847
263.13156578 6.19574194 3.29892884
264.13206603 6.16753974 3.31063641
265.13256628 6.14502503 3.31618452
266.13306653 6.13124090 3.30734509
267.13356678 6.11143068 3.31233669
268.13406703 6.09680874 3.30910497
269.13456728 6.07006304 3.32009776
270.13506753 6.07463704 3.31903992
271.13556778 6.05913099 3.32624849
272.13606803 6.03772725 3.32908851
273.13656828 6.01921635 3.33764427
274.13706853 5.99668176 3.33761647
275.13756878 5.97789145 3.34042468
276.13806903 5.96601375 3.34658517
277.13856928 5.93655431 3.35041750
278.13906953 5.91804287 3.34539112
279.13956978 5.90519472 3.34744619
280.14007004 5.88163773 3.35054383
281.14057029 5.85643888 3.35589835
282.14107054 5.83766043 3.35987289
283.14157079 5.81145209 3.37435751
284.14207104 5.78844437 3.37680159
285.14257129 5.77333568 3.38232771
286.14307154 5.75735321 3.38812058
287.14357179 5.73286163 3.39752684
288.14407204 5.70777233 3.38964982
289.14457229 5.69344729 3.39380588
290.14507254 5.67963159 3.39581205
291.14557279 5.65106034 3.39008916
292.14607304 5.64624191 3.39890111
293.14657329 5.62219109 3.39484603
294.14707354 5.60440080 3.39712295
295.14757379 5.59434208 3.40098854
296.14807404 5.57279698 3.40456386
297.14857429 5.55069978 3.40649613
298.14907454 5.54535134 3.40715008
299.14957479 5.52548762 3.40369636
300.15007504 5.49836501 3.40440819
301.15057529 5.48556080 3.40415151
302.15107554 5.47470309 3.40761355
303.15157579 5.45676796 3.41278662
304.15207604 5.44105956 3.39913437
305.15257629 5.41773626 3.39406271
306.15307654 5.39461927 3.40021595
307.15357679 5.38305971 3.41147860
308.15407704 5.37245549 3.40474235
309.15457729 5.34822290 3.41356928
310.15507754 5.33553718 3.41157934
311.15557779 5.32287879 3.41151347
312.15607804 5.31018574 3.41550329
313.15657829 5.29744210 3.41582045
314.15707854 5.27718453 3.41986421
315.15757879 5.26393945 3.42223178
316.15807904 5.24798439 3.43167916
317.15857929 5.23554880 3.44065352
318.15907954 5.21106151 3.44182445
319.15957979 5.19446002 3.44088475
320.16008004 5.17902113 3.43660351
321.16058029 5.16907680 3.43898873
322.16108054 5.14883342 3.44265617
323.16158079 5.14014112 3.44186489
324.16208104 5.12390429 3.45078442
325.16258129 5.10872484 3.44398693
326.16308154 5.08853080 3.45165125
327.16358179 5.06437102 3.44533913
328.16408204 5.06482610 3.44156533
329.16458229 5.05199052 3.44666677
330.16508254 5.04180906 3.44941195
331.16558279 5.02551635 3.45647373
332.16608304 5.01928132 3.45592224
333.16658329 5.00565467 3.46392590
334.16708354 4.98816657 3.45915525
335.16758379 4.97247827 3.45821292
336.16808404 4.96705468 3.45969376
337.16858429 4.95620935 3.45781814
338.16908454 4.93799423 3.45813220
339.16958479 4.92458667 3.45327146
340.17008504 4.90948538 3.45843951
341.17058529 4.89911791 3.46478616
342.17108554 4.88737741 3.46999842
343.17158579 4.86771094 3.47061962
344.17208604 4.85179128 3.48050135
345.17258629 4.82695610 3.48524723
346.17308654 4.81425285 3.48736317
347.17358679 4.80234956 3.48855038
348.17408704 4.79177929 3.49322367
349.17458729 4.78027961 3.48624165
350.17508754 4.76316108 3.48892408
351.17558779 4.74608773 3.48308592
352.17608804 4.72557662 3.48605306
353.17658829 4.70649124 3.49105400
354.17708854 4.69767268 3.49573245
355.17758879 4.68924145 3.49385244
356.17808904 4.68244336 3.48948269
357.17858929 4.66479930 3.48992199
358.17908954 4.65202135 3.49727391
359.17958979 4.64072202 3.49451930
360.18009005 4.63290319 3.49683426
361.18059030 4.62380242 3.49369797
362.18109055 4.59971909 3.49036689
363.18159080 4.58383642 3.48791627
364.18209105 4.56226035 3.49260157
365.18259130 4.55538821 3.49278795
366.18309155 4.53467910 3.49460296
367.18359180 4.51620239 3.49943304
368.18409205 4.50999187 3.48811829
369.18459230 4.49420386 3.49015865
370.18509255 4.49231046 3.48749551
371.18559280 4.47884771 3.48626149
372.18609305 4.45255363 3.48674122
373.18659330 4.45016907 3.48675766
374.18709355 4.42809901 3.47299252
375.18759380 4.41500328 3.48052954
376.18809405 4.39882343 3.47648114
377.18859430 4.39400342 3.47642757
378.18909455 4.39323084 3.48064256
379.18959480 4.37632462 3.47098373
380.19009505 4.35789427 3.47111346
381.19059530 4.35449392 3.46636376
382.19109555 4.34771007 3.46586463
383.19159580 4.32344621 3.46319663
384.19209605 4.31764574 3.46495876
385.19259630 4.30085280 3.46472302
386.19309655 4.28765445 3.45813198
387.19359680 4.28620096 3.46275292
388.19409705 4.27727397 3.46809766
389.19459730 4.26403998 3.47415596
390.19509755 4.25666955 3.47320024
391.19559780 4.24795947 3.47506402
392.19609805 4.23788174 3.47993030
393.19659830 4.22154643 3.48483748
394.19709855 4.20829637 3.47957275
395.19759880 4.19176971 3.47009583
396.19809905 4.18582134 3.47573039
397.19859930 4.18437737 3.47823757
398.19909955 4.17392155 3.47049687
399.19959980 4.15774326 3.46293513
400.20010005 4.14852690 3.45879958
401.20060030 4.13961105 3.46413805
402.20110055 4.12814972 3.46392297
403.20160080 4.11919556 3.46727168
404.20210105 4.11421679 3.46930531
405.20260130 4.08891514 3.45976529
406.20310155 4.07062036 3.45085310
407.20360180 4.06309883 3.44765290
408.20410205 4.04983025 3.45184771
409.20460230 4.02255627 3.44221654
410.20510255 4.00773500 3.43638281
411.20560280 3.99598522 3.43877561
412.20610305 3.98234810 3.44031911
413.20660330 3.97535254 3.44371425
414.20710355 3.96218508 3.44327284
415.20760380 3.95603007 3.44679464
416.20810405 3.93946389 3.43889331
417.20860430 3.91699918 3.43401595
418.20910455 3.90908718 3.43584332
419.20960480 3.90236126 3.43502839
420.21010505 3.89666747 3.43981743
421.21060530 3.88172370 3.44555281
422.21110555 3.86262720 3.43773794
423.21160580 3.84975495 3.44203927
424.21210605 3.83274452 3.43411993
425.21260630 3.82239013 3.43695420
426.21310655 3.80992821 3.43593733
427.21360680 3.79871003 3.43647721
428.21410705 3.77884224 3.43332194
429.21460730 3.77133868 3.43551042
430.21510755 3.75057642 3.43344250
431.21560780 3.73754184 3.43464674
432.21610805 3.72183693 3.43199623
433.21660830 3.71347837 3.43005939
434.21710855 3.70939901 3.43158295
435.21760880 3.70225842 3.43346669
436.21810905 3.68351697 3.43374279
437.21860930 3.67757268 3.43645689
438.21910955 3.67083112 3.43628247
439.21960980 3.66295931 3.43620697
440.22011006 3.66040433 3.43228497
441.22061031 3.64610623 3.43377176
442.22111056 3.63926469 3.43498850
443.22161081 3.62612019 3.43549880
444.22211106 3.61741095 3.43299056
445.22261131 3.59796863 3.43080237
446.22311156 3.58147589 3.42311245
447.22361181 3.57169066 3.42547703
448.22411206 3.55808050 3.41631510
449.22461231 3.54135373 3.41087196
450.22511256 3.52345113 3.40606996
451.22561281 3.52110544 3.40986458
452.22611306 3.51400776 3.40878924
453.22661331 3.48506096 3.40115546
454.22711356 3.46324015 3.39644582
455.22761381 3.44995214 3.39429982
456.22811406 3.44427094 3.39173608
457.22861431 3.44059579 3.39223301
458.22911456 3.42492539 3.38896216
459.22961481 3.41070901 3.39244740
460.23011506 3.39731498 3.39618029
461.23061531 3.37337628 3.38659040
462.23111556 3.35859510 3.37938527
463.23161581 3.33798625 3.37105480
464.23211606 3.32777228 3.36902888
465.23261631 3.30939475 3.36380652
466.23311656 3.30029299 3.36259884
467.23361681 3.29897981 3.35822853
468.23411706 3.28674910 3.35973807
469.23461731 3.27403404 3.35239635
470.23511756 3.25378430 3.34523910
471.23561781 3.24613649 3.34366590
472.23611806 3.23835981 3.34370021
473.23661831 3.23149727 3.34377560
474.23711856 3.22261704 3.34281456
475.23761881 3.21229152 3.33819588
476.23811906 3.20476311 3.33602816
477.23861931 3.18915247 3.32613376
478.23911956 3.17693394 3.31997644
479.23961981 3.16839170 3.32069861
480.24012006 3.15929569 3.32243961
481.24062031 3.15070424 3.32034347
482.24112056 3.13983911 3.31511103
483.24162081 3.12823108 3.31124720
484.24212106 3.11320627 3.30405715
485.24262131 3.10651440 3.30070795
486.24312156 3.09895972 3.29854489
487.24362181 3.08784109 3.29058622
488.24412206 3.08328596 3.29484419
489.24462231 3.06859223 3.28424755
490.24512256 3.05660222 3.28092993
491.24562281 3.04204153 3.27431204
492.24612306 3.03661434 3.27696018
493.24662331 3.02270458 3.27392253
494.24712356 3.01654178 3.27304991
495.24762381 3.00314803 3.26701222
496.24812406 2.98855901 3.26822033
497.24862431 2.98970491 3.26319655
498.24912456 2.98062252 3.25660854
499.24962481 2.96797150 3.25262276
500.25012506 2.97429338 3.25881450
501.25062531 2.96902342 3.25762253
502.25112556 2.96139187 3.25433413
503.25162581 2.95670025 3.24875762
504.25212606 2.95406343 3.25085658
505.25262631 2.93864585 3.24866127
506.25312656 2.92313492 3.23473362
507.25362681 2.92137758 3.24149694
508.25412706 2.90694064 3.23227172
509.25462731 2.90668522 3.23225448
510.25512756 2.89382862 3.22963034
511.25562781 2.87544985 3.22320312
512.25612806 2.85703343 3.22055806
513.25662831 2.85233382 3.21800276
514.25712856 2.83970966 3.22161885
515.25762881 2.83574526 3.21690419
516.25812906 2.84139716 3.21587577
517.25862931 2.83290702 3.21547901
518.25912956 2.82099236 3.21305928
519.25962981 2.80733027 3.20338918
520.26013007 2.79067754 3.19850155
521.26063032 2.77689309 3.20081949
522.26113057 2.77069240 3.20641463
523.26163082 2.75377706 3.19819522
524.26213107 2.73811836 3.18963223
525.26263132 2.72479080 3.18042810
526.26313157 2.71194889 3.17463695
527.26363182 2.70697800 3.18013050
528.26413207 2.69802033 3.18076855
529.26463232 2.69472160 3.18433370
530.26513257 2.68105007 3.17894918
531.26563282 2.67108494 3.17118981
532.26613307 2.66185078 3.16811986
533.26663332 2.65278166 3.16763652
534.26713357 2.64274667 3.16498742
535.26763382 2.63112322 3.15456594
536.26813407 2.61390874 3.14124090
537.26863432 2.60340086 3.13864404
538.26913457 2.59792326 3.13376658
539.26963482 2.58637426 3.12757956
540.27013507 2.57419143 3.11730775
541.27063532 2.56517037 3.10631628
542.27113557 2.55108667 3.10319308
543.27163582 2.52890235 3.08841658
544.27213607 2.52137482 3.08710631
545.27263632 2.51499407 3.08424640
546.27313657 2.50100665 3.07073567
547.27363682 2.48908143 3.06656394
548.27413707 2.47714425 3.06398241
549.27463732 2.46824045 3.06331169
550.27513757 2.45923555 3.05501767
551.27563782 2.43843812 3.04008211
552.27613807 2.43432159 3.03981676
553.27663832 2.42873611 3.03687926
554.27713857 2.42480171 3.03858969
555.27763882 2.41632903 3.03622194
556.27813907 2.41557718 3.03530935
557.27863932 2.40796411 3.03187248
558.27913957 2.39614756 3.02696521
559.27963982 2.39085310 3.02312278
560.28014007 2.37501483 3.00828758
561.28064032 2.36938207 3.00265607
562.28114057 2.35667613 3.00395629
563.28164082 2.33677922 2.99732380
564.28214107 2.32668141 2.99310884
565.28264132 2.31383050 2.99174281
566.28314157 2.30513600 2.99132901
567.28364182 2.28876343 2.97983288
568.28414207 2.28480812 2.98257051
569.28464232 2.27937559 2.97422271
570.28514257 2.26268604 2.96866636
571.28564282 2.25725341 2.96466720
572.28614307 2.24589772 2.96010402
573.28664332 2.24422013 2.95934362
574.28714357 2.22678942 2.95779916
575.28764382 2.22717514 2.96269440
576.28814407 2.22198909 2.96341464
577.28864432 2.20836220 2.96102722
578.28914457 2.20244828 2.96143939
579.28964482 2.19128648 2.95722772
580.29014507 2.18452048 2.95547385
581.29064532 2.17474144 2.95239407
582.29114557 2.16212145 2.94991189
583.29164582 2.15103158 2.94409489
584.29214607 2.14234910 2.94104602
585.29264632 2.13735530 2.93615717
586.29314657 2.12932275 2.93181473
587.29364682 2.11646669 2.91994382
588.29414707 2.10465059 2.91228781
589.29464732 2.09745864 2.91330003
590.29514757 2.09291423 2.91150006
591.29564782 2.08703635 2.90863779
592.29614807 2.08449804 2.90860649
593.29664832 2.07638120 2.90979178
594.29714857 2.06364031 2.89233123
595.29764882 2.05599543 2.88653833
596.29814907 2.05264687 2.88874417
597.29864932 2.04248106 2.89050651
598.29914957 2.03532370 2.88393340
599.29964982 2.02847639 2.88313059
600.30015008 2.02123379 2.88139750
601.30065033 2.02389893 2.88072988
602.30115058 2.02445044 2.88732421
603.30165083 2.01407458 2.88165852
604.30215108 2.00012894 2.87698849
605.30265133 1.99631172 2.87672866
606.30315158 1.98303532 2.87054600
607.30365183 1.97603709 2.86409859
608.30415208 1.96604789 2.85607696
609.30465233 1.95231190 2.84841021
610.30515258 1.94139626 2.84501322
611.30565283 1.93179411 2.83625520
612.30615308 1.92444588 2.82892782
613.30665333 1.91665684 2.82469063
614.30715358 1.90646584 2.82319422
615.30765383 1.88961854 2.81325402
616.30815408 1.88320811 2.81026560
617.30865433 1.87430594 2.80609085
618.30915458 1.86176215 2.80180939
619.30965483 1.85949083 2.80861906
620.31015508 1.85147731 2.80431951
621.31065533 1.84455671 2.80328339
622.31115558 1.83691058 2.79910646
623.31165583 1.82459075 2.78948349
624.31215608 1.81959460 2.78540351
625.31265633 1.80858872 2.77832482
626.31315658 1.79896138 2.77831097
627.31365683 1.78711002 2.76876333
628.31415708 1.78107296 2.76551460
629.31465733 1.77292897 2.76144986
630.31515758 1.76444728 2.75831574
631.31565783 1.75957175 2.75441125
632.31615808 1.75118721 2.74900203
633.31665833 1.74246483 2.74502977
634.31715858 1.73308434 2.74114386
635.31765883 1.72929980 2.73529399
636.31815908 1.71120971 2.72528544
637.31865933 1.70890396 2.72199856
638.31915958 1.70025760 2.71341945
639.31965983 1.69293591 2.71245153
640.32016008 1.68657671 2.70324677
641.32066033 1.67631611 2.69000270
642.32116058 1.66877961 2.68515995
643.32166083 1.65746845 2.67402554
644.32216108 1.65202760 2.67043548
645.32266133 1.64493547 2.66292816
646.32316158 1.64084919 2.66103930
647.32366183 1.62986739 2.65873051
648.32416208 1.61705868 2.65327207
649.32466233 1.62155262 2.65121968
650.32516258 1.61395189 2.65085879
651.32566283 1.61056251 2.64938727
652.32616308 1.60338344 2.64717619
653.32666333 1.59131481 2.64500744
654.32716358 1.58733006 2.64327126
655.32766383 1.58070450 2.64095543
656.32816408 1.57228555 2.63771751
657.32866433 1.56281078 2.62428804
658.32916458 1.54927447 2.61908984
659.32966483 1.54653527 2.61909160
660.33016508 1.54185539 2.61713359
661.33066533 1.53239506 2.60808646
662.33116558 1.52869123 2.60675005
663.33166583 1.52404004 2.60521894
664.33216608 1.51627448 2.59742863
665.33266633 1.51144072 2.59136716
666.33316658 1.50355238 2.58808636
667.33366683 1.50347556 2.58938917
668.33416708 1.49916083 2.58820400
669.33466733 1.48663092 2.57492093
670.33516758 1.48631059 2.56589123
671.33566783 1.48086673 2.56616164
672.33616808 1.47719196 2.56195938
673.33666833 1.47369509 2.55881527
674.33716858 1.47428194 2.56029062
675.33766883 1.46659191 2.55539429
676.33816908 1.45489979 2.54810612
677.33866933 1.44633077 2.54404988
678.33916958 1.44533880 2.54497567
679.33966983 1.43740445 2.53477038
680.34017009 1.42539699 2.53066318
681.34067034 1.42078452 2.52909969
682.34117059 1.41567214 2.52476941
683.34167084 1.40772931 2.51823230
684.34217109 1.39963626 2.51528621
685.34267134 1.39083279 2.51191487
686.34317159 1.38825939 2.51329962
687.34367184 1.38006244 2.50901050
688.34417209 1.37630217 2.50668309
689.34467234 1.37245575 2.50665709
690.34517259 1.37334093 2.50794460
691.34567284 1.36369249 2.50048524
692.34617309 1.35457906 2.49527707
693.34667334 1.35096510 2.49365000
694.34717359 1.34056552 2.48945979
695.34767384 1.33733930 2.49003689
696.34817409 1.33443263 2.48737263
697.34867434 1.32949461 2.48741523
698.34917459 1.32274392 2.48362947
699.34967484 1.32359751 2.48673675
700.35017509 1.32421242 2.48615953
701.35067534 1.31800148 2.48169649
702.35117559 1.31561146 2.47021734
703.35167584 1.30763928 2.46225061
704.35217609 1.30120128 2.46662734
705.35267634 1.29756248 2.46373100
706.35317659 1.29225078 2.45602585
707.35367684 1.28919798 2.45492256
708.35417709 1.28424825 2.45422774
709.35467734 1.27978732 2.45119436
710.35517759 1.27656046 2.43962676
711.35567784 1.26576618 2.43031257
712.35617809 1.26248616 2.42713615
713.35667834 1.24884429 2.42061622
714.35717859 1.24653636 2.41666158
715.35767884 1.24303660 2.41595172
716.35817909 1.23598166 2.40834952
717.35867934 1.23061177 2.40428577
718.35917959 1.22462050 2.40116592
719.35967984 1.22304310 2.40253400
720.36018009 1.21551416 2.40072972
721.36068034 1.21196951 2.39865185
722.36118059 1.20771529 2.39567617
723.36168084 1.20271657 2.39435953
724.36218109 1.19449569 2.38331685
725.36268134 1.19212980 2.38080483
726.36318159 1.18327328 2.37292282
727.36368184 1.17407016 2.37046046
728.36418209 1.16179518 2.35057698
729.36468234 1.16452931 2.35255264
730.36518259 1.15845384 2.34837373
731.36568284 1.15528860 2.34084344
732.36618309 1.14977464 2.33918962
733.36668334 1.14517897 2.33029129
734.36718359 1.14357517 2.32872001
735.36768384 1.13800896 2.31527005
736.36818409 1.13174131 2.31793271
737.36868434 1.12431944 2.31467501
738.36918459 1.12095976 2.31561291
739.36968484 1.11992739 2.31244024
740.37018509 1.11476189 2.31159082
741.37068534 1.11211211 2.30993082
742.37118559 1.10649633 2.30367067
743.37168584 1.10380909 2.29960838
744.37218609 1.09361406 2.29106115
745.37268634 1.08934523 2.28770886
746.37318659 1.08585512 2.28401211
747.37368684 1.07909738 2.28458186
748.37418709 1.07822988 2.28218835
749.37468734 1.07120048 2.27214957
750.37518759 1.07482218 2.27926423
751.37568784 1.07308734 2.27429278
752.37618809 1.07337157 2.27740770
753.37668834 1.06887287 2.27313047
754.37718859 1.05860304 2.26461930
755.37768884 1.05862622 2.27105621
756.37818909 1.04874238 2.25916631
757.37868934 1.04451914 2.25897396
758.37918959 1.04288324 2.25832302
759.37968984 1.04185566 2.25939447
760.38019010 1.03436884 2.25445685
761.38069035 1.03195225 2.25105692
762.38119060 1.02829327 2.24544699
763.38169085 1.02510810 2.24284129
764.38219110 1.02343921 2.24207404
765.38269135 1.02620276 2.24591011
766.38319160 1.02195890 2.24522309
767.38369185 1.01274397 2.23111661
768.38419210 1.00644558 2.21997895
769.38469235 1.00027294 2.21458838
770.38519260 0.99955324 2.21304985
771.38569285 0.99814212 2.21367735
772.38619310 0.98722049 2.20540771
773.38669335 0.97774668 2.19990961
774.38719360 0.98117078 2.20512610
775.38769385 0.98063762 2.20507819
776.38819410 0.97860603 2.20430687
777.38869435 0.97476585 2.20298534
778.38919460 0.97468309 2.20321000
779.38969485 0.97349010 2.20562662
780.39019510 0.97707717 2.20934130
781.39069535 0.97487164 2.20766921
782.39119560 0.97177503 2.20537327
783.39169585 0.97110863 2.20984759
784.39219610 0.96944944 2.20503371
785.39269635 0.96546215 2.20614155
786.39319660 0.96236368 2.20609457
787.39369685 0.95886452 2.20371143
788.39419710 0.95240537 2.19559678
789.39469735 0.95110398 2.19242653
790.39519760 0.94518667 2.19022924
791.39569785 0.94272405 2.19345104
792.39619810 0.94008387 2.19278896
793.39669835 0.94044937 2.19441061
794.39719860 0.93746002 2.18988882
795.39769885 0.93234291 2.18747905
796.39819910 0.92934959 2.18167409
797.39869935 0.92399176 2.16981144
798.39919960 0.92106206 2.16744631
799.39969985 0.91730529 2.16730646
800.40020010 0.91736699 2.16726220
801.40070035 0.90828159 2.15700263
802.40120060 0.90719097 2.16219724
803.40170085 0.90747491 2.16797161
804.40220110 0.90171768 2.15738611
805.40270135 0.90344518 2.15840457
806.40320160 0.89802901 2.14904889
807.40370185 0.89084376 2.14043741
808.40420210 0.89142919 2.14066262
809.40470235 0.88393998 2.13272805
810.40520260 0.87238841 2.11930353
811.40570285 0.86532863 2.10470182
812.40620310 0.86332773 2.09964041
813.40670335 0.85940622 2.09245085
814.40720360 0.85127644 2.08795544
815.40770385 0.84877104 2.08861400
816.40820410 0.84327238 2.07373039
817.40870435 0.83564607 2.06091713
818.40920460 0.83215369 2.05966467
819.40970485 0.82785687 2.06276973
820.41020510 0.82376936 2.05536018
821.41070535 0.81230550 2.02941128
822.41120560 0.80972151 2.02921852
823.41170585 0.80828636 2.03016158
824.41220610 0.80140396 2.02171773
825.41270635 0.80244430 2.02262866
826.41320660 0.80448249 2.02341790
827.41370685 0.79625693 2.00735927
828.41420710 0.79285692 2.00762111
829.41470735 0.78571870 2.00279043
830.41520760 0.78497333 2.00204871
831.41570785 0.78262540 2.00494462
832.41620810 0.77839040 1.99928066
833.41670835 0.77618186 1.99481121
834.41720860 0.77627907 1.99705593
835.41770885 0.77284129 1.99173333
836.41820910 0.76852151 1.98839510
837.41870935 0.76616284 1.98011477
838.41920960 0.76671108 1.98147207
839.41970985 0.76499619 1.98009826
840.42021011 0.76269909 1.98066505
841.42071036 0.75642826 1.96755775
842.42121061 0.75199509 1.96624010
843.42171086 0.75198429 1.96814977
844.42221111 0.75021817 1.96160905
845.42271136 0.74748578 1.95877568
846.42321161 0.74370139 1.95224563
847.42371186 0.74048313 1.95585799
848.42421211 0.73855594 1.94992694
849.42471236 0.73917676 1.95491886
850.42521261 0.73436370 1.94999054
851.42571286 0.73437795 1.95106591
852.42621311 0.73263295 1.94924885
853.42671336 0.73371931 1.95478330
854.42721361 0.73478347 1.95191596
855.42771386 0.73248885 1.94573239
856.42821411 0.72990363 1.94135454
857.42871436 0.72786991 1.93939434
858.42921461 0.72270081 1.92878262
859.42971486 0.71978449 1.92707374
860.43021511 0.71118036 1.90886304
861.43071536 0.70577811 1.89660265
862.43121561 0.69989994 1.88400873
863.43171586 0.69268641 1.86120491
864.43221611 0.68836678 1.85547052
865.43271636 0.68601447 1.85542348
866.43321661 0.68569319 1.85359210
867.43371686 0.67895121 1.84298982
868.43421711 0.67363811 1.83708694
869.43471736 0.67147583 1.83757389
870.43521761 0.67169523 1.83988218
871.43571786 0.66930479 1.83261320
872.43621811 0.66421873 1.82030822
873.43671836 0.66084603 1.81359242
874.43721861 0.65867186 1.80797326
875.43771886 0.65773288 1.80076670
876.43821911 0.65722233 1.80719264
877.43871936 0.65596849 1.80709634
878.43921961 0.65359420 1.80150052
879.43971986 0.65307857 1.80244300
880.44022011 0.64800108 1.79683492
881.44072036 0.64408296 1.78719023
882.44122061 0.64193851 1.79052075
883.44172086 0.63738161 1.78619844
884.44222111 0.63843255 1.78786535
885.44272136 0.63616208 1.78164982
886.44322161 0.62887870 1.77132733
887.44372186 0.62487510 1.76813588
888.44422211 0.61849917 1.76092265
889.44472236 0.61548026 1.75270844
890.44522261 0.61038887 1.74937093
891.44572286 0.61001167 1.75098220
892.44622311 0.60639831 1.74596858
893.44672336 0.60603486 1.74669251
894.44722361 0.60291678 1.74348997
895.44772386 0.60096916 1.73940951
896.44822411 0.59532678 1.72650883
897.44872436 0.59517421 1.72597155
898.44922461 0.59410557 1.72628152
899.44972486 0.59414584 1.72758867
900.45022511 0.59340330 1.72701848
901.45072536 0.59214932 1.72692574
902.45122561 0.58972751 1.72699603
903.45172586 0.59175010 1.72547125
904.45222611 0.59030035 1.72307086
905.45272636 0.58841897 1.72337379
906.45322661 0.58487985 1.71896952
907.45372686 0.58314796 1.71741080
908.45422711 0.58055777 1.71619174
909.45472736 0.58030993 1.71730401
910.45522761 0.57941719 1.70985956
911.45572786 0.57691336 1.70878705
912.45622811 0.57864913 1.71048604
913.45672836 0.57749359 1.70930850
914.45722861 0.57203317 1.69983639
915.45772886 0.56730695 1.69723355
916.45822911 0.55928668 1.68521474
917.45872936 0.55865195 1.68431108
918.45922961 0.55364240 1.67766158
919.45972986 0.55186469 1.67968850
920.46023012 0.55070871 1.67817817
921.46073037 0.55021574 1.68003451
922.46123062 0.54554360 1.66845201
923.46173087 0.54405215 1.66591121
924.46223112 0.54167096 1.66004797
925.46273137 0.54054662 1.65974864
926.46323162 0.53971772 1.65029340
927.46373187 0.54170807 1.65857775
928.46423212 0.53937259 1.64956234
929.46473237 0.54133638 1.64622261
930.46523262 0.53784419 1.64169814
931.46573287 0.53443566 1.63795034
932.46623312 0.53087182 1.63935805
933.46673337 0.52889666 1.63730478
934.46723362 0.52621975 1.63342407
935.46773387 0.52251868 1.63269516
936.46823412 0.52070242 1.63031094
937.46873437 0.51922281 1.63043634
938.46923462 0.51825517 1.62766554
939.46973487 0.51690674 1.62684271
940.47023512 0.51382147 1.62624192
941.47073537 0.50917092 1.61029954
942.47123562 0.50805307 1.61146677
943.47173587 0.50402693 1.59873697
944.47223612 0.50221881 1.60044949
945.47273637 0.49925815 1.59480995
946.47323662 0.49704312 1.58783912
947.47373687 0.49827417 1.59014014
948.47423712 0.50548451 1.60006598
949.47473737 0.50399253 1.59876062
950.47523762 0.49976766 1.59335656
951.47573787 0.49304022 1.58520203
952.47623812 0.49461044 1.59204971
953.47673837 0.49073776 1.58482409
954.47723862 0.48995291 1.58902135
955.47773887 0.48818967 1.58668657
956.47823912 0.48661809 1.58517714
957.47873937 0.48747638 1.59199039
958.47923962 0.48300600 1.58444579
959.47973987 0.48374169 1.58814579
960.48024012 0.48194879 1.58895800
961.48074037 0.48094881 1.58564023
962.48124062 0.48103728 1.58141393
963.48174087 0.47965718 1.58202453
964.48224112 0.48073532 1.59111878
965.48274137 0.48220121 1.59472697
966.48324162 0.48281186 1.59222776
967.48374187 0.48218888 1.59434042
968.48424212 0.48250418 1.59582782
969.48474237 0.48236751 1.59486935
970.48524262 0.48151759 1.59796034
971.48574287 0.47945110 1.59261682
972.48624312 0.47939863 1.59327891
973.48674337 0.47992508 1.59667962
974.48724362 0.47875664 1.59587073
975.48774387 0.47477004 1.58164247
976.48824412 0.47278973 1.57053091
977.48874437 0.46960320 1.56237744
978.48924462 0.46754108 1.56397116
979.48974487 0.46390270 1.55538745
980.49024512 0.46005437 1.54943023
981.49074537 0.45340980 1.53705911
982.49124562 0.45283994 1.53290648
983.49174587 0.45248446 1.53452979
984.49224612 0.45073575 1.53728752
985.49274637 0.44819797 1.53248538
986.49324662 0.44554237 1.52862224
987.49374687 0.44465836 1.53050383
988.49424712 0.44586243 1.53241559
989.49474737 0.44491190 1.53028812
990.49524762 0.44279213 1.52356404
991.49574787 0.43882512 1.51528069
992.49624812 0.43730613 1.51132025
993.49674837 0.43458833 1.50409420
994.49724862 0.43386983 1.50058337
995.49774887 0.43328120 1.49604626
996.49824912 0.43262673 1.49536756
997.49874937 0.43050879 1.49467110
998.49924962 0.42922155 1.49311652
999.49974987 0.42787271 1.48995731
1000.50025013 0.42302811 1.48694346
1001.50075038 0.42369545 1.48974750
1002.50125063 0.42418209 1.49005128
1003.50175088 0.42279410 1.49018438
1004.50225113 0.42253377 1.48988709
1005.50275138 0.42230659 1.48993845
1006.50325163 0.42047399 1.48676428
1007.50375188 0.41848895 1.48442454
1008.50425213 0.41598662 1.48250015
1009.50475238 0.41500766 1.48184010
1010.50525263 0.41445794 1.48301478
1011.50575288 0.41195500 1.47182634
1012.50625313 0.40941358 1.47060103
1013.50675338 0.40714481 1.45655106
1014.50725363 0.40631012 1.45604696
1015.50775388 0.40601963 1.45609233
1016.50825413 0.40496194 1.45330064
1017.50875438 0.40545587 1.45592338
1018.50925463 0.40517954 1.45772846
1019.50975488 0.40257055 1.45162184
1020.51025513 0.40305021 1.45328284
1021.51075538 0.40157399 1.45212025
1022.51125563 0.40255064 1.45199691
1023.51175588 0.40042568 1.44973340
1024.51225613 0.39550656 1.43603635
1025.51275638 0.39564902 1.43715642
1026.51325663 0.39741300 1.43378833
1027.51375688 0.39545747 1.43198105
1028.51425713 0.39425110 1.43091025
1029.51475738 0.39136432 1.42752933
1030.51525763 0.38350818 1.41284387
1031.51575788 0.37879632 1.40108802
1032.51625813 0.37934192 1.40445900
1033.51675838 0.37819615 1.40243790
1034.51725863 0.37548880 1.39809945
1035.51775888 0.37684604 1.40451637
1036.51825913 0.37276622 1.38986572
1037.51875938 0.37257288 1.38902812
1038.51925963 0.37591835 1.39130872
1039.51975988 0.37490680 1.39056946
1040.52026013 0.37266570 1.38536836
1041.52076038 0.37219014 1.38703030
1042.52126063 0.36929582 1.37091951
1043.52176088 0.36953167 1.37559600
1044.52226113 0.36674654 1.37205292
1045.52276138 0.36415595 1.36714616
1046.52326163 0.36267088 1.36462583
1047.52376188 0.36085548 1.34732178
1048.52426213 0.35598300 1.34323463
1049.52476238 0.35479925 1.34326028
1050.52526263 0.35286037 1.33697581
1051.52576288 0.35059522 1.33570744
1052.52626313 0.34860021 1.33258465
1053.52676338 0.34634897 1.32683262
1054.52726363 0.34889988 1.33112878
1055.52776388 0.34636642 1.32597032
1056.52826413 0.34605602 1.32633203
1057.52876438 0.34396967 1.32513720
1058.52926463 0.34148729 1.32258307
1059.52976488 0.34103159 1.32191177
1060.53026513 0.33540883 1.30291238
1061.53076538 0.33401206 1.30220264
1062.53126563 0.33366911 1.29392908
1063.53176588 0.33386500 1.29287373
1064.53226613 0.33241216 1.29214855
1065.53276638 0.33224995 1.29094044
1066.53326663 0.33128688 1.28980115
1067.53376688 0.33158125 1.29206160
1068.53426713 0.33110711 1.29278650
1069.53476738 0.32976822 1.29236152
1070.53526763 0.32698631 1.29216515
1071.53576788 0.32536395 1.28942495
1072.53626813 0.32504517 1.28861785
1073.53676838 0.32391918 1.28780309
1074.53726863 0.32232742 1.27857235
1075.53776888 0.32283013 1.28547495
1076.53826913 0.32282677 1.28533517
1077.53876938 0.32206658 1.28652397
1078.53926963 0.31593827 1.26933948
1079.53976988 0.31271661 1.25953758
1080.54027014 0.31394689 1.26227696
1081.54077039 0.31200380 1.25006171
1082.54127064 0.31114245 1.24843195
1083.54177089 0.31106542 1.24733335
1084.54227114 0.31099012 1.25082203
1085.54277139 0.30915888 1.24846207
1086.54327164 0.30753701 1.24893918
1087.54377189 0.30601481 1.24509273
1088.54427214 0.30781333 1.24395864
1089.54477239 0.31041453 1.23959260
1090.54527264 0.30725480 1.22742236
1091.54577289 0.30520180 1.21723829
1092.54627314 0.30303789 1.21083401
1093.54677339 0.30129339 1.20951418
1094.54727364 0.29962131 1.20809269
1095.54777389 0.30086083 1.21130239
1096.54827414 0.30259653 1.20931244
1097.54877439 0.30039537 1.20065089
1098.54927464 0.29968814 1.20026900
1099.54977489 0.29401234 1.19157747
1100.55027514 0.29383253 1.19028609
1101.55077539 0.29119843 1.17634293
1102.55127564 0.29103465 1.17551175
1103.55177589 0.28875445 1.17100885
1104.55227614 0.28553093 1.16196524
1105.55277639 0.28433423 1.15915060
1106.55327664 0.28351229 1.16142242
1107.55377689 0.28307388 1.16155924
1108.55427714 0.28286141 1.15837516
1109.55477739 0.28171892 1.15981868
1110.55527764 0.28380524 1.16367052
1111.55577789 0.28345934 1.16093335
1112.55627814 0.27961164 1.15587978
1113.55677839 0.27647204 1.14898459
1114.55727864 0.27551330 1.15173543
1115.55777889 0.27471540 1.15203070
1116.55827914 0.27502614 1.15192458
1117.55877939 0.27363216 1.15065215
1118.55927964 0.26814759 1.14086399
1119.55977989 0.26916618 1.14181493
1120.56028014 0.26884305 1.13808108
1121.56078039 0.26930731 1.13939826
1122.56128064 0.26781435 1.13794006
1123.56178089 0.26503472 1.12077522
1124.56228114 0.26514362 1.11986672
1125.56278139 0.26180782 1.11284016
1126.56328164 0.26042352 1.11037684
1127.56378189 0.26053295 1.11248418
1128.56428214 0.26403142 1.11992665
1129.56478239 0.26147765 1.11623080
1130.56528264 0.25887645 1.11463357
1131.56578289 0.25870700 1.11403983
1132.56628314 0.25552437 1.10806824
1133.56678339 0.25230071 1.09647088
1134.56728364 0.25279494 1.09901321
1135.56778389 0.25108126 1.09554842
1136.56828414 0.25064043 1.09684939
1137.56878439 0.24972984 1.09419768
1138.56928464 0.25011080 1.09353492
1139.56978489 0.24988416 1.09098849
1140.57028514 0.24795673 1.09071074
1141.57078539 0.24659948 1.08865843
1142.57128564 0.24658747 1.08826055
1143.57178589 0.24429297 1.08826038
1144.57228614 0.24319201 1.08530938
1145.57278639 0.23780364 1.07184975
1146.57328664 0.23663923 1.06869164
1147.57378689 0.23484620 1.06762670
1148.57428714 0.23403706 1.06677528
1149.57478739 0.23627027 1.07973611
1150.57528764 0.23496305 1.07662962
1151.57578789 0.23202648 1.07166523
1152.57628814 0.23095864 1.07231829
1153.57678839 0.22782974 1.06388469
1154.57728864 0.22760983 1.06433383
1155.57778889 0.22717318 1.06363811
1156.57828914 0.22644649 1.06426631
1157.57878939 0.22431433 1.06204032
1158.57928964 0.22532290 1.06392680
1159.57978989 0.22684306 1.06442112
1160.58029015 0.22254303 1.04720790
1161.58079040 0.21946101 1.02663210
1162.58129065 0.21675886 1.01855088
1163.58179090 0.21500024 1.01521784
1164.58229115 0.21511475 1.01594719
1165.58279140 0.21244887 1.00409923
1166.58329165 0.20777785 0.97652895
1167.58379190 0.20706797 0.97819067
1168.58429215 0.20582052 0.97298728
1169.58479240 0.20465573 0.97419329
1170.58529265 0.20149677 0.97123264
1171.58579290 0.20130421 0.97392541
1172.58629315 0.20031551 0.97637135
1173.58679340 0.19855343 0.97320303
1174.58729365 0.20235289 0.98358398
1175.58779390 0.19697031 0.96503689
1176.58829415 0.19258135 0.94916270
1177.58879440 0.19335708 0.95245259
1178.58929465 0.19313748 0.95120531
1179.58979490 0.19169356 0.95102264
1180.59029515 0.19236351 0.95546617
1181.59079540 0.18973635 0.94375647
1182.59129565 0.19064217 0.94725707
1183.59179590 0.19145289 0.94991765
1184.59229615 0.18891924 0.94658952
1185.59279640 0.18856583 0.94581542
1186.59329665 0.18801617 0.94324083
1187.59379690 0.18855979 0.94766165
1188.59429715 0.18671325 0.94519979
1189.59479740 0.18622294 0.94067014
1190.59529765 0.18686286 0.93819002
1191.59579790 0.18740939 0.94011239
1192.59629815 0.18742399 0.94060878
1193.59679840 0.18473177 0.93829791
1194.59729865 0.18019251 0.92808492
1195.59779890 0.17994382 0.93025074
1196.59829915 0.18583889 0.93957203
1197.59879940 0.18527301 0.93824488
1198.59929965 0.18522864 0.94004170
1199.59979990 0.18490779 0.94006012
1200.60030015 0.18324916 0.93617664
1201.60080040 0.18088182 0.93327087
1202.60130065 0.18909882 0.96653435
1203.60180090 0.18790704 0.96023392
1204.60230115 0.18421409 0.93884597
1205.60280140 0.18356664 0.93614805
1206.60330165 0.18235162 0.93594561
1207.60380190 0.18145276 0.93015187
1208.60430215 0.18153034 0.93044211
1209.60480240 0.18157903 0.92492614
1210.60530265 0.18106984 0.92699869
1211.60580290 0.18243990 0.93326446
1212.60630315 0.17742507 0.91435303
1213.60680340 0.17761374 0.91821772
1214.60730365 0.17542488 0.90954910
1215.60780390 0.17561688 0.91094983
1216.60830415 0.17468124 0.91207074
1217.60880440 0.17243013 0.90500745
1218.60930465 0.17138913 0.90661696
1219.60980490 0.16690574 0.88952102
1220.61030515 0.16796961 0.88738405
1221.61080540 0.16562122 0.88395181
1222.61130565 0.16586131 0.88584184
1223.61180590 0.16599300 0.88398433
1224.61230615 0.16611318 0.88437945
1225.61280640 0.16489362 0.88283714
1226.61330665 0.16317294 0.87929287
1227.61380690 0.16277007 0.87817880
1228.61430715 0.16184975 0.87922245
1229.61480740 0.16196415 0.88964915
1230.61530765 0.15655890 0.84680006
1231.61580790 0.15661236 0.85077256
1232.61630815 0.15625131 0.85451238
1233.61680840 0.15581954 0.85392372
1234.61730865 0.15478975 0.85372033
1235.61780890 0.15116940 0.83276032
1236.61830915 0.15209135 0.84337720
1237.61880940 0.15085249 0.84194878
1238.61930965 0.15241009 0.85789719
1239.61980990 0.15108882 0.85309500
1240.62031016 0.15031921 0.85501419
1241.62081041 0.14775605 0.84135621
1242.62131066 0.14872520 0.84812618
1243.62181091 0.14781759 0.83567575
1244.62231116 0.14895025 0.84372870
1245.62281141 0.14961069 0.84496446
1246.62331166 0.14813573 0.83978331
1247.62381191 0.14655963 0.83967549
1248.62431216 0.14563460 0.83381931
1249.62481241 0.14537416 0.83830451
1250.62531266 0.14437156 0.83594928
1251.62581291 0.14381028 0.83058949
1252.62631316 0.14414747 0.82801962
1253.62681341 0.14210491 0.82824337
1254.62731366 0.14199212 0.82966140
1255.62781391 0.14228082 0.82564559
1256.62831416 0.14147706 0.82441975
1257.62881441 0.14051324 0.83038373
1258.62931466 0.13917771 0.82578260
1259.62981491 0.13941769 0.83032931
1260.63031516 0.14024923 0.83401386
1261.63081541 0.13957008 0.83165588
1262.63131566 0.13749857 0.82256308
1263.63181591 0.13707038 0.82102645
1264.63231616 0.13747729 0.82411118
1265.63281641 0.13599785 0.81317353
1266.63331666 0.13595423 0.81298558
1267.63381691 0.13623180 0.81461154
1268.63431716 0.13493935 0.80810832
1269.63481741 0.13247028 0.79526257
1270.63531766 0.13240786 0.79594141
1271.63581791 0.13157335 0.79276849
1272.63631816 0.13172006 0.79549401
1273.63681841 0.13040494 0.78959126
1274.63731866 0.12975945 0.78796720
1275.63781891 0.12943831 0.78873165
1276.63831916 0.12941238 0.78791603
1277.63881941 0.12944136 0.78872275
1278.63931966 0.12853570 0.78703663
1279.63981991 0.12933911 0.78862935
1280.64032016 0.12858017 0.78515499
1281.64082041 0.12757007 0.78564398
1282.64132066 0.12594786 0.76265082
1283.64182091 0.12404501 0.74880903
1284.64232116 0.12498949 0.75821884
1285.64282141 0.12726049 0.77793997
1286.64332166 0.12397575 0.74401381
1287.64382191 0.12257369 0.74578610
1288.64432216 0.12283072 0.74735253
1289.64482241 0.11967177 0.73284796
1290.64532266 0.11875216 0.73286493
1291.64582291 0.11769625 0.72855316
1292.64632316 0.11751401 0.72849446
1293.64682341 0.11667445 0.72336346
1294.64732366 0.11556980 0.71859560
1295.64782391 0.11612890 0.72395991
1296.64832416 0.11548916 0.72017425
1297.64882441 0.11682539 0.72529744
1298.64932466 0.11468204 0.72149820
1299.64982491 0.11426776 0.72356247
1300.65032516 0.11435239 0.72283152
1301.65082541 0.11453745 0.72193896
1302.65132566 0.11332211 0.72024073
1303.65182591 0.11261657 0.71293848
1304.65232616 0.11298534 0.71078195
1305.65282641 0.11345723 0.71193244
1306.65332666 0.11383419 0.71806187
1307.65382691 0.11216458 0.70583631
1308.65432716 0.11197545 0.70667008
1309.65482741 0.11119793 0.70242032
1310.65532766 0.11144769 0.70790479
1311.65582791 0.11217691 0.70446072
1312.65632816 0.11227888 0.70531765
1313.65682841 0.11188630 0.70435645
1314.65732866 0.11671496 0.71268384
1315.65782891 0.11203908 0.68262345
1316.65832916 0.11102356 0.67633741
1317.65882941 0.11009053 0.67392082
1318.65932966 0.11261711 0.69431129
1319.65982991 0.11246422 0.69122639
1320.66033017 0.11206828 0.68977003
1321.66083042 0.11050591 0.68757850
1322.66133067 0.10872843 0.68545139
1323.66183092 0.10754641 0.68220551
1324.66233117 0.10835153 0.68593685
1325.66283142 0.10746153 0.68228115
1326.66333167 0.10710749 0.67874071
1327.66383192 0.10390421 0.64477483
1328.66433217 0.10359121 0.64775654
1329.66483242 0.10326013 0.64815462
1330.66533267 0.10263015 0.64313135
1331.66583292 0.10084844 0.63367260
1332.66633317 0.10157995 0.64211061
1333.66683342 0.10196126 0.63941342
1334.66733367 0.10160169 0.63747204
1335.66783392 0.10057551 0.63423313
1336.66833417 0.10019005 0.63011572
1337.66883442 0.09831711 0.61576046
1338.66933467 0.09782822 0.61436364
1339.66983492 0.10146005 0.60917152
1340.67033517 0.10268047 0.62306571
1341.67083542 0.10337687 0.62315511
1342.67133567 0.09970554 0.60592051
1343.67183592 0.09871035 0.60405756
1344.67233617 0.09808312 0.60479537
1345.67283642 0.09960133 0.60581020
1346.67333667 0.09854620 0.59764608
1347.67383692 0.09900168 0.60144393
1348.67433717 0.09596459 0.59206867
1349.67483742 0.09507634 0.59280936
1350.67533767 0.09546773 0.59614194
1351.67583792 0.09846239 0.60052573
1352.67633817 0.09706867 0.59719482
1353.67683842 0.09753385 0.60111608
1354.67733867 0.09759455 0.59952697
1355.67783892 0.09904321 0.60388757
1356.67833917 0.09876263 0.60504531
1357.67883942 0.09938821 0.60365475
1358.67933967 0.09858177 0.59980584
1359.67983992 0.09925645 0.60196663
1360.68034017 0.09731546 0.59828309
1361.68084042 0.09745247 0.59815423
1362.68134067 0.09798476 0.59991477
1363.68184092 0.09685634 0.59701442
1364.68234117 0.09651029 0.59669258
1365.68284142 0.09476985 0.58742292
1366.68334167 0.09422554 0.58680249
1367.68384192 0.09295790 0.58110476
1368.68434217 0.09460700 0.58643206
1369.68484242 0.09434294 0.58445655
1370.68534267 0.09210590 0.57281164
1371.68584292 0.09175826 0.57351876
1372.68634317 0.09115943 0.57335642
1373.68684342 0.09041270 0.57218176
1374.68734367 0.09047919 0.56999217
1375.68784392 0.09178146 0.57607289
1376.68834417 0.09173509 0.57521038
1377.68884442 0.09192225 0.57645032
1378.68934467 0.09049458 0.57388433
1379.68984492 0.09057111 0.57246456
1380.69034517 0.09115601 0.57296813
1381.69084542 0.09150958 0.57329000
1382.69134567 0.09147119 0.57218563
1383.69184592 0.09226346 0.57177008
1384.69234617 0.09230070 0.57152509
1385.69284642 0.09285562 0.57132400
1386.69334667 0.09105318 0.56846754
1387.69384692 0.09083766 0.56837260
1388.69434717 0.09079578 0.56768317
1389.69484742 0.09088781 0.56745918
1390.69534767 0.09248330 0.57332147
1391.69584792 0.09188840 0.57213745
1392.69634817 0.08873158 0.54515133
1393.69684842 0.08646148 0.53057730
1394.69734867 0.08677570 0.53108182
1395.69784892 0.08446726 0.52775128
1396.69834917 0.08372652 0.52617879
1397.69884942 0.08680613 0.53308361
1398.69934967 0.08419273 0.51664800
1399.69984992 0.08438155 0.51985565
1400.70035018 0.08380081 0.51755179
1401.70085043 0.08424262 0.51925988
1402.70135068 0.08330750 0.51738518
1403.70185093 0.08461948 0.52236615
1404.70235118 0.08618912 0.52407027
1405.70285143 0.08602561 0.52229942
1406.70335168 0.08821232 0.52517007
1407.70385193 0.08843813 0.52450209
1408.70435218 0.08658592 0.52081345
1409.70485243 0.08702179 0.52288268
1410.70535268 0.08740216 0.52275412
1411.70585293 0.08304988 0.49572582
1412.70635318 0.08412167 0.50086750
1413.70685343 0.08318227 0.49786170
1414.70735368 0.08381022 0.49972498
1415.70785393 0.08117586 0.49326118
1416.70835418 0.08295488 0.49733203
1417.70885443 0.08210931 0.49740495
1418.70935468 0.08094115 0.49314276
1419.70985493 0.07987005 0.49444967
1420.71035518 0.08064500 0.49541662
1421.71085543 0.08090615 0.49666203
1422.71135568 0.07986336 0.49459239
1423.71185593 0.07964394 0.49393539
1424.71235618 0.07847346 0.49237587
1425.71285643 0.07680607 0.49009969
1426.71335668 0.07657571 0.49011739
1427.71385693 0.07673628 0.48949519
1428.71435718 0.07672380 0.48837219
1429.71485743 0.07592658 0.48795515
1430.71535768 0.07590622 0.48696728
1431.71585793 0.07572045 0.48648300
1432.71635818 0.07457308 0.48527262
1433.71685843 0.07155092 0.44352127
1434.71735868 0.07093894 0.44644951
1435.71785893 0.06926986 0.42975491
1436.71835918 0.06864637 0.42721616
1437.71885943 0.06690521 0.42222922
1438.71935968 0.06902500 0.42273827
1439.71985993 0.06787277 0.41938175
1440.72036018 0.06635121 0.41789757
1441.72086043 0.06521601 0.41700992
1442.72136068 0.06823380 0.42426324
1443.72186093 0.06705337 0.41805229
1444.72236118 0.06865222 0.42297987
1445.72286143 0.06847377 0.42257122
1446.72336168 0.06739207 0.41856370
1447.72386193 0.06428483 0.38592697
1448.72436218 0.06482877 0.38488862
1449.72486243 0.06291850 0.38035795
1450.72536268 0.06068921 0.37839770
1451.72586293 0.05993087 0.37507113
1452.72636318 0.05939567 0.36729074
1453.72686343 0.05919828 0.36404777
1454.72736368 0.05877747 0.36446348
1455.72786393 0.05812714 0.35921716
1456.72836418 0.05824500 0.36190416
1457.72886443 0.05769390 0.35516243
1458.72936468 0.05771566 0.36087769
1459.72986493 0.05821756 0.35877989
1460.73036518 0.06054974 0.36473663
1461.73086543 0.05926017 0.35970547
1462.73136568 0.05933594 0.36039640
1463.73186593 0.06194200 0.36362853
1464.73236618 0.05951782 0.36157243
1465.73286643 0.05924933 0.35945373
1466.73336668 0.05850078 0.35611443
1467.73386693 0.06021783 0.36245453
1468.73436718 0.06047411 0.35956419
1469.73486743 0.06128439 0.37139005
1470.73536768 0.06146351 0.36921904
1471.73586793 0.06113573 0.37157402
1472.73636818 0.05991598 0.36863839
1473.73686843 0.06048401 0.37138628
1474.73736868 0.05920554 0.36676538
1475.73786893 0.05918983 0.36832948
1476.73836918 0.05894084 0.36816868
1477.73886943 0.05899881 0.36929214
1478.73936968 0.05917557 0.36703734
1479.73986993 0.05999762 0.36866436
1480.74037019 0.05897765 0.36691358
1481.74087044 0.05840531 0.36167645
1482.74137069 0.06020702 0.36725578
1483.74187094 0.05958926 0.36369273
1484.74237119 0.05868071 0.36525168
1485.74287144 0.05855163 0.36305173
1486.74337169 0.05903698 0.36811316
1487.74387194 0.05991888 0.36563714
1488.74437219 0.06054508 0.36718393
1489.74487244 0.05966347 0.35374909
1490.74537269 0.05950778 0.35289847
1491.74587294 0.05782398 0.34983766
1492.74637319 0.05806665 0.35429372
1493.74687344 0.05802130 0.34917584
1494.74737369 0.05904572 0.35957446
1495.74787394 0.05768668 0.34921525
1496.74837419 0.05912638 0.35896433
1497.74887444 0.06014766 0.35360210
1498.74937469 0.06021141 0.35951793
1499.74987494 0.05765396 0.34921932
1500.75037519 0.05765729 0.35201552
1501.75087544 0.05972537 0.35163269
1502.75137569 0.05923761 0.35424643
1503.75187594 0.05894008 0.35248476
1504.75237619 0.05923776 0.35600989
1505.75287644 0.05809055 0.35106929
1506.75337669 0.05744952 0.35102752
1507.75387694 0.05717032 0.34991456
1508.75437719 0.05760844 0.35058894
1509.75487744 0.05735131 0.35238220
1510.75537769 0.05564941 0.34310508
1511.75587794 0.05547646 0.34642679
1512.75637819 0.05433548 0.34183358
1513.75687844 0.05465086 0.34481036
1514.75737869 0.05443607 0.34284670
1515.75787894 0.05581549 0.34436414
1516.75837919 0.05641441 0.34418764
1517.75887944 0.05641512 0.34506997
1518.75937969 0.05414944 0.32377598
1519.75987994 0.05299781 0.32618034
1520.76038019 0.05060031 0.32228610
1521.76088044 0.05088146 0.32654407
1522.76138069 0.05098776 0.32661398
1523.76188094 0.05013331 0.32415992
1524.76238119 0.04972504 0.32087900
1525.76288144 0.04997781 0.32198829
1526.76338169 0.04929826 0.32193968
1527.76388194 0.05059783 0.32362791
1528.76438219 0.04982781 0.32398941
1529.76488244 0.04582288 0.30117167
1530.76538269 0.04614685 0.30170792
1531.76588294 0.04584715 0.30194303
1532.76638319 0.04495454 0.29678990
1533.76688344 0.04573569 0.29108653
1534.76738369 0.04553184 0.29270088
1535.76788394 0.04493405 0.29293415
1536.76838419 0.04478994 0.29158921
1537.76888444 0.04508321 0.29345764
1538.76938469 0.04450916 0.29291623
1539.76988494 0.04491866 0.29332627
1540.77038519 0.04543354 0.29610333
1541.77088544 0.04415708 0.29097866
1542.77138569 0.04411341 0.28967416
1543.77188594 0.04418738 0.29054664
1544.77238619 0.04554562 0.29786196
1545.77288644 0.04507052 0.29494115
1546.77338669 0.04467094 0.29494014
1547.77388694 0.04451901 0.29624119
1548.77438719 0.04391593 0.29455672
1549.77488744 0.04160883 0.28636525
1550.77538769 0.04369025 0.28936729
1551.77588794 0.04393153 0.28955866
1552.77638819 0.04298331 0.28818321
1553.77688844 0.04331135 0.29017588
1554.77738869 0.04255654 0.28733643
1555.77788894 0.04195751 0.28600978
1556.77838919 0.04241988 0.28895334
1557.77888944 0.04225786 0.28667348
1558.77938969 0.04242697 0.28594781
1559.77988994 0.04272090 0.28805556
1560.78039020 0.04237774 0.29054474
1561.78089045 0.04235000 0.29283338
1562.78139070 0.04202232 0.29424729
1563.78189095 0.04159471 0.29265835
1564.78239120 0.04095102 0.29101920
1565.78289145 0.04031972 0.28925213
1566.78339170 0.04209078 0.29354676
1567.78389195 0.04242423 0.29808715
1568.78439220 0.04128702 0.29326698
1569.78489245 0.04190449 0.29643424
1570.78539270 0.04174429 0.28918406
1571.78589295 0.04081730 0.28665096
1572.78639320 0.03998445 0.28203616
1573.78689345 0.04019295 0.28035124
1574.78739370 0.03962258 0.27620849
1575.78789395 0.03859689 0.27227844
1576.78839420 0.04121383 0.27904658
1577.78889445 0.04115697 0.27618992
1578.78939470 0.04234423 0.27868619
1579.78989495 0.04250297 0.27958290
1580.79039520 0.04166939 0.27768086
1581.79089545 0.04070571 0.27577618
1582.79139570 0.04164659 0.27669480
1583.79189595 0.04159624 0.27719769
1584.79239620 0.04043761 0.27731379
1585.79289645 0.03918795 0.27303754
1586.79339670 0.03859227 0.26697786
1587.79389695 0.03855771 0.26832286
1588.79439720 0.03891602 0.27247944
1589.79489745 0.03865929 0.27220787
1590.79539770 0.03762557 0.26777827
1591.79589795 0.03684717 0.26556743
1592.79639820 0.03622302 0.26593661
1593.79689845 0.03596689 0.26710378
1594.79739870 0.03581989 0.26740280
1595.79789895 0.03423600 0.26331244
1596.79839920 0.03202053 0.24484440
1597.79889945 0.03143300 0.24304386
1598.79939970 0.03089072 0.24299041
1599.79989995 0.03053989 0.24338949
1600.80040020 0.02949898 0.24033102
1601.80090045 0.02926261 0.23993259
1602.80140070 0.03102056 0.24244719
1603.80190095 0.03149562 0.24500222
1604.80240120 0.02967190 0.22167689
1605.80290145 0.02908570 0.22418005
1606.80340170 0.02852135 0.22196472
1607.80390195 0.02823197 0.22173439
1608.80440220 0.02976528 0.22366817
1609.80490245 0.03167146 0.22913203
1610.80540270 0.02983039 0.20262592
1611.80590295 0.02951995 0.19352594
1612.80640320 0.02909341 0.19169324
1613.80690345 0.02968338 0.19531650
1614.80740370 0.03135629 0.19205225
1615.80790395 0.03141826 0.19630416
1616.80840420 0.03067318 0.19169094
1617.80890445 0.03111139 0.19863746
1618.80940470 0.03125115 0.20088521
1619.80990495 0.03246366 0.19815724
1620.81040520 0.03303951 0.20341815
1621.81090545 0.03220756 0.20046636
1622.81140570 0.03158800 0.19999296
1623.81190595 0.02893594 0.18920032
1624.81240620 0.03014372 0.19872742
1625.81290645 0.02961536 0.19690411
1626.81340670 0.02953463 0.19705475
1627.81390695 0.02974457 0.19756060
1628.81440720 0.02935091 0.19480568
1629.81490745 0.02947293 0.19379717
1630.81540770 0.03003362 0.19230707
1631.81590795 0.02945916 0.19605182
1632.81640820 0.03113082 0.20345890
1633.81690845 0.03171681 0.20453721
1634.81740870 0.03009512 0.19498530
1635.81790895 0.02968009 0.19556499
1636.81840920 0.02936079 0.19415704
1637.81890945 0.02932715 0.19517406
1638.81940970 0.02902528 0.19593610
1639.81990995 0.02737431 0.16158716
1640.82041021 0.02696884 0.16337857
1641.82091046 0.02862972 0.16798675
1642.82141071 0.02826728 0.16568047
1643.82191096 0.02807891 0.16493066
1644.82241121 0.02793613 0.16789125
1645.82291146 0.02776308 0.16644385
1646.82341171 0.02785728 0.16500998
1647.82391196 0.02810221 0.16914927
1648.82441221 0.02746173 0.16595897
1649.82491246 0.02644836 0.16114974
1650.82541271 0.02668339 0.16336146
1651.82591296 0.03055657 0.17205389
1652.82641321 0.03053066 0.17321971
1653.82691346 0.02974518 0.17097397
1654.82741371 0.03002038 0.16916956
1655.82791396 0.03002133 0.17056096
1656.82841421 0.02941876 0.16880170
1657.82891446 0.02847233 0.16616432
1658.82941471 0.02710514 0.16336573
1659.82991496 0.02691512 0.16220188
1660.83041521 0.02674822 0.16334602
1661.83091546 0.02552662 0.15948357
1662.83141571 0.02552294 0.15937568
1663.83191596 0.02561559 0.16094211
1664.83241621 0.02671701 0.16308225
1665.83291646 0.02474044 0.15621327
1666.83341671 0.02556223 0.15783590
1667.83391696 0.02553244 0.15774177
1668.83441721 0.02545532 0.15701034
1669.83491746 0.02528184 0.15662764
1670.83541771 0.02529045 0.15624506
1671.83591796 0.02496423 0.15530390
1672.83641821 0.02597845 0.15712179
1673.83691846 0.02625954 0.15949941
1674.83741871 0.02566202 0.15729594
1675.83791896 0.02510370 0.15453582
1676.83841921 0.02362666 0.15032834
1677.83891946 0.02388019 0.15045281
1678.83941971 0.02374279 0.14750845
1679.83991996 0.02400784 0.14845037
1680.84042021 0.02504493 0.15160010
1681.84092046 0.02443661 0.15098972
1682.84142071 0.02368671 0.14885141
1683.84192096 0.02423719 0.14944604
1684.84242121 0.02391328 0.14858884
1685.84292146 0.02258627 0.14536171
1686.84342171 0.02258983 0.14394784
1687.84392196 0.02254004 0.14377411
1688.84442221 0.02233935 0.14542818
1689.84492246 0.02205014 0.14745514
1690.84542271 0.02154652 0.14247263
1691.84592296 0.02283942 0.15717355
1692.84642321 0.02223491 0.15138025
1693.84692346 0.02126256 0.14296416
1694.84742371 0.02186721 0.15342925
1695.84792396 0.02407821 0.16275762
1696.84842421 0.02418540 0.16791674
1697.84892446 0.02360348 0.16464181
1698.84942471 0.02364817 0.16030813
1699.84992496 0.02138050 0.14036693
1700.85042521 0.02134439 0.14560961
1701.85092546 0.02087553 0.14446354
1702.85142571 0.02197069 0.15427819
1703.85192596 0.02202301 0.15413903
1704.85242621 0.02205390 0.15450199
1705.85292646 0.02232081 0.15910831
1706.85342671 0.02003812 0.14080241
1707.85392696 0.02184409 0.14581027
1708.85442721 0.01995997 0.12269409
1709.85492746 0.01973230 0.12074035
1710.85542771 0.02003055 0.12362849
1711.85592796 0.01981032 0.12435416
1712.85642821 0.01894097 0.12026819
1713.85692846 0.01925814 0.12484753
1714.85742871 0.01977370 0.12673426
1715.85792896 0.01957465 0.12465503
1716.85842921 0.01940253 0.12781447
1717.85892946 0.02110072 0.13315951
1718.85942971 0.02119456 0.13502959
1719.85992996 0.02081317 0.13490541
1720.86043022 0.02012976 0.12980321
1721.86093047 0.02232609 0.13838689
1722.86143072 0.02236467 0.14139536
1723.86193097 0.02015105 0.12915218
1724.86243122 0.01993512 0.12484304
1725.86293147 0.02038946 0.12352829
1726.86343172 0.02011115 0.12356668
1727.86393197 0.01939280 0.12180922
1728.86443222 0.01935703 0.12103032
1729.86493247 0.01886867 0.11936681
1730.86543272 0.01773685 0.11421958
1731.86593297 0.01827195 0.11462482
1732.86643322 0.01840043 0.11492582
1733.86693347 0.01749772 0.11335640
1734.86743372 0.01774087 0.11382655
1735.86793397 0.01788440 0.11418372
1736.86843422 0.01743513 0.11288180
1737.86893447 0.01776021 0.11507412
1738.86943472 0.01742585 0.11414169
1739.86993497 0.01672336 0.11202451
1740.87043522 0.01692019 0.11265289
1741.87093547 0.01692306 0.11223479
1742.87143572 0.01708942 0.11193799
1743.87193597 0.01617263 0.11011745
1744.87243622 0.01557148 0.10911990
1745.87293647 0.01965858 0.12253314
1746.87343672 0.02006692 0.12492720
1747.87393697 0.01959514 0.12183573
1748.87443722 0.01876578 0.11764753
1749.87493747 0.02125173 0.13483409
1750.87543772 0.02062503 0.13375931
1751.87593797 0.02221238 0.13873744
1752.87643822 0.02431209 0.14583808
1753.87693847 0.02347666 0.14417825
1754.87743872 0.02285572 0.14320150
1755.87793897 0.02240297 0.14150635
1756.87843922 0.02395167 0.14546245
1757.87893947 0.02363115 0.14303897
1758.87943972 0.02369561 0.14335949
1759.87993997 0.02395884 0.14613601
1760.88044022 0.02318099 0.14287879
1761.88094047 0.02551186 0.15121284
1762.88144072 0.02495908 0.14845918
1763.88194097 0.02335608 0.14131327
1764.88244122 0.02308710 0.14154740
1765.88294147 0.02292688 0.14085912
1766.88344172 0.02189642 0.13654879
1767.88394197 0.02161441 0.13797368
1768.88444222 0.02247666 0.14268861
1769.88494247 0.02242604 0.14081822
1770.88544272 0.02442257 0.14475057
1771.88594297 0.02437136 0.14399663
1772.88644322 0.02426778 0.14294881
1773.88694347 0.02426328 0.14216857
1774.88744372 0.02464802 0.14543272
1775.88794397 0.02384795 0.14356272
1776.88844422 0.02387775 0.14244340
1777.88894447 0.02318577 0.14174645
1778.88944472 0.02220163 0.13835210
1779.88994497 0.02205285 0.13694031
1780.89044522 0.02152025 0.13570731
1781.89094547 0.02080046 0.13345130
1782.89144572 0.02076225 0.13242684
1783.89194597 0.02096032 0.13313570
1784.89244622 0.02057378 0.13237396
1785.89294647 0.02070619 0.13225584
1786.89344672 0.01991465 0.13023107
1787.89394697 0.01935281 0.12914699
1788.89444722 0.01921291 0.12738855
1789.89494747 0.01947712 0.12907589
1790.89544772 0.02012084 0.13306092
1791.89594797 0.02003393 0.13076395
1792.89644822 0.02064857 0.13279325
1793.89694847 0.02017863 0.13299924
1794.89744872 0.01973936 0.13129202
1795.89794897 0.01996263 0.13144030
1796.89844922 0.02145336 0.13744773
1797.89894947 0.02154088 0.13855667
1798.89944972 0.02170982 0.13609368
1799.89994997 0.02186155 0.13778973
1800.90045023 0.02162594 0.13825009
1801.90095048 0.02069357 0.13070011
1802.90145073 0.02230944 0.13735531
1803.90195098 0.02191246 0.13674256
1804.90245123 0.02220153 0.13636210
1805.90295148 0.02148625 0.13472485
1806.90345173 0.02084610 0.13390630
1807.90395198 0.02094746 0.13097886
1808.90445223 0.02046681 0.13241062
1809.90495248 0.02007016 0.13157911
1810.90545273 0.02014396 0.12948288
1811.90595298 0.02041621 0.13083342
1812.90645323 0.02014185 0.13067858
1813.90695348 0.01988377 0.12863344
1814.90745373 0.01846090 0.12462107
1815.90795398 0.01878023 0.12489877
1816.90845423 0.01868126 0.12389889
1817.90895448 0.01879582 0.12461994
1818.90945473 0.01904777 0.12490317
1819.90995498 0.01826287 0.12287722
1820.91045523 0.01822144 0.12280192
1821.91095548 0.01901610 0.12518041
1822.91145573 0.02012654 0.12858866
1823.91195598 0.01978548 0.12714743
1824.91245623 0.01956070 0.12597903
1825.91295648 0.01950410 0.12573069
1826.91345673 0.01782178 0.12077680
1827.91395698 0.01771234 0.12081314
1828.91445723 0.01769055 0.11944137
1829.91495748 0.01748364 0.11886451
1830.91545773 0.01784877 0.12001280
1831.91595798 0.01780545 0.11932949
1832.91645823 0.01738964 0.11812899
1833.91695848 0.01888755 0.12403105
1834.91745873 0.01860045 0.12248139
1835.91795898 0.01840904 0.12175196
1836.91845923 0.01818379 0.12249171
1837.91895948 0.01670645 0.11610050
1838.91945973 0.01787948 0.11773834
1839.91995998 0.01766150 0.11756659
1840.92046023 0.01707931 0.11609463
1841.92096048 0.01743322 0.11585378
1842.92146073 0.01761741 0.11624767
1843.92196098 0.01712356 0.11459516
1844.92246123 0.01663842 0.11327881
1845.92296148 0.02055018 0.12952686
1846.92346173 0.02103725 0.13003869
1847.92396198 0.01941554 0.12075723
1848.92446223 0.01984945 0.12222647
1849.92496248 0.01994979 0.12356371
1850.92546273 0.01918208 0.11802856
1851.92596298 0.01906204 0.11752005
1852.92646323 0.02010071 0.12511411
1853.92696348 0.02180947 0.12472645
1854.92746373 0.02082255 0.12011406
1855.92796398 0.02140086 0.12441190
1856.92846423 0.02091359 0.12364914
1857.92896448 0.02019982 0.11990263
1858.92946473 0.02166102 0.12350972
1859.92996498 0.02126711 0.12270937
1860.93046523 0.02129218 0.12179853
1861.93096548 0.02071978 0.11952082
1862.93146573 0.01971768 0.11588137
1863.93196598 0.01974360 0.11528080
1864.93246623 0.01936696 0.11331045
1865.93296648 0.02189109 0.12364257
1866.93346673 0.02119560 0.12104744
1867.93396698 0.02099561 0.11964896
1868.93446723 0.02148776 0.12232600
1869.93496748 0.02033705 0.11684834
1870.93546773 0.01961604 0.11374052
1871.93596798 0.01975901 0.11475695
1872.93646823 0.02039267 0.12264323
1873.93696848 0.02012160 0.12314539
1874.93746873 0.01989316 0.12191843
1875.93796898 0.01864756 0.10802061
1876.93846923 0.01847677 0.10547931
1877.93896948 0.01787845 0.10364415
1878.93946973 0.01648784 0.09526728
1879.93996998 0.01689446 0.09493114
1880.94047024 0.01701554 0.09524356
1881.94097049 0.01684463 0.09552665
1882.94147074 0.01736143 0.09575076
1883.94197099 0.01735552 0.09491441
1884.94247124 0.01517867 0.08533450
1885.94297149 0.01507348 0.08371776
1886.94347174 0.01479078 0.08332168
1887.94397199 0.01423393 0.07888865
1888.94447224 0.01442135 0.07884201
1889.94497249 0.01481627 0.08197994
1890.94547274 0.01575077 0.08401092
1891.94597299 0.01634729 0.08562742
1892.94647324 0.01651932 0.09084085
1893.94697349 0.01559781 0.07727680
1894.94747374 0.01621478 0.08056037
1895.94797399 0.01607643 0.08009598
1896.94847424 0.01564965 0.08169037
1897.94897449 0.01471715 0.07748656
1898.94947474 0.01480654 0.07667230
1899.94997499 0.01443733 0.07535764
1900.95047524 0.01379787 0.07200224
1901.95097549 0.01370506 0.07047653
1902.95147574 0.01315623 0.06890078
1903.95197599 0.01316396 0.06853903
1904.95247624 0.01279514 0.06737423
1905.95297649 0.01272041 0.06699297
1906.95347674 0.01239999 0.06577754
1907.95397699 0.01161704 0.05952593
1908.95447724 0.01157816 0.05862601
1909.95497749 0.01153135 0.06056923
1910.95547774 0.01027969 0.05125219
1911.95597799 0.01258265 0.06468899
1912.95647824 0.01257825 0.06511498
1913.95697849 0.01248055 0.06091678
1914.95747874 0.01158927 0.05254447
1915.95797899 0.01085318 0.05011314
1916.95847924 0.01260440 0.06368026
1917.95897949 0.01266078 0.06230157
1918.95947974 0.01214362 0.05845695
1919.95997999 0.01252230 0.05850428
1920.96048024 0.01258931 0.06020189
1921.96098049 0.01355347 0.07212849
1922.96148074 0.01321414 0.07187570
1923.96198099 0.01335814 0.07155869
1924.96248124 0.01325864 0.06930223
1925.96298149 0.01327301 0.07052166
1926.96348174 0.01229860 0.06670967
1927.96398199 0.01415231 0.07651050
1928.96448224 0.01683120 0.09304286
1929.96498249 0.01658546 0.09160290
1930.96548274 0.01625938 0.09127199
1931.96598299 0.01689441 0.09913645
1932.96648324 0.01662972 0.08747323
1933.96698349 0.01611397 0.08259879
1934.96748374 0.01698262 0.09594921
1935.96798399 0.01707901 0.09516472
1936.96848424 0.01734334 0.09027053
1937.96898449 0.01934711 0.10172069
1938.96948474 0.02353209 0.15420517
1939.96998499 0.02238509 0.14155479
1940.97048524 0.02283609 0.14773860
1941.97098549 0.02265401 0.14295705
1942.97148574 0.02318843 0.14498961
1943.97198599 0.02287074 0.14918974
1944.97248624 0.02194872 0.14036564
1945.97298649 0.02187123 0.13929527
1946.97348674 0.02107836 0.13246513
1947.97398699 0.02149727 0.13288423
1948.97448724 0.02186250 0.13184883
1949.97498749 0.02115990 0.11929025
1950.97548774 0.02039991 0.12201565
1951.97598799 0.02075668 0.11891139
1952.97648824 0.02079347 0.11953253
1953.97698849 0.02042846 0.11626265
1954.97748874 0.01941010 0.11037408
1955.97798899 0.01975981 0.10942912
1956.97848924 0.02031005 0.10775913
1957.97898949 0.01818568 0.10245548
1958.97948974 0.01721109 0.09724121
1959.97998999 0.01716536 0.09757718
1960.98049025 0.01709668 0.09789190
1961.98099050 0.01654785 0.09590422
1962.98149075 0.01621152 0.09344560
1963.98199100 0.01764778 0.10126033
1964.98249125 0.01988549 0.10943243
1965.98299150 0.01851049 0.10270220
1966.98349175 0.01608097 0.09105341
1967.98399200 0.01861408 0.10350482
1968.98449225 0.01862943 0.10300354
1969.98499250 0.01808553 0.09702752
1970.98549275 0.01761946 0.09174293
1971.98599300 0.01800193 0.09335480
1972.98649325 0.01987806 0.10225486
1973.98699350 0.01944549 0.10118976
1974.98749375 0.01808827 0.09559425
1975.98799400 0.01954364 0.10235089
1976.98849425 0.01957917 0.10349507
1977.98899450 0.02127083 0.11002581
1978.98949475 0.02253879 0.11597462
1979.98999500 0.02388328 0.11999857
1980.99049525 0.02172456 0.10863032
1981.99099550 0.02237451 0.11066375
1982.99149575 0.02356895 0.12072499
1983.99199600 0.02223424 0.11226985
1984.99249625 0.02205969 0.11716762
1985.99299650 0.02176461 0.11522419
1986.99349675 0.02011851 0.10283653
1987.99399700 0.02138891 0.11144472
1988.99449725 0.02118170 0.10972129
1989.99499750 0.02070824 0.10679589
1990.99549775 0.02154533 0.11507298
1991.99599800 0.02040265 0.10790650
1992.99649825 0.01959599 0.10311463
1993.99699850 0.01904480 0.09480860
1994.99749875 0.01887709 0.09290556
1995.99799900 0.01832114 0.09173779
1996.99849925 0.01883633 0.09524602
1997.99899950 0.01889471 0.09470327
1998.99949975 0.01811645 0.09220061
2000.00000000 0.01880654 0.09713841
