0.00000000 14.00000000 0.00000182
1.00050025 13.99353833 0.00581530
2.00100050 13.98742018 0.02247891
3.00150075 13.98133733 0.04448564
4.00200100 13.96527092 0.07324399
5.00250125 13.95341424 0.09779705
6.00300150 13.93241093 0.14578674
7.00350175 13.90423526 0.19202016
8.00400200 13.88365178 0.23131747
9.00450225 13.85506433 0.27230041
10.00500250 13.83188531 0.30217462
11.00550275 13.81799117 0.32020554
12.00600300 13.80118487 0.34777077
13.00650325 13.77930389 0.37710364
14.00700350 13.76690177 0.39641398
15.00750375 13.74754234 0.42033918
16.00800400 13.73549259 0.43426561
17.00850425 13.72577808 0.44256377
18.00900450 13.70826217 0.45669148
19.00950475 13.69150105 0.47540085
20.01000500 13.67338828 0.49195133
21.01050525 13.64749846 0.51484544
22.01100550 13.62493087 0.53023899
23.01150575 13.60338329 0.55593694
24.01200600 13.58192704 0.57744086
25.01250625 13.56774552 0.58983304
26.01300650 13.54763937 0.60060592
27.01350675 13.52307627 0.62115416
28.01400700 13.51060046 0.63080215
29.01450725 13.48767664 0.65182424
30.01500750 13.46844933 0.66752877
31.01550775 13.45350280 0.68715104
32.01600800 13.43499411 0.69370447
33.01650825 13.42389973 0.70320988
34.01700850 13.41572660 0.71162835
35.01750875 13.40262126 0.71927929
36.01800900 13.37841369 0.74412182
37.01850925 13.35740535 0.76340626
38.01900950 13.33984139 0.77645925
39.01950975 13.31144622 0.79476994
40.02001001 13.29271411 0.80064459
41.02051026 13.26801065 0.80738233
42.02101051 13.25375982 0.82260502
43.02151076 13.23488937 0.84447034
44.02201101 13.21813000 0.85783418
45.02251126 13.20449056 0.87722228
46.02301151 13.18912765 0.88979323
47.02351176 13.16838492 0.90510238
48.02401201 13.14591389 0.91272963
49.02451226 13.12312350 0.92547665
50.02501251 13.10664395 0.93685799
51.02551276 13.08521340 0.95444802
52.02601301 13.06650106 0.96827639
53.02651326 13.04055404 1.00251296
54.02701351 13.02048419 1.01068870
55.02751376 12.99972519 1.03334678
56.02801401 12.98532191 1.03918156
57.02851426 12.96558501 1.04680142
58.02901451 12.94598669 1.06120661
59.02951476 12.92298574 1.06764132
60.03001501 12.90155905 1.07832496
61.03051526 12.88283065 1.08545914
62.03101551 12.86550429 1.09818785
63.03151576 12.84616332 1.09779255
64.03201601 12.82318582 1.10949545
65.03251626 12.80769341 1.11249582
66.03301651 12.79376169 1.11278977
67.03351676 12.77837672 1.12486374
68.03401701 12.76085024 1.12576737
69.03451726 12.74109404 1.13575909
70.03501751 12.72592044 1.14223758
71.03551776 12.70186623 1.15398489
72.03601801 12.69091847 1.16170916
73.03651826 12.67207077 1.17437362
74.03701851 12.64177154 1.19983444
75.03751876 12.62805831 1.20775756
76.03801901 12.60547905 1.22127489
77.03851926 12.59039752 1.23182430
78.03901951 12.57392584 1.24110827
79.03951976 12.55770798 1.24142692
80.04002001 12.53377459 1.25475514
81.04052026 12.51739800 1.26226067
82.04102051 12.50031469 1.27241131
83.04152076 12.47449689 1.28326695
84.04202101 12.45424609 1.29002002
85.04252126 12.43741061 1.29647973
86.04302151 12.41536946 1.30163190
87.04352176 12.39782157 1.30512112
88.04402201 12.38055060 1.30870454
89.04452226 12.36803197 1.31057077
90.04502251 12.34741521 1.32042198
91.04552276 12.33064015 1.32577425
92.04602301 12.30693809 1.33849325
93.04652326 12.28621077 1.34315621
94.04702351 12.27048225 1.34783302
95.04752376 12.25448087 1.35157561
96.04802401 12.23204854 1.35910752
97.04852426 12.21038142 1.37774184
98.04902451 12.18946122 1.39381513
99.04952476 12.17795427 1.40146898
100.05002501 12.16059099 1.40717227
101.05052526 12.14671225 1.40726953
102.05102551 12.13907065 1.40757795
103.05152576 12.12658991 1.40753163
104.05202601 12.11172629 1.41429865
105.05252626 12.10036100 1.41921474
106.05302651 12.08000474 1.42377592
107.05352676 12.06588063 1.42167090
108.05402701 12.04859605 1.42371444
109.05452726 12.03377046 1.42648547
110.05502751 12.01661005 1.43103999
111.05552776 11.99728992 1.43778618
112.05602801 11.97631021 1.44119877
113.05652826 11.94919283 1.44734142
114.05702851 11.92839817 1.45999722
115.05752876 11.91818747 1.46349192
116.05802901 11.91126181 1.46355960
117.05852926 11.89154456 1.47645271
118.05902951 11.87463175 1.47432691
119.05952976 11.85187620 1.47963827
120.06003002 11.84239446 1.48256923
121.06053027 11.81790229 1.49275759
122.06103052 11.80407235 1.49669261
123.06153077 11.79279058 1.49598535
124.06203102 11.77509470 1.50236220
125.06253127 11.75102078 1.51628077
126.06303152 11.72876956 1.52273768
127.06353177 11.71274648 1.52312007
128.06403202 11.69627389 1.52941691
129.06453227 11.67455267 1.54447293
130.06503252 11.64985019 1.55327810
131.06553277 11.62771283 1.55319878
132.06603302 11.61299678 1.55436861
133.06653327 11.59408296 1.55926322
134.06703352 11.57849011 1.56127019
135.06753377 11.56520627 1.56238135
136.06803402 11.54719150 1.56854986
137.06853427 11.53363904 1.57319489
138.06903452 11.51282521 1.58060781
139.06953477 11.49780984 1.58550376
140.07003502 11.46976907 1.59606816
141.07053527 11.45478326 1.59956307
142.07103552 11.44029827 1.60647336
143.07153577 11.42614233 1.61968914
144.07203602 11.40836140 1.62158718
145.07253627 11.38547774 1.62882963
146.07303652 11.36024330 1.63264760
147.07353677 11.34547130 1.63256244
148.07403702 11.33170287 1.63050212
149.07453727 11.31762218 1.63625956
150.07503752 11.29197042 1.64607440
151.07553777 11.27634255 1.65010795
152.07603802 11.25751448 1.65536531
153.07653827 11.24635153 1.65225677
154.07703852 11.23515873 1.65318852
155.07753877 11.21905717 1.66372845
156.07803902 11.18989525 1.67180290
157.07853927 11.17733951 1.67604666
158.07903952 11.15829494 1.68062103
159.07953977 11.13842337 1.68222755
160.08004002 11.12385136 1.69022126
161.08054027 11.10853343 1.69156142
162.08104052 11.09873636 1.69147816
163.08154077 11.07437593 1.70610154
164.08204102 11.05966717 1.70894200
165.08254127 11.04419110 1.71132591
166.08304152 11.02071824 1.71210206
167.08354177 11.00609802 1.71380685
168.08404202 10.99229247 1.71455130
169.08454227 10.97274018 1.71137955
170.08504252 10.95632438 1.71043450
171.08554277 10.93666962 1.70935559
172.08604302 10.91794175 1.71080781
173.08654327 10.90895264 1.71545716
174.08704352 10.89737836 1.71860938
175.08754377 10.87830896 1.72699695
176.08804402 10.85866590 1.73657400
177.08854427 10.84301726 1.74114629
178.08904452 10.82366836 1.73981782
179.08954477 10.79809549 1.73688611
180.09004502 10.78836799 1.73956954
181.09054527 10.77560762 1.74811782
182.09104552 10.75973101 1.75421604
183.09154577 10.74336177 1.75865619
184.09204602 10.73457466 1.76170110
185.09254627 10.72015750 1.76567556
186.09304652 10.69669539 1.78002696
187.09354677 10.68547535 1.77725990
188.09404702 10.66294862 1.78073095
189.09454727 10.64568903 1.79025784
190.09504752 10.63381552 1.79097039
191.09554777 10.61756112 1.79618736
192.09604802 10.60381067 1.79792757
193.09654827 10.59029614 1.80039992
194.09704852 10.57269311 1.80712846
195.09754877 10.56028607 1.80616608
196.09804902 10.54647764 1.80665307
197.09854927 10.53799469 1.80820518
198.09904952 10.51895201 1.80169740
199.09954977 10.50699465 1.80517481
200.10005003 10.48832895 1.81140453
201.10055028 10.48195517 1.81449573
202.10105053 10.46928492 1.81888801
203.10155078 10.45976424 1.81951116
204.10205103 10.44876157 1.82178004
205.10255128 10.42958856 1.82281174
206.10305153 10.41589867 1.82512469
207.10355178 10.39941001 1.82256318
208.10405203 10.38397154 1.82010686
209.10455228 10.36852185 1.82177602
210.10505253 10.35502558 1.82135651
211.10555278 10.33079681 1.82907907
212.10605303 10.30948698 1.83347090
213.10655328 10.29602887 1.83090062
214.10705353 10.27754382 1.83316311
215.10755378 10.25781659 1.83559877
216.10805403 10.23777382 1.83788426
217.10855428 10.22300746 1.83922799
218.10905453 10.20688699 1.84314151
219.10955478 10.18853416 1.85081559
220.11005503 10.17072760 1.85659266
221.11055528 10.15402929 1.86402627
222.11105553 10.13357008 1.86623533
223.11155578 10.11879390 1.86493053
224.11205603 10.10295912 1.87036931
225.11255628 10.09105363 1.87756213
226.11305653 10.07373976 1.88928883
227.11355678 10.05794713 1.89639376
228.11405703 10.04564133 1.90187453
229.11455728 10.02859994 1.90609721
230.11505753 10.00767950 1.90749232
231.11555778 9.99088117 1.90423853
232.11605803 9.96412071 1.90424687
233.11655828 9.94709090 1.90662344
234.11705853 9.92836192 1.90933032
235.11755878 9.90644549 1.91663371
236.11805903 9.88916900 1.91976064
237.11855928 9.87275911 1.92920654
238.11905953 9.85217012 1.93566121
239.11955978 9.82582718 1.94593851
240.12006003 9.80312980 1.94763842
241.12056028 9.78772481 1.95164259
242.12106053 9.76947123 1.96039395
243.12156078 9.75904108 1.96770803
244.12206103 9.74551702 1.97310419
245.12256128 9.73471194 1.97942518
246.12306153 9.71990046 1.98790871
247.12356178 9.70500179 1.99379736
248.12406203 9.68359008 1.99819874
249.12456228 9.67116697 2.00365045
250.12506253 9.65865176 2.00791510
251.12556278 9.64341985 2.00737926
252.12606303 9.62856483 2.00865734
253.12656328 9.62146254 2.01826597
254.12706353 9.61111525 2.01499873
255.12756378 9.60046389 2.01639715
256.12806403 9.58203955 2.02393408
257.12856428 9.56834034 2.02991042
258.12906453 9.54744073 2.02765023
259.12956478 9.53928595 2.02976189
260.13006503 9.51538076 2.04072651
261.13056528 9.49844772 2.04684781
262.13106553 9.48712615 2.05170151
263.13156578 9.46962995 2.05413904
264.13206603 9.44934792 2.05899470
265.13256628 9.42527629 2.06792222
266.13306653 9.40865609 2.07526752
267.13356678 9.39286474 2.07711465
268.13406703 9.37061442 2.07527854
269.13456728 9.35016634 2.06881076
270.13506753 9.32632049 2.07231973
271.13556778 9.30462074 2.06896749
272.13606803 9.29575080 2.06853929
273.13656828 9.27326294 2.08382689
274.13706853 9.24859662 2.08750869
275.13756878 9.23969300 2.08875802
276.13806903 9.22358439 2.08528214
277.13856928 9.21274890 2.08466755
278.13906953 9.19606448 2.08753515
279.13956978 9.17145991 2.09273785
280.14007004 9.15895606 2.09712995
281.14057029 9.14286643 2.10474984
282.14107054 9.12533697 2.10322454
283.14157079 9.10792262 2.10804989
284.14207104 9.09282926 2.10663326
285.14257129 9.07253355 2.11304378
286.14307154 9.04996384 2.11414054
287.14357179 9.02964478 2.12175853
288.14407204 9.01248144 2.12308708
289.14457229 8.99510405 2.12314859
290.14507254 8.96819757 2.13108482
291.14557279 8.95075327 2.12974704
292.14607304 8.93736518 2.13301482
293.14657329 8.91937270 2.13178804
294.14707354 8.91130168 2.13216050
295.14757379 8.89436652 2.13864806
296.14807404 8.88108491 2.14375370
297.14857429 8.86376713 2.14324080
298.14907454 8.84250653 2.14379240
299.14957479 8.83055583 2.14610963
300.15007504 8.81054346 2.14356933
301.15057529 8.79091218 2.14269652
302.15107554 8.76700935 2.13870186
303.15157579 8.75289832 2.13986315
304.15207604 8.74599073 2.14178111
305.15257629 8.72960424 2.13295618
306.15307654 8.72059304 2.13478099
307.15357679 8.71364323 2.13865861
308.15407704 8.70073924 2.13470382
309.15457729 8.68487594 2.13396072
310.15507754 8.66968696 2.13737493
311.15557779 8.65554028 2.14135625
312.15607804 8.64024514 2.13945410
313.15657829 8.62349258 2.13622457
314.15707854 8.60567826 2.14373952
315.15757879 8.58907109 2.14923146
316.15807904 8.57075014 2.15838012
317.15857929 8.55266753 2.15899294
318.15907954 8.53734987 2.15905917
319.15957979 8.51518084 2.15938790
320.16008004 8.49946523 2.16162924
321.16058029 8.47588274 2.17162648
322.16108054 8.45562217 2.17748521
323.16158079 8.44556126 2.17708507
324.16208104 8.43299121 2.17501864
325.16258129 8.42116509 2.17550993
326.16308154 8.40655736 2.17826730
327.16358179 8.38978726 2.18768188
328.16408204 8.38067398 2.19106144
329.16458229 8.36407207 2.19021770
330.16508254 8.34887899 2.18884912
331.16558279 8.32753396 2.19501030
332.16608304 8.31255191 2.19991599
333.16658329 8.30164244 2.20466445
334.16708354 8.28998060 2.20039771
335.16758379 8.28000063 2.19844701
336.16808404 8.26166450 2.19968842
337.16858429 8.24860110 2.20048681
338.16908454 8.23469010 2.19810962
339.16958479 8.21133358 2.18942651
340.17008504 8.19889299 2.19061844
341.17058529 8.18292043 2.18667776
342.17108554 8.16681918 2.18651322
343.17158579 8.15056492 2.18264672
344.17208604 8.13744416 2.17994419
345.17258629 8.12306524 2.18455013
346.17308654 8.10302688 2.18030945
347.17358679 8.09186158 2.17808506
348.17408704 8.07705273 2.18335018
349.17458729 8.06448237 2.18348641
350.17508754 8.05186666 2.17966673
351.17558779 8.03456195 2.17827094
352.17608804 8.03067800 2.17726421
353.17658829 8.01648207 2.17578585
354.17708854 8.00867068 2.18219642
355.17758879 7.99645732 2.18664447
356.17808904 7.98019396 2.19027099
357.17858929 7.96030166 2.20285358
358.17908954 7.94436771 2.21094501
359.17958979 7.92442984 2.21739360
360.18009005 7.91472067 2.21619447
361.18059030 7.90471718 2.21300902
362.18109055 7.89859029 2.21195580
363.18159080 7.88523170 2.20867344
364.18209105 7.87511509 2.21001664
365.18259130 7.86357485 2.21176393
366.18309155 7.85354875 2.21119773
367.18359180 7.83759404 2.20947659
368.18409205 7.82061731 2.21028624
369.18459230 7.80392137 2.21674434
370.18509255 7.79315838 2.22015176
371.18559280 7.78314366 2.22555427
372.18609305 7.77102668 2.23261133
373.18659330 7.76129439 2.23170193
374.18709355 7.74733661 2.23935787
375.18759380 7.73214995 2.23975805
376.18809405 7.71707088 2.24660538
377.18859430 7.70321770 2.24913826
378.18909455 7.69457405 2.24824667
379.18959480 7.68359727 2.24842971
380.19009505 7.67668247 2.25138341
381.19059530 7.66026995 2.25694570
382.19109555 7.64422621 2.25820244
383.19159580 7.63102761 2.25440976
384.19209605 7.61653586 2.25398143
385.19259630 7.59476926 2.25504046
386.19309655 7.58254637 2.25742705
387.19359680 7.56835582 2.26718656
388.19409705 7.55452672 2.26267056
389.19459730 7.54270771 2.26857592
390.19509755 7.52955272 2.26414614
391.19559780 7.52201192 2.26649431
392.19609805 7.51089212 2.27017158
393.19659830 7.49224081 2.27434634
394.19709855 7.47623501 2.27497748
395.19759880 7.46729650 2.27553446
396.19809905 7.45882629 2.27764542
397.19859930 7.44529753 2.27987645
398.19909955 7.43096270 2.28258284
399.19959980 7.41615068 2.28786936
400.20010005 7.39436248 2.28523034
401.20060030 7.38132359 2.28441429
402.20110055 7.37090003 2.28347784
403.20160080 7.35830815 2.28015314
404.20210105 7.34456967 2.27711171
405.20260130 7.33200801 2.28075374
406.20310155 7.32190208 2.28624171
407.20360180 7.30759330 2.28636811
408.20410205 7.29711864 2.29218943
409.20460230 7.28596335 2.29609811
410.20510255 7.26891309 2.30122994
411.20560280 7.25853849 2.30051264
412.20610305 7.24425438 2.30063936
413.20660330 7.22663255 2.30024663
414.20710355 7.20827848 2.29695770
415.20760380 7.19721685 2.29239482
416.20810405 7.17897904 2.28316307
417.20860430 7.16445480 2.28694510
418.20910455 7.15014875 2.28326747
419.20960480 7.13474943 2.28314238
420.21010505 7.12747094 2.28599164
421.21060530 7.11385909 2.28767054
422.21110555 7.10121018 2.28585578
423.21160580 7.08776123 2.28442757
424.21210605 7.07113970 2.28618482
425.21260630 7.04927669 2.27964245
426.21310655 7.03368652 2.28213983
427.21360680 7.01818822 2.28083604
428.21410705 6.99748965 2.28154054
429.21460730 6.98642849 2.28357886
430.21510755 6.97264536 2.29012779
431.21560780 6.96097252 2.28874014
432.21610805 6.94776012 2.28759957
433.21660830 6.94414167 2.28966918
434.21710855 6.92943194 2.28974660
435.21760880 6.90983255 2.28264808
436.21810905 6.89871025 2.28375294
437.21860930 6.88639673 2.28824350
438.21910955 6.87171357 2.28443264
439.21960980 6.86120018 2.28818174
440.22011006 6.85234262 2.28885016
441.22061031 6.83669785 2.29254275
442.22111056 6.82082214 2.29825826
443.22161081 6.80282770 2.29930363
444.22211106 6.78840851 2.29749119
445.22261131 6.77448810 2.29745960
446.22311156 6.76384928 2.29552961
447.22361181 6.75137851 2.29747410
448.22411206 6.74487103 2.29834503
449.22461231 6.72693353 2.30486094
450.22511256 6.71329590 2.30796691
451.22561281 6.69694991 2.31128050
452.22611306 6.68516283 2.31605779
453.22661331 6.67324298 2.32108271
454.22711356 6.65819863 2.32304845
455.22761381 6.64972140 2.32143402
456.22811406 6.63787113 2.32621405
457.22861431 6.62300119 2.32544497
458.22911456 6.61349131 2.32718565
459.22961481 6.59617224 2.32589328
460.23011506 6.58446139 2.33138812
461.23061531 6.56692283 2.32760215
462.23111556 6.55230730 2.32905523
463.23161581 6.54089755 2.32832791
464.23211606 6.52980267 2.32549673
465.23261631 6.51980646 2.32464679
466.23311656 6.50224994 2.32305570
467.23361681 6.49350335 2.32367546
468.23411706 6.47924595 2.32453596
469.23461731 6.46738745 2.32781403
470.23511756 6.46038320 2.33098776
471.23561781 6.44530631 2.33031138
472.23611806 6.43173206 2.33078300
473.23661831 6.41601054 2.33565120
474.23711856 6.40023080 2.33356585
475.23761881 6.39147590 2.32944252
476.23811906 6.38272449 2.32934795
477.23861931 6.37089884 2.33052633
478.23911956 6.35274789 2.33405204
479.23961981 6.33915639 2.33371281
480.24012006 6.32681579 2.33303855
481.24062031 6.31963924 2.33397014
482.24112056 6.30594250 2.33515691
483.24162081 6.29397014 2.33085087
484.24212106 6.28077706 2.32880910
485.24262131 6.26730725 2.32650108
486.24312156 6.26113315 2.32766766
487.24362181 6.25415110 2.32788882
488.24412206 6.23370607 2.32058043
489.24462231 6.21436330 2.31838343
490.24512256 6.20132390 2.31732711
491.24562281 6.18581424 2.30924863
492.24612306 6.16945534 2.30599720
493.24662331 6.15711306 2.31018029
494.24712356 6.14957725 2.30946729
495.24762381 6.13864156 2.31070767
496.24812406 6.13116044 2.31144896
497.24862431 6.11551543 2.30749891
498.24912456 6.09662153 2.31079973
499.24962481 6.08537774 2.31173803
500.25012506 6.07446199 2.30952517
501.25062531 6.06580875 2.31752041
502.25112556 6.05289494 2.30697131
503.25162581 6.04184981 2.30770988
504.25212606 6.03375360 2.30363006
505.25262631 6.01440178 2.30126842
506.25312656 6.00230061 2.29759963
507.25362681 5.98340298 2.29188781
508.25412706 5.97461189 2.29379388
509.25462731 5.96245005 2.29350228
510.25512756 5.95022628 2.29061668
511.25562781 5.93822638 2.29275265
512.25612806 5.92838347 2.29074542
513.25662831 5.91948599 2.28905289
514.25712856 5.90913240 2.29185327
515.25762881 5.89150853 2.30262187
516.25812906 5.88215561 2.30551554
517.25862931 5.86940065 2.30526308
518.25912956 5.85794547 2.31167266
519.25962981 5.84482856 2.31650639
520.26013007 5.83802224 2.31917700
521.26063032 5.82063477 2.32070384
522.26113057 5.81026541 2.31598621
523.26163082 5.79534036 2.31682231
524.26213107 5.78428631 2.31885978
525.26263132 5.77319449 2.31620188
526.26313157 5.76411738 2.31486971
527.26363182 5.75113121 2.32018484
528.26413207 5.73345246 2.31214496
529.26463232 5.71948655 2.31147429
530.26513257 5.70802882 2.31418327
531.26563282 5.69527474 2.31404768
532.26613307 5.68116934 2.31401815
533.26663332 5.67533129 2.31362026
534.26713357 5.66599547 2.31435804
535.26763382 5.65740573 2.31873535
536.26813407 5.64475299 2.32170503
537.26863432 5.63380402 2.32721402
538.26913457 5.62015152 2.32490056
539.26963482 5.60760593 2.32429106
540.27013507 5.59648810 2.32557442
541.27063532 5.58380428 2.32326412
542.27113557 5.56798417 2.32192501
543.27163582 5.55800640 2.32044948
544.27213607 5.54594545 2.31748750
545.27263632 5.53024774 2.31458111
546.27313657 5.51673893 2.31918989
547.27363682 5.50922973 2.31856791
548.27413707 5.49694235 2.31778199
549.27463732 5.48449103 2.32170043
550.27513757 5.47736123 2.32430212
551.27563782 5.46194132 2.31883719
552.27613807 5.45092767 2.31869980
553.27663832 5.43951600 2.32202737
554.27713857 5.43552191 2.32747299
555.27763882 5.42515641 2.32736579
556.27813907 5.41281290 2.32414916
557.27863932 5.39948022 2.31866260
558.27913957 5.39177030 2.31861493
559.27963982 5.37802323 2.31064984
560.28014007 5.36550226 2.30290346
561.28064032 5.35514845 2.30528705
562.28114057 5.34169210 2.29838039
563.28164082 5.32657694 2.29690463
564.28214107 5.31873217 2.29676373
565.28264132 5.30889110 2.30261194
566.28314157 5.29627088 2.30948946
567.28364182 5.28173291 2.30721587
568.28414207 5.26924759 2.30962375
569.28464232 5.25723473 2.30500937
570.28514257 5.24569903 2.31034787
571.28564282 5.23509584 2.30997472
572.28614307 5.22275571 2.31306845
573.28664332 5.21130826 2.31199679
574.28714357 5.20100735 2.31318227
575.28764382 5.18275451 2.31722845
576.28814407 5.16545973 2.31295667
577.28864432 5.14982594 2.30930698
578.28914457 5.13875430 2.30522289
579.28964482 5.12584715 2.30001282
580.29014507 5.11825357 2.29898259
581.29064532 5.10588882 2.30190117
582.29114557 5.09492738 2.30460558
583.29164582 5.08586728 2.30670491
584.29214607 5.07029984 2.30381183
585.29264632 5.06116748 2.30525446
586.29314657 5.05356298 2.30001383
587.29364682 5.04319937 2.29651721
588.29414707 5.03000744 2.29044392
589.29464732 5.02055650 2.28761476
590.29514757 5.01529279 2.28566064
591.29564782 5.00559072 2.28628345
592.29614807 4.99049031 2.27651561
593.29664832 4.98011346 2.27540575
594.29714857 4.96741995 2.27474000
595.29764882 4.95613559 2.27334836
596.29814907 4.94513354 2.27599050
597.29864932 4.93415844 2.27489083
598.29914957 4.92377380 2.27385250
599.29964982 4.91593546 2.26992977
600.30015008 4.89698089 2.27040332
601.30065033 4.88648386 2.27123504
602.30115058 4.87098915 2.26592347
603.30165083 4.85909693 2.26953585
604.30215108 4.84414604 2.26959477
605.30265133 4.83545505 2.26506974
606.30315158 4.82356035 2.26825471
607.30365183 4.80587204 2.26597285
608.30415208 4.79822807 2.26588333
609.30465233 4.78670301 2.26671978
610.30515258 4.77499107 2.26287879
611.30565283 4.76255216 2.26242391
612.30615308 4.75547390 2.26016337
613.30665333 4.75084808 2.26122994
614.30715358 4.73812865 2.26017095
615.30765383 4.72432396 2.26001714
616.30815408 4.70987205 2.25438325
617.30865433 4.69522405 2.25896065
618.30915458 4.68798029 2.25944645
619.30965483 4.67851011 2.26015924
620.31015508 4.66583675 2.26026081
621.31065533 4.66029897 2.26033949
622.31115558 4.64996832 2.26033626
623.31165583 4.64370586 2.26150239
624.31215608 4.63471392 2.26534252
625.31265633 4.62463935 2.26454104
626.31315658 4.60957979 2.25949886
627.31365683 4.59495327 2.26137431
628.31415708 4.59030484 2.25996933
629.31465733 4.57566040 2.26195811
630.31515758 4.56368949 2.26126493
631.31565783 4.55107178 2.26402407
632.31615808 4.54113482 2.26339156
633.31665833 4.53178383 2.26783928
634.31715858 4.51753650 2.26448366
635.31765883 4.50709267 2.26105510
636.31815908 4.49850562 2.26104163
637.31865933 4.48858035 2.25647682
638.31915958 4.47745725 2.25160444
639.31965983 4.47081242 2.25431745
640.32016008 4.46320301 2.25459979
641.32066033 4.44980452 2.25600037
642.32116058 4.43752391 2.25673252
643.32166083 4.42127110 2.25290495
644.32216108 4.40412759 2.24824723
645.32266133 4.39168854 2.24789050
646.32316158 4.37533967 2.24696107
647.32366183 4.36598356 2.24669586
648.32416208 4.35798595 2.24363478
649.32466233 4.34810373 2.24507410
650.32516258 4.33947829 2.24588218
651.32566283 4.32711869 2.23456970
652.32616308 4.31991170 2.23490427
653.32666333 4.31146945 2.23637377
654.32716358 4.30252998 2.24058117
655.32766383 4.29522921 2.24099787
656.32816408 4.28529977 2.24149216
657.32866433 4.27353767 2.24013580
658.32916458 4.25779099 2.23615857
659.32966483 4.24898572 2.23556564
660.33016508 4.24254302 2.23391457
661.33066533 4.22979402 2.22746908
662.33116558 4.22091450 2.22803365
663.33166583 4.21146236 2.22507567
664.33216608 4.20350359 2.22519039
665.33266633 4.19356155 2.22464045
666.33316658 4.18151888 2.22142266
667.33366683 4.17356264 2.21920565
668.33416708 4.16456787 2.21702881
669.33466733 4.15671034 2.21727617
670.33516758 4.14922626 2.21434766
671.33566783 4.14139365 2.21174413
672.33616808 4.13623611 2.21089986
673.33666833 4.12305437 2.20688809
674.33716858 4.11186618 2.20729930
675.33766883 4.10385816 2.20626599
676.33816908 4.09058342 2.20328414
677.33866933 4.07949331 2.20088166
678.33916958 4.06787252 2.20168606
679.33966983 4.05747200 2.19744438
680.34017009 4.05138427 2.19404521
681.34067034 4.04359815 2.19032679
682.34117059 4.03327139 2.18629337
683.34167084 4.02328975 2.18583884
684.34217109 4.01271938 2.17880933
685.34267134 3.99941269 2.17638911
686.34317159 3.98473836 2.17606812
687.34367184 3.97575254 2.17395761
688.34417209 3.96764898 2.17173935
689.34467234 3.95955805 2.17222923
690.34517259 3.95265775 2.17121944
691.34567284 3.94377780 2.17085618
692.34617309 3.93320339 2.16598572
693.34667334 3.92247849 2.16492469
694.34717359 3.90987194 2.15720442
695.34767384 3.90026756 2.15328748
696.34817409 3.89183732 2.15228996
697.34867434 3.87967750 2.14855079
698.34917459 3.87008597 2.14336173
699.34967484 3.86247825 2.14267870
700.35017509 3.85259111 2.13985242
701.35067534 3.84538334 2.13515582
702.35117559 3.83386808 2.13397456
703.35167584 3.82507903 2.13290992
704.35217609 3.81725768 2.12987806
705.35267634 3.80880545 2.12496827
706.35317659 3.79748239 2.11728050
707.35367684 3.79021331 2.11671455
708.35417709 3.78793822 2.11477815
709.35467734 3.77965397 2.11345177
710.35517759 3.77579328 2.10920040
711.35567784 3.76509624 2.10333896
712.35617809 3.75569996 2.10027211
713.35667834 3.74126735 2.10197310
714.35717859 3.73611230 2.10149713
715.35767884 3.72857368 2.10047592
716.35817909 3.71932093 2.09426958
717.35867934 3.70672815 2.09474753
718.35917959 3.69572020 2.09330544
719.35967984 3.68176316 2.08433767
720.36018009 3.67239545 2.07839356
721.36068034 3.66282100 2.07324104
722.36118059 3.65357638 2.06983504
723.36168084 3.64001428 2.06477952
724.36218109 3.63075693 2.06200898
725.36268134 3.62643102 2.06194649
726.36318159 3.61936470 2.06150451
727.36368184 3.60939733 2.06008500
728.36418209 3.59860398 2.05351639
729.36468234 3.58961131 2.05273521
730.36518259 3.58077218 2.05192233
731.36568284 3.56807859 2.04777445
732.36618309 3.55847528 2.04238512
733.36668334 3.55080954 2.04150373
734.36718359 3.53799709 2.04226029
735.36768384 3.53226962 2.04231066
736.36818409 3.52155760 2.04224705
737.36868434 3.51263194 2.04182697
738.36918459 3.50112002 2.03493012
739.36968484 3.49021684 2.03185600
740.37018509 3.47688062 2.02788390
741.37068534 3.46374682 2.02721718
742.37118559 3.45414761 2.02954042
743.37168584 3.44128393 2.02654072
744.37218609 3.42580279 2.02019181
745.37268634 3.41825033 2.01739132
746.37318659 3.41104517 2.01339540
747.37368684 3.39962446 2.01301612
748.37418709 3.38822013 2.00789644
749.37468734 3.37806702 2.00727221
750.37518759 3.36727556 2.00275803
751.37568784 3.36038424 2.00182304
752.37618809 3.34960880 1.99485074
753.37668834 3.34288211 1.99442200
754.37718859 3.32879745 1.99276343
755.37768884 3.31912305 1.98965504
756.37818909 3.31204659 1.98787185
757.37868934 3.31082548 1.98949119
758.37918959 3.29832796 1.98332316
759.37968984 3.28621878 1.98186840
760.38019010 3.27852003 1.97795783
761.38069035 3.27044877 1.97741796
762.38119060 3.26282203 1.97649342
763.38169085 3.25766408 1.97299262
764.38219110 3.24888996 1.97120862
765.38269135 3.23569599 1.96556290
766.38319160 3.22809930 1.96356532
767.38369185 3.22023973 1.95796446
768.38419210 3.21550559 1.95554630
769.38469235 3.21174733 1.95717714
770.38519260 3.20117685 1.95481624
771.38569285 3.19255526 1.95152650
772.38619310 3.18430903 1.94819346
773.38669335 3.17491742 1.94392152
774.38719360 3.16665595 1.94152615
775.38769385 3.16058599 1.93803648
776.38819410 3.15026668 1.93694909
777.38869435 3.14335739 1.93638293
778.38919460 3.13589714 1.93867768
779.38969485 3.12384971 1.93659903
780.39019510 3.11744747 1.93686581
781.39069535 3.11193280 1.93714650
782.39119560 3.10184453 1.93396235
783.39169585 3.09248405 1.93151078
784.39219610 3.08260619 1.92850234
785.39269635 3.07131128 1.92492276
786.39319660 3.06574416 1.92420056
787.39369685 3.05893181 1.92298104
788.39419710 3.05086076 1.92071559
789.39469735 3.03862318 1.91430703
790.39519760 3.03512709 1.91423936
791.39569785 3.02375923 1.91025704
792.39619810 3.00949618 1.89944956
793.39669835 3.00550902 1.89866408
794.39719860 3.00129478 1.89949365
795.39769885 2.99608619 1.89736580
796.39819910 2.98898967 1.89643639
797.39869935 2.98039588 1.89422015
798.39919960 2.97619736 1.89409596
799.39969985 2.96349233 1.88707523
800.40020010 2.95522499 1.88483500
801.40070035 2.94957098 1.88362850
802.40120060 2.94244089 1.88179566
803.40170085 2.93640430 1.88253628
804.40220110 2.92718374 1.88171488
805.40270135 2.92154463 1.88217964
806.40320160 2.91569280 1.88037553
807.40370185 2.90506696 1.87886797
808.40420210 2.89749147 1.87680699
809.40470235 2.89078005 1.87829916
810.40520260 2.88289899 1.87571829
811.40570285 2.87928431 1.87670558
812.40620310 2.87173308 1.87420040
813.40670335 2.86601345 1.87457235
814.40720360 2.85884172 1.87430127
815.40770385 2.84994598 1.86831179
816.40820410 2.84054416 1.86277448
817.40870435 2.83437394 1.85951363
818.40920460 2.82176149 1.86031678
819.40970485 2.81266002 1.85875550
820.41020510 2.80398196 1.85665120
821.41070535 2.79396448 1.85328149
822.41120560 2.78449250 1.84853158
823.41170585 2.77765125 1.84669031
824.41220610 2.76864116 1.84483857
825.41270635 2.76274731 1.84453842
826.41320660 2.75396849 1.84150220
827.41370685 2.74892141 1.84093716
828.41420710 2.74250882 1.84009154
829.41470735 2.73362751 1.84126531
830.41520760 2.72768603 1.84101416
831.41570785 2.72370476 1.83820924
832.41620810 2.71761132 1.83593830
833.41670835 2.71292805 1.83348668
834.41720860 2.70631832 1.83125006
835.41770885 2.69968079 1.82921747
836.41820910 2.69112336 1.82106095
837.41870935 2.68770424 1.82073860
838.41920960 2.68084712 1.81970243
839.41970985 2.67518182 1.81871910
840.42021011 2.66792384 1.81965239
841.42071036 2.66258353 1.81937246
842.42121061 2.65418028 1.81854756
843.42171086 2.64698720 1.81930816
844.42221111 2.63842804 1.81640008
845.42271136 2.63137081 1.81581356
846.42321161 2.62419978 1.81480983
847.42371186 2.61582720 1.81490994
848.42421211 2.61118540 1.81525526
849.42471236 2.60528869 1.81615242
850.42521261 2.59997929 1.81865052
851.42571286 2.59321223 1.81591560
852.42621311 2.58505007 1.81722932
853.42671336 2.57734358 1.81795933
854.42721361 2.57158162 1.81314406
855.42771386 2.56809844 1.81105498
856.42821411 2.56258209 1.80979390
857.42871436 2.55829735 1.80996682
858.42921461 2.55203373 1.80911921
859.42971486 2.54363243 1.80775431
860.43021511 2.53791086 1.80656035
861.43071536 2.52774921 1.80415459
862.43121561 2.51996845 1.80190035
863.43171586 2.51238182 1.80171307
864.43221611 2.50680271 1.79595715
865.43271636 2.50195686 1.79860560
866.43321661 2.49588326 1.79830422
867.43371686 2.48884782 1.79566365
868.43421711 2.48288826 1.79304229
869.43471736 2.47840168 1.79337820
870.43521761 2.47210026 1.79448363
871.43571786 2.46533759 1.79275038
872.43621811 2.46091696 1.78879256
873.43671836 2.45626401 1.78769523
874.43721861 2.44801057 1.78592351
875.43771886 2.44029590 1.78614610
876.43821911 2.43602716 1.78602207
877.43871936 2.42806559 1.77988669
878.43921961 2.42017326 1.77638921
879.43971986 2.41633521 1.77656730
880.44022011 2.40558011 1.76809193
881.44072036 2.39505591 1.76537285
882.44122061 2.39114240 1.76427328
883.44172086 2.38695151 1.76575939
884.44222111 2.38475261 1.76935971
885.44272136 2.37620727 1.76567886
886.44322161 2.36616701 1.76291887
887.44372186 2.35547600 1.75654532
888.44422211 2.34913270 1.75330062
889.44472236 2.34336242 1.75016384
890.44522261 2.33686104 1.74640074
891.44572286 2.33145007 1.74411641
892.44622311 2.32483488 1.73964796
893.44672336 2.31378847 1.73920028
894.44722361 2.30822274 1.73754159
895.44772386 2.30243453 1.73578462
896.44822411 2.29882729 1.73630901
897.44872436 2.29457554 1.73582845
898.44922461 2.29052570 1.73504848
899.44972486 2.28593185 1.73263131
900.45022511 2.27686252 1.73279192
901.45072536 2.27090922 1.73195075
902.45122561 2.26311410 1.73240803
903.45172586 2.25960076 1.73208715
904.45222611 2.25458227 1.73212898
905.45272636 2.24727392 1.72980505
906.45322661 2.24117633 1.72483152
907.45372686 2.23578389 1.72459252
908.45422711 2.22672354 1.72391759
909.45472736 2.21998073 1.72051290
910.45522761 2.21003993 1.71739516
911.45572786 2.19999154 1.71190152
912.45622811 2.19384991 1.71006600
913.45672836 2.18691737 1.70750194
914.45722861 2.17892978 1.70137606
915.45772886 2.17228090 1.69971948
916.45822911 2.16721591 1.69897076
917.45872936 2.16039756 1.69609506
918.45922961 2.15525801 1.69289509
919.45972986 2.15017575 1.69206027
920.46023012 2.14401980 1.69224554
921.46073037 2.13924875 1.69221611
922.46123062 2.13599127 1.69287041
923.46173087 2.12800341 1.69047141
924.46223112 2.11651612 1.68436741
925.46273137 2.11058428 1.68533273
926.46323162 2.10339593 1.68372171
927.46373187 2.09596265 1.68483671
928.46423212 2.09227810 1.68616647
929.46473237 2.08922943 1.68497010
930.46523262 2.08217498 1.67795131
931.46573287 2.07892340 1.67748706
932.46623312 2.07292460 1.67788493
933.46673337 2.06525141 1.67612007
934.46723362 2.05725984 1.67257231
935.46773387 2.05241927 1.66894920
936.46823412 2.04614891 1.66630737
937.46873437 2.04184683 1.66537438
938.46923462 2.03532939 1.66219508
939.46973487 2.03062669 1.66227103
940.47023512 2.02496866 1.66138378
941.47073537 2.01998989 1.66049018
942.47123562 2.01752820 1.65836237
943.47173587 2.01161015 1.65719082
944.47223612 2.00470293 1.65252726
945.47273637 1.99986958 1.65056505
946.47323662 1.99568220 1.65074209
947.47373687 1.98809224 1.64477118
948.47423712 1.98384560 1.64647680
949.47473737 1.97678059 1.64721452
950.47523762 1.97320108 1.64656782
951.47573787 1.96943626 1.64460218
952.47623812 1.95889256 1.63993993
953.47673837 1.95419953 1.63949523
954.47723862 1.94796656 1.63554440
955.47773887 1.94446842 1.63615718
956.47823912 1.94102093 1.63727426
957.47873937 1.93225903 1.63466047
958.47923962 1.92120404 1.62938353
959.47973987 1.91772683 1.62865230
960.48024012 1.91209425 1.62352859
961.48074037 1.90853735 1.62373381
962.48124062 1.90691367 1.62806298
963.48174087 1.90299151 1.62871692
964.48224112 1.89513196 1.62840753
965.48274137 1.88700471 1.62060953
966.48324162 1.88256084 1.61853214
967.48374187 1.87952324 1.61744793
968.48424212 1.87393745 1.61384018
969.48474237 1.86876081 1.61263113
970.48524262 1.86532125 1.61267867
971.48574287 1.86309475 1.61489941
972.48624312 1.85774360 1.61394976
973.48674337 1.85027822 1.61290655
974.48724362 1.84512148 1.61272039
975.48774387 1.84005025 1.61308035
976.48824412 1.83735134 1.61415933
977.48874437 1.83395366 1.61189301
978.48924462 1.83046825 1.61155852
979.48974487 1.82451219 1.60972233
980.49024512 1.81976001 1.60812345
981.49074537 1.81488389 1.60612786
982.49124562 1.80896657 1.60404270
983.49174587 1.80238846 1.60185783
984.49224612 1.79800497 1.59953904
985.49274637 1.78991257 1.59553690
986.49324662 1.78547636 1.59430817
987.49374687 1.78138002 1.59553912
988.49424712 1.77776063 1.59485256
989.49474737 1.77463458 1.59429707
990.49524762 1.76996448 1.59463927
991.49574787 1.76659693 1.59443952
992.49624812 1.76230107 1.59268462
993.49674837 1.75571307 1.59063185
994.49724862 1.75069971 1.58937496
995.49774887 1.74789968 1.58825696
996.49824912 1.73811723 1.58265218
997.49874937 1.73228072 1.57990922
998.49924962 1.72613910 1.57712252
999.49974987 1.72205714 1.57768138
1000.50025013 1.71520560 1.57221521
1001.50075038 1.71002449 1.57171591
1002.50125063 1.70480033 1.57157307
1003.50175088 1.70054139 1.56944836
1004.50225113 1.69182933 1.56376059
1005.50275138 1.68924686 1.56438830
1006.50325163 1.68680677 1.56494906
1007.50375188 1.68139341 1.56125464
1008.50425213 1.67581260 1.56106655
1009.50475238 1.66813293 1.55679758
1010.50525263 1.66351385 1.55156116
1011.50575288 1.65820714 1.54981257
1012.50625313 1.65328574 1.54680135
1013.50675338 1.64760472 1.54379601
1014.50725363 1.64136793 1.53711607
1015.50775388 1.63684604 1.53557818
1016.50825413 1.63309184 1.53532861
1017.50875438 1.62683993 1.53279055
1018.50925463 1.62161246 1.53264807
1019.50975488 1.61625578 1.52818226
1020.51025513 1.61058902 1.52481468
1021.51075538 1.60325645 1.51954186
1022.51125563 1.60014042 1.51962751
1023.51175588 1.59525862 1.51755159
1024.51225613 1.59113686 1.51586041
1025.51275638 1.58672934 1.51690474
1026.51325663 1.57940327 1.51502814
1027.51375688 1.57535953 1.51458538
1028.51425713 1.57028253 1.51411951
1029.51475738 1.56664899 1.51410075
1030.51525763 1.56278558 1.51253526
1031.51575788 1.55824314 1.51130010
1032.51625813 1.55599127 1.50982243
1033.51675838 1.55170221 1.50690607
1034.51725863 1.54431645 1.50035206
1035.51775888 1.53879443 1.49545868
1036.51825913 1.53806695 1.49583675
1037.51875938 1.53279229 1.49189041
1038.51925963 1.52948672 1.49023578
1039.51975988 1.52473075 1.48673702
1040.52026013 1.52261157 1.48771265
1041.52076038 1.51951023 1.48749368
1042.52126063 1.51749091 1.48873060
1043.52176088 1.51174612 1.48355332
1044.52226113 1.50579709 1.47801763
1045.52276138 1.50121645 1.47452683
1046.52326163 1.49532197 1.46984856
1047.52376188 1.49261302 1.46759371
1048.52426213 1.48907784 1.46585533
1049.52476238 1.48536969 1.46575699
1050.52526263 1.48249631 1.46711700
1051.52576288 1.47931163 1.46799428
1052.52626313 1.47313673 1.46394301
1053.52676338 1.46930915 1.46250367
1054.52726363 1.46749312 1.46209505
1055.52776388 1.46370053 1.46076357
1056.52826413 1.45935957 1.45904308
1057.52876438 1.45656675 1.45810694
1058.52926463 1.45408620 1.45779911
1059.52976488 1.44989182 1.45708960
1060.53026513 1.44744619 1.45651305
1061.53076538 1.44382403 1.45503176
1062.53126563 1.43744220 1.45349235
1063.53176588 1.43439268 1.45222049
1064.53226613 1.43178974 1.44934183
1065.53276638 1.42636003 1.44727503
1066.53326663 1.42179744 1.44447019
1067.53376688 1.41989140 1.44536367
1068.53426713 1.41692201 1.44284871
1069.53476738 1.41286154 1.44096768
1070.53526763 1.40967034 1.43859795
1071.53576788 1.40646540 1.43756502
1072.53626813 1.40255886 1.43329999
1073.53676838 1.39756300 1.43156313
1074.53726863 1.39385370 1.42962924
1075.53776888 1.38894939 1.42654419
1076.53826913 1.38485541 1.42525684
1077.53876938 1.38118670 1.42302873
1078.53926963 1.37819084 1.42251639
1079.53976988 1.37618857 1.42308329
1080.54027014 1.37409964 1.42260372
1081.54077039 1.36952372 1.42006419
1082.54127064 1.36427185 1.41705581
1083.54177089 1.36020193 1.41573411
1084.54227114 1.35482793 1.40936712
1085.54277139 1.34963625 1.40866996
1086.54327164 1.34495685 1.40558702
1087.54377189 1.34202672 1.40573817
1088.54427214 1.33918907 1.40469700
1089.54477239 1.33209643 1.39470041
1090.54527264 1.32800154 1.39025990
1091.54577289 1.32411452 1.38504605
1092.54627314 1.32101432 1.38430633
1093.54677339 1.31497914 1.37461666
1094.54727364 1.31020651 1.37245135
1095.54777389 1.30510618 1.37169618
1096.54827414 1.30148585 1.37204513
1097.54877439 1.29890039 1.37107488
1098.54927464 1.29408101 1.37121369
1099.54977489 1.28964970 1.37191346
1100.55027514 1.28587399 1.37054013
1101.55077539 1.28077907 1.36880940
1102.55127564 1.27428608 1.36453538
1103.55177589 1.26805149 1.35720964
1104.55227614 1.26171232 1.34745166
1105.55277639 1.25827835 1.34593214
1106.55327664 1.25611652 1.34506611
1107.55377689 1.25053983 1.33785071
1108.55427714 1.24734360 1.33720488
1109.55477739 1.24540183 1.33686394
1110.55527764 1.23802447 1.33163673
1111.55577789 1.23020892 1.32500240
1112.55627814 1.22720599 1.32308177
1113.55677839 1.22313050 1.31947846
1114.55727864 1.22051602 1.31754414
1115.55777889 1.21519116 1.31257124
1116.55827914 1.21220227 1.31103425
1117.55877939 1.20990142 1.30591031
1118.55927964 1.20284414 1.29237496
1119.55977989 1.19803527 1.29106703
1120.56028014 1.19358200 1.28944070
1121.56078039 1.18990231 1.28787846
1122.56128064 1.18642002 1.28398034
1123.56178089 1.18459953 1.28478837
1124.56228114 1.18204976 1.28431035
1125.56278139 1.17931992 1.28495670
1126.56328164 1.17400186 1.28096264
1127.56378189 1.17048241 1.27930864
1128.56428214 1.16557125 1.27655744
1129.56478239 1.16034023 1.27327405
1130.56528264 1.15686309 1.26657116
1131.56578289 1.15379207 1.26590238
1132.56628314 1.15060864 1.26486890
1133.56678339 1.14761190 1.26008297
1134.56728364 1.14549686 1.25871703
1135.56778389 1.14211479 1.25766030
1136.56828414 1.13722363 1.25478929
1137.56878439 1.13448440 1.25410499
1138.56928464 1.13222337 1.25336291
1139.56978489 1.12831896 1.25249161
1140.57028514 1.12402837 1.25193973
1141.57078539 1.11935193 1.24882235
1142.57128564 1.11694994 1.24782369
1143.57178589 1.11084520 1.24409254
1144.57228614 1.10841514 1.24316325
1145.57278639 1.10146084 1.23756409
1146.57328664 1.09903225 1.23627091
1147.57378689 1.09696921 1.23642214
1148.57428714 1.09284588 1.23448684
1149.57478739 1.08857948 1.23209056
1150.57528764 1.08457526 1.23078111
1151.57578789 1.08042326 1.22838199
1152.57628814 1.07817340 1.22766920
1153.57678839 1.07477051 1.22473380
1154.57728864 1.07052159 1.22153185
1155.57778889 1.06549915 1.21212090
1156.57828914 1.06307726 1.21003671
1157.57878939 1.05838362 1.20352504
1158.57928964 1.05500005 1.20177583
1159.57978989 1.04971364 1.18939971
1160.58029015 1.04687906 1.18928281
1161.58079040 1.04487105 1.18687481
1162.58129065 1.04194205 1.18482580
1163.58179090 1.03907029 1.18302544
1164.58229115 1.03493046 1.18036170
1165.58279140 1.03280787 1.17948702
1166.58329165 1.02688055 1.17206106
1167.58379190 1.02389551 1.16934435
1168.58429215 1.02166079 1.16865898
1169.58479240 1.01579187 1.15474956
1170.58529265 1.01362632 1.15146227
1171.58579290 1.01163511 1.15110454
1172.58629315 1.00933428 1.15039616
1173.58679340 1.00761338 1.14949509
1174.58729365 1.00368288 1.14506148
1175.58779390 1.00088148 1.14260033
1176.58829415 0.99754506 1.14024383
1177.58879440 0.99454734 1.13740188
1178.58929465 0.99186934 1.13572103
1179.58979490 0.98873882 1.13588532
1180.59029515 0.98525450 1.13396773
1181.59079540 0.98044045 1.13012515
1182.59129565 0.97732583 1.12769794
1183.59179590 0.97479553 1.12591982
1184.59229615 0.96782861 1.12232588
1185.59279640 0.96392027 1.12100111
1186.59329665 0.96185263 1.12055433
1187.59379690 0.95779756 1.11616172
1188.59429715 0.95349220 1.11047091
1189.59479740 0.95080893 1.11006643
1190.59529765 0.94678490 1.11046255
1191.59579790 0.94360219 1.10727050
1192.59629815 0.94120961 1.10591243
1193.59679840 0.93802619 1.10352424
1194.59729865 0.93679416 1.10382347
1195.59779890 0.93238209 1.10221475
1196.59829915 0.92842226 1.09887400
1197.59879940 0.92405503 1.09898865
1198.59929965 0.92132833 1.09916922
1199.59979990 0.91775143 1.09607430
1200.60030015 0.91627863 1.09485402
1201.60080040 0.91325724 1.09457932
1202.60130065 0.91026450 1.09394030
1203.60180090 0.90711358 1.09230834
1204.60230115 0.90383785 1.09052093
1205.60280140 0.90071299 1.08793666
1206.60330165 0.89811721 1.08690426
1207.60380190 0.89686093 1.08457025
1208.60430215 0.89318431 1.08304478
1209.60480240 0.89090441 1.08104226
1210.60530265 0.88738485 1.07659842
1211.60580290 0.88456079 1.07469367
1212.60630315 0.88093990 1.07058869
1213.60680340 0.87817457 1.06930720
1214.60730365 0.87340890 1.06732965
1215.60780390 0.87173013 1.06753640
1216.60830415 0.86789877 1.06006466
1217.60880440 0.86504058 1.05829170
1218.60930465 0.86333355 1.05744758
1219.60980490 0.86055000 1.05521802
1220.61030515 0.85880896 1.05479443
1221.61080540 0.85498208 1.05345410
1222.61130565 0.84938181 1.05190263
1223.61180590 0.84573044 1.05096266
1224.61230615 0.84377101 1.05009814
1225.61280640 0.83981992 1.04705426
1226.61330665 0.83781653 1.04592313
1227.61380690 0.83420218 1.04367422
1228.61430715 0.83251423 1.04226986
1229.61480740 0.83027985 1.04078621
1230.61530765 0.82765175 1.03874235
1231.61580790 0.82474719 1.03666273
1232.61630815 0.82226027 1.03465383
1233.61680840 0.82042590 1.03529488
1234.61730865 0.81656935 1.03223934
1235.61780890 0.81528626 1.03216675
1236.61830915 0.81457441 1.03092773
1237.61880940 0.81234916 1.03053755
1238.61930965 0.80894458 1.02849461
1239.61980990 0.80693899 1.02654270
1240.62031016 0.80420904 1.02452849
1241.62081041 0.80106843 1.01913814
1242.62131066 0.79889474 1.01845917
1243.62181091 0.79648112 1.01856235
1244.62231116 0.79315291 1.01578012
1245.62281141 0.79087996 1.01504828
1246.62331166 0.79036183 1.01609667
1247.62381191 0.78686249 1.01415300
1248.62431216 0.78448958 1.01229583
1249.62481241 0.78354684 1.01191088
1250.62531266 0.78201181 1.01198373
1251.62581291 0.77999381 1.01172379
1252.62631316 0.77792495 1.01171483
1253.62681341 0.77643025 1.01209793
1254.62731366 0.77355711 1.00642843
1255.62781391 0.77142895 1.00481936
1256.62831416 0.76905591 1.00467441
1257.62881441 0.76612193 1.00280604
1258.62931466 0.76164705 0.99548482
1259.62981491 0.75963363 0.99488373
1260.63031516 0.75535893 0.99330443
1261.63081541 0.75360538 0.99195581
1262.63131566 0.75058970 0.98910150
1263.63181591 0.74833037 0.98794065
1264.63231616 0.74627671 0.98662375
1265.63281641 0.74394197 0.98567007
1266.63331666 0.73978880 0.97904802
1267.63381691 0.73655147 0.97679290
1268.63431716 0.73324667 0.97520513
1269.63481741 0.73168541 0.97421700
1270.63531766 0.72881990 0.97302579
1271.63581791 0.72715719 0.97292017
1272.63631816 0.72681790 0.97220079
1273.63681841 0.72464314 0.97053426
1274.63731866 0.72293424 0.97016379
1275.63781891 0.71899823 0.96743861
1276.63831916 0.71599848 0.96515596
1277.63881941 0.71415851 0.96454770
1278.63931966 0.71161526 0.96402038
1279.63981991 0.70940703 0.96328983
1280.64032016 0.70804175 0.96367261
1281.64082041 0.70615734 0.96250766
1282.64132066 0.70469606 0.96202304
1283.64182091 0.70179833 0.96043717
1284.64232116 0.69904652 0.95863009
1285.64282141 0.69712092 0.95798124
1286.64332166 0.69561472 0.95683082
1287.64382191 0.69368917 0.95564912
1288.64432216 0.69162882 0.95392479
1289.64482241 0.68963580 0.95266586
1290.64532266 0.68819932 0.95374839
1291.64582291 0.68591603 0.95254080
1292.64632316 0.68448426 0.95190044
1293.64682341 0.68244944 0.94785127
1294.64732366 0.68075277 0.94683113
1295.64782391 0.67908833 0.94597929
1296.64832416 0.67522117 0.94099106
1297.64882441 0.67350799 0.93999346
1298.64932466 0.67160202 0.93906416
1299.64982491 0.66972991 0.93766964
1300.65032516 0.66774330 0.93632160
1301.65082541 0.66509058 0.93482514
1302.65132566 0.66169211 0.93169352
1303.65182591 0.65907898 0.92979663
1304.65232616 0.65578097 0.92564864
1305.65282641 0.65393858 0.92411185
1306.65332666 0.64990500 0.92020824
1307.65382691 0.64897548 0.92009352
1308.65432716 0.64704622 0.91901752
1309.65482741 0.64494612 0.91731393
1310.65532766 0.64260948 0.91564380
1311.65582791 0.64014912 0.91412210
1312.65632816 0.63707549 0.91058289
1313.65682841 0.63467416 0.90837440
1314.65732866 0.63195313 0.90625526
1315.65782891 0.62795655 0.89895078
1316.65832916 0.62558130 0.89746345
1317.65882941 0.62337664 0.89556010
1318.65932966 0.62107331 0.89299357
1319.65982991 0.61887509 0.89211696
1320.66033017 0.61490991 0.88950517
1321.66083042 0.61125866 0.88666316
1322.66133067 0.60933323 0.88547294
1323.66183092 0.60776422 0.88478330
1324.66233117 0.60477458 0.88206000
1325.66283142 0.60271858 0.88129364
1326.66333167 0.59943569 0.87454527
1327.66383192 0.60020017 0.87351761
1328.66433217 0.59769649 0.87116642
1329.66483242 0.59587621 0.87051537
1330.66533267 0.59306484 0.86814641
1331.66583292 0.59064696 0.86543369
1332.66633317 0.58877731 0.86416495
1333.66683342 0.58687870 0.86267113
1334.66733367 0.58416997 0.86108171
1335.66783392 0.58309375 0.86009474
1336.66833417 0.58156377 0.85946576
1337.66883442 0.57988684 0.85891896
1338.66933467 0.57789398 0.85718583
1339.66983492 0.57449062 0.85487178
1340.67033517 0.57268104 0.85456871
1341.67083542 0.56936392 0.85226084
1342.67133567 0.56726046 0.85049030
1343.67183592 0.56509151 0.84817228
1344.67233617 0.56191018 0.84538331
1345.67283642 0.56056914 0.84494929
1346.67333667 0.55899523 0.84331149
1347.67383692 0.55716627 0.84344247
1348.67433717 0.55571834 0.84336400
1349.67483742 0.55532128 0.84733583
1350.67533767 0.55376474 0.84638321
1351.67583792 0.55155545 0.84600144
1352.67633817 0.54813033 0.84434812
1353.67683842 0.54692136 0.84366444
1354.67733867 0.54505299 0.84082110
1355.67783892 0.54450439 0.83919933
1356.67833917 0.54242975 0.83767927
1357.67883942 0.54197223 0.83654529
1358.67933967 0.54018793 0.83500133
1359.67983992 0.53759817 0.83226598
1360.68034017 0.53527351 0.83023681
1361.68084042 0.53450669 0.83059571
1362.68134067 0.53320458 0.83029917
1363.68184092 0.53232921 0.82509531
1364.68234117 0.53089833 0.82463914
1365.68284142 0.52970918 0.82467257
1366.68334167 0.52815666 0.82459798
1367.68384192 0.52638373 0.82249561
1368.68434217 0.52475904 0.82145055
1369.68484242 0.52310307 0.82028935
1370.68534267 0.52172596 0.81901301
1371.68584292 0.52002932 0.81755442
1372.68634317 0.51897743 0.81756837
1373.68684342 0.51685272 0.81626570
1374.68734367 0.51464756 0.81356324
1375.68784392 0.51329923 0.81326919
1376.68834417 0.51269797 0.81177658
1377.68884442 0.50899765 0.79875691
1378.68934467 0.50664437 0.79626398
1379.68984492 0.50450869 0.79419141
1380.69034517 0.50159844 0.79116694
1381.69084542 0.49932174 0.78948474
1382.69134567 0.49556980 0.77896787
1383.69184592 0.49422254 0.77876766
1384.69234617 0.49303390 0.77759237
1385.69284642 0.49149728 0.77689826
1386.69334667 0.48827914 0.77472914
1387.69384692 0.48729517 0.77407743
1388.69434717 0.48640724 0.77378955
1389.69484742 0.48448585 0.77202821
1390.69534767 0.48308086 0.77158091
1391.69584792 0.48104636 0.76961721
1392.69634817 0.47960395 0.76768234
1393.69684842 0.47838697 0.76677760
1394.69734867 0.47774509 0.76626455
1395.69784892 0.47637727 0.76540013
1396.69834917 0.47499415 0.76434575
1397.69884942 0.47361290 0.76207293
1398.69934967 0.47299891 0.76388654
1399.69984992 0.47166388 0.76340331
1400.70035018 0.46996992 0.76200358
1401.70085043 0.46860196 0.76084955
1402.70135068 0.46706719 0.75938796
1403.70185093 0.46416357 0.75639741
1404.70235118 0.46295432 0.75501134
1405.70285143 0.46211459 0.75434229
1406.70335168 0.46090537 0.75340023
1407.70385193 0.45970346 0.75278983
1408.70435218 0.45839295 0.75184951
1409.70485243 0.45720685 0.75042995
1410.70535268 0.45582046 0.75019555
1411.70585293 0.45475290 0.75015891
1412.70635318 0.45235907 0.74445231
1413.70685343 0.45098004 0.74256207
1414.70735368 0.44853591 0.74169320
1415.70785393 0.44801033 0.74181040
1416.70835418 0.44599953 0.73910635
1417.70885443 0.44476964 0.73782779
1418.70935468 0.44339144 0.73685236
1419.70985493 0.44234688 0.73619421
1420.71035518 0.44070543 0.73473248
1421.71085543 0.43895535 0.73303584
1422.71135568 0.43774405 0.73258671
1423.71185593 0.43652734 0.73220761
1424.71235618 0.43662655 0.73353177
1425.71285643 0.43523939 0.73297548
1426.71335668 0.43411191 0.73219113
1427.71385693 0.43165279 0.73121951
1428.71435718 0.43071574 0.73073436
1429.71485743 0.42932379 0.72952192
1430.71535768 0.42776069 0.72807663
1431.71585793 0.42534975 0.72494972
1432.71635818 0.42437121 0.72465682
1433.71685843 0.42308403 0.72368281
1434.71735868 0.41943847 0.72080525
1435.71785893 0.41656395 0.71895921
1436.71835918 0.41537812 0.71847541
1437.71885943 0.41447635 0.71779931
1438.71935968 0.41352954 0.71693111
1439.71985993 0.41241901 0.71744612
1440.72036018 0.41161102 0.71728046
1441.72086043 0.41034113 0.71655191
1442.72136068 0.40967076 0.71551325
1443.72186093 0.40709415 0.70966409
1444.72236118 0.40644901 0.71077941
1445.72286143 0.40550795 0.71009864
1446.72336168 0.40411443 0.70850588
1447.72386193 0.40155540 0.70616393
1448.72436218 0.40037844 0.70492476
1449.72486243 0.39909947 0.70278713
1450.72536268 0.39815319 0.70184353
1451.72586293 0.39720042 0.70041421
1452.72636318 0.39640102 0.69954899
1453.72686343 0.39522060 0.69953604
1454.72736368 0.39426508 0.69866062
1455.72786393 0.39379888 0.69641433
1456.72836418 0.39199048 0.69433763
1457.72886443 0.39112477 0.69539461
1458.72936468 0.39009266 0.69575308
1459.72986493 0.38878736 0.69345195
1460.73036518 0.38759294 0.69245024
1461.73086543 0.38476865 0.68556802
1462.73136568 0.38357614 0.68495286
1463.73186593 0.38122564 0.68196623
1464.73236618 0.37919721 0.67936379
1465.73286643 0.37822654 0.67928745
1466.73336668 0.37721336 0.67859049
1467.73386693 0.37602618 0.67710151
1468.73436718 0.37412825 0.67530485
1469.73486743 0.37290405 0.67393839
1470.73536768 0.37188972 0.67299879
1471.73586793 0.37096838 0.67223578
1472.73636818 0.37002547 0.67113463
1473.73686843 0.36906439 0.67026468
1474.73736868 0.36725803 0.66976348
1475.73786893 0.36604321 0.66868506
1476.73836918 0.36517674 0.66892053
1477.73886943 0.36407438 0.66786257
1478.73936968 0.36166996 0.66402575
1479.73986993 0.36071008 0.66385329
1480.74037019 0.35995966 0.66452407
1481.74087044 0.35904091 0.66305787
1482.74137069 0.35604323 0.65772371
1483.74187094 0.35490787 0.65741845
1484.74237119 0.35407479 0.65784265
1485.74287144 0.35284215 0.65723427
1486.74337169 0.35201512 0.65665110
1487.74387194 0.35104624 0.65599620
1488.74437219 0.35110399 0.65647043
1489.74487244 0.35031693 0.65675295
1490.74537269 0.34960852 0.65668232
1491.74587294 0.35096205 0.66057798
1492.74637319 0.35015659 0.65997830
1493.74687344 0.34933108 0.66076800
1494.74737369 0.34688211 0.65843690
1495.74787394 0.34536423 0.65411117
1496.74837419 0.34445180 0.65305557
1497.74887444 0.34291939 0.65074580
1498.74937469 0.34280274 0.65207774
1499.74987494 0.33973089 0.64599215
1500.75037519 0.33786554 0.64307370
1501.75087544 0.33650579 0.64041189
1502.75137569 0.33559772 0.63937103
1503.75187594 0.33503439 0.63822175
1504.75237619 0.33414225 0.63740329
1505.75287644 0.33337759 0.63631520
1506.75337669 0.33279034 0.63580496
1507.75387694 0.33136083 0.63371236
1508.75437719 0.32898110 0.63005234
1509.75487744 0.32768632 0.62922110
1510.75537769 0.32660570 0.62812251
1511.75587794 0.32588716 0.62817420
1512.75637819 0.32500093 0.62718925
1513.75687844 0.32427395 0.62661538
1514.75737869 0.32313732 0.62528683
1515.75787894 0.32230320 0.62470294
1516.75837919 0.32150862 0.62444142
1517.75887944 0.32108959 0.62481886
1518.75937969 0.32014363 0.62388951
1519.75987994 0.31918959 0.62273603
1520.76038019 0.31666957 0.62107616
1521.76088044 0.31598854 0.62063501
1522.76138069 0.31487960 0.61881714
1523.76188094 0.31397049 0.61755838
1524.76238119 0.31350246 0.61757357
1525.76288144 0.31318856 0.61848256
1526.76338169 0.31177672 0.61716270
1527.76388194 0.31010984 0.61495620
1528.76438219 0.30833376 0.61232567
1529.76488244 0.30732452 0.61109242
1530.76538269 0.30634297 0.60986771
1531.76588294 0.30537965 0.60825152
1532.76638319 0.30313000 0.60281476
1533.76688344 0.30259510 0.60236622
1534.76738369 0.30215247 0.60268220
1535.76788394 0.30141244 0.60210494
1536.76838419 0.30093073 0.60140848
1537.76888444 0.30043960 0.60152016
1538.76938469 0.29948178 0.59957895
1539.76988494 0.29858603 0.59803275
1540.77038519 0.29778178 0.59705832
1541.77088544 0.29660347 0.59596530
1542.77138569 0.29589082 0.59527856
1543.77188594 0.29497884 0.59405888
1544.77238619 0.29385441 0.59307653
1545.77288644 0.29296786 0.59237838
1546.77338669 0.29202201 0.59125902
1547.77388694 0.29127081 0.59041081
1548.77438719 0.29051068 0.58981027
1549.77488744 0.28962112 0.58894030
1550.77538769 0.28874118 0.58810544
1551.77588794 0.28763388 0.58662231
1552.77638819 0.28664790 0.58539551
1553.77688844 0.28583095 0.58446562
1554.77738869 0.28405905 0.58206735
1555.77788894 0.28301704 0.58178005
1556.77838919 0.28090632 0.57684807
1557.77888944 0.28018528 0.57607535
1558.77938969 0.28262060 0.58040521
1559.77988994 0.28214928 0.58128498
1560.78039020 0.28109052 0.57998116
1561.78089045 0.28002913 0.57894807
1562.78139070 0.27909890 0.57770887
1563.78189095 0.27847734 0.57734241
1564.78239120 0.27777914 0.57690116
1565.78289145 0.27675510 0.57544302
1566.78339170 0.27586166 0.57428879
1567.78389195 0.27596759 0.57502006
1568.78439220 0.27505076 0.57406694
1569.78489245 0.27404956 0.57294340
1570.78539270 0.27294677 0.57170044
1571.78589295 0.27214567 0.57074561
1572.78639320 0.27116312 0.56992090
1573.78689345 0.27027705 0.56878749
1574.78739370 0.26930143 0.56764660
1575.78789395 0.26834758 0.56654168
1576.78839420 0.26743796 0.56564797
1577.78889445 0.26691063 0.56549521
1578.78939470 0.26566926 0.56441384
1579.78989495 0.26470088 0.56362531
1580.79039520 0.26336328 0.56206964
1581.79089545 0.26185517 0.56041210
1582.79139570 0.26078327 0.55920428
1583.79189595 0.25996587 0.55815271
1584.79239620 0.25907878 0.55682559
1585.79289645 0.25819883 0.55562923
1586.79339670 0.25745356 0.55446507
1587.79389695 0.25657656 0.55317950
1588.79439720 0.25573954 0.55183440
1589.79489745 0.25482116 0.55060634
1590.79539770 0.25378277 0.54905823
1591.79589795 0.25336082 0.54821680
1592.79639820 0.25156405 0.54457861
1593.79689845 0.25074997 0.54374304
1594.79739870 0.24893542 0.54002014
1595.79789895 0.24836770 0.53979912
1596.79839920 0.24768323 0.53905696
1597.79889945 0.24682172 0.53801395
1598.79939970 0.24614063 0.53760150
1599.79989995 0.24416471 0.53500389
1600.80040020 0.24331912 0.53419745
1601.80090045 0.24173883 0.53225460
1602.80140070 0.24100829 0.53163403
1603.80190095 0.24039965 0.53159962
1604.80240120 0.23978355 0.53192300
1605.80290145 0.23898703 0.53121072
1606.80340170 0.23812002 0.53091442
1607.80390195 0.23765024 0.53096979
1608.80440220 0.23696490 0.53013970
1609.80490245 0.23626773 0.52948380
1610.80540270 0.23529967 0.52760697
1611.80590295 0.23352543 0.52612694
1612.80640320 0.23298231 0.52557242
1613.80690345 0.23314848 0.53010479
1614.80740370 0.23241006 0.52907258
1615.80790395 0.23185546 0.52907573
1616.80840420 0.23139099 0.53087219
1617.80890445 0.23040219 0.53019823
1618.80940470 0.22986342 0.52839559
1619.80990495 0.22906211 0.52731170
1620.81040520 0.22854618 0.52628439
1621.81090545 0.22783811 0.52553687
1622.81140570 0.22687305 0.52378805
1623.81190595 0.22678644 0.52379304
1624.81240620 0.22587165 0.52317954
1625.81290645 0.22454889 0.51833598
1626.81340670 0.22360004 0.51682304
1627.81390695 0.22282670 0.51591770
1628.81440720 0.22197314 0.51532997
1629.81490745 0.21933034 0.51154342
1630.81540770 0.21675990 0.50525732
1631.81590795 0.21639783 0.50484440
1632.81640820 0.21568437 0.50455683
1633.81690845 0.21480384 0.50437075
1634.81740870 0.21424906 0.50379737
1635.81790895 0.21274482 0.50085943
1636.81840920 0.21201000 0.50068128
1637.81890945 0.21134923 0.50064029
1638.81940970 0.21080383 0.50026274
1639.81990995 0.21011531 0.49969477
1640.82041021 0.20948113 0.49910140
1641.82091046 0.20927171 0.49945620
1642.82141071 0.20868841 0.49897116
1643.82191096 0.20797051 0.49808336
1644.82241121 0.20708178 0.49773048
1645.82291146 0.20674870 0.50170062
1646.82341171 0.20620423 0.50130902
1647.82391196 0.20582763 0.50224222
1648.82441221 0.20542677 0.50200557
1649.82491246 0.20464712 0.50105513
1650.82541271 0.20389283 0.49952043
1651.82591296 0.20353929 0.50032221
1652.82641321 0.20287794 0.49992188
1653.82691346 0.20199146 0.49921302
1654.82741371 0.20127749 0.49896395
1655.82791396 0.20066837 0.49840108
1656.82841421 0.19991252 0.49736565
1657.82891446 0.19928384 0.49611784
1658.82941471 0.19746585 0.49378563
1659.82991496 0.19688257 0.49320859
1660.83041521 0.19647699 0.49256195
1661.83091546 0.19579315 0.49212166
1662.83141571 0.19523731 0.49183718
1663.83191596 0.19463353 0.49101703
1664.83241621 0.19382892 0.48945079
1665.83291646 0.19216473 0.48446688
1666.83341671 0.19145040 0.48274505
1667.83391696 0.19078759 0.48146909
1668.83441721 0.18948239 0.47991996
1669.83491746 0.18877058 0.48002315
1670.83541771 0.18831918 0.48045549
1671.83591796 0.18758486 0.48043803
1672.83641821 0.18694774 0.48007648
1673.83691846 0.18632600 0.47920503
1674.83741871 0.18594988 0.47870158
1675.83791896 0.18567455 0.47833690
1676.83841921 0.18523695 0.47801225
1677.83891946 0.18449262 0.47722318
1678.83941971 0.18356000 0.47702024
1679.83991996 0.18258712 0.47637377
1680.84042021 0.18204034 0.47565678
1681.84092046 0.18127794 0.47459290
1682.84142071 0.18069732 0.47365673
1683.84192096 0.18021032 0.47318353
1684.84242121 0.17952919 0.47287069
1685.84292146 0.17845843 0.47195556
1686.84342171 0.17821288 0.47180456
1687.84392196 0.17782118 0.47204902
1688.84442221 0.17719804 0.47142811
1689.84492246 0.17602731 0.46987382
1690.84542271 0.17521755 0.46864319
1691.84592296 0.17468512 0.46762930
1692.84642321 0.17396616 0.46681046
1693.84692346 0.17324892 0.46625009
1694.84742371 0.17261334 0.46566535
1695.84792396 0.17208121 0.46526543
1696.84842421 0.17123292 0.46502022
1697.84892446 0.17098620 0.46433301
1698.84942471 0.17055920 0.46343242
1699.84992496 0.17076920 0.46302475
1700.85042521 0.17026325 0.46254729
1701.85092546 0.16933602 0.46166566
1702.85142571 0.16869715 0.46131000
1703.85192596 0.16814690 0.46107364
1704.85242621 0.16764545 0.46062695
1705.85292646 0.16718258 0.46010398
1706.85342671 0.16660608 0.45945377
1707.85392696 0.16611384 0.45879429
1708.85442721 0.16540877 0.45837563
1709.85492746 0.16477891 0.45787992
1710.85542771 0.16440456 0.45797722
1711.85592796 0.16354658 0.45686240
1712.85642821 0.16255907 0.45599647
1713.85692846 0.16181645 0.45473769
1714.85742871 0.16150633 0.45449642
1715.85792896 0.16107419 0.45413421
1716.85842921 0.16053248 0.45324151
1717.85892946 0.15831751 0.44500504
1718.85942971 0.15843645 0.44494195
1719.85992996 0.15786898 0.44434128
1720.86043022 0.15728275 0.44385338
1721.86093047 0.15677574 0.44344945
1722.86143072 0.15481030 0.43028792
1723.86193097 0.15433030 0.42974283
1724.86243122 0.15380700 0.42922051
1725.86293147 0.15319593 0.42750544
1726.86343172 0.15268677 0.42724732
1727.86393197 0.15235090 0.42783073
1728.86443222 0.15180685 0.42734509
1729.86493247 0.15121534 0.42631799
1730.86543272 0.15066186 0.42596242
1731.86593297 0.15021656 0.42562336
1732.86643322 0.14970021 0.42498758
1733.86693347 0.14916218 0.42449200
1734.86743372 0.14957950 0.42474518
1735.86793397 0.14910083 0.42442845
1736.86843422 0.14823133 0.42379164
1737.86893447 0.14759837 0.42287944
1738.86943472 0.14705180 0.42226948
1739.86993497 0.14651318 0.42204861
1740.87043522 0.14604816 0.42161631
1741.87093547 0.14557236 0.42098605
1742.87143572 0.14337718 0.39283306
1743.87193597 0.14276934 0.39216382
1744.87243622 0.14220760 0.39209120
1745.87293647 0.14172584 0.39377771
1746.87343672 0.14109021 0.39194328
1747.87393697 0.14034174 0.38994543
1748.87443722 0.14000779 0.39129934
1749.87493747 0.13941886 0.39150820
1750.87543772 0.13892007 0.39072366
1751.87593797 0.14004871 0.39054093
1752.87643822 0.13920109 0.39048245
1753.87693847 0.13873621 0.39040559
1754.87743872 0.13809450 0.38924855
1755.87793897 0.13751936 0.38883456
1756.87843922 0.13690958 0.38813747
1757.87893947 0.13619143 0.38758007
1758.87943972 0.13588068 0.38713250
1759.87993997 0.13688470 0.38819992
1760.88044022 0.13653135 0.38813881
1761.88094047 0.13620634 0.38751668
1762.88144072 0.13578121 0.38678319
1763.88194097 0.13539637 0.38685182
1764.88244122 0.13537172 0.38665149
1765.88294147 0.13522561 0.38650882
1766.88344172 0.13482005 0.38615830
1767.88394197 0.13492434 0.38590777
1768.88444222 0.13455294 0.38588630
1769.88494247 0.13418659 0.38545989
1770.88544272 0.13371414 0.38496275
1771.88594297 0.13344208 0.38497046
1772.88644322 0.13313276 0.38479708
1773.88694347 0.13332557 0.38543982
1774.88744372 0.13286081 0.38417551
1775.88794397 0.13198286 0.37937650
1776.88844422 0.13182346 0.38168153
1777.88894447 0.13136196 0.38131563
1778.88944472 0.13079630 0.37916360
1779.88994497 0.13043326 0.38195831
1780.89044522 0.13011342 0.38260936
1781.89094547 0.12965198 0.38109840
1782.89144572 0.12920265 0.37931575
1783.89194597 0.12872977 0.38063772
1784.89244622 0.12839304 0.38115129
1785.89294647 0.12760788 0.37873320
1786.89344672 0.12702961 0.37850490
1787.89394697 0.12676784 0.37948281
1788.89444722 0.12602692 0.37776957
1789.89494747 0.12554505 0.37639664
1790.89544772 0.12508569 0.37525229
1791.89594797 0.12469211 0.37486061
1792.89644822 0.12451589 0.37389764
1793.89694847 0.12429714 0.37248224
1794.89744872 0.12385598 0.37113288
1795.89794897 0.12362499 0.37025312
1796.89844922 0.12289276 0.36907778
1797.89894947 0.12245150 0.36839816
1798.89944972 0.12207172 0.36776413
1799.89994997 0.12168847 0.36744239
1800.90045023 0.12127092 0.36719158
1801.90095048 0.12066586 0.36606851
1802.90145073 0.11971491 0.35639720
1803.90195098 0.11935112 0.35669706
1804.90245123 0.11893025 0.35658065
1805.90295148 0.11826849 0.35266436
1806.90345173 0.11795381 0.35296237
1807.90395198 0.11746356 0.35273262
1808.90445223 0.11723889 0.35389630
1809.90495248 0.11693687 0.35425042
1810.90545273 0.11652203 0.35377490
1811.90595298 0.11567753 0.35303499
1812.90645323 0.11512816 0.35200618
1813.90695348 0.11465503 0.35140163
1814.90745373 0.11422688 0.35077042
1815.90795398 0.11387144 0.35054781
1816.90845423 0.11335813 0.35038751
1817.90895448 0.11252895 0.34873114
1818.90945473 0.11210529 0.34816745
1819.90995498 0.11178464 0.34723685
1820.91045523 0.11130682 0.34629996
1821.91095548 0.11085849 0.34532202
1822.91145573 0.11048553 0.34434001
1823.91195598 0.10939703 0.34291687
1824.91245623 0.10887734 0.34238943
1825.91295648 0.10801639 0.34240751
1826.91345673 0.10783752 0.34286625
1827.91395698 0.10760750 0.34266443
1828.91445723 0.10747176 0.34255017
1829.91495748 0.10720550 0.34205623
1830.91545773 0.10682101 0.34102053
1831.91595798 0.10668356 0.34076910
1832.91645823 0.10631149 0.34029753
1833.91695848 0.10599180 0.33997662
1834.91745873 0.10598862 0.34022167
1835.91795898 0.10566240 0.34039722
1836.91845923 0.10533175 0.34047460
1837.91895948 0.10505078 0.34027429
1838.91945973 0.10465999 0.33975852
1839.91995998 0.10435196 0.33910296
1840.92046023 0.10402137 0.33838608
1841.92096048 0.10377769 0.33796613
1842.92146073 0.10355324 0.33767042
1843.92196098 0.10333433 0.33756436
1844.92246123 0.10296884 0.33755459
1845.92296148 0.10035354 0.32400109
1846.92346173 0.10005360 0.32390025
1847.92396198 0.09966257 0.32365757
1848.92446223 0.09931589 0.32330213
1849.92496248 0.09914405 0.32331566
1850.92546273 0.09889756 0.32333817
1851.92596298 0.09843717 0.32291544
1852.92646323 0.09818613 0.32264687
1853.92696348 0.09789173 0.32253799
1854.92746373 0.09766636 0.32228975
1855.92796398 0.09757673 0.32192905
1856.92846423 0.09743064 0.32236491
1857.92896448 0.09716832 0.32219412
1858.92946473 0.09696759 0.32198433
1859.92996498 0.09641575 0.32025557
1860.93046523 0.09610294 0.31990544
1861.93096548 0.09584214 0.31974250
1862.93146573 0.09559313 0.31972720
1863.93196598 0.09535191 0.31948428
1864.93246623 0.09503175 0.31947312
1865.93296648 0.09476010 0.31940157
1866.93346673 0.09459928 0.31923739
1867.93396698 0.09435213 0.31901669
1868.93446723 0.09419225 0.31898885
1869.93496748 0.09397482 0.31874850
1870.93546773 0.09307547 0.31725423
1871.93596798 0.09257119 0.31705406
1872.93646823 0.09221285 0.31685592
1873.93696848 0.09188209 0.31660588
1874.93746873 0.09157704 0.31647138
1875.93796898 0.09134821 0.31630349
1876.93846923 0.09105978 0.31607185
1877.93896948 0.09077919 0.31589359
1878.93946973 0.09054408 0.31569595
1879.93996998 0.09031058 0.31545533
1880.94047024 0.09000159 0.31521471
1881.94097049 0.08946748 0.31480539
1882.94147074 0.08917064 0.31463224
1883.94197099 0.08875202 0.31425262
1884.94247124 0.08848632 0.31414168
1885.94297149 0.08826083 0.31393092
1886.94347174 0.08796623 0.31373084
1887.94397199 0.08768972 0.31360209
1888.94447224 0.08751430 0.31337765
1889.94497249 0.08724420 0.31319028
1890.94547274 0.08688194 0.31286128
1891.94597299 0.08668446 0.31286880
1892.94647324 0.08639191 0.31270621
1893.94697349 0.08617263 0.31269869
1894.94747374 0.08590667 0.31249229
1895.94797399 0.08567424 0.31228586
1896.94847424 0.08543882 0.31205387
1897.94897449 0.08499946 0.31169775
1898.94947474 0.08469391 0.31140922
1899.94997499 0.08434792 0.31116276
1900.95047524 0.08407397 0.31089812
1901.95097549 0.08377963 0.31063636
1902.95147574 0.08447134 0.31123046
1903.95197599 0.08415732 0.31082112
1904.95247624 0.08389637 0.31050163
1905.95297649 0.08361155 0.31024678
1906.95347674 0.08332090 0.30997891
1907.95397699 0.08306283 0.30970498
1908.95447724 0.08294872 0.30979443
1909.95497749 0.08263685 0.30949598
1910.95547774 0.08237044 0.30926292
1911.95597799 0.08209986 0.30914181
1912.95647824 0.08181557 0.30895883
1913.95697849 0.08153319 0.30871705
1914.95747874 0.08124742 0.30849365
1915.95797899 0.08097628 0.30827081
1916.95847924 0.08079010 0.30805981
1917.95897949 0.08056716 0.30782302
1918.95947974 0.08035896 0.30764237
1919.95997999 0.08015790 0.30746032
1920.96048024 0.07994350 0.30733719
1921.96098049 0.07972774 0.30716565
1922.96148074 0.07939452 0.30692609
1923.96198099 0.07915685 0.30676429
1924.96248124 0.07885853 0.30656847
1925.96298149 0.07860445 0.30626010
1926.96348174 0.07831749 0.30609086
1927.96398199 0.07810171 0.30596757
1928.96448224 0.07787831 0.30573613
1929.96498249 0.07807520 0.30560323
1930.96548274 0.07797289 0.30546494
1931.96598299 0.07782525 0.30534854
1932.96648324 0.07914381 0.30664364
1933.96698349 0.07869620 0.30604782
1934.96748374 0.07851513 0.30588824
1935.96798399 0.07835432 0.30580186
1936.96848424 0.07885130 0.30639389
1937.96898449 0.07717532 0.30292304
1938.96948474 0.07702408 0.30297387
1939.96998499 0.07677921 0.30273657
1940.97048524 0.07587846 0.30159888
1941.97098549 0.07569072 0.30153479
1942.97148574 0.07555348 0.30156104
1943.97198599 0.07530764 0.30125597
1944.97248624 0.07508776 0.30102757
1945.97298649 0.07492891 0.30099428
1946.97348674 0.07487819 0.30090922
1947.97398699 0.07423904 0.29858910
1948.97448724 0.07449221 0.29854567
1949.97498749 0.07437137 0.29871166
1950.97548774 0.07414533 0.29843211
1951.97598799 0.07407485 0.29842809
1952.97648824 0.07381143 0.29818440
1953.97698849 0.07440456 0.29844589
1954.97748874 0.07441981 0.29829908
1955.97798899 0.07422540 0.29839881
1956.97848924 0.07401673 0.29841896
1957.97898949 0.07370112 0.29779650
1958.97948974 0.07342410 0.29734017
1959.97998999 0.07248857 0.29657803
1960.98049025 0.07217485 0.29602261
1961.98099050 0.07182735 0.29561135
1962.98149075 0.07163937 0.29568408
1963.98199100 0.07112598 0.29560073
1964.98249125 0.07085267 0.29525500
1965.98299150 0.07060431 0.29487450
1966.98349175 0.07044264 0.29483316
1967.98399200 0.07048175 0.29493839
1968.98449225 0.07042132 0.29479098
1969.98499250 0.07014584 0.29418204
1970.98549275 0.06995185 0.29404458
1971.98599300 0.06987356 0.29440301
1972.98649325 0.07038199 0.29444016
1973.98699350 0.07016734 0.29417666
1974.98749375 0.07061696 0.29449320
1975.98799400 0.07039567 0.29428143
1976.98849425 0.07022652 0.29423298
1977.98899450 0.07002202 0.29414321
1978.98949475 0.06982213 0.29427622
1979.98999500 0.06958614 0.29398145
1980.99049525 0.06943537 0.29377890
1981.99099550 0.06929776 0.29378800
1982.99149575 0.06965799 0.29304344
1983.99199600 0.06953221 0.29389653
1984.99249625 0.06935689 0.29437579
1985.99299650 0.06911572 0.29378809
1986.99349675 0.06897455 0.29293881
1987.99399700 0.06879277 0.29269475
1988.99449725 0.06873327 0.29590541
1989.99499750 0.06938599 0.29477678
1990.99549775 0.06921513 0.29465849
1991.99599800 0.06906211 0.29434901
1992.99649825 0.06876936 0.29148575
1993.99699850 0.06866511 0.29218110
1994.99749875 0.06862067 0.29472351
1995.99799900 0.06833121 0.29434177
1996.99849925 0.06813198 0.29273196
1997.99899950 0.06789082 0.29211763
1998.99949975 0.06783675 0.29401806
2000.00000000 0.06762008 0.29367642
