0.00000000 6.00000000 0.00000087
1.00100100 5.99793853 0.00901504
2.00200200 5.99242014 0.03473176
3.00300300 5.98999452 0.03754197
4.00400400 5.98564944 0.04770755
5.00500501 5.97920424 0.06756497
6.00600601 5.97525693 0.08239575
7.00700701 5.97148294 0.09132871
8.00800801 5.96671922 0.10408350
9.00900901 5.95958215 0.11950786
10.01001001 5.95665338 0.12356602
11.01101101 5.95267799 0.13032221
12.01201201 5.94576324 0.14322727
13.01301301 5.93318040 0.16900751
14.01401401 5.92776211 0.17693504
15.01501502 5.91936894 0.19171946
16.01601602 5.91415081 0.19880226
17.01701702 5.90442895 0.21171988
18.01801802 5.89638000 0.22921983
19.01901902 5.89017534 0.23769816
20.02002002 5.88719378 0.24209745
21.02102102 5.88401734 0.24526155
22.02202202 5.87626991 0.25269933
23.02302302 5.87246357 0.25497348
24.02402402 5.86293456 0.26657258
25.02502503 5.85786566 0.27112253
26.02602603 5.85100022 0.28168162
27.02702703 5.84239708 0.28822532
28.02802803 5.84122449 0.28885681
29.02902903 5.83338282 0.29517567
30.03003003 5.82251652 0.30546703
31.03103103 5.81753472 0.30787693
32.03203203 5.81182530 0.31473053
33.03303303 5.80876415 0.31707196
34.03403403 5.80506607 0.31875154
35.03503504 5.79653572 0.32716080
36.03603604 5.78718605 0.33632091
37.03703704 5.78407530 0.33796644
38.03803804 5.77796665 0.34554999
39.03903904 5.77392579 0.34641043
40.04004004 5.76767029 0.34979318
41.04104104 5.76118511 0.35279381
42.04204204 5.75442464 0.35638711
43.04304304 5.74999573 0.36131031
44.04404404 5.74621363 0.36711596
45.04504505 5.74576965 0.36755529
46.04604605 5.74111881 0.36932831
47.04704705 5.73390449 0.37619746
48.04804805 5.73020086 0.37847933
49.04904905 5.72485191 0.38060355
50.05005005 5.71913745 0.38361339
51.05105105 5.71158272 0.39272988
52.05205205 5.70863442 0.39442424
53.05305305 5.70016959 0.40454868
54.05405405 5.69220872 0.40917470
55.05505506 5.68895141 0.41019038
56.05605606 5.68321778 0.41846428
57.05705706 5.67477346 0.42209381
58.05805806 5.66693581 0.42692272
59.05905906 5.66578813 0.42664691
60.06006006 5.65899159 0.43067450
61.06106106 5.65464245 0.43223472
62.06206206 5.65269083 0.43317686
63.06306306 5.63952658 0.43780832
64.06406406 5.63007583 0.43814684
65.06506507 5.62700173 0.43898776
66.06606607 5.62007872 0.43937396
67.06706707 5.61357668 0.44204043
68.06806807 5.60609677 0.44471680
69.06906907 5.60452020 0.44464473
70.07007007 5.60081089 0.44613771
71.07107107 5.59494014 0.45061250
72.07207207 5.59122301 0.45354804
73.07307307 5.58408462 0.45764263
74.07407407 5.57915800 0.46436929
75.07507508 5.57399857 0.46707558
76.07607608 5.56625928 0.47192658
77.07707708 5.55957465 0.47636307
78.07807808 5.55433468 0.47832830
79.07907908 5.54892005 0.48138285
80.08008008 5.54146767 0.48361391
81.08108108 5.53587035 0.48857123
82.08208208 5.52387053 0.49083901
83.08308308 5.52095165 0.49202459
84.08408408 5.51765970 0.49579074
85.08508509 5.50971984 0.49923215
86.08608609 5.49897608 0.50313197
87.08708709 5.49611442 0.50334138
88.08808809 5.49133240 0.50507526
89.08908909 5.48697035 0.50860872
90.09009009 5.48288395 0.50765009
91.09109109 5.47647547 0.51080473
92.09209209 5.47313556 0.51215250
93.09309309 5.46280951 0.51242862
94.09409409 5.45779796 0.51154639
95.09509510 5.45016474 0.51619962
96.09609610 5.44433639 0.51784680
97.09709710 5.43956223 0.52047156
98.09809810 5.43202106 0.51948097
99.09909910 5.42760998 0.52258769
100.10010010 5.42065915 0.52791401
101.10110110 5.41341087 0.52922758
102.10210210 5.41003334 0.53211756
103.10310310 5.40604537 0.53347492
104.10410410 5.40178220 0.53474341
105.10510511 5.39732648 0.53994039
106.10610611 5.39164773 0.54201554
107.10710711 5.38256462 0.54779767
108.10810811 5.38053634 0.54792258
109.10910911 5.37522449 0.55244054
110.11011011 5.36897906 0.55769776
111.11111111 5.36533570 0.56004292
112.11211211 5.35992731 0.56571149
113.11311311 5.35466535 0.56900318
114.11411411 5.34592727 0.57395272
115.11511512 5.34283279 0.57433676
116.11611612 5.33888070 0.57986636
117.11711712 5.33708503 0.57947541
118.11811812 5.33470606 0.57918713
119.11911912 5.32962425 0.58192203
120.12012012 5.31844201 0.58654124
121.12112112 5.31102079 0.59369408
122.12212212 5.30164051 0.59399910
123.12312312 5.29543449 0.59926487
124.12412412 5.28733063 0.60033717
125.12512513 5.28213845 0.60072918
126.12612613 5.27979200 0.60079726
127.12712713 5.27542182 0.60363465
128.12812813 5.26998965 0.60640744
129.12912913 5.26898125 0.60670273
130.13013013 5.26600684 0.60592717
131.13113113 5.26031358 0.61129290
132.13213213 5.24813239 0.61735507
133.13313313 5.24569334 0.61704488
134.13413413 5.24243732 0.61723643
135.13513514 5.23652040 0.62747430
136.13613614 5.22975185 0.62699518
137.13713714 5.22330626 0.63059394
138.13813814 5.21374946 0.63186034
139.13913914 5.20532247 0.63117730
140.14014014 5.20043520 0.63035815
141.14114114 5.19376304 0.63609142
142.14214214 5.18615993 0.63596715
143.14314314 5.17968555 0.64018094
144.14414414 5.17021384 0.64791726
145.14514515 5.16198292 0.64704541
146.14614615 5.15520916 0.65132294
147.14714715 5.14781506 0.65793966
148.14814815 5.14374950 0.65873431
149.14914915 5.14103164 0.66031251
150.15015015 5.13508629 0.66068007
151.15115115 5.12914847 0.66505746
152.15215215 5.12168830 0.66474861
153.15315315 5.11395138 0.66687007
154.15415415 5.10537235 0.66892856
155.15515516 5.09834226 0.67156050
156.15615616 5.09290009 0.67201918
157.15715716 5.08778383 0.67018622
158.15815816 5.07827544 0.66927602
159.15915916 5.07263831 0.67088804
160.16016016 5.06653464 0.67024196
161.16116116 5.05652062 0.66599714
162.16216216 5.04947268 0.66752267
163.16316316 5.04735802 0.66886159
164.16416416 5.04571521 0.66930424
165.16516517 5.03655779 0.66809958
166.16616617 5.02733595 0.67317204
167.16716717 5.02365334 0.67677502
168.16816817 5.01747220 0.68013375
169.16916917 5.01463712 0.67928356
170.17017017 5.01342766 0.68058453
171.17117117 5.00863340 0.68056997
172.17217217 5.00766207 0.68025709
173.17317317 5.00661572 0.68087128
174.17417417 5.00277329 0.68390727
175.17517518 4.99718940 0.68483081
176.17617618 4.98935094 0.68701360
177.17717718 4.98075409 0.68524059
178.17817818 4.97414863 0.69039429
179.17917918 4.97183063 0.69104952
180.18018018 4.96595593 0.69033105
181.18118118 4.95853037 0.68941518
182.18218218 4.95478946 0.68819455
183.18318318 4.94872106 0.69219215
184.18418418 4.94510036 0.69550430
185.18518519 4.94034943 0.69782006
186.18618619 4.93574021 0.69951529
187.18718719 4.93148788 0.70016274
188.18818819 4.92737331 0.70194931
189.18918919 4.92004028 0.70924418
190.19019019 4.91518917 0.71114912
191.19119119 4.91027175 0.71220088
192.19219219 4.90412858 0.71123811
193.19319319 4.89830263 0.71100002
194.19419419 4.89460696 0.71429054
195.19519520 4.89138542 0.71582915
196.19619620 4.88830924 0.71579959
197.19719720 4.88341865 0.72181042
198.19819820 4.88102325 0.72346296
199.19919920 4.87378294 0.72698578
200.20020020 4.86542928 0.72886247
201.20120120 4.85929936 0.72978964
202.20220220 4.85525241 0.72853961
203.20320320 4.84838249 0.72658311
204.20420420 4.84376681 0.72874412
205.20520521 4.83568262 0.73397498
206.20620621 4.82703012 0.73242202
207.20720721 4.82398870 0.73364708
208.20820821 4.81670534 0.73262503
209.20920921 4.80902366 0.73431046
210.21021021 4.80446328 0.73887558
211.21121121 4.79880001 0.73615985
212.21221221 4.78569569 0.73764114
213.21321321 4.78319137 0.73631609
214.21421421 4.77519771 0.73377699
215.21521522 4.76770699 0.73280445
216.21621622 4.76738783 0.73271280
217.21721722 4.76338963 0.73859238
218.21821822 4.76068345 0.73966299
219.21921922 4.75626886 0.74272473
220.22022022 4.74850350 0.74508847
221.22122122 4.74309985 0.74604063
222.22222222 4.73759085 0.74890970
223.22322322 4.73409264 0.75103477
224.22422422 4.72926213 0.75122984
225.22522523 4.71883279 0.75320058
226.22622623 4.71255716 0.74948604
227.22722723 4.70988276 0.74917085
228.22822823 4.70881914 0.74884632
229.22922923 4.70586738 0.75203703
230.23023023 4.69883600 0.75369571
231.23123123 4.69187941 0.75491992
232.23223223 4.69102064 0.75531419
233.23323323 4.69026442 0.75536326
234.23423423 4.68244824 0.75390377
235.23523524 4.67981566 0.75224917
236.23623624 4.67523372 0.75407723
237.23723724 4.67432283 0.75457616
238.23823824 4.67360831 0.75484892
239.23923924 4.67034882 0.75714775
240.24024024 4.66553930 0.75606913
241.24124124 4.66249831 0.75449675
242.24224224 4.65787223 0.75516092
243.24324324 4.65345663 0.75622527
244.24424424 4.65139975 0.75644488
245.24524525 4.64556358 0.75607901
246.24624625 4.64306205 0.75667909
247.24724725 4.64081352 0.75564462
248.24824825 4.63625094 0.75597714
249.24924925 4.63345270 0.75444993
250.25025025 4.62772194 0.75472260
251.25125125 4.62219779 0.75690563
252.25225225 4.61577783 0.75722748
253.25325325 4.61172094 0.75503238
254.25425425 4.60461319 0.75070826
255.25525526 4.60062812 0.75243419
256.25625626 4.59542690 0.75211146
257.25725726 4.59455724 0.75299163
258.25825826 4.59336455 0.75353521
259.25925926 4.59120040 0.75407097
260.26026026 4.58330857 0.75807160
261.26126126 4.58064901 0.75900526
262.26226226 4.57459183 0.75886693
263.26326326 4.57379270 0.75960371
264.26426426 4.57203392 0.75917534
265.26526527 4.56749946 0.76170909
266.26626627 4.56632387 0.76213751
267.26726727 4.56157254 0.76079015
268.26826827 4.55800902 0.76182778
269.26926927 4.55428321 0.76336114
270.27027027 4.54976173 0.76318978
271.27127127 4.54248131 0.76039438
272.27227227 4.53554123 0.75862509
273.27327327 4.52371675 0.77015225
274.27427427 4.51955850 0.77276168
275.27527528 4.51117131 0.77930880
276.27627628 4.50648337 0.78502349
277.27727728 4.50317796 0.78588299
278.27827828 4.49550300 0.79075048
279.27927928 4.49145370 0.78734055
280.28028028 4.48966891 0.78773103
281.28128128 4.48530389 0.79258907
282.28228228 4.47558894 0.79312723
283.28328328 4.46948074 0.78768387
284.28428428 4.46579502 0.78917086
285.28528529 4.46048242 0.78996437
286.28628629 4.45805445 0.79078639
287.28728729 4.45195744 0.78973858
288.28828829 4.44631661 0.79878608
289.28928929 4.44081473 0.80290968
290.29029029 4.43351100 0.80376297
291.29129129 4.42996870 0.80650027
292.29229229 4.42796314 0.80638148
293.29329329 4.42678354 0.80637987
294.29429429 4.41945328 0.81221559
295.29529530 4.40821923 0.80556660
296.29629630 4.39920609 0.80418113
297.29729730 4.39623826 0.80501611
298.29829830 4.39162331 0.80610073
299.29929930 4.38834190 0.80432332
300.30030030 4.38718791 0.80500347
301.30130130 4.38230062 0.80568109
302.30230230 4.37944237 0.80835977
303.30330330 4.37516730 0.80884085
304.30430430 4.37041456 0.80936215
305.30530531 4.36869743 0.80985035
306.30630631 4.36765174 0.81046662
307.30730731 4.36391189 0.81298484
308.30830831 4.36226833 0.81308072
309.30930931 4.35853821 0.81878144
310.31031031 4.35663488 0.81795730
311.31131131 4.35401409 0.81812629
312.31231231 4.33821569 0.82745224
313.31331331 4.33354706 0.82465891
314.31431431 4.32946196 0.82637269
315.31531532 4.31913442 0.82304116
316.31631632 4.31810370 0.82394150
317.31731732 4.31187058 0.82315656
318.31831832 4.30677119 0.82685452
319.31931932 4.30546196 0.82756614
320.32032032 4.29868140 0.82832286
321.32132132 4.29475655 0.82962350
322.32232232 4.29112387 0.83105510
323.32332332 4.28560809 0.83286808
324.32432432 4.28288310 0.83564006
325.32532533 4.27767738 0.83563421
326.32632633 4.27472251 0.83534172
327.32732733 4.27181638 0.83529242
328.32832833 4.26359361 0.83613200
329.32932933 4.25965874 0.84094807
330.33033033 4.25746603 0.83883209
331.33133133 4.25525912 0.83913698
332.33233233 4.25323220 0.83922303
333.33333333 4.25115676 0.83863945
334.33433433 4.24739309 0.83794432
335.33533534 4.24010763 0.83985613
336.33633634 4.23411764 0.83677453
337.33733734 4.22839449 0.83682933
338.33833834 4.22651229 0.83833190
339.33933934 4.22347820 0.83822975
340.34034034 4.21894756 0.83894504
341.34134134 4.21628247 0.83821799
342.34234234 4.21441268 0.83767670
343.34334334 4.21207585 0.83764257
344.34434434 4.20909503 0.83954217
345.34534535 4.20426711 0.83955150
346.34634635 4.19933030 0.84107947
347.34734735 4.19393011 0.84324749
348.34834835 4.18804745 0.83827913
349.34934935 4.18741147 0.83844962
350.35035035 4.17786000 0.84182792
351.35135135 4.17327374 0.84281673
352.35235235 4.17175240 0.84319978
353.35335335 4.16931905 0.84331098
354.35435435 4.16151970 0.84473084
355.35535536 4.15714158 0.84352669
356.35635636 4.15431151 0.84698094
357.35735736 4.15017838 0.85066325
358.35835836 4.14851781 0.85129344
359.35935936 4.14544928 0.85178523
360.36036036 4.14303985 0.85261940
361.36136136 4.13674778 0.85404120
362.36236236 4.13335225 0.85411229
363.36336336 4.12698423 0.85438914
364.36436436 4.12427181 0.85450934
365.36536537 4.12253960 0.85515777
366.36636637 4.11869287 0.85632094
367.36736737 4.11803648 0.85634746
368.36836837 4.11426771 0.85965663
369.36936937 4.10901715 0.85970727
370.37037037 4.10350457 0.85830306
371.37137137 4.09714305 0.86052615
372.37237237 4.09099865 0.86073144
373.37337337 4.08307696 0.86168414
374.37437437 4.08197824 0.86205068
375.37537538 4.07574645 0.86030034
376.37637638 4.07332527 0.86070710
377.37737738 4.07113638 0.86155509
378.37837838 4.06696149 0.86289312
379.37937938 4.06116478 0.86328459
380.38038038 4.05890147 0.86226964
381.38138138 4.05356829 0.86162737
382.38238238 4.04987359 0.85891372
383.38338338 4.04180903 0.86103764
384.38438438 4.03781836 0.85883677
385.38538539 4.03361847 0.85709631
386.38638639 4.02567997 0.85842684
387.38738739 4.02444590 0.85902410
388.38838839 4.01916374 0.86077489
389.38938939 4.01273529 0.86121941
390.39039039 4.00597549 0.85923533
391.39139139 4.00129808 0.86249663
392.39239239 3.99548659 0.86030804
393.39339339 3.98903744 0.86162794
394.39439439 3.97955630 0.86492017
395.39539540 3.97689546 0.86571072
396.39639640 3.96920436 0.86052654
397.39739740 3.96604144 0.85972529
398.39839840 3.96345269 0.86173190
399.39939940 3.96152640 0.86174642
400.40040040 3.95994002 0.86352042
401.40140140 3.95768912 0.86414550
402.40240240 3.95487468 0.86560240
403.40340340 3.94845231 0.86767592
404.40440440 3.94605007 0.86839009
405.40540541 3.94111063 0.86666444
406.40640641 3.93663191 0.86803324
407.40740741 3.93463020 0.86992847
408.40840841 3.93162504 0.87232030
409.40940941 3.92926362 0.87187052
410.41041041 3.92390157 0.87057295
411.41141141 3.92120847 0.86763949
412.41241241 3.91811376 0.86697272
413.41341341 3.91565561 0.86795432
414.41441441 3.91320045 0.86904011
415.41541542 3.91124817 0.87145163
416.41641642 3.90525192 0.87457663
417.41741742 3.90420029 0.87509949
418.41841842 3.89730812 0.87610269
419.41941942 3.89304631 0.87605822
420.42042042 3.88839243 0.87624289
421.42142142 3.88428016 0.87623381
422.42242242 3.88119689 0.87682479
423.42342342 3.87749945 0.87332564
424.42442442 3.87377012 0.87367597
425.42542543 3.87090684 0.87416293
426.42642643 3.86972027 0.87400269
427.42742743 3.86773530 0.87460017
428.42842843 3.86563699 0.87721276
429.42942943 3.85832574 0.87734817
430.43043043 3.85653252 0.87831979
431.43143143 3.84568766 0.87719271
432.43243243 3.84311331 0.87601640
433.43343343 3.84067381 0.87664343
434.43443443 3.83647880 0.87875830
435.43543544 3.83459820 0.87876525
436.43643644 3.83190856 0.87551678
437.43743744 3.82601792 0.87381780
438.43843844 3.81812279 0.87517920
439.43943944 3.81794663 0.87566434
440.44044044 3.81428298 0.87548216
441.44144144 3.81094566 0.87734431
442.44244244 3.80671309 0.88020129
443.44344344 3.80294713 0.88084222
444.44444444 3.79519703 0.87909405
445.44544545 3.79156018 0.88040081
446.44644645 3.78819399 0.87867961
447.44744745 3.78449445 0.88078372
448.44844845 3.78374727 0.88110698
449.44944945 3.78239767 0.88187499
450.45045045 3.77954759 0.88646622
451.45145145 3.77819066 0.88691990
452.45245245 3.77282746 0.88819931
453.45345345 3.76991991 0.88768601
454.45445445 3.76289949 0.88751832
455.45545546 3.76045531 0.88777504
456.45645646 3.75562797 0.88789886
457.45745746 3.74559336 0.88954767
458.45845846 3.74269552 0.88989041
459.45945946 3.73828605 0.88749790
460.46046046 3.73733329 0.88789602
461.46146146 3.73001706 0.88509469
462.46246246 3.72344721 0.88446369
463.46346346 3.72098652 0.88636288
464.46446446 3.71994353 0.88727237
465.46546547 3.71623743 0.88938568
466.46646647 3.71152058 0.89118614
467.46746747 3.70635677 0.88915841
468.46846847 3.70088733 0.88911278
469.46946947 3.69670540 0.89375748
470.47047047 3.69115594 0.89189724
471.47147147 3.68829159 0.89180875
472.47247247 3.68399134 0.89290402
473.47347347 3.67772896 0.89467648
474.47447447 3.67427493 0.89683841
475.47547548 3.66975800 0.89428511
476.47647648 3.66793205 0.89529742
477.47747748 3.66242506 0.89764187
478.47847848 3.65985055 0.89825116
479.47947948 3.65305058 0.89810840
480.48048048 3.64971274 0.89933932
481.48148148 3.64304555 0.90225298
482.48248248 3.63885999 0.90378552
483.48348348 3.63398536 0.90374582
484.48448448 3.63085207 0.90347882
485.48548549 3.62203135 0.90599905
486.48648649 3.61888038 0.90654905
487.48748749 3.61550890 0.90979633
488.48848849 3.61264980 0.91082050
489.48948949 3.61114859 0.91081815
490.49049049 3.60747767 0.91110924
491.49149149 3.60448027 0.91377349
492.49249249 3.59905364 0.91476526
493.49349349 3.59502497 0.91120363
494.49449449 3.59136497 0.91162444
495.49549550 3.58930807 0.91149879
496.49649650 3.58700109 0.91153672
497.49749750 3.58295388 0.91305436
498.49849850 3.57913276 0.91397871
499.49949950 3.57328919 0.91519846
500.50050050 3.57152269 0.91561107
501.50150150 3.56500914 0.91221199
502.50250250 3.56090063 0.91101470
503.50350350 3.55785250 0.90991195
504.50450450 3.55126060 0.90871156
505.50550551 3.54816391 0.90577472
506.50650651 3.54418301 0.90717191
507.50750751 3.53608494 0.90624198
508.50850851 3.53168729 0.90650883
509.50950951 3.53010187 0.90703427
510.51051051 3.52423037 0.90666003
511.51151151 3.51933167 0.90723605
512.51251251 3.51707470 0.90859889
513.51351351 3.51291564 0.90800108
514.51451451 3.50804629 0.90671099
515.51551552 3.50524937 0.90896933
516.51651652 3.50297962 0.90567800
517.51751752 3.49997264 0.90637374
518.51851852 3.49383520 0.90263940
519.51951952 3.48930964 0.90181220
520.52052052 3.48393470 0.90272646
521.52152152 3.47698621 0.90151143
522.52252252 3.47163959 0.90191913
523.52352352 3.46486755 0.89926006
524.52452452 3.46255914 0.89945195
525.52552553 3.45734322 0.89860102
526.52652653 3.45254175 0.89477995
527.52752753 3.45070037 0.89579400
528.52852853 3.44956998 0.89596365
529.52952953 3.44770377 0.89517648
530.53053053 3.44302790 0.89578934
531.53153153 3.44006594 0.89429075
532.53253253 3.43368563 0.89319467
533.53353353 3.43033230 0.89229357
534.53453453 3.42913722 0.89303078
535.53553554 3.42806179 0.89201806
536.53653654 3.41808077 0.89826404
537.53753754 3.41497160 0.89671634
538.53853854 3.40867461 0.89587049
539.53953954 3.40393708 0.89539648
540.54054054 3.39953099 0.89081678
541.54154154 3.39412320 0.89063287
542.54254254 3.38713445 0.88821258
543.54354354 3.38321840 0.88804414
544.54454454 3.37768399 0.88757353
545.54554555 3.37429180 0.88787927
546.54654655 3.37220238 0.88889106
547.54754755 3.37006121 0.88761734
548.54854855 3.36744497 0.88770212
549.54954955 3.36303620 0.88366326
550.55055055 3.35818929 0.88369939
551.55155155 3.35260766 0.88289325
552.55255255 3.34756307 0.88402107
553.55355355 3.34568974 0.88625464
554.55455455 3.34154365 0.88256615
555.55555556 3.33953276 0.88449124
556.55655656 3.33595737 0.88633377
557.55755756 3.33002814 0.88647762
558.55855856 3.32446160 0.88821421
559.55955956 3.31857768 0.88850482
560.56056056 3.31479379 0.88664625
561.56156156 3.30935156 0.88576596
562.56256256 3.30663925 0.88358823
563.56356356 3.30344933 0.88289686
564.56456456 3.29853217 0.88507147
565.56556557 3.29259603 0.88368182
566.56656657 3.28771499 0.88578154
567.56756757 3.28602197 0.88633982
568.56856857 3.28332477 0.88628432
569.56956957 3.27949720 0.88383696
570.57057057 3.27657152 0.88201454
571.57157157 3.27453398 0.88324441
572.57257257 3.27173385 0.88300444
573.57357357 3.26897836 0.88282691
574.57457457 3.26766378 0.88309181
575.57557558 3.26566441 0.88192071
576.57657658 3.26171595 0.88470989
577.57757758 3.26102884 0.88484350
578.57857858 3.25457759 0.88183650
579.57957958 3.25094356 0.88193537
580.58058058 3.24305064 0.88088061
581.58158158 3.23842381 0.88189578
582.58258258 3.23284730 0.88184115
583.58358358 3.22761012 0.88229871
584.58458458 3.22708368 0.88285884
585.58558559 3.22563751 0.88400467
586.58658659 3.22090796 0.88550832
587.58758759 3.21805270 0.88503133
588.58858859 3.21463495 0.88343174
589.58958959 3.21270249 0.88324465
590.59059059 3.20553326 0.88312925
591.59159159 3.20463042 0.88338253
592.59259259 3.20059240 0.88243736
593.59359359 3.19996673 0.88247734
594.59459459 3.19559852 0.87762180
595.59559560 3.19217676 0.87586086
596.59659660 3.18841587 0.87507343
597.59759760 3.18528167 0.87535020
598.59859860 3.18056879 0.87363418
599.59959960 3.17915822 0.87409815
600.60060060 3.17577312 0.87439437
601.60160160 3.17114863 0.87145103
602.60260260 3.16859079 0.87224258
603.60360360 3.16599123 0.87022599
604.60460460 3.16359491 0.87151946
605.60560561 3.16003075 0.87111761
606.60660661 3.15766085 0.87120890
607.60760761 3.15188092 0.87253698
608.60860861 3.14858580 0.87216751
609.60960961 3.14523435 0.87026142
610.61061061 3.14041608 0.86641899
611.61161161 3.13373778 0.87042647
612.61261261 3.13276485 0.87030814
613.61361361 3.12778473 0.86881186
614.61461461 3.12384458 0.86871426
615.61561562 3.12105096 0.87011637
616.61661662 3.11880877 0.87172542
617.61761762 3.11079685 0.87069507
618.61861862 3.10294677 0.86783199
619.61961962 3.09827786 0.86951188
620.62062062 3.09031577 0.87117661
621.62162162 3.08573512 0.86935209
622.62262262 3.08326446 0.87053653
623.62362362 3.07705808 0.87114651
624.62462462 3.07130019 0.87274007
625.62562563 3.06434935 0.86827121
626.62662663 3.06051842 0.86746559
627.62762763 3.05799894 0.86693227
628.62862863 3.05471380 0.86752543
629.62962963 3.05028284 0.87041672
630.63063063 3.04596146 0.86981778
631.63163163 3.04063213 0.87056958
632.63263263 3.03454363 0.86689001
633.63363363 3.03192921 0.86636635
634.63463463 3.03082831 0.86658862
635.63563564 3.02773083 0.86720549
636.63663664 3.02347672 0.86901952
637.63763764 3.02140944 0.87003653
638.63863864 3.01840205 0.86942015
639.63963964 3.01577167 0.86757194
640.64064064 3.01202612 0.87103157
641.64164164 3.01044038 0.87109211
642.64264264 3.00901992 0.87127853
643.64364364 3.00656831 0.87059177
644.64464464 3.00138641 0.87002792
645.64564565 2.99896353 0.86943247
646.64664665 2.99807371 0.86962481
647.64764765 2.99338087 0.86965915
648.64864865 2.99232745 0.86985998
649.64964965 2.98942906 0.86884769
650.65065065 2.98570822 0.86903549
651.65165165 2.98325202 0.86825173
652.65265265 2.98069892 0.86492143
653.65365365 2.97869581 0.86535391
654.65465465 2.97588785 0.86717230
655.65565566 2.97195604 0.86914949
656.65665666 2.97054358 0.87027324
657.65765766 2.96763917 0.87022767
658.65865866 2.96387423 0.87236587
659.65965966 2.95979099 0.87273106
660.66066066 2.95876756 0.87289184
661.66166166 2.95791959 0.87317777
662.66266266 2.95501378 0.87121156
663.66366366 2.94649358 0.86518845
664.66466466 2.94318160 0.86418265
665.66566567 2.93882707 0.86690404
666.66666667 2.93479260 0.86771762
667.66766767 2.93137598 0.86588022
668.66866867 2.92780556 0.86105237
669.66966967 2.92286262 0.86009342
670.67067067 2.92000210 0.85898611
671.67167167 2.91711915 0.85765931
672.67267267 2.91286531 0.85741164
673.67367367 2.90853390 0.85694911
674.67467467 2.90036706 0.85671448
675.67567568 2.89432636 0.85793797
676.67667668 2.88945315 0.85471012
677.67767768 2.88608071 0.85654992
678.67867868 2.88155969 0.85612133
679.67967968 2.87954712 0.85657665
680.68068068 2.87597151 0.85905975
681.68168168 2.87594700 0.85894461
682.68268268 2.87104510 0.85953865
683.68368368 2.86909780 0.85896366
684.68468468 2.86669871 0.85794643
685.68568569 2.85973790 0.85814803
686.68668669 2.85672032 0.85705970
687.68768769 2.85314340 0.85954118
688.68868869 2.85240761 0.86023196
689.68968969 2.84810680 0.85813431
690.69069069 2.84552121 0.85798685
691.69169169 2.83868818 0.86089821
692.69269269 2.83380748 0.85979941
693.69369369 2.83108135 0.86049270
694.69469469 2.82838427 0.85946817
695.69569570 2.82380707 0.85483819
696.69669670 2.82039691 0.85426106
697.69769770 2.81801547 0.85551452
698.69869870 2.81614948 0.85439927
699.69969970 2.80987587 0.84955088
700.70070070 2.80707023 0.84831418
701.70170170 2.80358858 0.84838755
702.70270270 2.79963428 0.84943424
703.70370370 2.79662834 0.84922928
704.70470470 2.79223885 0.84618432
705.70570571 2.78845149 0.84099381
706.70670671 2.78219901 0.84157692
707.70770771 2.78046670 0.84149123
708.70870871 2.77733469 0.84285841
709.70970971 2.77642166 0.84302359
710.71071071 2.77347647 0.84338742
711.71171171 2.76950019 0.84380567
712.71271271 2.76769195 0.84468916
713.71371371 2.76408602 0.84411036
714.71471471 2.76106232 0.84669665
715.71571572 2.75915082 0.84680685
716.71671672 2.75824500 0.84684827
717.71771772 2.75264517 0.84560899
718.71871872 2.74816298 0.84744490
719.71971972 2.74554623 0.84711216
720.72072072 2.74025718 0.85012942
721.72172172 2.73787856 0.84972585
722.72272272 2.73507721 0.85046760
723.72372372 2.73496740 0.85080138
724.72472472 2.73455559 0.85063722
725.72572573 2.73179932 0.84938025
726.72672673 2.73024842 0.85075883
727.72772773 2.72726704 0.85066119
728.72872873 2.72642245 0.85078550
729.72972973 2.72212263 0.85262999
730.73073073 2.72053233 0.85303691
731.73173173 2.71927455 0.85311369
732.73273273 2.71481125 0.85313815
733.73373373 2.71139962 0.85494763
734.73473473 2.70582336 0.85591549
735.73573574 2.70451330 0.85622647
736.73673674 2.69931843 0.85446620
737.73773774 2.69550203 0.85366090
738.73873874 2.69367096 0.85441385
739.73973974 2.69234201 0.85458065
740.74074074 2.69067738 0.85475716
741.74174174 2.68630235 0.85394233
742.74274274 2.68525532 0.85317747
743.74374374 2.68221997 0.85226084
744.74474474 2.67810352 0.85370561
745.74574575 2.67409389 0.85453437
746.74674675 2.67265799 0.85471490
747.74774775 2.67071882 0.85520981
748.74874875 2.66760486 0.85326218
749.74974975 2.66605046 0.85281363
750.75075075 2.66386377 0.85420266
751.75175175 2.66171278 0.85519589
752.75275275 2.66001904 0.85507181
753.75375375 2.65699777 0.85513282
754.75475475 2.65277775 0.85516842
755.75575576 2.64855457 0.85022257
756.75675676 2.64551214 0.85204852
757.75775776 2.63950660 0.84852587
758.75875876 2.63675729 0.84686608
759.75975976 2.63519106 0.84703792
760.76076076 2.63414603 0.84696381
761.76176176 2.63156048 0.84512023
762.76276276 2.62934476 0.84528825
763.76376376 2.62683360 0.84390650
764.76476476 2.62285291 0.83932250
765.76576577 2.62219405 0.83935785
766.76676677 2.61474521 0.83432793
767.76776777 2.61268763 0.83261344
768.76876877 2.60917218 0.83380096
769.76976977 2.60702561 0.83108218
770.77077077 2.60468885 0.83309451
771.77177177 2.60159010 0.83204336
772.77277277 2.59936440 0.83257481
773.77377377 2.59817584 0.83298168
774.77477477 2.59294980 0.83255952
775.77577578 2.59218255 0.83257226
776.77677678 2.59113293 0.83234829
777.77777778 2.58751027 0.83128602
778.77877878 2.58467701 0.82944523
779.77977978 2.57979014 0.82567811
780.78078078 2.57833123 0.82597071
781.78178178 2.57443371 0.82522591
782.78278278 2.57373186 0.82585351
783.78378378 2.56861132 0.82789779
784.78478478 2.56764829 0.82834141
785.78578579 2.56355805 0.82422313
786.78678679 2.56003684 0.82321446
787.78778779 2.55727785 0.82433297
788.78878879 2.55226695 0.82324060
789.78978979 2.55026719 0.82511650
790.79079079 2.54551812 0.82440335
791.79179179 2.54293505 0.82296453
792.79279279 2.54056078 0.82279976
793.79379379 2.53917789 0.82310320
794.79479479 2.53735907 0.82382722
795.79579580 2.53099173 0.82332126
796.79679680 2.52891085 0.82348046
797.79779780 2.52356602 0.82417028
798.79879880 2.51944859 0.82490335
799.79979980 2.51776507 0.82545750
800.80080080 2.51654998 0.82556626
801.80180180 2.51565074 0.82603068
802.80280280 2.51239890 0.82818873
803.80380380 2.50939695 0.82762989
804.80480480 2.50665610 0.82558210
805.80580581 2.50135571 0.82848970
806.80680681 2.50025442 0.82867214
807.80780781 2.49709080 0.82546985
808.80880881 2.49555274 0.82570961
809.80980981 2.49442962 0.82585005
810.81081081 2.49175018 0.82694902
811.81181181 2.49115060 0.82742112
812.81281281 2.48688092 0.82474941
813.81381381 2.48569977 0.82490998
814.81481481 2.48306489 0.82497812
815.81581582 2.48044865 0.82736112
816.81681682 2.47756166 0.82513214
817.81781782 2.47501456 0.82672635
818.81881882 2.47301218 0.82725190
819.81981982 2.47060269 0.82715028
820.82082082 2.46943553 0.82728311
821.82182182 2.46705254 0.82831449
822.82282282 2.46313444 0.82871665
823.82382382 2.46157569 0.82883710
824.82482482 2.45865625 0.82688212
825.82582583 2.45592823 0.82700996
826.82682683 2.45193254 0.82628971
827.82782783 2.45013236 0.82684415
828.82882883 2.44805725 0.82768461
829.82982983 2.44529345 0.82568195
830.83083083 2.44117493 0.82558280
831.83183183 2.43873171 0.82478798
832.83283283 2.43556904 0.82524167
833.83383383 2.43291613 0.82742611
834.83483483 2.42843695 0.82557810
835.83583584 2.42659786 0.82606755
836.83683684 2.42275663 0.82765190
837.83783784 2.41939006 0.82744639
838.83883884 2.41901868 0.82723951
839.83983984 2.41578667 0.83033178
840.84084084 2.41102418 0.83191004
841.84184184 2.41019074 0.83227538
842.84284284 2.40729494 0.83186541
843.84384384 2.40379292 0.83248219
844.84484484 2.39994311 0.83001001
845.84584585 2.39749625 0.83043285
846.84684685 2.39559157 0.83050669
847.84784785 2.39375908 0.83078479
848.84884885 2.39064346 0.83115940
849.84984985 2.38922780 0.83127226
850.85085085 2.38416338 0.83155415
851.85185185 2.38024783 0.82878768
852.85285285 2.37444510 0.82675973
853.85385385 2.37330727 0.82709502
854.85485485 2.37059375 0.82602825
855.85585586 2.36607064 0.82616513
856.85685686 2.36310213 0.82191526
857.85785786 2.36189607 0.82179039
858.85885886 2.35669667 0.81834411
859.85985986 2.35452408 0.81878859
860.86086086 2.35335539 0.81902268
861.86186186 2.34971529 0.81949831
862.86286286 2.34566809 0.82005647
863.86386386 2.34311978 0.82090276
864.86486486 2.33866477 0.82136086
865.86586587 2.33508820 0.81894353
866.86686687 2.33269244 0.81811000
867.86786787 2.33131142 0.81832590
868.86886887 2.32909063 0.81845872
869.86986987 2.32569057 0.81996331
870.87087087 2.32414588 0.82003543
871.87187187 2.32180632 0.82113481
872.87287287 2.32029118 0.82121574
873.87387387 2.31647689 0.81822296
874.87487487 2.31373765 0.81853924
875.87587588 2.31188998 0.81898042
876.87687688 2.30914039 0.82095002
877.87787788 2.30796910 0.82097704
878.87887888 2.30456260 0.82152357
879.87987988 2.30272354 0.82189297
880.88088088 2.30001766 0.82094704
881.88188188 2.29679141 0.82264474
882.88288288 2.29563038 0.82271968
883.88388388 2.29459464 0.82279526
884.88488488 2.29145558 0.81923915
885.88588589 2.28806568 0.81534079
886.88688689 2.28504316 0.81553265
887.88788789 2.28254545 0.81560640
888.88888889 2.27443309 0.81441393
889.88988989 2.26984363 0.81273167
890.89089089 2.26667872 0.81020500
891.89189189 2.26458382 0.81086865
892.89289289 2.26306422 0.81102753
893.89389389 2.25829938 0.81159594
894.89489489 2.25675665 0.81203253
895.89589590 2.25400310 0.81252893
896.89689690 2.25123698 0.81375565
897.89789790 2.24856546 0.81185714
898.89889890 2.24745500 0.81181409
899.89989990 2.24610906 0.81115156
900.90090090 2.24501742 0.81119308
901.90190190 2.23938909 0.80888168
902.90290290 2.23821745 0.80894363
903.90390390 2.23681501 0.80888646
904.90490490 2.23497314 0.80916130
905.90590591 2.23411508 0.80897887
906.90690691 2.23202352 0.80856487
907.90790791 2.22976708 0.80606894
908.90890891 2.22581463 0.80779122
909.90990991 2.22111914 0.80680036
910.91091091 2.22041569 0.80767653
911.91191191 2.21473781 0.80754825
912.91291291 2.21189396 0.80696007
913.91391391 2.20703740 0.80696580
914.91491491 2.20495945 0.80577603
915.91591592 2.20261432 0.80263225
916.91691692 2.19993430 0.80299113
917.91791792 2.19478118 0.80040158
918.91891892 2.19368840 0.80058492
919.91991992 2.18883614 0.80254326
920.92092092 2.18416746 0.79810539
921.92192192 2.17709900 0.79491026
922.92292292 2.17380238 0.79310276
923.92392392 2.17276744 0.79296732
924.92492492 2.17090165 0.79249316
925.92592593 2.16859992 0.79319030
926.92692693 2.16726239 0.79299143
927.92792793 2.16601174 0.79318619
928.92892893 2.16311365 0.79088793
929.92992993 2.16080530 0.79160399
930.93093093 2.15757672 0.79324239
931.93193193 2.15327752 0.79410896
932.93293293 2.15196470 0.79423772
933.93393393 2.14910477 0.79513391
934.93493493 2.14795368 0.79381601
935.93593594 2.14578625 0.79208563
936.93693694 2.14131063 0.79282684
937.93793794 2.13934487 0.79300565
938.93893894 2.13752248 0.79360551
939.93993994 2.13560175 0.79282984
940.94094094 2.13187883 0.78996959
941.94194194 2.12941028 0.78917092
942.94294294 2.12486186 0.79079345
943.94394394 2.12155483 0.79003444
944.94494494 2.12082078 0.79016453
945.94594595 2.11864955 0.79101025
946.94694695 2.11817546 0.79154512
947.94794795 2.11631727 0.79227410
948.94894895 2.11486912 0.79208658
949.94994995 2.11244016 0.79020516
950.95095095 2.10899812 0.79220658
951.95195195 2.10794945 0.79217597
952.95295295 2.10638178 0.79238600
953.95395395 2.10372625 0.78943108
954.95495495 2.10246938 0.78951437
955.95595596 2.09669718 0.79061742
956.95695696 2.09446742 0.79222615
957.95795796 2.09310392 0.79258487
958.95895896 2.09019353 0.78901418
959.95995996 2.08761994 0.78939012
960.96096096 2.08519117 0.78707875
961.96196196 2.08306476 0.78760529
962.96296296 2.08224738 0.78763860
963.96396396 2.07755582 0.78808205
964.96496496 2.07649494 0.78813766
965.96596597 2.07385551 0.78744591
966.96696697 2.07257198 0.78734802
967.96796797 2.07036177 0.78760002
968.96896897 2.06884114 0.78588431
969.96996997 2.06778733 0.78623777
970.97097097 2.06401749 0.78534492
971.97197197 2.06287442 0.78530614
972.97297297 2.06159622 0.78518577
973.97397397 2.06051332 0.78513441
974.97497497 2.05989448 0.78479017
975.97597598 2.05881114 0.78473374
976.97697698 2.05799692 0.78441636
977.97797798 2.05488581 0.78529667
978.97897898 2.05184003 0.78616510
979.97997998 2.04871839 0.78633116
980.98098098 2.04656179 0.78757917
981.98198198 2.04251980 0.78290553
982.98298298 2.03913483 0.78200260
983.98398398 2.03602114 0.77958005
984.98498498 2.03401585 0.77996173
985.98598599 2.03201525 0.78181135
986.98698699 2.03097339 0.78183750
987.98798799 2.02589376 0.78099625
988.98898899 2.02502053 0.78113904
989.98998999 2.02266332 0.78291290
990.99099099 2.02052723 0.78264793
991.99199199 2.01906976 0.78325508
992.99299299 2.01863569 0.78366964
993.99399399 2.01492055 0.78368101
994.99499499 2.01270753 0.78459090
995.99599600 2.01063222 0.78304559
996.99699700 2.00895021 0.78296438
997.99799800 2.00783246 0.78303729
998.99899900 2.00574113 0.78350080
1000.00000000 2.00338748 0.78135712
