0.00000000 6.00000000 0.00000063
1.00100100 5.87989944 0.30711718
2.00200200 5.67028912 0.51375701
3.00300300 5.47762226 0.64875818
4.00400400 5.29083012 0.75212576
5.00500501 5.10104802 0.82100855
6.00600601 4.94463115 0.89745527
7.00700701 4.77486292 0.97759746
8.00800801 4.57038240 1.05240236
9.00900901 4.37620602 1.10075714
10.01001001 4.18591940 1.11418409
11.01101101 4.00584798 1.12724395
12.01201201 3.83044693 1.14131641
13.01301301 3.61921680 1.12292958
14.01401401 3.45751770 1.13755395
15.01501502 3.30893304 1.15387665
16.01601602 3.14680838 1.16048363
17.01701702 2.97573132 1.13421386
18.01801802 2.81922284 1.11368308
19.01901902 2.67059397 1.10295429
20.02002002 2.54417491 1.10127251
21.02102102 2.41381616 1.09056969
22.02202202 2.28459319 1.10518644
23.02302302 2.16378897 1.09864211
24.02402402 2.05037012 1.07195902
25.02502503 1.92501808 1.03429325
26.02602603 1.83317772 1.01998290
27.02702703 1.74359678 1.00326349
28.02802803 1.64562412 0.97448369
29.02902903 1.54711068 0.94029074
30.03003003 1.45094539 0.91799241
31.03103103 1.37675674 0.90323747
32.03203203 1.28973145 0.89307452
33.03303303 1.21100343 0.86866266
34.03403403 1.13926775 0.85296877
35.03503504 1.05295849 0.79951288
36.03603604 0.98121224 0.77873935
37.03703704 0.93746463 0.77836043
38.03803804 0.89205406 0.76651390
39.03903904 0.85993303 0.77055495
40.04004004 0.81020443 0.75488350
41.04104104 0.76901579 0.75196605
42.04204204 0.72804461 0.71589263
43.04304304 0.69213627 0.70712891
44.04404404 0.64466882 0.67902245
45.04504505 0.59890671 0.63698068
46.04604605 0.57262155 0.62286741
47.04704705 0.53808740 0.60693364
48.04804805 0.50284100 0.57614900
49.04904905 0.48054310 0.56377770
50.05005005 0.44704018 0.53744936
51.05105105 0.42402373 0.51816182
52.05205205 0.39039342 0.48225222
53.05305305 0.37138294 0.46604648
54.05405405 0.34408640 0.43579717
55.05505506 0.32639188 0.42664619
56.05605606 0.30580454 0.40226621
57.05705706 0.28499065 0.38042173
58.05805806 0.27537045 0.40257993
59.05905906 0.25795660 0.38929377
60.06006006 0.23783847 0.36827453
61.06106106 0.22027470 0.35214622
62.06206206 0.20453039 0.32766051
63.06306306 0.19914708 0.32334554
64.06406406 0.19593714 0.32168016
65.06506507 0.18747502 0.31291342
66.06606607 0.18019658 0.30037646
67.06706707 0.17389621 0.30648516
68.06806807 0.17015209 0.29458054
69.06906907 0.16512999 0.27815889
70.07007007 0.16292954 0.27491643
71.07107107 0.15258830 0.26032719
72.07207207 0.15015572 0.26002030
73.07307307 0.13786910 0.24397003
74.07407407 0.12991750 0.23434867
75.07507508 0.12598351 0.22591966
76.07607608 0.11670829 0.20754437
77.07707708 0.11201787 0.20783367
78.07807808 0.10710749 0.20206659
79.07907908 0.09835563 0.18906614
80.08008008 0.09833424 0.18719364
81.08108108 0.09882874 0.19384029
82.08208208 0.09602308 0.18857948
83.08308308 0.09222826 0.18599604
84.08408408 0.08710290 0.17174166
85.08508509 0.08778389 0.17686123
86.08608609 0.09115451 0.18756995
87.08708709 0.09064673 0.18691246
88.08808809 0.09132802 0.19757144
89.08908909 0.08957542 0.19672737
90.09009009 0.08954820 0.20173649
91.09109109 0.08695524 0.19830773
92.09209209 0.08183046 0.18364056
93.09309309 0.07582122 0.17209457
94.09409409 0.08214628 0.19130605
95.09509510 0.08172504 0.18693092
96.09609610 0.08910966 0.20687247
97.09709710 0.08797693 0.20469247
98.09809810 0.08935054 0.20805470
99.09909910 0.08653273 0.19955959
100.10010010 0.08591102 0.19933168
101.10110110 0.08670472 0.20043106
102.10210210 0.08225307 0.18692032
103.10310310 0.08646698 0.19399556
104.10410410 0.09139272 0.21012509
105.10510511 0.09489859 0.22109707
106.10610611 0.09648882 0.22776363
107.10710711 0.09669641 0.22682263
108.10810811 0.10245777 0.23298596
109.10910911 0.10037455 0.22891684
110.11011011 0.09933389 0.22385532
111.11111111 0.09638002 0.21543925
112.11211211 0.09830103 0.22670482
113.11311311 0.09376378 0.21900172
114.11411411 0.08947465 0.20928176
115.11511512 0.08840626 0.20470804
116.11611612 0.08943685 0.20459538
117.11711712 0.09037113 0.20574115
118.11811812 0.10137302 0.22398098
119.11911912 0.09912496 0.21974310
120.12012012 0.09926269 0.22288757
121.12112112 0.09378342 0.21474141
122.12212212 0.09489251 0.22017794
123.12312312 0.09039632 0.20641543
124.12412412 0.08969515 0.20477324
125.12512513 0.09456451 0.21394213
126.12612613 0.09500669 0.21364893
127.12712713 0.09108444 0.20274973
128.12812813 0.09089864 0.19960762
129.12912913 0.09336261 0.20745001
130.13013013 0.09240070 0.20670454
131.13113113 0.09465460 0.20979324
132.13213213 0.09218364 0.20661180
133.13313313 0.09077239 0.20244743
134.13413413 0.09130824 0.20395076
135.13513514 0.09318946 0.21204248
136.13613614 0.09719524 0.21823813
137.13713714 0.09273967 0.21366912
138.13813814 0.09181240 0.21238973
139.13913914 0.09838145 0.22555426
140.14014014 0.09575678 0.22266917
141.14114114 0.09432924 0.22105889
142.14214214 0.09622724 0.22416412
143.14314314 0.08691496 0.20246162
144.14414414 0.08472601 0.19099242
145.14514515 0.08524373 0.19873041
146.14614615 0.08500865 0.19836367
147.14714715 0.08139457 0.19403600
148.14814815 0.08268898 0.19817578
149.14914915 0.08139072 0.19958442
150.15015015 0.08494935 0.20905961
151.15115115 0.08340576 0.20310643
152.15215215 0.08494214 0.20865957
153.15315315 0.08865496 0.21404317
154.15415415 0.08904547 0.21652320
155.15515516 0.08828507 0.21951416
156.15615616 0.08587812 0.21537867
157.15715716 0.08351291 0.21119449
158.15815816 0.08287402 0.21104460
159.15915916 0.08365043 0.21363528
160.16016016 0.08599980 0.21493056
161.16116116 0.09055765 0.22233413
162.16216216 0.09269471 0.22742249
163.16316316 0.09170838 0.22519617
164.16416416 0.08555926 0.21449206
165.16516517 0.08917603 0.21744566
166.16616617 0.09094831 0.21846990
167.16716717 0.08916625 0.21362613
168.16816817 0.08393929 0.20328101
169.16916917 0.07970619 0.19749461
170.17017017 0.07975351 0.19931753
171.17117117 0.07528265 0.19143145
172.17217217 0.07986893 0.19667443
173.17317317 0.08637127 0.21118048
174.17417417 0.09141280 0.22244820
175.17517518 0.09467484 0.23414952
176.17617618 0.09777947 0.23929060
177.17717718 0.09856202 0.24008452
178.17817818 0.09901056 0.24379779
179.17917918 0.09613795 0.23870040
180.18018018 0.09197694 0.23116920
181.18118118 0.09321699 0.22734842
182.18218218 0.08649900 0.22106829
183.18318318 0.08579264 0.22611138
184.18418418 0.08698211 0.22816068
185.18518519 0.08136514 0.22235436
186.18618619 0.08504011 0.22902140
187.18718719 0.09054541 0.23479712
188.18818819 0.08896844 0.22890288
189.18918919 0.08916313 0.23284430
190.19019019 0.08846250 0.23316369
191.19119119 0.08779566 0.22991586
192.19219219 0.08596853 0.22421204
193.19319319 0.08845205 0.22675433
194.19419419 0.08691134 0.22055825
195.19519520 0.08660949 0.21708295
196.19619620 0.08987541 0.22391459
197.19719720 0.09004845 0.22072112
198.19819820 0.08924644 0.22043528
199.19919920 0.08938634 0.22344141
200.20020020 0.08477103 0.21125753
201.20120120 0.08218460 0.20616155
202.20220220 0.07773601 0.20424801
203.20320320 0.07578944 0.19740429
204.20420420 0.07673406 0.20331177
205.20520521 0.07733153 0.20649455
206.20620621 0.07267389 0.19574089
207.20720721 0.07211053 0.20057501
208.20820821 0.07286204 0.22471478
209.20920921 0.06887683 0.21342660
210.21021021 0.06319689 0.19283097
211.21121121 0.06804046 0.19924077
212.21221221 0.06716434 0.19737925
213.21321321 0.06444232 0.19061368
214.21421421 0.06536742 0.19751944
215.21521522 0.06844399 0.20931649
216.21621622 0.06540677 0.19955020
217.21721722 0.06687850 0.19982943
218.21821822 0.06866986 0.22327884
219.21921922 0.07424813 0.21723247
220.22022022 0.07281300 0.20857945
221.22122122 0.06913284 0.20109206
222.22222222 0.06906069 0.19436654
223.22322322 0.07143856 0.19927690
224.22422422 0.06814422 0.19209534
225.22522523 0.08253035 0.21662433
226.22622623 0.08144767 0.21574149
227.22722723 0.08355819 0.22588755
228.22822823 0.08296362 0.22721996
229.22922923 0.08937759 0.23592367
230.23023023 0.09505624 0.24202466
231.23123123 0.09090796 0.23036989
232.23223223 0.08456941 0.21584030
233.23323323 0.08728768 0.22142725
234.23423423 0.08632395 0.22149088
235.23523524 0.08779099 0.22357565
236.23623624 0.08533829 0.22035177
237.23723724 0.08969345 0.23115380
238.23823824 0.08452815 0.21739997
239.23923924 0.08611460 0.23250996
240.24024024 0.08861581 0.24108867
241.24124124 0.08693463 0.23785086
242.24224224 0.09243367 0.25023095
243.24324324 0.09141701 0.24705725
244.24424424 0.09334288 0.24151386
245.24524525 0.09065143 0.23234970
246.24624625 0.08924878 0.23143586
247.24724725 0.08776417 0.22919986
248.24824825 0.08626920 0.22577302
249.24924925 0.08390601 0.21874940
250.25025025 0.08292329 0.21724152
251.25125125 0.08195634 0.21362005
252.25225225 0.08558904 0.22227716
253.25325325 0.08793614 0.22625095
254.25425425 0.08571366 0.22051173
255.25525526 0.08929666 0.23006524
256.25625626 0.08759129 0.22659965
257.25725726 0.08464566 0.22426106
258.25825826 0.08511767 0.22409007
259.25925926 0.08631672 0.22770643
260.26026026 0.08580314 0.22652472
261.26126126 0.08053510 0.21295372
262.26226226 0.07988166 0.21082853
263.26326326 0.07938674 0.20896332
264.26426426 0.07942290 0.20728323
265.26526527 0.08036609 0.21011185
266.26626627 0.07195118 0.18678754
267.26726727 0.08130120 0.20452683
268.26826827 0.08699325 0.22014298
269.26926927 0.08624824 0.21674123
270.27027027 0.08618341 0.21873412
271.27127127 0.07991504 0.20201981
272.27227227 0.07733411 0.19418419
273.27327327 0.08208524 0.20437425
274.27427427 0.08717718 0.21652273
275.27527528 0.09116623 0.22686791
276.27627628 0.08708692 0.21618633
277.27727728 0.08493591 0.20984775
278.27827828 0.08329962 0.20869656
279.27927928 0.08610606 0.21352504
280.28028028 0.08148265 0.20449381
281.28128128 0.08063155 0.20408445
282.28228228 0.08179908 0.20648683
283.28328328 0.08082347 0.20342381
284.28428428 0.07734038 0.19572491
285.28528529 0.07820317 0.20172184
286.28628629 0.07812526 0.19861902
287.28728729 0.08536348 0.21156046
288.28828829 0.08902698 0.22937660
289.28928929 0.09341059 0.23849710
290.29029029 0.09811601 0.24386474
291.29129129 0.09472386 0.23822385
292.29229229 0.09206775 0.23547064
293.29329329 0.09159902 0.23349677
294.29429429 0.08002880 0.20527111
295.29529530 0.08264319 0.20985167
296.29629630 0.08247561 0.21040140
297.29729730 0.08306206 0.20797647
298.29829830 0.07757872 0.19535758
299.29929930 0.07551464 0.19574944
300.30030030 0.07151082 0.18578553
301.30130130 0.07232644 0.18614809
302.30230230 0.07541066 0.18991329
303.30330330 0.07200106 0.18164617
304.30430430 0.08172752 0.20587082
305.30530531 0.08750653 0.21368590
306.30630631 0.09038755 0.21876829
307.30730731 0.08052481 0.19781687
308.30830831 0.07799206 0.19230717
309.30930931 0.07713379 0.19361617
310.31031031 0.08819004 0.21743640
311.31131131 0.08849651 0.21482302
312.31231231 0.08506292 0.21264228
313.31331331 0.08100630 0.20940996
314.31431431 0.07691406 0.19554404
315.31531532 0.07689416 0.20073115
316.31631632 0.07804502 0.20314157
317.31731732 0.07786615 0.20266753
318.31831832 0.07601408 0.19812018
319.31931932 0.07976217 0.21085298
320.32032032 0.08051874 0.21153926
321.32132132 0.07902708 0.21050463
322.32232232 0.08408963 0.21880226
323.32332332 0.08198814 0.21627167
324.32432432 0.07971510 0.20887863
325.32532533 0.07727573 0.20239596
326.32632633 0.07972303 0.20306426
327.32732733 0.08458187 0.21394381
328.32832833 0.08188220 0.20673330
329.32932933 0.07706220 0.19750558
330.33033033 0.07993426 0.20193228
331.33133133 0.07669467 0.19506092
332.33233233 0.08003207 0.20372543
333.33333333 0.07387493 0.18646691
334.33433433 0.06971051 0.18178315
335.33533534 0.07157446 0.18986368
336.33633634 0.07259068 0.19646444
337.33733734 0.07296946 0.19698403
338.33833834 0.07046925 0.19085187
339.33933934 0.06932040 0.18868127
340.34034034 0.07128452 0.19655417
341.34134134 0.07191707 0.20123061
342.34234234 0.06919742 0.19025979
343.34334334 0.07331893 0.20016548
344.34434434 0.07223833 0.19414514
345.34534535 0.07118871 0.19278350
346.34634635 0.07093820 0.19409650
347.34734735 0.07032478 0.19097451
348.34834835 0.06404241 0.17568244
349.34934935 0.06498518 0.17859104
350.35035035 0.07016523 0.19027638
351.35135135 0.07024969 0.18657254
352.35235235 0.06977698 0.17980208
353.35335335 0.07633540 0.19991110
354.35435435 0.07628231 0.19971151
355.35535536 0.08290568 0.21679209
356.35635636 0.08383651 0.21869188
357.35735736 0.08327111 0.21408639
358.35835836 0.08309220 0.21786868
359.35935936 0.08581636 0.21995122
360.36036036 0.08368716 0.21647532
361.36136136 0.08595100 0.22399871
362.36236236 0.07986242 0.21305839
363.36336336 0.08247576 0.22820687
364.36436436 0.08166736 0.22445892
365.36536537 0.08269742 0.22509735
366.36636637 0.08043829 0.21954586
367.36736737 0.07891903 0.21909424
368.36836837 0.07900690 0.21430726
369.36936937 0.07957878 0.21365144
370.37037037 0.07944146 0.21514615
371.37137137 0.08050254 0.21582205
372.37237237 0.07839773 0.21322188
373.37337337 0.07942620 0.21490682
374.37437437 0.07614163 0.20498753
375.37537538 0.07678924 0.20944973
376.37637638 0.07439842 0.20722175
377.37737738 0.07596601 0.20911120
378.37837838 0.07167173 0.19594226
379.37937938 0.07214221 0.19598024
380.38038038 0.06832067 0.18809279
381.38138138 0.06862062 0.18657088
382.38238238 0.06738844 0.18139210
383.38338338 0.06736142 0.18567510
384.38438438 0.06912956 0.19020635
385.38538539 0.06394463 0.17924083
386.38638639 0.05815841 0.16369767
387.38738739 0.06106849 0.17009198
388.38838839 0.06530120 0.17966041
389.38938939 0.06733900 0.18844030
390.39039039 0.06752770 0.18498318
391.39139139 0.06985591 0.19541579
392.39239239 0.07314395 0.19807695
393.39339339 0.07306830 0.19370023
394.39439439 0.07353874 0.19811140
395.39539540 0.07716058 0.21047405
396.39639640 0.08311023 0.21750173
397.39739740 0.08142019 0.21278936
398.39839840 0.08530990 0.21978561
399.39939940 0.08555957 0.21743613
400.40040040 0.08137206 0.20892626
401.40140140 0.07965811 0.20509013
402.40240240 0.07651803 0.19871843
403.40340340 0.07600805 0.19892402
404.40440440 0.07231609 0.19537429
405.40540541 0.06742841 0.18160876
406.40640641 0.07600149 0.20446452
407.40740741 0.07612632 0.20682345
408.40840841 0.07599212 0.20786331
409.40940941 0.07868360 0.21503628
410.41041041 0.07467712 0.20160033
411.41141141 0.07859186 0.21196882
412.41241241 0.08024093 0.21461338
413.41341341 0.07622164 0.21091198
414.41441441 0.07878734 0.21463164
415.41541542 0.07247551 0.20447284
416.41641642 0.07140299 0.20907084
417.41741742 0.07424186 0.21270655
418.41841842 0.07204881 0.20649026
419.41941942 0.07478821 0.21097588
420.42042042 0.07327593 0.20656585
421.42142142 0.08344211 0.22509137
422.42242242 0.08147411 0.21856730
423.42342342 0.07836827 0.21077883
424.42442442 0.08185909 0.20979067
425.42542543 0.08236073 0.20934333
426.42642643 0.08416047 0.21308729
427.42742743 0.08373678 0.21185492
428.42842843 0.08601437 0.21849911
429.42942943 0.08332554 0.20928430
430.43043043 0.08654053 0.22085675
431.43143143 0.09066729 0.23005509
432.43243243 0.08946164 0.22594901
433.43343343 0.09052695 0.23101813
434.43443443 0.09374898 0.23328755
435.43543544 0.08287345 0.20928525
436.43643644 0.08210754 0.20540475
437.43743744 0.08249807 0.21333265
438.43843844 0.08113118 0.21046394
439.43943944 0.07606976 0.20050030
440.44044044 0.08120664 0.21684173
441.44144144 0.08430217 0.22526979
442.44244244 0.08081143 0.21870995
443.44344344 0.07879896 0.21645413
444.44444444 0.07883379 0.21487514
445.44544545 0.08257318 0.22230032
446.44644645 0.08939192 0.23818017
447.44744745 0.09239739 0.23973036
448.44844845 0.09487045 0.24354391
449.44944945 0.09722180 0.24846963
450.45045045 0.09232154 0.23837009
451.45145145 0.09348838 0.24276108
452.45245245 0.09300128 0.23903116
453.45345345 0.08921546 0.22702974
454.45445445 0.08685789 0.21730020
455.45545546 0.08431079 0.21743833
456.45645646 0.08572218 0.22113544
457.45745746 0.08611913 0.22428456
458.45845846 0.08155654 0.21391625
459.45945946 0.08116276 0.21269402
460.46046046 0.08080299 0.20838712
461.46146146 0.08459534 0.21758344
462.46246246 0.08311971 0.21196869
463.46346346 0.08310587 0.21293974
464.46446446 0.07888026 0.20662814
465.46546547 0.07565934 0.19542689
466.46646647 0.07215129 0.18675797
467.46746747 0.07380871 0.19178649
468.46846847 0.07047563 0.18147608
469.46946947 0.07255333 0.19119825
470.47047047 0.07274896 0.19217170
471.47147147 0.07184364 0.19211525
472.47247247 0.07808032 0.21210369
473.47347347 0.08056398 0.21582706
474.47447447 0.08203060 0.21950000
475.47547548 0.07956002 0.22140695
476.47647648 0.07994352 0.21999147
477.47747748 0.07765901 0.21689264
478.47847848 0.07759487 0.20687872
479.47947948 0.07434092 0.19924166
480.48048048 0.07226111 0.19376947
481.48148148 0.07158712 0.19346928
482.48248248 0.07556739 0.21281306
483.48348348 0.07876682 0.21763812
484.48448448 0.07583105 0.20979363
485.48548549 0.07142745 0.20234096
486.48648649 0.07609916 0.21298065
487.48748749 0.07317390 0.20339938
488.48848849 0.07816287 0.21462385
489.48948949 0.07192758 0.19547064
490.49049049 0.07673958 0.20548330
491.49149149 0.08061797 0.21422442
492.49249249 0.08062674 0.21362055
493.49349349 0.08209465 0.21463742
494.49449449 0.08146989 0.21490575
495.49549550 0.07540724 0.20067891
496.49649650 0.07101174 0.18987646
497.49749750 0.07551507 0.19920827
498.49849850 0.07600641 0.20004671
499.49949950 0.07584808 0.20345790
500.50050050 0.08225000 0.21614700
501.50150150 0.08189240 0.21497675
502.50250250 0.07923989 0.20893996
503.50350350 0.08131783 0.21627358
504.50450450 0.08823623 0.23150185
505.50550551 0.08799397 0.22978004
506.50650651 0.08883376 0.22725112
507.50750751 0.09046677 0.22690185
508.50850851 0.08734267 0.22045251
509.50950951 0.08581244 0.21664563
510.51051051 0.07763644 0.19756324
511.51151151 0.07687498 0.19680604
512.51251251 0.07591329 0.19514664
513.51351351 0.07036162 0.18157285
514.51451451 0.06587907 0.16948508
515.51551552 0.06493849 0.16892341
516.51651652 0.06704590 0.18152055
517.51751752 0.06946753 0.18823691
518.51851852 0.07153730 0.19829873
519.51951952 0.07330282 0.20943871
520.52052052 0.06878686 0.19678152
521.52152152 0.07882151 0.21369660
522.52252252 0.07786931 0.21040043
523.52352352 0.07513154 0.20443651
524.52452452 0.07681141 0.20545227
525.52552553 0.07250928 0.19646251
526.52652653 0.07087401 0.19249382
527.52752753 0.07488746 0.19856393
528.52852853 0.07584524 0.19913663
529.52952953 0.07189080 0.18839644
530.53053053 0.07579836 0.19746156
531.53153153 0.07537594 0.20015522
532.53253253 0.07579936 0.20200247
533.53353353 0.07282598 0.19568411
534.53453453 0.07016641 0.19222982
535.53553554 0.06856030 0.18635988
536.53653654 0.06758403 0.18648091
537.53753754 0.06524228 0.17922488
538.53853854 0.06665712 0.18227195
539.53953954 0.07089032 0.19190489
540.54054054 0.07303647 0.20533495
541.54154154 0.08191248 0.22857710
542.54254254 0.08447329 0.26398563
543.54354354 0.08741951 0.26495594
544.54454454 0.08617061 0.25692551
545.54554555 0.08722968 0.25690721
546.54654655 0.08312232 0.24302984
547.54754755 0.08019848 0.23496117
548.54854855 0.07996151 0.26789822
549.54954955 0.08606502 0.26966477
550.55055055 0.08649762 0.26757136
551.55155155 0.08846678 0.26652948
552.55255255 0.08869192 0.26108290
553.55355355 0.08903679 0.27198404
554.55455455 0.08982576 0.25423262
555.55555556 0.09290151 0.26911294
556.55655656 0.09032073 0.26026006
557.55755756 0.08698852 0.25085466
558.55855856 0.08831710 0.24874943
559.55955956 0.08306974 0.23583885
560.56056056 0.07996854 0.22717021
561.56156156 0.08008883 0.22166116
562.56256256 0.07437516 0.20629027
563.56356356 0.07247120 0.20211852
564.56456456 0.07387237 0.20444870
565.56556557 0.07701654 0.20922936
566.56656657 0.07899888 0.21203873
567.56756757 0.08154281 0.21519064
568.56856857 0.08132230 0.21458032
569.56956957 0.07816034 0.21158688
570.57057057 0.08125441 0.21831594
571.57157157 0.07367461 0.19683208
572.57257257 0.07413046 0.19798084
573.57357357 0.07903163 0.20746738
574.57457457 0.08137166 0.20870638
575.57557558 0.08124322 0.20817450
576.57657658 0.07871799 0.20193077
577.57757758 0.07910504 0.20538251
578.57857858 0.07714279 0.20386663
579.57957958 0.07439672 0.19517365
580.58058058 0.07942271 0.20517785
581.58158158 0.07344343 0.18844037
582.58258258 0.07095273 0.18479244
583.58358358 0.07184916 0.19144501
584.58458458 0.07627508 0.20213584
585.58558559 0.08091068 0.22144015
586.58658659 0.09043938 0.23853569
587.58758759 0.08479170 0.22915513
588.58858859 0.08510917 0.22423080
589.58958959 0.07931799 0.21028080
590.59059059 0.08524912 0.21978681
591.59159159 0.08592308 0.21904645
592.59259259 0.08559040 0.21722572
593.59359359 0.08166927 0.21054546
594.59459459 0.08706894 0.22218054
595.59559560 0.08331424 0.22116668
596.59659660 0.08333343 0.22050657
597.59759760 0.08016592 0.21239407
598.59859860 0.08081198 0.21650922
599.59959960 0.08307730 0.22179305
600.60060060 0.08297356 0.21978354
601.60160160 0.08320368 0.21840042
602.60260260 0.07838738 0.20942684
603.60360360 0.07899002 0.21213489
604.60460460 0.08015315 0.21648212
605.60560561 0.08048716 0.21432667
606.60660661 0.08037133 0.21185642
607.60760761 0.07839468 0.20613828
608.60860861 0.07741292 0.20434120
609.60960961 0.08134359 0.21314444
610.61061061 0.07826312 0.20563154
611.61161161 0.07537807 0.19913324
612.61261261 0.07427312 0.19535250
613.61361361 0.07718216 0.20325593
614.61461461 0.07562485 0.20031340
615.61561562 0.07687654 0.20454348
616.61661662 0.07697118 0.20328489
617.61761762 0.07974622 0.21288202
618.61861862 0.07632099 0.20794258
619.61961962 0.07693913 0.20965374
620.62062062 0.07943328 0.21352253
621.62162162 0.07949157 0.21638864
622.62262262 0.07948704 0.21998951
623.62362362 0.08645109 0.23291502
624.62462462 0.08553263 0.23183080
625.62562563 0.08535166 0.23052079
626.62662663 0.08384570 0.22980867
627.62762763 0.08977044 0.23888303
628.62862863 0.08055071 0.21787105
629.62962963 0.07808877 0.21217346
630.63063063 0.07455791 0.20249085
631.63163163 0.07315286 0.20324729
632.63263263 0.07159924 0.19652425
633.63363363 0.07725868 0.20821247
634.63463463 0.07913751 0.20721109
635.63563564 0.08153831 0.21244154
636.63663664 0.08146288 0.21192006
637.63763764 0.08468696 0.21740208
638.63863864 0.08230171 0.21046891
639.63963964 0.08012410 0.20456605
640.64064064 0.08327419 0.21142751
641.64164164 0.07974909 0.20451162
642.64264264 0.08189233 0.21029188
643.64364364 0.07885283 0.20391801
644.64464464 0.08401719 0.21221744
645.64564565 0.08571766 0.21551214
646.64664665 0.08470717 0.21197850
647.64764765 0.08834924 0.21913000
648.64864865 0.08666195 0.21864830
649.64964965 0.08740241 0.21676978
650.65065065 0.08468773 0.21147470
651.65165165 0.07990646 0.20258485
652.65265265 0.07799406 0.19600836
653.65365365 0.08157788 0.20265939
654.65465465 0.07653981 0.19321270
655.65565566 0.07756172 0.19314942
656.65665666 0.07837024 0.19656224
657.65765766 0.07384964 0.18819422
658.65865866 0.07309681 0.18431283
659.65965966 0.07153085 0.18248981
660.66066066 0.07230914 0.18234278
661.66166166 0.07219596 0.18511235
662.66266266 0.07587907 0.20095404
663.66366366 0.07847506 0.20629364
664.66466466 0.07243965 0.19081261
665.66566567 0.07286342 0.19350709
666.66666667 0.07755329 0.20458222
667.66766767 0.07529878 0.20285501
668.66866867 0.07656212 0.20645626
669.66966967 0.07956890 0.21187340
670.67067067 0.07847763 0.21039458
671.67167167 0.07645475 0.20338268
672.67267267 0.08187872 0.21256719
673.67367367 0.07772418 0.20072302
674.67467467 0.07218133 0.18922692
675.67567568 0.07254541 0.19383384
676.67667668 0.06828594 0.18605625
677.67767768 0.07301027 0.20426302
678.67867868 0.06983560 0.19775316
679.67967968 0.07345567 0.20795082
680.68068068 0.07696083 0.21074576
681.68168168 0.07414343 0.20011702
682.68268268 0.07190856 0.19670655
683.68368368 0.07685274 0.20857767
684.68468468 0.07558924 0.20554869
685.68568569 0.07826864 0.20906138
686.68668669 0.08095713 0.21307016
687.68768769 0.08746695 0.22773419
688.68868869 0.08410628 0.21980060
689.68968969 0.08153955 0.21551607
690.69069069 0.07565530 0.20169449
691.69169169 0.07296884 0.19755496
692.69269269 0.06966424 0.18809120
693.69369369 0.06517848 0.17906048
694.69469469 0.06145930 0.16804656
695.69569570 0.05874154 0.16234218
696.69669670 0.05974278 0.16622025
697.69769770 0.05418813 0.15414167
698.69869870 0.05524391 0.15757216
699.69969970 0.05692861 0.16823691
700.70070070 0.05936857 0.17641446
701.70170170 0.05593171 0.16772068
702.70270270 0.05468253 0.16904050
703.70370370 0.05730559 0.17603535
704.70470470 0.05817526 0.18024410
705.70570571 0.05969690 0.17998018
706.70670671 0.06132219 0.18766206
707.70770771 0.06153323 0.18823299
708.70870871 0.05955039 0.18043496
709.70970971 0.06020590 0.18288538
710.71071071 0.06051421 0.18172846
711.71171171 0.06175600 0.18076288
712.71271271 0.06109782 0.17873657
713.71371371 0.06397633 0.18597507
714.71471471 0.07375083 0.20727199
715.71571572 0.07775176 0.21309320
716.71671672 0.07990208 0.21351326
717.71771772 0.07731134 0.20998141
718.71871872 0.07666138 0.20791867
719.71971972 0.07590240 0.21065869
720.72072072 0.07399222 0.20529204
721.72172172 0.07593594 0.20735597
722.72272272 0.07933882 0.21579148
723.72372372 0.07666595 0.20706937
724.72472472 0.07829142 0.20579259
725.72572573 0.08150014 0.21100442
726.72672673 0.08049006 0.20853815
727.72772773 0.07875931 0.20535036
728.72872873 0.08097488 0.21284494
729.72972973 0.07997072 0.20987517
730.73073073 0.08261303 0.21615239
731.73173173 0.08635487 0.22429523
732.73273273 0.08424460 0.21860823
733.73373373 0.07879300 0.20568628
734.73473473 0.07922187 0.20798628
735.73573574 0.08376981 0.21753297
736.73673674 0.08504334 0.21937680
737.73773774 0.07760573 0.20417236
738.73873874 0.08088959 0.21297676
739.73973974 0.08333736 0.22135141
740.74074074 0.08916707 0.23603138
741.74174174 0.08034107 0.21272482
742.74274274 0.07971261 0.21047945
743.74374374 0.08836957 0.23019231
744.74474474 0.09098315 0.23202003
745.74574575 0.09359379 0.23938304
746.74674675 0.08597988 0.22868490
747.74774775 0.08588188 0.22577792
748.74874875 0.08171189 0.21626134
749.74974975 0.08663005 0.21990221
750.75075075 0.08231076 0.20987107
751.75175175 0.08295476 0.21041679
752.75275275 0.08342662 0.21165773
753.75375375 0.08719723 0.21833970
754.75475475 0.08319139 0.20712914
755.75575576 0.08860955 0.21950268
756.75675676 0.08943988 0.22378253
757.75775776 0.08517137 0.21903168
758.75875876 0.08350972 0.21289079
759.75975976 0.09284371 0.22686066
760.76076076 0.08678949 0.20810601
761.76176176 0.08948395 0.21610883
762.76276276 0.09296507 0.23503967
763.76376376 0.09956879 0.24446270
764.76476476 0.10247730 0.25051248
765.76576577 0.10486051 0.25357060
766.76676677 0.10654130 0.26069796
767.76776777 0.11172466 0.27339931
768.76876877 0.10585147 0.25931531
769.76976977 0.10743404 0.26242055
770.77077077 0.09941071 0.24165599
771.77177177 0.09214585 0.22584582
772.77277277 0.08913135 0.21853041
773.77377377 0.08499223 0.21305454
774.77477477 0.08422222 0.21195126
775.77577578 0.08269584 0.20375750
776.77677678 0.07998400 0.19797189
777.77777778 0.07590117 0.19138122
778.77877878 0.07397670 0.18961776
779.77977978 0.07589010 0.19767610
780.78078078 0.07523627 0.20307727
781.78178178 0.07288297 0.19323502
782.78278278 0.07100160 0.18614001
783.78378378 0.07237357 0.18651950
784.78478478 0.07692331 0.19718202
785.78578579 0.07596012 0.19401093
786.78678679 0.07156113 0.18349247
787.78778779 0.06983938 0.17853026
788.78878879 0.06893181 0.17656302
789.78978979 0.06783845 0.17414939
790.79079079 0.07075215 0.18363686
791.79179179 0.07595662 0.19855345
792.79279279 0.07600086 0.19887172
793.79379379 0.07601271 0.19572761
794.79479479 0.07331838 0.19021218
795.79579580 0.06783439 0.17888310
796.79679680 0.06991492 0.18803217
797.79779780 0.06911317 0.18668585
798.79879880 0.06844602 0.18726441
799.79979980 0.06962801 0.18756335
800.80080080 0.07202104 0.19343343
801.80180180 0.07327571 0.19395610
802.80280280 0.07162195 0.18628650
803.80380380 0.07026121 0.18420113
804.80480480 0.06598920 0.17665671
805.80580581 0.06488387 0.17550613
806.80680681 0.06649495 0.18091012
807.80780781 0.06951060 0.18882343
808.80880881 0.07168858 0.19477336
809.80980981 0.07171487 0.19794826
810.81081081 0.07356833 0.19952833
811.81181181 0.07019092 0.19279565
812.81281281 0.06474949 0.17785678
813.81381381 0.06918513 0.19122914
814.81481481 0.07105213 0.19439048
815.81581582 0.07160537 0.19595926
816.81681682 0.07149348 0.19336866
817.81781782 0.07147057 0.19350250
818.81881882 0.06878336 0.19244863
819.81981982 0.06774836 0.19887612
820.82082082 0.06604220 0.19218668
821.82182182 0.07464426 0.21187654
822.82282282 0.08254042 0.22312975
823.82382382 0.08442482 0.22370056
824.82482482 0.08955911 0.23642304
825.82582583 0.09195023 0.23398198
826.82682683 0.08808620 0.22488277
827.82782783 0.08371462 0.21262572
828.82882883 0.08473200 0.20865403
829.82982983 0.08358182 0.20505621
830.83083083 0.08502487 0.21001111
831.83183183 0.08627565 0.21528221
832.83283283 0.08605919 0.21578718
833.83383383 0.08496308 0.20918769
834.83483483 0.08701965 0.21704258
835.83583584 0.09013680 0.22342027
836.83683684 0.08626697 0.21892736
837.83783784 0.08745986 0.22068978
838.83883884 0.08831859 0.22131595
839.83983984 0.09187371 0.22749682
840.84084084 0.09088514 0.22410891
841.84184184 0.08826321 0.22113035
842.84284284 0.08983248 0.22319714
843.84384384 0.09945903 0.24114742
844.84484484 0.09623900 0.23189892
845.84584585 0.09588515 0.23036653
846.84684685 0.09300756 0.22595104
847.84784785 0.08798760 0.21359232
848.84884885 0.08767207 0.21411638
849.84984985 0.09027882 0.21864496
850.85085085 0.08692251 0.21368946
851.85185185 0.08517016 0.20636261
852.85285285 0.08275604 0.20510683
853.85385385 0.08486828 0.21386787
854.85485485 0.08564445 0.21517869
855.85585586 0.08549483 0.21834623
856.85685686 0.08322824 0.21266999
857.85785786 0.08208650 0.21047288
858.85885886 0.08533593 0.21483398
859.85985986 0.08198328 0.20480775
860.86086086 0.07854685 0.19803868
861.86186186 0.08346915 0.20765859
862.86286286 0.08692968 0.22546075
863.86386386 0.09037631 0.23341504
864.86486486 0.09315760 0.24273711
865.86586587 0.09268734 0.23889385
866.86686687 0.08749044 0.22622319
867.86786787 0.08420542 0.21735540
868.86886887 0.08787347 0.22273421
869.86986987 0.08869287 0.22272078
870.87087087 0.08377692 0.21115939
871.87187187 0.08440851 0.21316699
872.87287287 0.08604163 0.21354448
873.87387387 0.08267792 0.20825237
874.87487487 0.07972608 0.20044432
875.87587588 0.07810344 0.19801193
876.87687688 0.07901880 0.19810318
877.87787788 0.07786470 0.19660880
878.87887888 0.07989826 0.20031156
879.87987988 0.08651635 0.21584294
880.88088088 0.08563377 0.21537289
881.88188188 0.08507404 0.21517654
882.88288288 0.08579311 0.21489031
883.88388388 0.08786180 0.22113657
884.88488488 0.08749200 0.22583546
885.88588589 0.08811537 0.22415496
886.88688689 0.08685090 0.21928555
887.88788789 0.08613950 0.22199290
888.88888889 0.09213916 0.23301177
889.88988989 0.08741017 0.22630413
890.89089089 0.08656110 0.22377669
891.89189189 0.08435150 0.22403203
892.89289289 0.08491072 0.22775796
893.89389389 0.08564022 0.22966882
894.89489489 0.08701618 0.23068712
895.89589590 0.08134702 0.21330690
896.89689690 0.07850998 0.21179980
897.89789790 0.07867068 0.21577374
898.89889890 0.07384277 0.20452602
899.89989990 0.07783180 0.20787856
900.90090090 0.07427200 0.19415847
901.90190190 0.07546133 0.19716579
902.90290290 0.07763801 0.20055767
903.90390390 0.08030079 0.20473527
904.90490490 0.07345722 0.18568813
905.90590591 0.07472903 0.18884707
906.90690691 0.07452346 0.19248940
907.90790791 0.07665526 0.19743067
908.90890891 0.07804645 0.20184543
909.90990991 0.07469858 0.19492477
910.91091091 0.07632001 0.20141863
911.91191191 0.07607993 0.20062156
912.91291291 0.07436433 0.19455907
913.91391391 0.08023656 0.21243635
914.91491491 0.07629309 0.20253616
915.91591592 0.07342405 0.19584438
916.91691692 0.07054966 0.18950987
917.91791792 0.06901948 0.18389749
918.91891892 0.07469138 0.20141266
919.91991992 0.07193655 0.19229175
920.92092092 0.07453418 0.19965138
921.92192192 0.07708770 0.20654575
922.92292292 0.07810723 0.20802537
923.92392392 0.07569585 0.20237567
924.92492492 0.07614880 0.20414073
925.92592593 0.07695322 0.20725071
926.92692693 0.07779266 0.20709989
927.92792793 0.07894665 0.20935359
928.92892893 0.08038241 0.20881322
929.92992993 0.07853702 0.20290462
930.93093093 0.08012802 0.20424279
931.93193193 0.08366175 0.21066222
932.93293293 0.08780986 0.22326256
933.93393393 0.08131184 0.20929905
934.93493493 0.07782048 0.20256829
935.93593594 0.07466540 0.19946497
936.93693694 0.07031299 0.19289588
937.93793794 0.07203656 0.20052105
938.93893894 0.07171784 0.20100137
939.93993994 0.07129529 0.19895670
940.94094094 0.07274193 0.20233446
941.94194194 0.07041211 0.19411564
942.94294294 0.07690938 0.21056222
943.94394394 0.07509344 0.20687217
944.94494494 0.08130757 0.21834518
945.94594595 0.08113604 0.21656539
946.94694695 0.08398773 0.22314947
947.94794795 0.08162570 0.21619259
948.94894895 0.08090665 0.21398579
949.94994995 0.07851070 0.20830585
950.95095095 0.07705262 0.20027747
951.95195195 0.07650719 0.20060665
952.95295295 0.07773961 0.20334888
953.95395395 0.07647895 0.19655438
954.95495495 0.08206589 0.21060778
955.95595596 0.08243802 0.21752939
956.95695696 0.08009221 0.21342000
957.95795796 0.08037463 0.21309401
958.95895896 0.07987607 0.21107397
959.95995996 0.07800164 0.20378879
960.96096096 0.07804657 0.20196037
961.96196196 0.07579169 0.19944259
962.96296296 0.07199839 0.18999656
963.96396396 0.07360887 0.19528641
964.96496496 0.07121806 0.20723686
965.96596597 0.07107787 0.20287797
966.96696697 0.07410695 0.21056878
967.96796797 0.07011107 0.20316401
968.96896897 0.06963403 0.20334089
969.96996997 0.07258376 0.20834921
970.97097097 0.07393096 0.20911691
971.97197197 0.06857391 0.19778011
972.97297297 0.06878013 0.19762560
973.97397397 0.06824462 0.19655750
974.97497497 0.07526772 0.20907204
975.97597598 0.07864112 0.21623686
976.97697698 0.07927495 0.21889528
977.97797798 0.08243180 0.22638914
978.97897898 0.08118488 0.22254072
979.97997998 0.08386587 0.22712547
980.98098098 0.08440757 0.22708126
981.98198198 0.08615014 0.22947837
982.98298298 0.08598135 0.22869353
983.98398398 0.08246811 0.21755502
984.98498498 0.08251361 0.21927053
985.98598599 0.07823129 0.21063180
986.98698699 0.07185550 0.19537430
987.98798799 0.07237034 0.19988032
988.98898899 0.06797713 0.18664707
989.98998999 0.06600453 0.18104231
990.99099099 0.06321926 0.17407359
991.99199199 0.06357423 0.17637536
992.99299299 0.06690594 0.18394965
993.99399399 0.06501515 0.17777657
994.99499499 0.06722638 0.18124196
995.99599600 0.06768412 0.18251737
996.99699700 0.06336774 0.17081752
997.99799800 0.06459314 0.17388366
998.99899900 0.06394376 0.18013886
1000.00000000 0.07524503 0.20447705
