0.00000000 2.00000000 0.00000012
1.00050025 2.01691325 0.01033379
2.00100050 2.02335573 0.02948688
3.00150075 2.00814650 0.03261428
4.00200100 1.99400485 0.07772140
5.00250125 1.99775650 0.08961277
6.00300150 1.98891670 0.14005127
7.00350175 1.96123026 0.18213954
8.00400200 1.94628479 0.20536657
9.00450225 1.94249573 0.21719513
10.00500250 1.91717216 0.25368340
11.00550275 1.89159920 0.28904071
12.00600300 1.87050819 0.30987186
13.00650325 1.85648130 0.33185406
14.00700350 1.84628124 0.34239668
15.00750375 1.82921112 0.35033892
16.00800400 1.81462231 0.36951674
17.00850425 1.80793050 0.38175761
18.00900450 1.79647560 0.38840238
19.00950475 1.79151148 0.39697028
20.01000500 1.77959623 0.40983168
21.01050525 1.76559010 0.42040519
22.01100550 1.75795596 0.43041127
23.01150575 1.74806971 0.43691791
24.01200600 1.72807721 0.45374722
25.01250625 1.70653420 0.46793502
26.01300650 1.69446419 0.48005260
27.01350675 1.68032619 0.49199269
28.01400700 1.66668097 0.50365596
29.01450725 1.65517375 0.51530272
30.01500750 1.64228354 0.52286764
31.01550775 1.62780734 0.53234644
32.01600800 1.61351491 0.53835930
33.01650825 1.59889370 0.54597093
34.01700850 1.58941061 0.55426661
35.01750875 1.57728616 0.56266950
36.01800900 1.56273211 0.56980034
37.01850925 1.55134281 0.58034617
38.01900950 1.53896108 0.58973466
39.01950975 1.53081324 0.59526228
40.02001001 1.51463253 0.60221002
41.02051026 1.50311276 0.60567721
42.02101051 1.49662040 0.60954343
43.02151076 1.48505098 0.61370766
44.02201101 1.47488665 0.61931350
45.02251126 1.46572770 0.62435275
46.02301151 1.45590825 0.62828872
47.02351176 1.44648686 0.63017312
48.02401201 1.43238425 0.63647959
49.02451226 1.42109890 0.63951936
50.02501251 1.41198785 0.64040626
51.02551276 1.40237816 0.64902093
52.02601301 1.39090928 0.65518596
53.02651326 1.37912853 0.66083059
54.02701351 1.36478541 0.66234397
55.02751376 1.35155986 0.65963481
56.02801401 1.34436276 0.66223613
57.02851426 1.32735260 0.66561616
58.02901451 1.31743762 0.66622455
59.02951476 1.30277078 0.66843621
60.03001501 1.29179156 0.66935114
61.03051526 1.27692575 0.66791708
62.03101551 1.26132998 0.67313525
63.03151576 1.24449074 0.67555082
64.03201601 1.23488926 0.67775456
65.03251626 1.22946348 0.67870980
66.03301651 1.21515944 0.68368948
67.03351676 1.20567636 0.68879795
68.03401701 1.19163787 0.69092305
69.03451726 1.18247773 0.69173312
70.03501751 1.17526146 0.69174302
71.03551776 1.16460260 0.69316671
72.03601801 1.14851258 0.68784040
73.03651826 1.13908990 0.69015148
74.03701851 1.12935087 0.68846998
75.03751876 1.11993814 0.69245564
76.03801901 1.11005168 0.69229343
77.03851926 1.09183817 0.69686132
78.03901951 1.07855772 0.69877571
79.03951976 1.06880369 0.70206674
80.04002001 1.06160500 0.70155117
81.04052026 1.05481521 0.70296802
82.04102051 1.04178877 0.70225426
83.04152076 1.03318536 0.70160283
84.04202101 1.02408916 0.70123971
85.04252126 1.01134640 0.69930219
86.04302151 1.00180524 0.69549209
87.04352176 0.99132363 0.69264458
88.04402201 0.98290331 0.69442635
89.04452226 0.97616196 0.69417696
90.04502251 0.96050720 0.69309880
91.04552276 0.95246860 0.69193802
92.04602301 0.94432141 0.69086881
93.04652326 0.93378248 0.69218733
94.04702351 0.92382656 0.69163172
95.04752376 0.91363602 0.69299871
96.04802401 0.90295500 0.69327836
97.04852426 0.89708810 0.69388747
98.04902451 0.88557538 0.69160625
99.04952476 0.87452211 0.69378589
100.05002501 0.86515795 0.69518295
101.05052526 0.85786545 0.69473512
102.05102551 0.85118304 0.69425094
103.05152576 0.84578642 0.69167281
104.05202601 0.84060042 0.69022502
105.05252626 0.83039125 0.68899708
106.05302651 0.82174299 0.68856995
107.05352676 0.81170897 0.68669963
108.05402701 0.80034436 0.68288103
109.05452726 0.79395677 0.68252184
110.05502751 0.78462618 0.67832229
111.05552776 0.77550843 0.67426996
112.05602801 0.77193411 0.67354641
113.05652826 0.76424322 0.67312660
114.05702851 0.75346908 0.67114564
115.05752876 0.74565521 0.67055900
116.05802901 0.73899851 0.66976508
117.05852926 0.73051721 0.66830501
118.05902951 0.72581908 0.66755015
119.05952976 0.71442704 0.66394513
120.06003002 0.70711883 0.66269537
121.06053027 0.70088890 0.66315386
122.06103052 0.69391400 0.66099490
123.06153077 0.68605081 0.65983355
124.06203102 0.67751649 0.65757535
125.06253127 0.67265482 0.65873004
126.06303152 0.66608275 0.65975422
127.06353177 0.66228791 0.65878610
128.06403202 0.65045110 0.65343464
129.06453227 0.64618127 0.65204980
130.06503252 0.64078698 0.65128733
131.06553277 0.63818328 0.64935101
132.06603302 0.63362987 0.64652237
133.06653327 0.63062695 0.64646589
134.06703352 0.62840941 0.64604125
135.06753377 0.62121854 0.64327704
136.06803402 0.61430070 0.64297564
137.06853427 0.60806047 0.63949645
138.06903452 0.60131875 0.63382564
139.06953477 0.59283414 0.63003306
140.07003502 0.58653821 0.62998588
141.07053527 0.58226812 0.63025825
142.07103552 0.58026589 0.63071390
143.07153577 0.57814288 0.63081599
144.07203602 0.57381204 0.63104375
145.07253627 0.56633921 0.62429766
146.07303652 0.56416641 0.62335481
147.07353677 0.56003695 0.62151696
148.07403702 0.55025077 0.61572335
149.07453727 0.54043993 0.61137126
150.07503752 0.53444673 0.60490589
151.07553777 0.52951222 0.59976739
152.07603802 0.52446869 0.60066593
153.07653827 0.52236935 0.59786787
154.07703852 0.51593261 0.59412619
155.07753877 0.51226907 0.59150027
156.07803902 0.50482214 0.58806985
157.07853927 0.50100990 0.58723056
158.07903952 0.49462793 0.58504333
159.07953977 0.48585405 0.58148630
160.08004002 0.48233057 0.58020192
161.08054027 0.47926823 0.57805419
162.08104052 0.47573352 0.57805769
163.08154077 0.46983734 0.57341193
164.08204102 0.46441275 0.56983445
165.08254127 0.46204035 0.57022692
166.08304152 0.45937631 0.56881945
167.08354177 0.45430448 0.56475878
168.08404202 0.44859034 0.56348294
169.08454227 0.44260200 0.56248474
170.08504252 0.43892114 0.56282527
171.08554277 0.43624304 0.56189260
172.08604302 0.42922859 0.55862760
173.08654327 0.42492389 0.55447767
174.08704352 0.42256168 0.55358608
175.08754377 0.41948620 0.55291780
176.08804402 0.41678983 0.55255933
177.08854427 0.41259352 0.55069829
178.08904452 0.40621017 0.54725242
179.08954477 0.40112703 0.54526233
180.09004502 0.39662322 0.53963451
181.09054527 0.39602915 0.53859590
182.09104552 0.39033454 0.53383555
183.09154577 0.38664778 0.53087319
184.09204602 0.38046459 0.52641622
185.09254627 0.37831859 0.52673964
186.09304652 0.36832851 0.51927278
187.09354677 0.36608421 0.51839595
188.09404702 0.36401203 0.51802998
189.09454727 0.36228745 0.51712431
190.09504752 0.35787637 0.51260740
191.09554777 0.35610553 0.51228039
192.09604802 0.34968667 0.50591685
193.09654827 0.34781638 0.50430261
194.09704852 0.34485804 0.50311624
195.09754877 0.34279480 0.50322869
196.09804902 0.34102477 0.50350763
197.09854927 0.33657412 0.50128809
198.09904952 0.33239513 0.49776725
199.09954977 0.32823164 0.49169389
200.10005003 0.32627973 0.49131846
201.10055028 0.32206810 0.48665667
202.10105053 0.31924974 0.48372721
203.10155078 0.31622811 0.48118678
204.10205103 0.31301677 0.47907471
205.10255128 0.31019130 0.47760618
206.10305153 0.30877977 0.47828946
207.10355178 0.30589548 0.47674837
208.10405203 0.30305126 0.47599547
209.10455228 0.30102425 0.47548714
210.10505253 0.29857959 0.47344279
211.10555278 0.29660242 0.47189195
212.10605303 0.29305498 0.46666223
213.10655328 0.28969655 0.46533860
214.10705353 0.28627489 0.46303622
215.10755378 0.28518891 0.46128890
216.10805403 0.28409646 0.46157474
217.10855428 0.28094347 0.45806360
218.10905453 0.27983895 0.45754604
219.10955478 0.27762961 0.45543932
220.11005503 0.27595827 0.45544483
221.11055528 0.27338585 0.45393093
222.11105553 0.27403867 0.45458818
223.11155578 0.27086829 0.45286269
224.11205603 0.26895944 0.45122999
225.11255628 0.26715857 0.44978886
226.11305653 0.26638929 0.45004992
227.11355678 0.26320858 0.44520766
228.11405703 0.26043871 0.43999609
229.11455728 0.25672271 0.43578653
230.11505753 0.25423730 0.43473297
231.11555778 0.25325151 0.43408119
232.11605803 0.25388655 0.43422995
233.11655828 0.25274733 0.43448267
234.11705853 0.25082750 0.43427247
235.11755878 0.24902568 0.43365515
236.11805903 0.24722371 0.43315087
237.11855928 0.24630402 0.43181533
238.11905953 0.24444768 0.43046331
239.11955978 0.24220204 0.42993804
240.12006003 0.24138414 0.42974401
241.12056028 0.23962193 0.42886990
242.12106053 0.23717263 0.42826434
243.12156078 0.23596787 0.42739682
244.12206103 0.23254814 0.42479518
245.12256128 0.23097358 0.42490146
246.12306153 0.22936786 0.42297139
247.12356178 0.22709753 0.42167219
248.12406203 0.22698244 0.42173979
249.12456228 0.22599820 0.42195194
250.12506253 0.22436535 0.42075548
251.12556278 0.22293992 0.41897206
252.12606303 0.22120586 0.41623762
253.12656328 0.21940138 0.41424088
254.12706353 0.21709120 0.41176269
255.12756378 0.21444024 0.40847101
256.12806403 0.21264275 0.40702949
257.12856428 0.20888205 0.40450408
258.12906453 0.20791157 0.40390998
259.12956478 0.20433437 0.39764675
260.13006503 0.20304382 0.39569052
261.13056528 0.20026092 0.39129213
262.13106553 0.19741372 0.38892993
263.13156578 0.19729847 0.38766473
264.13206603 0.19618922 0.38706930
265.13256628 0.19486300 0.38559167
266.13306653 0.19335517 0.38357748
267.13356678 0.19176564 0.38010713
268.13406703 0.19078603 0.38008889
269.13456728 0.18786789 0.37852226
270.13506753 0.18636646 0.37742451
271.13556778 0.18306793 0.37267055
272.13606803 0.18124868 0.37115450
273.13656828 0.18004787 0.37094341
274.13706853 0.17867490 0.37065370
275.13756878 0.17783297 0.37118536
276.13806903 0.17482932 0.36851933
277.13856928 0.17360886 0.36811078
278.13906953 0.17232464 0.36623563
279.13956978 0.16983823 0.36434935
280.14007004 0.16875191 0.36397710
281.14057029 0.16724561 0.36320636
282.14107054 0.16496339 0.36109144
283.14157079 0.16288384 0.35544004
284.14207104 0.16137080 0.35344535
285.14257129 0.15992057 0.35106534
286.14307154 0.15764521 0.34459709
287.14357179 0.15637159 0.34237312
288.14407204 0.15526604 0.34091015
289.14457229 0.15466459 0.33912403
290.14507254 0.15375907 0.33828699
291.14557279 0.15327837 0.33765265
292.14607304 0.15264824 0.33684598
293.14657329 0.15055362 0.33170808
294.14707354 0.14926497 0.33109338
295.14757379 0.14799046 0.33008828
296.14807404 0.14470482 0.32314829
297.14857429 0.14387648 0.32181066
298.14907454 0.14309793 0.32064022
299.14957479 0.14243753 0.32025102
300.15007504 0.14171177 0.31631064
301.15057529 0.14101576 0.31536198
302.15107554 0.13989895 0.31415281
303.15157579 0.13994557 0.31400475
304.15207604 0.13917535 0.31417734
305.15257629 0.13713594 0.30849602
306.15307654 0.13670387 0.30795803
307.15357679 0.13448372 0.30758905
308.15407704 0.13371704 0.30822836
309.15457729 0.13271694 0.30772522
310.15507754 0.13106415 0.30524118
311.15557779 0.13065049 0.30476679
312.15607804 0.12962269 0.30475872
313.15657829 0.12848979 0.30307822
314.15707854 0.12628249 0.29782976
315.15757879 0.12411994 0.29606615
316.15807904 0.12093830 0.29245188
317.15857929 0.11824269 0.28760225
318.15907954 0.11668105 0.28534938
319.15957979 0.11526428 0.28337545
320.16008004 0.11265861 0.27963008
321.16058029 0.11094638 0.27778715
322.16108054 0.11148222 0.27828422
323.16158079 0.11025007 0.27718337
324.16208104 0.10933026 0.27588688
325.16258129 0.10880244 0.27528617
326.16308154 0.10809426 0.27466552
327.16358179 0.10718964 0.27363320
328.16408204 0.10643789 0.27264156
329.16458229 0.10506229 0.27031521
330.16508254 0.10459938 0.26968678
331.16558279 0.10357502 0.26982321
332.16608304 0.10276055 0.26826745
333.16658329 0.10201707 0.26689612
334.16708354 0.10071757 0.26376275
335.16758379 0.09896315 0.26002698
336.16808404 0.09766361 0.25749602
337.16858429 0.09663037 0.25504092
338.16908454 0.09564752 0.25345678
339.16958479 0.09740034 0.25689805
340.17008504 0.09645024 0.25644952
341.17058529 0.09658646 0.25891394
342.17108554 0.09504796 0.25103241
343.17158579 0.09476337 0.25154718
344.17208604 0.09220346 0.24501879
345.17258629 0.09172484 0.24444576
346.17308654 0.09032057 0.24173485
347.17358679 0.09023496 0.24175410
348.17408704 0.08995607 0.24107548
349.17458729 0.08694200 0.23219430
350.17508754 0.08673731 0.23238099
351.17558779 0.08610366 0.23183395
352.17608804 0.08584635 0.23189124
353.17658829 0.08552552 0.23251500
354.17708854 0.08528501 0.23292122
355.17758879 0.08161642 0.22588272
356.17808904 0.08125913 0.22547743
357.17858929 0.08017156 0.22443379
358.17908954 0.07938450 0.22369838
359.17958979 0.07819112 0.22228569
360.18009005 0.07735055 0.22199920
361.18059030 0.07597780 0.21996113
362.18109055 0.07523493 0.21891127
363.18159080 0.07432112 0.21721881
364.18209105 0.07331279 0.21541896
365.18259130 0.07276151 0.21433949
366.18309155 0.07125747 0.21081701
367.18359180 0.07050609 0.20984834
368.18409205 0.06892488 0.20320073
369.18459230 0.06752185 0.20162536
370.18509255 0.06699726 0.20127903
371.18559280 0.06652107 0.19963564
372.18609305 0.06560915 0.19730455
373.18659330 0.06508867 0.19552874
374.18709355 0.06436702 0.19360797
375.18759380 0.06302848 0.18810723
376.18809405 0.06253870 0.18769116
377.18859430 0.06192674 0.18682786
378.18909455 0.06162745 0.18683834
379.18959480 0.06072566 0.18428161
380.19009505 0.06025322 0.18381799
381.19059530 0.05881877 0.17932157
382.19109555 0.05823184 0.17895531
383.19159580 0.05826206 0.17932448
384.19209605 0.05763061 0.17751927
385.19259630 0.05753824 0.17843021
386.19309655 0.05845061 0.18045924
387.19359680 0.05768408 0.17868386
388.19409705 0.05605369 0.17584065
389.19459730 0.05574756 0.17629387
390.19509755 0.05521976 0.17560439
391.19559780 0.05461579 0.17472924
392.19609805 0.05395959 0.17386333
393.19659830 0.05390762 0.17449520
394.19709855 0.05335825 0.17440639
395.19759880 0.05286758 0.17370000
396.19809905 0.05209630 0.17268579
397.19859930 0.05183149 0.17232385
398.19909955 0.05131255 0.17167322
399.19959980 0.05225026 0.17160127
400.20010005 0.05187209 0.17052831
401.20060030 0.05115816 0.16942936
402.20110055 0.05066584 0.16839168
403.20160080 0.04997312 0.16697423
404.20210105 0.04951643 0.16524620
405.20260130 0.04936438 0.16512840
406.20310155 0.04900623 0.16514406
407.20360180 0.04908461 0.16565920
408.20410205 0.04883828 0.16548805
409.20460230 0.04849083 0.16452681
410.20510255 0.04863656 0.16205371
411.20560280 0.04853352 0.16282143
412.20610305 0.04850304 0.16298721
413.20660330 0.04854645 0.16324596
414.20710355 0.04847435 0.16283420
415.20760380 0.04824375 0.16205751
416.20810405 0.04822994 0.16121086
417.20860430 0.04729234 0.16002466
418.20910455 0.04700617 0.16020707
419.20960480 0.04667907 0.15982330
420.21010505 0.04635621 0.15868403
421.21060530 0.04577785 0.15785000
422.21110555 0.04504295 0.15631062
423.21160580 0.04457001 0.15481853
424.21210605 0.04406594 0.15336286
425.21260630 0.04311594 0.15118939
426.21310655 0.04312803 0.15344847
427.21360680 0.04327169 0.15595879
428.21410705 0.04418531 0.16374103
429.21460730 0.04395455 0.16387328
430.21510755 0.04337492 0.16258789
431.21560780 0.04311742 0.16304499
432.21610805 0.04260571 0.15995784
433.21660830 0.04273823 0.16015365
434.21710855 0.04200623 0.15832132
435.21760880 0.04166577 0.15807410
436.21810905 0.04134446 0.15745804
437.21860930 0.04060466 0.15456805
438.21910955 0.04014259 0.15239645
439.21960980 0.03965842 0.14998065
440.22011006 0.03856801 0.13958743
441.22061031 0.03780955 0.13731660
442.22111056 0.03730854 0.13505637
443.22161081 0.03791745 0.13539952
444.22211106 0.03741765 0.13343898
445.22261131 0.03687674 0.13223010
446.22311156 0.03679163 0.13234110
447.22361181 0.03641253 0.13230169
448.22411206 0.03610572 0.13160723
449.22461231 0.03575316 0.13026392
450.22511256 0.03433373 0.12639172
451.22561281 0.03419226 0.12596795
452.22611306 0.03447366 0.12622398
453.22661331 0.03524763 0.12881078
454.22711356 0.03505625 0.12886791
455.22761381 0.03449664 0.12795087
456.22811406 0.03390644 0.12663865
457.22861431 0.03348741 0.12518948
458.22911456 0.03293284 0.12331456
459.22961481 0.03247719 0.11873968
460.23011506 0.03241287 0.11964019
461.23061531 0.03197024 0.11838632
462.23111556 0.03158866 0.11518382
463.23161581 0.03135368 0.11302843
464.23211606 0.03116015 0.11314605
465.23261631 0.03107107 0.11306470
466.23311656 0.03093566 0.11277240
467.23361681 0.03059891 0.11212859
468.23411706 0.03014932 0.11115995
469.23461731 0.02974952 0.11047279
470.23511756 0.02974300 0.11139007
471.23561781 0.02955182 0.11130859
472.23611806 0.02955935 0.11107372
473.23661831 0.02899204 0.10983346
474.23711856 0.02857781 0.10803008
475.23761881 0.02822028 0.10673852
476.23811906 0.02786613 0.10555641
477.23861931 0.02736661 0.10422944
478.23911956 0.02748591 0.10397487
479.23961981 0.02718214 0.10301442
480.24012006 0.02684212 0.10208228
481.24062031 0.02633058 0.10090309
482.24112056 0.02588726 0.09963050
483.24162081 0.02415146 0.09181121
484.24212106 0.02360656 0.09023281
485.24262131 0.02323137 0.08965664
486.24312156 0.02291184 0.08885737
487.24362181 0.02273732 0.08861402
488.24412206 0.02257775 0.08870527
489.24462231 0.02235264 0.08836661
490.24512256 0.02226597 0.08819300
491.24562281 0.02199821 0.08606978
492.24612306 0.02064843 0.08170250
493.24662331 0.02082107 0.08178802
494.24712356 0.02081894 0.08232607
495.24762381 0.02082218 0.08242211
496.24812406 0.02068074 0.08162144
497.24862431 0.02063415 0.08174283
498.24912456 0.02067684 0.08237916
499.24962481 0.02049943 0.08165242
500.25012506 0.02004379 0.07996001
501.25062531 0.01978849 0.07942041
502.25112556 0.01965334 0.07950117
503.25162581 0.01925843 0.07827779
504.25212606 0.01896015 0.07746107
505.25262631 0.01884068 0.07724576
506.25312656 0.01898830 0.07837246
507.25362681 0.01882704 0.07833430
508.25412706 0.01849657 0.07753388
509.25462731 0.01844171 0.07791417
510.25512756 0.01900081 0.07908383
511.25562781 0.01883217 0.07908927
512.25612806 0.01870488 0.07919509
513.25662831 0.01904417 0.07948249
514.25712856 0.01858979 0.07808850
515.25762881 0.01829410 0.07597952
516.25812906 0.01695411 0.06862529
517.25862931 0.01686391 0.06824265
518.25912956 0.01656028 0.06725276
519.25962981 0.01603085 0.06570135
520.26013007 0.01589468 0.06541063
521.26063032 0.01561847 0.06393179
522.26113057 0.01532661 0.06107682
523.26163082 0.01514959 0.06094621
524.26213107 0.01503565 0.06070014
525.26263132 0.01497467 0.06056644
526.26313157 0.01481914 0.06024549
527.26363182 0.01465011 0.05968985
528.26413207 0.01462207 0.05989276
529.26463232 0.01466207 0.06058036
530.26513257 0.01456855 0.05971662
531.26563282 0.01411136 0.05628790
532.26613307 0.01375677 0.05459597
533.26663332 0.01381148 0.05520021
534.26713357 0.01369268 0.05454226
535.26763382 0.01350064 0.05402819
536.26813407 0.01316842 0.05318957
537.26863432 0.01304907 0.05414620
538.26913457 0.01317894 0.05689889
539.26963482 0.01314286 0.05878401
540.27013507 0.01296468 0.05953068
541.27063532 0.01280820 0.05930537
542.27113557 0.01256849 0.05929105
543.27163582 0.01245058 0.05910367
544.27213607 0.01289452 0.05940022
545.27263632 0.01265482 0.05814074
546.27313657 0.01240898 0.05650751
547.27363682 0.01220973 0.05417215
548.27413707 0.01191843 0.05195244
549.27463732 0.01164299 0.05025965
550.27513757 0.01148691 0.04966919
551.27563782 0.01148119 0.04980974
552.27613807 0.01147872 0.05015444
553.27663832 0.01146106 0.05069264
554.27713857 0.01136374 0.05068861
555.27763882 0.01131489 0.05023885
556.27813907 0.01114779 0.04961857
557.27863932 0.01086659 0.04844947
558.27913957 0.01067857 0.04769738
559.27963982 0.01057381 0.04744478
560.28014007 0.01037659 0.04709323
561.28064032 0.01027299 0.04677383
562.28114057 0.01018363 0.04638601
563.28164082 0.01015928 0.04585015
564.28214107 0.01013477 0.04540267
565.28264132 0.01015043 0.04502382
566.28314157 0.01020513 0.04501351
567.28364182 0.01008946 0.04373410
568.28414207 0.01015855 0.04429107
569.28464232 0.01022277 0.04479566
570.28514257 0.01020225 0.04464806
571.28564282 0.01014063 0.04413733
572.28614307 0.00999240 0.04300803
573.28664332 0.00980419 0.04162228
574.28714357 0.00971326 0.04058800
575.28764382 0.00952891 0.03984337
576.28814407 0.00945105 0.03926929
577.28864432 0.00935541 0.03842273
578.28914457 0.00931783 0.03786677
579.28964482 0.00946009 0.03754379
580.29014507 0.00918261 0.03633260
581.29064532 0.00923622 0.03640494
582.29114557 0.00975492 0.04208429
583.29164582 0.00984922 0.04276451
584.29214607 0.00980609 0.04335680
585.29264632 0.01003379 0.04368591
586.29314657 0.01000108 0.04246321
587.29364682 0.01026061 0.04207480
588.29414707 0.01003122 0.04049344
589.29464732 0.00964172 0.03797945
590.29514757 0.00933815 0.03633675
591.29564782 0.00902319 0.03506796
592.29614807 0.00876930 0.03413466
593.29664832 0.00861052 0.03403990
594.29714857 0.00836716 0.03289334
595.29764882 0.00803767 0.03075977
596.29814907 0.00797419 0.02979586
597.29864932 0.00792609 0.02987543
598.29914957 0.00774626 0.02883442
599.29964982 0.00747999 0.02733142
600.30015008 0.00749683 0.02863427
601.30065033 0.00735915 0.02851796
602.30115058 0.00719307 0.02801834
603.30165083 0.00704344 0.02792523
604.30215108 0.00687213 0.02751171
605.30265133 0.00672498 0.02716897
606.30315158 0.00656643 0.02695187
607.30365183 0.00620251 0.02618153
608.30415208 0.00614705 0.02587605
609.30465233 0.00618325 0.02635128
610.30515258 0.00633037 0.02719859
611.30565283 0.00645859 0.02770480
612.30615308 0.00653085 0.02810895
613.30665333 0.00654189 0.02822297
614.30715358 0.00650517 0.02809338
615.30765383 0.00645958 0.02802649
616.30815408 0.00637941 0.02766418
617.30865433 0.00630992 0.02702146
618.30915458 0.00616825 0.02632353
619.30965483 0.00666687 0.03047271
620.31015508 0.00655244 0.03042354
621.31065533 0.00638496 0.03024433
622.31115558 0.00613726 0.02947165
623.31165583 0.00579614 0.02851691
624.31215608 0.00568359 0.02809640
625.31265633 0.00557710 0.02777990
626.31315658 0.00537841 0.02752663
627.31365683 0.00497845 0.02439590
628.31415708 0.00490597 0.02405008
629.31465733 0.00487253 0.02353453
630.31515758 0.00469140 0.02235817
631.31565783 0.00452667 0.02137116
632.31615808 0.00446170 0.02099502
633.31665833 0.00447614 0.02129316
634.31715858 0.00448937 0.02159273
635.31765883 0.00443287 0.02147752
636.31815908 0.00437916 0.02128256
637.31865933 0.00431704 0.02090010
638.31915958 0.00428774 0.02058254
639.31965983 0.00417501 0.01964789
640.32016008 0.00474834 0.02445885
641.32066033 0.00472189 0.02507504
642.32116058 0.00482466 0.02541900
643.32166083 0.00492280 0.02545484
644.32216108 0.00502904 0.02512548
645.32266133 0.00495026 0.02439049
646.32316158 0.00485276 0.02347515
647.32366183 0.00478204 0.02279590
648.32416208 0.00537062 0.02733741
649.32466233 0.00535778 0.02767712
650.32516258 0.00526236 0.02769680
651.32566283 0.00518513 0.02728878
652.32616308 0.00514726 0.02716181
653.32666333 0.00505480 0.02639518
654.32716358 0.00514771 0.02579067
655.32766383 0.00503395 0.02526797
656.32816408 0.00501131 0.02564939
657.32866433 0.00497028 0.02563747
658.32916458 0.00484824 0.02469294
659.32966483 0.00473233 0.02430004
660.33016508 0.00472171 0.02449504
661.33066533 0.00463549 0.02390737
662.33116558 0.00444316 0.02308546
663.33166583 0.00428362 0.02259061
664.33216608 0.00427126 0.02268369
665.33266633 0.00426710 0.02253690
666.33316658 0.00429729 0.02308011
667.33366683 0.00432397 0.02343107
668.33416708 0.00432162 0.02375000
669.33466733 0.00429362 0.02421470
670.33516758 0.00430198 0.02423403
671.33566783 0.00424506 0.02428414
672.33616808 0.00413573 0.02420000
673.33666833 0.00406658 0.02338986
674.33716858 0.00463300 0.02661795
675.33766883 0.00467609 0.02789627
676.33816908 0.00480666 0.02889510
677.33866933 0.00547495 0.03415667
678.33916958 0.00545311 0.03431522
679.33966983 0.00543731 0.03405882
680.34017009 0.00560262 0.03468386
681.34067034 0.00573448 0.03543637
682.34117059 0.00588389 0.03605920
683.34167084 0.00601469 0.03660195
684.34217109 0.00781777 0.04621438
685.34267134 0.00779124 0.04648825
686.34317159 0.00775049 0.04689856
687.34367184 0.00773502 0.04725960
688.34417209 0.00840276 0.05031110
689.34467234 0.00842909 0.05110758
690.34517259 0.00897409 0.05297808
691.34567284 0.00910974 0.05427618
692.34617309 0.00914237 0.05500357
693.34667334 0.00906597 0.05488797
694.34717359 0.00888938 0.05355457
695.34767384 0.00863898 0.05202931
696.34817409 0.00798970 0.04941385
697.34867434 0.00768389 0.04758547
698.34917459 0.00742844 0.04608495
699.34967484 0.00693492 0.04258270
700.35017509 0.00662862 0.04056020
701.35067534 0.00640610 0.03851485
702.35117559 0.00607994 0.03597061
703.35167584 0.00570574 0.03368723
704.35217609 0.00548619 0.03208304
705.35267634 0.00541606 0.03144911
706.35317659 0.00549253 0.03196138
707.35367684 0.00526030 0.03176673
708.35417709 0.00517315 0.03169891
709.35467734 0.00496814 0.02988002
710.35517759 0.00499123 0.02912277
711.35567784 0.00569649 0.03273563
712.35617809 0.00556819 0.03204128
713.35667834 0.00544608 0.03147321
714.35717859 0.00550113 0.03172888
715.35767884 0.00546793 0.03223210
716.35817909 0.00538818 0.03191238
717.35867934 0.00585837 0.03318762
718.35917959 0.00584418 0.03311235
719.35967984 0.00582901 0.03239232
720.36018009 0.00572376 0.03139895
721.36068034 0.00569739 0.03191119
722.36118059 0.00570246 0.03191911
723.36168084 0.00570472 0.03181498
724.36218109 0.00567962 0.03184752
725.36268134 0.00552356 0.03204020
726.36318159 0.00556001 0.03214867
727.36368184 0.00553685 0.03154483
728.36418209 0.00540950 0.03112640
729.36468234 0.00537194 0.03117455
730.36518259 0.00535309 0.03108667
731.36568284 0.00526085 0.03050125
732.36618309 0.00518885 0.03015615
733.36668334 0.00515029 0.03005742
734.36718359 0.00580622 0.03321996
735.36768384 0.00580461 0.03308161
736.36818409 0.00583212 0.03303901
737.36868434 0.00634382 0.03563386
738.36918459 0.00630834 0.03607670
739.36968484 0.00623935 0.03625050
740.37018509 0.00621190 0.03632479
741.37068534 0.00612910 0.03593481
742.37118559 0.00663170 0.03771372
743.37168584 0.00652412 0.03659964
744.37218609 0.00746760 0.04165218
745.37268634 0.00753851 0.04153120
746.37318659 0.00750317 0.04126457
747.37368684 0.00737436 0.04128374
748.37418709 0.00746596 0.04126861
749.37468734 0.00763128 0.04151434
750.37518759 0.00767119 0.04109312
751.37568784 0.00780921 0.04142677
752.37618809 0.00791544 0.04208617
753.37668834 0.00762846 0.04141813
754.37718859 0.00804541 0.04260192
755.37768884 0.00795081 0.04195982
756.37818909 0.00792287 0.04143805
757.37868934 0.00795650 0.04119788
758.37918959 0.00751081 0.03915084
759.37968984 0.00743699 0.03843069
760.38019010 0.00733080 0.03806389
761.38069035 0.00728550 0.03771219
762.38119060 0.00714384 0.03722812
763.38169085 0.00707330 0.03694494
764.38219110 0.00703815 0.03690944
765.38269135 0.00697329 0.03678912
766.38319160 0.00771483 0.04017626
767.38369185 0.00768278 0.03972754
768.38419210 0.00755044 0.03943309
769.38469235 0.00741324 0.03932773
770.38519260 0.00738756 0.03953166
771.38569285 0.00728497 0.03944050
772.38619310 0.00722063 0.03944597
773.38669335 0.00705819 0.03927778
774.38719360 0.00714282 0.03906969
775.38769385 0.00721444 0.03898439
776.38819410 0.00732174 0.03904312
777.38869435 0.00743733 0.03907390
778.38919460 0.00743135 0.03879960
779.38969485 0.00736592 0.03834425
780.39019510 0.00728350 0.03785540
781.39069535 0.00718528 0.03735434
782.39119560 0.00708741 0.03681059
783.39169585 0.00703473 0.03639049
784.39219610 0.00698712 0.03665538
785.39269635 0.00692564 0.03644572
786.39319660 0.00675048 0.03559119
787.39369685 0.00671389 0.03532120
788.39419710 0.00680307 0.03587291
789.39469735 0.00681637 0.03585459
790.39519760 0.00667699 0.03506610
791.39569785 0.00667809 0.03501690
792.39619810 0.00667071 0.03518295
793.39669835 0.00673251 0.03512641
794.39719860 0.00673728 0.03498067
795.39769885 0.00668754 0.03477543
796.39819910 0.00658707 0.03463706
797.39869935 0.00650291 0.03436283
798.39919960 0.00635409 0.03387620
799.39969985 0.00628776 0.03351032
800.40020010 0.00627754 0.03328988
801.40070035 0.00599609 0.03211984
802.40120060 0.00605082 0.03240985
803.40170085 0.00604915 0.03253968
804.40220110 0.00595098 0.03224713
805.40270135 0.00585145 0.03197977
806.40320160 0.00577972 0.03179563
807.40370185 0.00568721 0.03153312
808.40420210 0.00557651 0.03110547
809.40470235 0.00547658 0.03066026
810.40520260 0.00542109 0.03083554
811.40570285 0.00521351 0.02987427
812.40620310 0.00510247 0.02950953
813.40670335 0.00503893 0.02947370
814.40720360 0.00493736 0.02920088
815.40770385 0.00479930 0.02868156
816.40820410 0.00475404 0.02867892
817.40870435 0.00479365 0.02864833
818.40920460 0.00470292 0.02834287
819.40970485 0.00468204 0.02818811
820.41020510 0.00467345 0.02805875
821.41070535 0.00461102 0.02792380
822.41120560 0.00462660 0.02792815
823.41170585 0.00462058 0.02782444
824.41220610 0.00462260 0.02770756
825.41270635 0.00463651 0.02759711
826.41320660 0.00523171 0.03069117
827.41370685 0.00521415 0.03059437
828.41420710 0.00522918 0.03074548
829.41470735 0.00521700 0.03101095
830.41520760 0.00525013 0.03130576
831.41570785 0.00526606 0.03143070
832.41620810 0.00582690 0.03363859
833.41670835 0.00569980 0.03274734
834.41720860 0.00565734 0.03249234
835.41770885 0.00517042 0.03026742
836.41820910 0.00586970 0.03409734
837.41870935 0.00584198 0.03408074
838.41920960 0.00569115 0.03403203
839.41970985 0.00559420 0.03405563
840.42021011 0.00556771 0.03406684
841.42071036 0.00560167 0.03412734
842.42121061 0.00563525 0.03436596
843.42171086 0.00569249 0.03474204
844.42221111 0.00577539 0.03517091
845.42271136 0.00585767 0.03548145
846.42321161 0.00584800 0.03528678
847.42371186 0.00538202 0.03316739
848.42421211 0.00527760 0.03229843
849.42471236 0.00523475 0.03166104
850.42521261 0.00514253 0.03062232
851.42571286 0.00504071 0.02988494
852.42621311 0.00497277 0.02956752
853.42671336 0.00499034 0.02973623
854.42721361 0.00492927 0.02963956
855.42771386 0.00482753 0.02936448
856.42821411 0.00475536 0.02916426
857.42871436 0.00452547 0.02812873
858.42921461 0.00440552 0.02768634
859.42971486 0.00430479 0.02721477
860.43021511 0.00422872 0.02689506
861.43071536 0.00418963 0.02686395
862.43121561 0.00418325 0.02689989
863.43171586 0.00417341 0.02689188
864.43221611 0.00415248 0.02686244
865.43271636 0.00381865 0.02539503
866.43321661 0.00463834 0.03185510
867.43371686 0.00474934 0.03239522
868.43421711 0.00487791 0.03374211
869.43471736 0.00499610 0.03465586
870.43521761 0.00505679 0.03500091
871.43571786 0.00507169 0.03519339
872.43621811 0.00504564 0.03494519
873.43671836 0.00501143 0.03455468
874.43721861 0.00499072 0.03424705
875.43771886 0.00489102 0.03374805
876.43821911 0.00483279 0.03298452
877.43871936 0.00541665 0.03474128
878.43921961 0.00535695 0.03425193
879.43971986 0.00516216 0.03302333
880.44022011 0.00503821 0.03220836
881.44072036 0.00501170 0.03214399
882.44122061 0.00490867 0.03162022
883.44172086 0.00480866 0.03162214
884.44222111 0.00477741 0.03154296
885.44272136 0.00473793 0.03140235
886.44322161 0.00472085 0.03132903
887.44372186 0.00469459 0.03111600
888.44422211 0.00467828 0.03130484
889.44472236 0.00466778 0.03158325
890.44522261 0.00462766 0.03159698
891.44572286 0.00462713 0.03173024
892.44622311 0.00471850 0.03181505
893.44672336 0.00474143 0.03181925
894.44722361 0.00481367 0.03173768
895.44772386 0.00486621 0.03156846
896.44822411 0.00496436 0.03171577
897.44872436 0.00545884 0.03464184
898.44922461 0.00549802 0.03626031
899.44972486 0.00565590 0.03819333
900.45022511 0.00588057 0.03992053
901.45072536 0.00596267 0.04087751
902.45122561 0.00662447 0.04333770
903.45172586 0.00662363 0.04307434
904.45222611 0.00667587 0.04328830
905.45272636 0.00668500 0.04364752
906.45322661 0.00656650 0.04295929
907.45372686 0.00634434 0.04129096
908.45422711 0.00614577 0.03959488
909.45472736 0.00595241 0.03800326
910.45522761 0.00584225 0.03724982
911.45572786 0.00566387 0.03609480
912.45622811 0.00556213 0.03572326
913.45672836 0.00633052 0.04008167
914.45722861 0.00620273 0.03973974
915.45772886 0.00606612 0.03941157
916.45822911 0.00594329 0.03846945
917.45872936 0.00588339 0.03778800
918.45922961 0.00631361 0.03853037
919.45972986 0.00622477 0.03849382
920.46023012 0.00611057 0.03831090
921.46073037 0.00608138 0.03820172
922.46123062 0.00600660 0.03761094
923.46173087 0.00599526 0.03650914
924.46223112 0.00600831 0.03690457
925.46273137 0.00597844 0.03621811
926.46323162 0.00552129 0.03479540
927.46373187 0.00595354 0.03614162
928.46423212 0.00616878 0.03700100
929.46473237 0.00624087 0.03709684
930.46523262 0.00655406 0.03926651
931.46573287 0.00676005 0.04093982
932.46623312 0.00680204 0.04134423
933.46673337 0.00649784 0.03923852
934.46723362 0.00638492 0.03859280
935.46773387 0.00626551 0.03805208
936.46823412 0.00618698 0.03725402
937.46873437 0.00606421 0.03594190
938.46923462 0.00593545 0.03506663
939.46973487 0.00551329 0.03278387
940.47023512 0.00515124 0.03137374
941.47073537 0.00498900 0.03043717
942.47123562 0.00625702 0.04243290
943.47173587 0.00615254 0.04238773
944.47223612 0.00619815 0.04202340
945.47273637 0.00617039 0.04208434
946.47323662 0.00614945 0.04228432
947.47373687 0.00604904 0.04186912
948.47423712 0.00590547 0.04125575
949.47473737 0.00598505 0.04200434
950.47523762 0.00574351 0.04109455
951.47573787 0.00573208 0.04122544
952.47623812 0.00571832 0.04126440
953.47673837 0.00564228 0.04090094
954.47723862 0.00632168 0.04283316
955.47773887 0.00638638 0.04290305
956.47823912 0.00719220 0.04611594
957.47873937 0.00793938 0.04946945
958.47923962 0.00812870 0.04952278
959.47973987 0.00818226 0.04957481
960.48024012 0.00812101 0.04940432
961.48074037 0.00810207 0.04874901
962.48124062 0.00792500 0.04789569
963.48174087 0.00785268 0.04764166
964.48224112 0.00786375 0.04797857
965.48274137 0.00774072 0.04761857
966.48324162 0.00769045 0.04710006
967.48374187 0.00771377 0.04721723
968.48424212 0.00779856 0.04764370
969.48474237 0.00777858 0.04742322
970.48524262 0.00781968 0.04783721
971.48574287 0.00759609 0.04646045
972.48624312 0.00769468 0.04695899
973.48674337 0.00780023 0.04767841
974.48724362 0.00774207 0.04729084
975.48774387 0.00762915 0.04676717
976.48824412 0.00703394 0.04061022
977.48874437 0.00688102 0.03971083
978.48924462 0.00676530 0.03939899
979.48974487 0.00665591 0.03934578
980.49024512 0.00713197 0.04101643
981.49074537 0.00665330 0.03779120
982.49124562 0.00660735 0.03831248
983.49174587 0.00619391 0.03660732
984.49224612 0.00589308 0.03527965
985.49274637 0.00579751 0.03568949
986.49324662 0.00563340 0.03519581
987.49374687 0.00557244 0.03468011
988.49424712 0.00546733 0.03393074
989.49474737 0.00550266 0.03415644
990.49524762 0.00583591 0.03910770
991.49574787 0.00583851 0.03904711
992.49624812 0.00571999 0.03755833
993.49674837 0.00579541 0.03866907
994.49724862 0.00569087 0.03793848
995.49774887 0.00641105 0.04155343
996.49824912 0.00613760 0.04010609
997.49874937 0.00606431 0.03989620
998.49924962 0.00603768 0.04037529
999.49974987 0.00596043 0.04008249
1000.50025013 0.00628247 0.04256335
1001.50075038 0.00713907 0.04670792
1002.50125063 0.00705584 0.04672897
1003.50175088 0.00692245 0.04601648
1004.50225113 0.00703720 0.04572828
1005.50275138 0.00693883 0.04551459
1006.50325163 0.00695591 0.04568492
1007.50375188 0.00687240 0.04530301
1008.50425213 0.00670534 0.04489203
1009.50475238 0.00674565 0.04488197
1010.50525263 0.00675516 0.04468782
1011.50575288 0.00661206 0.04384696
1012.50625313 0.00653329 0.04281040
1013.50675338 0.00652980 0.04236755
1014.50725363 0.00652961 0.04227002
1015.50775388 0.00650758 0.04202570
1016.50825413 0.00649685 0.04177885
1017.50875438 0.00646565 0.04158406
1018.50925463 0.00656823 0.04137209
1019.50975488 0.00740662 0.04565558
1020.51025513 0.00730777 0.04499731
1021.51075538 0.00705195 0.04413438
1022.51125563 0.00711044 0.04468769
1023.51175588 0.00707135 0.04492836
1024.51225613 0.00694012 0.04461561
1025.51275638 0.00674520 0.04321800
1026.51325663 0.00678992 0.04368740
1027.51375688 0.00679072 0.04406472
1028.51425713 0.00666907 0.04345293
1029.51475738 0.00667199 0.04415466
1030.51525763 0.00663562 0.04423493
1031.51575788 0.00661988 0.04483787
1032.51625813 0.00649921 0.04493870
1033.51675838 0.00648207 0.04496034
1034.51725863 0.00652763 0.04526573
1035.51775888 0.00658892 0.04523288
1036.51825913 0.00669107 0.04512247
1037.51875938 0.00667463 0.04480050
1038.51925963 0.00624736 0.04242160
1039.51975988 0.00626176 0.04230288
1040.52026013 0.00617968 0.04183881
1041.52076038 0.00623173 0.04161092
1042.52126063 0.00617847 0.04108172
1043.52176088 0.00608501 0.04089477
1044.52226113 0.00606632 0.04082779
1045.52276138 0.00595018 0.04039612
1046.52326163 0.00694508 0.04427538
1047.52376188 0.00698771 0.04448499
1048.52426213 0.00700706 0.04506161
1049.52476238 0.00725095 0.04637363
1050.52526263 0.00722883 0.04703209
1051.52576288 0.00675273 0.04247832
1052.52626313 0.00674733 0.04250272
1053.52676338 0.00780182 0.04883649
1054.52726363 0.00793053 0.05007089
1055.52776388 0.00806381 0.05134155
1056.52826413 0.00812378 0.05181455
1057.52876438 0.00857053 0.05659544
1058.52926463 0.00869490 0.05755047
1059.52976488 0.00871462 0.05788950
1060.53026513 0.00866218 0.05764540
1061.53076538 0.00857468 0.05708200
1062.53126563 0.00845449 0.05637558
1063.53176588 0.00935352 0.05978639
1064.53226613 0.00918207 0.05875346
1065.53276638 0.00906233 0.05808799
1066.53326663 0.00895449 0.05741174
1067.53376688 0.00891321 0.05667965
1068.53426713 0.00871620 0.05551930
1069.53476738 0.00864861 0.05484379
1070.53526763 0.00864644 0.05361141
1071.53576788 0.00803528 0.04951724
1072.53626813 0.00798496 0.04915915
1073.53676838 0.00792245 0.04889736
1074.53726863 0.00779418 0.04858170
1075.53776888 0.00774466 0.04842389
1076.53826913 0.00755359 0.04786293
1077.53876938 0.00753511 0.04743230
1078.53926963 0.00759090 0.04712888
1079.53976988 0.00740812 0.04645420
1080.54027014 0.00741654 0.04643843
1081.54077039 0.00729205 0.04599412
1082.54127064 0.00718916 0.04575821
1083.54177089 0.00720385 0.04550658
1084.54227114 0.00715558 0.04502098
1085.54277139 0.00701587 0.04399719
1086.54327164 0.00780836 0.04703430
1087.54377189 0.00818460 0.04852017
1088.54427214 0.00779042 0.04747244
1089.54477239 0.00751824 0.04638388
1090.54527264 0.00755818 0.04706161
1091.54577289 0.00850311 0.05141603
1092.54627314 0.00836748 0.05037299
1093.54677339 0.00831350 0.05004338
1094.54727364 0.00828185 0.04988592
1095.54777389 0.00832150 0.04999365
1096.54827414 0.00822495 0.04941597
1097.54877439 0.00803730 0.04863667
1098.54927464 0.00799085 0.04878940
1099.54977489 0.00799631 0.04880984
1100.55027514 0.00792375 0.04833695
1101.55077539 0.00786902 0.04790337
1102.55127564 0.00842845 0.04943498
1103.55177589 0.00845596 0.04957544
1104.55227614 0.00844987 0.04923557
1105.55277639 0.00838115 0.04860733
1106.55327664 0.00851031 0.04910949
1107.55377689 0.00863765 0.04964408
1108.55427714 0.00862484 0.04952922
1109.55477739 0.00844572 0.04851395
1110.55527764 0.00833852 0.04806654
1111.55577789 0.00810670 0.04731526
1112.55627814 0.00789435 0.04622200
1113.55677839 0.00784022 0.04645081
1114.55727864 0.00766765 0.04522810
1115.55777889 0.00767853 0.04546306
1116.55827914 0.00754062 0.04444778
1117.55877939 0.00805572 0.04616164
1118.55927964 0.00823043 0.04718504
1119.55977989 0.00827558 0.04766430
1120.56028014 0.00811536 0.04688435
1121.56078039 0.00792294 0.04585926
1122.56128064 0.00783072 0.04496608
1123.56178089 0.00781315 0.04486120
1124.56228114 0.00778187 0.04443639
1125.56278139 0.00815310 0.04498908
1126.56328164 0.00833728 0.04545495
1127.56378189 0.00845047 0.04618528
1128.56428214 0.00843503 0.04649360
1129.56478239 0.00830963 0.04635797
1130.56528264 0.00816524 0.04607362
1131.56578289 0.00813869 0.04593794
1132.56628314 0.00877156 0.04838218
1133.56678339 0.00874672 0.04857277
1134.56728364 0.00863035 0.04817185
1135.56778389 0.00850419 0.04748584
1136.56828414 0.00836790 0.04679016
1137.56878439 0.00835796 0.04755094
1138.56928464 0.00821081 0.04705524
1139.56978489 0.00752401 0.04354731
1140.57028514 0.00741679 0.04267673
1141.57078539 0.00717998 0.04034453
1142.57128564 0.00710579 0.03985504
1143.57178589 0.00643314 0.03710775
1144.57228614 0.00637796 0.03714699
1145.57278639 0.00726664 0.04195554
1146.57328664 0.00718517 0.04210352
1147.57378689 0.00709839 0.04158975
1148.57428714 0.00715647 0.04136467
1149.57478739 0.00736441 0.04198800
1150.57528764 0.00759390 0.04326069
1151.57578789 0.00767566 0.04330656
1152.57628814 0.00778050 0.04372053
1153.57678839 0.00847634 0.04721485
1154.57728864 0.00865576 0.04876657
1155.57778889 0.00834447 0.04825025
1156.57828914 0.00820828 0.04710647
1157.57878939 0.00840359 0.04826871
1158.57928964 0.00855094 0.04919422
1159.57978989 0.00838564 0.04805007
1160.58029015 0.00811802 0.04619349
1161.58079040 0.00801631 0.04483717
1162.58129065 0.00775822 0.04297592
1163.58179090 0.00753032 0.04150656
1164.58229115 0.00731068 0.04000149
1165.58279140 0.00718976 0.03939458
1166.58329165 0.00699436 0.03887300
1167.58379190 0.00681761 0.03786437
1168.58429215 0.00666493 0.03705518
1169.58479240 0.00651235 0.03632257
1170.58529265 0.00641051 0.03564568
1171.58579290 0.00632863 0.03525117
1172.58629315 0.00632813 0.03513495
1173.58679340 0.00624735 0.03510396
1174.58729365 0.00630465 0.03518233
1175.58779390 0.00715241 0.03980362
1176.58829415 0.00702576 0.03887911
1177.58879440 0.00691109 0.03786115
1178.58929465 0.00687585 0.03709572
1179.58979490 0.00684681 0.03641680
1180.59029515 0.00675160 0.03588413
1181.59079540 0.00668855 0.03565236
1182.59129565 0.00670670 0.03533249
1183.59179590 0.00662114 0.03490182
1184.59229615 0.00653067 0.03462884
1185.59279640 0.00635971 0.03403731
1186.59329665 0.00619643 0.03331218
1187.59379690 0.00606365 0.03280105
1188.59429715 0.00583449 0.03214435
1189.59479740 0.00566828 0.03164025
1190.59529765 0.00550739 0.03016790
1191.59579790 0.00515438 0.02777827
1192.59629815 0.00493183 0.02692051
1193.59679840 0.00488406 0.02691907
1194.59729865 0.00496857 0.02743359
1195.59779890 0.00488678 0.02678560
1196.59829915 0.00476383 0.02628968
1197.59879940 0.00472930 0.02634270
1198.59929965 0.00468316 0.02630902
1199.59979990 0.00467601 0.02624254
1200.60030015 0.00460401 0.02599660
1201.60080040 0.00453553 0.02573199
1202.60130065 0.00444069 0.02546876
1203.60180090 0.00436810 0.02514713
1204.60230115 0.00425573 0.02471446
1205.60280140 0.00424448 0.02468751
1206.60330165 0.00427471 0.02475976
1207.60380190 0.00516105 0.03166266
1208.60430215 0.00524602 0.03261592
1209.60480240 0.00531285 0.03349276
1210.60530265 0.00569138 0.03579278
1211.60580290 0.00574373 0.03601894
1212.60630315 0.00573493 0.03579244
1213.60680340 0.00568752 0.03537056
1214.60730365 0.00563504 0.03498512
1215.60780390 0.00552798 0.03429635
1216.60830415 0.00540681 0.03364281
1217.60880440 0.00619467 0.03871593
1218.60930465 0.00601157 0.03806041
1219.60980490 0.00637055 0.03909285
1220.61030515 0.00619908 0.03771246
1221.61080540 0.00605671 0.03760407
1222.61130565 0.00596786 0.03687257
1223.61180590 0.00598686 0.03724490
1224.61230615 0.00612387 0.03812253
1225.61280640 0.00602302 0.03662787
1226.61330665 0.00601347 0.03614141
1227.61380690 0.00611192 0.03725201
1228.61430715 0.00615406 0.03693763
1229.61480740 0.00629097 0.03786583
1230.61530765 0.00626812 0.03732124
1231.61580790 0.00619347 0.03680633
1232.61630815 0.00621191 0.03730663
1233.61680840 0.00617517 0.03734292
1234.61730865 0.00605624 0.03703234
1235.61780890 0.00605892 0.03671761
1236.61830915 0.00609058 0.03680181
1237.61880940 0.00607717 0.03708741
1238.61930965 0.00598905 0.03687208
1239.61980990 0.00598040 0.03677136
1240.62031016 0.00599852 0.03701359
1241.62081041 0.00598113 0.03706172
1242.62131066 0.00607412 0.03855184
1243.62181091 0.00581611 0.03639309
1244.62231116 0.00570544 0.03558524
1245.62281141 0.00554900 0.03459830
1246.62331166 0.00536890 0.03329664
1247.62381191 0.00514212 0.03160167
1248.62431216 0.00438677 0.02743432
1249.62481241 0.00428370 0.02686397
1250.62531266 0.00419781 0.02638943
1251.62581291 0.00408682 0.02571725
1252.62631316 0.00396976 0.02511933
1253.62681341 0.00398110 0.02471412
1254.62731366 0.00386472 0.02276725
1255.62781391 0.00420080 0.02464476
1256.62831416 0.00433577 0.02560451
1257.62881441 0.00520449 0.03300441
1258.62931466 0.00534220 0.03380038
1259.62981491 0.00549480 0.03494883
1260.63031516 0.00708066 0.04316492
1261.63081541 0.00702415 0.04262316
1262.63131566 0.00642587 0.04025274
1263.63181591 0.00772208 0.04548365
1264.63231616 0.00776730 0.04641299
1265.63281641 0.00705857 0.04347729
1266.63331666 0.00642602 0.04268113
1267.63381691 0.00643077 0.04351840
1268.63431716 0.00652986 0.04476839
1269.63481741 0.00662098 0.04594174
1270.63531766 0.00731332 0.04940091
1271.63581791 0.00714694 0.04823512
1272.63631816 0.00696845 0.04720834
1273.63681841 0.00679834 0.04614965
1274.63731866 0.00646900 0.04364050
1275.63781891 0.00617006 0.04092470
1276.63831916 0.00545249 0.03455592
1277.63881941 0.00524752 0.03385809
1278.63931966 0.00518643 0.03350187
1279.63981991 0.00509212 0.03330503
1280.64032016 0.00523692 0.03371302
1281.64082041 0.00526011 0.03373873
1282.64132066 0.00525810 0.03342676
1283.64182091 0.00523499 0.03307343
1284.64232116 0.00617047 0.03880033
1285.64282141 0.00623783 0.03882516
1286.64332166 0.00628690 0.03871965
1287.64382191 0.00631597 0.03854668
1288.64432216 0.00653702 0.04014066
1289.64482241 0.00657214 0.04046007
1290.64532266 0.00652728 0.04073717
1291.64582291 0.00635360 0.04041255
1292.64632316 0.00616132 0.03968265
1293.64682341 0.00616984 0.03907611
1294.64732366 0.00619661 0.03800134
1295.64782391 0.00602135 0.03670192
1296.64832416 0.00730966 0.04190583
1297.64882441 0.00726037 0.04179043
1298.64932466 0.00725754 0.04152802
1299.64982491 0.00716371 0.04089244
1300.65032516 0.00709456 0.04051705
1301.65082541 0.00711669 0.04085837
1302.65132566 0.00787189 0.04421644
1303.65182591 0.00747066 0.04171652
1304.65232616 0.00728559 0.04091245
1305.65282641 0.00728936 0.04198690
1306.65332666 0.00759659 0.04435334
1307.65382691 0.00775323 0.04552952
1308.65432716 0.00778450 0.04625632
1309.65482741 0.00773352 0.04627288
1310.65532766 0.00777581 0.04691275
1311.65582791 0.00775615 0.04702284
1312.65632816 0.00762475 0.04625504
1313.65682841 0.00755754 0.04561692
1314.65732866 0.00742250 0.04453373
1315.65782891 0.00725019 0.04291864
1316.65832916 0.00682742 0.04094682
1317.65882941 0.00662945 0.03961813
1318.65932966 0.00649407 0.03873392
1319.65982991 0.00639846 0.03826691
1320.66033017 0.00636698 0.03801916
1321.66083042 0.00637454 0.03796757
1322.66133067 0.00635323 0.03782175
1323.66183092 0.00629749 0.03745563
1324.66233117 0.00623088 0.03711980
1325.66283142 0.00610954 0.03650523
1326.66333167 0.00584108 0.03512849
1327.66383192 0.00562426 0.03346965
1328.66433217 0.00557477 0.03400644
1329.66483242 0.00553604 0.03431966
1330.66533267 0.00553419 0.03455312
1331.66583292 0.00553692 0.03475224
1332.66633317 0.00552659 0.03483307
1333.66683342 0.00553648 0.03478616
1334.66733367 0.00552325 0.03441696
1335.66783392 0.00554387 0.03432408
1336.66833417 0.00616340 0.03670636
1337.66883442 0.00617333 0.03631664
1338.66933467 0.00625090 0.03676820
1339.66983492 0.00615579 0.03631312
1340.67033517 0.00662120 0.03925726
1341.67083542 0.00657242 0.03944111
1342.67133567 0.00608591 0.03862074
1343.67183592 0.00616711 0.03915793
1344.67233617 0.00608667 0.03846567
1345.67283642 0.00604886 0.03903821
1346.67333667 0.00607624 0.03986048
1347.67383692 0.00605553 0.03988165
1348.67433717 0.00603287 0.03991684
1349.67483742 0.00594320 0.03969972
1350.67533767 0.00594133 0.03959595
1351.67583792 0.00592973 0.03940556
1352.67633817 0.00592684 0.03929838
1353.67683842 0.00592255 0.03932716
1354.67733867 0.00603688 0.04042606
1355.67783892 0.00596912 0.04016199
1356.67833917 0.00580538 0.03887585
1357.67883942 0.00586483 0.03980902
1358.67933967 0.00807035 0.05373101
1359.67983992 0.00809226 0.05536430
1360.68034017 0.00814499 0.05718067
1361.68084042 0.00818367 0.05842535
1362.68134067 0.00807457 0.05845012
1363.68184092 0.00788654 0.05789539
1364.68234117 0.00772632 0.05732592
1365.68284142 0.00692287 0.04769971
1366.68334167 0.00689764 0.04775999
1367.68384192 0.00679991 0.04728921
1368.68434217 0.00672657 0.04671537
1369.68484242 0.00664773 0.04602291
1370.68534267 0.00660880 0.04545712
1371.68584292 0.00620598 0.04313832
1372.68634317 0.00579888 0.04149301
1373.68684342 0.00572469 0.04115963
1374.68734367 0.00571205 0.04089790
1375.68784392 0.00570567 0.04065834
1376.68834417 0.00568301 0.04037480
1377.68884442 0.00563171 0.04002730
1378.68934467 0.00570411 0.04105263
1379.68984492 0.00566021 0.04094218
1380.69034517 0.00562516 0.04103702
1381.69084542 0.00563700 0.04129500
1382.69134567 0.00561703 0.04144096
1383.69184592 0.00560134 0.04132908
1384.69234617 0.00564646 0.04109293
1385.69284642 0.00571222 0.04090243
1386.69334667 0.00707764 0.04588655
1387.69384692 0.00699502 0.04568735
1388.69434717 0.00694186 0.04537732
1389.69484742 0.00682001 0.04443451
1390.69534767 0.00672658 0.04366347
1391.69584792 0.00664364 0.04279023
1392.69634817 0.00659458 0.04220374
1393.69684842 0.00648770 0.04136615
1394.69734867 0.00638563 0.04055406
1395.69784892 0.00630258 0.04033460
1396.69834917 0.00623837 0.04020492
1397.69884942 0.00617100 0.03992792
1398.69934967 0.00705075 0.04419515
1399.69984992 0.00700794 0.04380220
1400.70035018 0.00701831 0.04381576
1401.70085043 0.00696377 0.04348365
1402.70135068 0.00681750 0.04259201
1403.70185093 0.00665919 0.04195676
1404.70235118 0.00647205 0.04106341
1405.70285143 0.00625481 0.03995402
1406.70335168 0.00612631 0.03934440
1407.70385193 0.00614357 0.03957173
1408.70435218 0.00607537 0.03917433
1409.70485243 0.00556510 0.03534362
1410.70535268 0.00564438 0.03550768
1411.70585293 0.00558642 0.03529284
1412.70635318 0.00546394 0.03455787
1413.70685343 0.00537483 0.03408374
1414.70735368 0.00545741 0.03474009
1415.70785393 0.00536157 0.03439090
1416.70835418 0.00529919 0.03392167
1417.70885443 0.00528851 0.03379748
1418.70935468 0.00528193 0.03367791
1419.70985493 0.00522197 0.03347057
1420.71035518 0.00512529 0.03305842
1421.71085543 0.00491851 0.03262466
1422.71135568 0.00579978 0.03795545
1423.71185593 0.00599942 0.03970262
1424.71235618 0.00620195 0.04121532
1425.71285643 0.00641373 0.04269244
1426.71335668 0.00657201 0.04420519
1427.71385693 0.00650208 0.04422563
1428.71435718 0.00666174 0.04579089
1429.71485743 0.00670462 0.04603397
1430.71535768 0.00665575 0.04537568
1431.71585793 0.00748573 0.04881230
1432.71635818 0.00739071 0.04819087
1433.71685843 0.00730111 0.04765045
1434.71735868 0.00766368 0.04773844
1435.71785893 0.00751869 0.04677758
1436.71835918 0.00739666 0.04616279
1437.71885943 0.00729765 0.04573396
1438.71935968 0.00728559 0.04557857
1439.71985993 0.00724861 0.04683377
1440.72036018 0.00720022 0.04629613
1441.72086043 0.00718082 0.04629829
1442.72136068 0.00698563 0.04511813
1443.72186093 0.00696807 0.04497008
1444.72236118 0.00691400 0.04414252
1445.72286143 0.00688384 0.04391744
1446.72336168 0.00690402 0.04435114
1447.72386193 0.00854837 0.05152132
1448.72436218 0.00856633 0.05209740
1449.72486243 0.00862211 0.05344551
1450.72536268 0.00873185 0.05516918
1451.72586293 0.00879511 0.05642984
1452.72636318 0.00855288 0.05735938
1453.72686343 0.00857885 0.05841568
1454.72736368 0.00860521 0.05901010
1455.72786393 0.00855698 0.05891876
1456.72836418 0.00844944 0.05810468
1457.72886443 0.00824884 0.05621974
1458.72936468 0.00780707 0.05210980
1459.72986493 0.00776826 0.05161421
1460.73036518 0.00750457 0.04928072
1461.73086543 0.00734048 0.04801540
1462.73136568 0.00717993 0.04695904
1463.73186593 0.00702087 0.04587809
1464.73236618 0.00687411 0.04509505
1465.73286643 0.00637835 0.04121001
1466.73336668 0.00708833 0.04404937
1467.73386693 0.00713302 0.04434727
1468.73436718 0.00713682 0.04470650
1469.73486743 0.00716138 0.04508889
1470.73536768 0.00712437 0.04515808
1471.73586793 0.00694364 0.04465848
1472.73636818 0.00694318 0.04452480
1473.73686843 0.00699447 0.04451044
1474.73736868 0.00693917 0.04422545
1475.73786893 0.00682653 0.04358331
1476.73836918 0.00671213 0.04257635
1477.73886943 0.00645476 0.04133705
1478.73936968 0.00629626 0.04045056
1479.73986993 0.00647573 0.04199117
1480.74037019 0.00642173 0.04169973
1481.74087044 0.00636650 0.04132363
1482.74137069 0.00653529 0.04205633
1483.74187094 0.00648327 0.04171631
1484.74237119 0.00653555 0.04177309
1485.74287144 0.00667990 0.04272001
1486.74337169 0.00664748 0.04238560
1487.74387194 0.00762512 0.04734523
1488.74437219 0.00776030 0.04816942
1489.74487244 0.00795910 0.04946956
1490.74537269 0.00803336 0.05066557
1491.74587294 0.00809411 0.05129369
1492.74637319 0.00820383 0.05181685
1493.74687344 0.00813093 0.05201419
1494.74737369 0.00779423 0.05034279
1495.74787394 0.00788079 0.05062974
1496.74837419 0.00793149 0.05061863
1497.74887444 0.00746957 0.04794951
1498.74937469 0.00719270 0.04588076
1499.74987494 0.00716817 0.04527552
1500.75037519 0.00713566 0.04424742
1501.75087544 0.00701640 0.04329697
1502.75137569 0.00700366 0.04259115
1503.75187594 0.00704814 0.04294136
1504.75237619 0.00749378 0.04356516
1505.75287644 0.00734742 0.04223816
1506.75337669 0.00699665 0.04062298
1507.75387694 0.00683687 0.03948865
1508.75437719 0.00683828 0.03923841
1509.75487744 0.00679760 0.03894485
1510.75537769 0.00654113 0.03808023
1511.75587794 0.00643953 0.03770832
1512.75637819 0.00628564 0.03678734
1513.75687844 0.00591217 0.03469082
1514.75737869 0.00579717 0.03399052
1515.75787894 0.00566052 0.03328461
1516.75837919 0.00563449 0.03332192
1517.75887944 0.00556558 0.03309431
1518.75937969 0.00548292 0.03268936
1519.75987994 0.00538559 0.03246333
1520.76038019 0.00539389 0.03214515
1521.76088044 0.00570719 0.03307051
1522.76138069 0.00559554 0.03262877
1523.76188094 0.00549772 0.03234396
1524.76238119 0.00538449 0.03204305
1525.76288144 0.00529269 0.03173559
1526.76338169 0.00525736 0.03184025
1527.76388194 0.00575490 0.03418006
1528.76438219 0.00558588 0.03322648
1529.76488244 0.00554905 0.03321882
1530.76538269 0.00546464 0.03307176
1531.76588294 0.00539879 0.03270811
1532.76638319 0.00535088 0.03255144
1533.76688344 0.00536563 0.03280419
1534.76738369 0.00537246 0.03266930
1535.76788394 0.00530238 0.03207315
1536.76838419 0.00530239 0.03204256
1537.76888444 0.00535826 0.03239814
1538.76938469 0.00536898 0.03248766
1539.76988494 0.00525888 0.03193533
1540.77038519 0.00519860 0.03176150
1541.77088544 0.00519688 0.03180602
1542.77138569 0.00515756 0.03170329
1543.77188594 0.00509109 0.03156330
1544.77238619 0.00504944 0.03132795
1545.77288644 0.00501128 0.03119127
1546.77338669 0.00490377 0.03115502
1547.77388694 0.00485955 0.03108346
1548.77438719 0.00486294 0.03082135
1549.77488744 0.00486717 0.03070463
1550.77538769 0.00499986 0.03088847
1551.77588794 0.00502552 0.03091935
1552.77638819 0.00495962 0.03077379
1553.77688844 0.00495916 0.03070782
1554.77738869 0.00499214 0.03072561
1555.77788894 0.00501579 0.03078699
1556.77838919 0.00500144 0.03073628
1557.77888944 0.00498797 0.03056567
1558.77938969 0.00490825 0.03043153
1559.77988994 0.00490711 0.03044190
1560.78039020 0.00490157 0.03036227
1561.78089045 0.00484950 0.03013106
1562.78139070 0.00483869 0.03007680
1563.78189095 0.00485068 0.03016032
1564.78239120 0.00479743 0.03000090
1565.78289145 0.00473844 0.02980886
1566.78339170 0.00475396 0.02978641
1567.78389195 0.00474801 0.02976927
1568.78439220 0.00474219 0.02990574
1569.78489245 0.00476053 0.03032484
1570.78539270 0.00474741 0.03078336
1571.78589295 0.00468978 0.03096355
1572.78639320 0.00464082 0.03057701
1573.78689345 0.00453744 0.03027876
1574.78739370 0.00455566 0.03008842
1575.78789395 0.00563915 0.03705189
1576.78839420 0.00579399 0.03821057
1577.78889445 0.00584723 0.03888533
1578.78939470 0.00556256 0.03827477
1579.78989495 0.00557265 0.03816639
1580.79039520 0.00555913 0.03797363
1581.79089545 0.00569589 0.03781971
1582.79139570 0.00567047 0.03748033
1583.79189595 0.00566439 0.03748789
1584.79239620 0.00562619 0.03714609
1585.79289645 0.00526146 0.03565899
1586.79339670 0.00519881 0.03513340
1587.79389695 0.00516877 0.03467865
1588.79439720 0.00514014 0.03430038
1589.79489745 0.00507399 0.03408925
1590.79539770 0.00503741 0.03403239
1591.79589795 0.00498510 0.03391611
1592.79639820 0.00494993 0.03397022
1593.79689845 0.00489750 0.03394347
1594.79739870 0.00561522 0.03771711
1595.79789895 0.00543103 0.03654957
1596.79839920 0.00534331 0.03584213
1597.79889945 0.00526723 0.03515701
1598.79939970 0.00513742 0.03441204
1599.79989995 0.00503336 0.03363616
1600.80040020 0.00499380 0.03318335
1601.80090045 0.00496831 0.03305616
1602.80140070 0.00589403 0.03915840
1603.80190095 0.00586478 0.03901709
1604.80240120 0.00583667 0.03918192
1605.80290145 0.00585749 0.03971583
1606.80340170 0.00639091 0.04144816
1607.80390195 0.00706290 0.04448845
1608.80440220 0.00711519 0.04565944
1609.80490245 0.00696392 0.04461680
1610.80540270 0.00677887 0.04364357
1611.80590295 0.00666035 0.04329260
1612.80640320 0.00663184 0.04350759
1613.80690345 0.00651793 0.04311431
1614.80740370 0.00636975 0.04192208
1615.80790395 0.00636330 0.04210281
1616.80840420 0.00627861 0.04155010
1617.80890445 0.00627368 0.04163677
1618.80940470 0.00631360 0.04181244
1619.80990495 0.00624268 0.04124462
1620.81040520 0.00623844 0.04133756
1621.81090545 0.00621342 0.04128993
1622.81140570 0.00617277 0.04112452
1623.81190595 0.00611850 0.04096000
1624.81240620 0.00630430 0.04203428
1625.81290645 0.00631338 0.04222936
1626.81340670 0.00622670 0.04193754
1627.81390695 0.00622427 0.04217883
1628.81440720 0.00617407 0.04208883
1629.81490745 0.00606631 0.04138873
1630.81540770 0.00610044 0.04158095
1631.81590795 0.00609055 0.04132349
1632.81640820 0.00585962 0.04116080
1633.81690845 0.00580605 0.04075557
1634.81740870 0.00587890 0.04130560
1635.81790895 0.00598012 0.04161309
1636.81840920 0.00596056 0.04179361
1637.81890945 0.00605756 0.04199408
1638.81940970 0.00601440 0.04235901
1639.81990995 0.00638045 0.04310643
1640.82041021 0.00693591 0.04414700
1641.82091046 0.00698451 0.04404353
1642.82141071 0.00697919 0.04386963
1643.82191096 0.00722283 0.04453493
1644.82241121 0.00725657 0.04450490
1645.82291146 0.00761905 0.04476065
1646.82341171 0.00765773 0.04528686
1647.82391196 0.00786433 0.04631681
1648.82441221 0.00796745 0.04704193
1649.82491246 0.00778614 0.04552883
1650.82541271 0.00780007 0.04566156
1651.82591296 0.00784503 0.04590761
1652.82641321 0.00829924 0.05303960
1653.82691346 0.00811554 0.05298175
1654.82741371 0.00808030 0.05348376
1655.82791396 0.00905231 0.05844314
1656.82841421 0.00907990 0.05947852
1657.82891446 0.01024978 0.06521868
1658.82941471 0.01036461 0.06691058
1659.82991496 0.01040429 0.06804247
1660.83041521 0.01034225 0.06854361
1661.83091546 0.01020835 0.06831376
1662.83141571 0.01007574 0.06784079
1663.83191596 0.00999030 0.06739984
1664.83241621 0.00986519 0.06642278
1665.83291646 0.00975853 0.06546944
1666.83341671 0.00880956 0.06108647
1667.83391696 0.00931727 0.06208777
1668.83441721 0.00923178 0.06216150
1669.83491746 0.00934759 0.06366174
1670.83541771 0.00932680 0.06502599
1671.83591796 0.00918754 0.06589041
1672.83641821 0.00913388 0.06602509
1673.83691846 0.00843154 0.06412729
1674.83741871 0.00861410 0.06477759
1675.83791896 0.00888985 0.06580478
1676.83841921 0.00895961 0.06625647
1677.83891946 0.00909162 0.06625715
1678.83941971 0.00900464 0.06489971
1679.83991996 0.00875846 0.06256831
1680.84042021 0.00843595 0.06022454
1681.84092046 0.00830646 0.05887301
1682.84142071 0.00827775 0.05788708
1683.84192096 0.00831922 0.05868235
1684.84242121 0.00820680 0.05684688
1685.84292146 0.00797244 0.05588492
1686.84342171 0.00776545 0.05447121
1687.84392196 0.00751272 0.05195190
1688.84442221 0.00714629 0.04925661
1689.84492246 0.00735070 0.04964642
1690.84542271 0.00677180 0.04506846
1691.84592296 0.00673019 0.04418630
1692.84642321 0.00659653 0.04332008
1693.84692346 0.00638061 0.04194187
1694.84742371 0.00628405 0.04113274
1695.84792396 0.00612400 0.04000048
1696.84842421 0.00744519 0.05064599
1697.84892446 0.00735872 0.04995391
1698.84942471 0.00748133 0.05120386
1699.84992496 0.00754952 0.05212972
1700.85042521 0.00764859 0.05369191
1701.85092546 0.00767541 0.05440947
1702.85142571 0.00777747 0.05556768
1703.85192596 0.00774409 0.05623954
1704.85242621 0.00778465 0.05658284
1705.85292646 0.00771928 0.05595687
1706.85342671 0.00757178 0.05408461
1707.85392696 0.00731652 0.05141349
1708.85442721 0.00693649 0.04831913
1709.85492746 0.00687194 0.04649224
1710.85542771 0.00683899 0.04593087
1711.85592796 0.00675854 0.04552926
1712.85642821 0.00650548 0.04493910
1713.85692846 0.00649356 0.04553100
1714.85742871 0.00642564 0.04466473
1715.85792896 0.00642245 0.04368005
1716.85842921 0.00617143 0.04151414
1717.85892946 0.00575243 0.03958696
1718.85942971 0.00571738 0.03925016
1719.85992996 0.00563629 0.03932879
1720.86043022 0.00563265 0.04016101
1721.86093047 0.00560950 0.04084901
1722.86143072 0.00563759 0.04060540
1723.86193097 0.00626960 0.04278396
1724.86243122 0.00625421 0.04202787
1725.86293147 0.00615765 0.04091931
1726.86343172 0.00610545 0.04040647
1727.86393197 0.00610251 0.04028106
1728.86443222 0.00616693 0.04099001
1729.86493247 0.00613145 0.04134446
1730.86543272 0.00606534 0.04095086
1731.86593297 0.00661137 0.04270208
1732.86643322 0.00650311 0.04206407
1733.86693347 0.00634348 0.04097737
1734.86743372 0.00617458 0.04000746
1735.86793397 0.00609288 0.03964446
1736.86843422 0.00609903 0.03972435
1737.86893447 0.00606815 0.03978485
1738.86943472 0.00676927 0.04297776
1739.86993497 0.00677908 0.04331260
1740.87043522 0.00755957 0.04651007
1741.87093547 0.00727495 0.04506869
1742.87143572 0.00714548 0.04438274
1743.87193597 0.00710595 0.04434101
1744.87243622 0.00705326 0.04443068
1745.87293647 0.00700967 0.04440807
1746.87343672 0.00694301 0.04388688
1747.87393697 0.00696298 0.04419881
1748.87443722 0.00690379 0.04409830
1749.87493747 0.00667071 0.04262539
1750.87543772 0.00648803 0.04188781
1751.87593797 0.00628840 0.04189465
1752.87643822 0.00618622 0.04105675
1753.87693847 0.00609883 0.04039255
1754.87743872 0.00614479 0.04102015
1755.87793897 0.00651079 0.04480146
1756.87843922 0.00638746 0.04403090
1757.87893947 0.00626400 0.04334032
1758.87943972 0.00617923 0.04097956
1759.87993997 0.00616447 0.04120218
1760.88044022 0.00613214 0.04156782
1761.88094047 0.00614378 0.04236091
1762.88144072 0.00615262 0.04257681
1763.88194097 0.00608706 0.04255645
1764.88244122 0.00600240 0.04233420
1765.88294147 0.00583936 0.04188297
1766.88344172 0.00580173 0.04180809
1767.88394197 0.00582339 0.04165635
1768.88444222 0.00582078 0.04157976
1769.88494247 0.00579295 0.04148600
1770.88544272 0.00579396 0.04115728
1771.88594297 0.00576123 0.04051678
1772.88644322 0.00583660 0.04205888
1773.88694347 0.00593744 0.04267047
1774.88744372 0.00595686 0.04296260
1775.88794397 0.00587445 0.04207378
1776.88844422 0.00581450 0.04114685
1777.88894447 0.00578690 0.04011116
1778.88944472 0.00575047 0.03937760
1779.88994497 0.00554026 0.03735551
1780.89044522 0.00564590 0.03731085
1781.89094547 0.00565299 0.03728286
1782.89144572 0.00554741 0.03645738
1783.89194597 0.00555446 0.03616641
1784.89244622 0.00564902 0.03668934
1785.89294647 0.00569594 0.03655459
1786.89344672 0.00542339 0.03478151
1787.89394697 0.00505234 0.03152746
1788.89444722 0.00498665 0.03173111
1789.89494747 0.00473828 0.02974781
1790.89544772 0.00455016 0.02833082
1791.89594797 0.00450647 0.02887068
1792.89644822 0.00454150 0.02998220
1793.89694847 0.00436503 0.02900651
1794.89744872 0.00439781 0.02897221
1795.89794897 0.00438122 0.02913912
1796.89844922 0.00436383 0.02911275
1797.89894947 0.00421894 0.02817722
1798.89944972 0.00411906 0.02762311
1799.89994997 0.00476967 0.03174978
1800.90045023 0.00469381 0.03157602
1801.90095048 0.00458656 0.03104491
1802.90145073 0.00446122 0.03037306
1803.90195098 0.00431707 0.02944332
1804.90245123 0.00409205 0.02824168
1805.90295148 0.00392801 0.02696866
1806.90345173 0.00381253 0.02612783
1807.90395198 0.00376963 0.02590683
1808.90445223 0.00377251 0.02579148
1809.90495248 0.00381430 0.02558144
1810.90545273 0.00379196 0.02523728
1811.90595298 0.00376114 0.02498964
1812.90645323 0.00373556 0.02464404
1813.90695348 0.00364459 0.02401791
1814.90745373 0.00356500 0.02354358
1815.90795398 0.00348460 0.02336109
1816.90845423 0.00331724 0.02244171
1817.90895448 0.00327811 0.02221173
1818.90945473 0.00322156 0.02197469
1819.90995498 0.00401191 0.02909612
1820.91045523 0.00399277 0.02934696
1821.91095548 0.00385672 0.02887931
1822.91145573 0.00372359 0.02855194
1823.91195598 0.00367306 0.02891680
1824.91245623 0.00361201 0.02893995
1825.91295648 0.00344956 0.02705478
1826.91345673 0.00336957 0.02608637
1827.91395698 0.00331303 0.02628653
1828.91445723 0.00339821 0.02821227
1829.91495748 0.00268852 0.02015829
1830.91545773 0.00272801 0.02012098
1831.91595798 0.00274325 0.02023605
1832.91645823 0.00277907 0.02056430
1833.91695848 0.00277585 0.02070386
1834.91745873 0.00282059 0.02073984
1835.91795898 0.00279556 0.02064918
1836.91845923 0.00279836 0.02062522
1837.91895948 0.00279786 0.02063325
1838.91945973 0.00278894 0.02045518
1839.91995998 0.00276950 0.02022159
1840.92046023 0.00274386 0.02010385
1841.92096048 0.00273521 0.01999379
1842.92146073 0.00277095 0.01981730
1843.92196098 0.00276411 0.01960149
1844.92246123 0.00278075 0.01966874
1845.92296148 0.00277155 0.01974192
1846.92346173 0.00280462 0.02006964
1847.92396198 0.00283667 0.02012885
1848.92446223 0.00298489 0.02101085
1849.92496248 0.00311245 0.02172392
1850.92546273 0.00299738 0.02161668
1851.92596298 0.00306485 0.02205365
1852.92646323 0.00311813 0.02251809
1853.92696348 0.00308628 0.02286309
1854.92746373 0.00302186 0.02220427
1855.92796398 0.00306781 0.02308178
1856.92846423 0.00307906 0.02336072
1857.92896448 0.00303936 0.02287269
1858.92946473 0.00299890 0.02283522
1859.92996498 0.00296590 0.02234477
1860.93046523 0.00407354 0.03327440
1861.93096548 0.00407213 0.03355702
1862.93146573 0.00401282 0.03397256
1863.93196598 0.00400884 0.03432779
1864.93246623 0.00400802 0.03490757
1865.93296648 0.00411393 0.03568246
1866.93346673 0.00418225 0.03594733
1867.93396698 0.00427016 0.03640536
1868.93446723 0.00432241 0.03678967
1869.93496748 0.00432671 0.03679535
1870.93546773 0.00521213 0.04172697
1871.93596798 0.00520211 0.04203313
1872.93646823 0.00505902 0.04064833
1873.93696848 0.00503509 0.04018079
1874.93746873 0.00497594 0.03990708
1875.93796898 0.00490840 0.03946374
1876.93846923 0.00497001 0.04001940
1877.93896948 0.00506195 0.03980360
1878.93946973 0.00501858 0.04111152
1879.93996998 0.00479987 0.03960665
1880.94047024 0.00405992 0.03395259
1881.94097049 0.00475419 0.03654637
1882.94147074 0.00473908 0.03587662
1883.94197099 0.00463355 0.03424380
1884.94247124 0.00455350 0.03277657
1885.94297149 0.00451241 0.03172882
1886.94347174 0.00427194 0.03019524
1887.94397199 0.00352814 0.02581807
1888.94447224 0.00352164 0.02588326
1889.94497249 0.00371413 0.02614927
1890.94547274 0.00368001 0.02610204
1891.94597299 0.00363403 0.02571689
1892.94647324 0.00363941 0.02530397
1893.94697349 0.00369583 0.02531851
1894.94747374 0.00362491 0.02540940
1895.94797399 0.00360890 0.02540139
1896.94847424 0.00350550 0.02511515
1897.94897449 0.00339839 0.02485884
1898.94947474 0.00354213 0.02490349
1899.94997499 0.00355771 0.02463821
1900.95047524 0.00366169 0.02452498
1901.95097549 0.00359823 0.02421176
1902.95147574 0.00370402 0.02480402
1903.95197599 0.00383133 0.02597042
1904.95247624 0.00393229 0.02689292
1905.95297649 0.00396562 0.02739105
1906.95347674 0.00401859 0.02780692
1907.95397699 0.00400935 0.02782234
1908.95447724 0.00396976 0.02748735
1909.95497749 0.00389832 0.02700050
1910.95547774 0.00383275 0.02645531
1911.95597799 0.00406376 0.03081745
1912.95647824 0.00403414 0.03104607
1913.95697849 0.00402949 0.03288386
1914.95747874 0.00381796 0.03100785
1915.95797899 0.00365815 0.02944508
1916.95847924 0.00349008 0.02683229
1917.95897949 0.00343158 0.02677033
1918.95947974 0.00345179 0.02770903
1919.95997999 0.00349100 0.02848956
1920.96048024 0.00346861 0.02860935
1921.96098049 0.00347214 0.02887952
1922.96148074 0.00339482 0.02862460
1923.96198099 0.00350060 0.02880512
1924.96248124 0.00369192 0.02930911
1925.96298149 0.00387658 0.02974358
1926.96348174 0.00379096 0.03011440
1927.96398199 0.00389602 0.03105909
1928.96448224 0.00396015 0.03115244
1929.96498249 0.00390879 0.03002721
1930.96548274 0.00390076 0.02996498
1931.96598299 0.00387932 0.02953835
1932.96648324 0.00387846 0.02987331
1933.96698349 0.00378674 0.02909872
1934.96748374 0.00365535 0.02756115
1935.96798399 0.00338507 0.02464371
1936.96848424 0.00346199 0.02500620
1937.96898449 0.00358470 0.02555494
1938.96948474 0.00378274 0.02695180
1939.96998499 0.00391998 0.02790787
1940.97048524 0.00402414 0.02843392
1941.97098549 0.00404960 0.02882584
1942.97148574 0.00399333 0.02885625
1943.97198599 0.00397369 0.02884865
1944.97248624 0.00393166 0.02865411
1945.97298649 0.00382773 0.02816190
1946.97348674 0.00384143 0.02967686
1947.97398699 0.00381690 0.02996000
1948.97448724 0.00350810 0.03012488
1949.97498749 0.00332600 0.03050858
1950.97548774 0.00332755 0.03058023
1951.97598799 0.00340099 0.03060696
1952.97648824 0.00355455 0.03058394
1953.97698849 0.00438639 0.03578733
1954.97748874 0.00429763 0.03505021
1955.97798899 0.00444787 0.03590446
1956.97848924 0.00455205 0.03608225
1957.97898949 0.00428866 0.03433753
1958.97948974 0.00421461 0.03293487
1959.97998999 0.00469194 0.03713495
1960.98049025 0.00470987 0.03827300
1961.98099050 0.00472724 0.03869224
1962.98149075 0.00458738 0.03693339
1963.98199100 0.00534860 0.04049316
1964.98249125 0.00540700 0.04216439
1965.98299150 0.00531946 0.04214304
1966.98349175 0.00509894 0.04085384
1967.98399200 0.00491824 0.03986660
1968.98449225 0.00479567 0.03952536
1969.98499250 0.00462001 0.03872036
1970.98549275 0.00434556 0.03737756
1971.98599300 0.00501823 0.04086632
1972.98649325 0.00493534 0.04046843
1973.98699350 0.00484898 0.03962997
1974.98749375 0.00483203 0.03943962
1975.98799400 0.00475948 0.03949438
1976.98849425 0.00459168 0.03863125
1977.98899450 0.00453551 0.03837188
1978.98949475 0.00447292 0.03810186
1979.98999500 0.00442988 0.03815333
1980.99049525 0.00435744 0.03779916
1981.99099550 0.00431585 0.03738626
1982.99149575 0.00436046 0.03762431
1983.99199600 0.00432693 0.03742166
1984.99249625 0.00419130 0.03697803
1985.99299650 0.00409982 0.03679595
1986.99349675 0.00408874 0.03662785
1987.99399700 0.00418360 0.03661825
1988.99449725 0.00427632 0.03649196
1989.99499750 0.00417796 0.03617927
1990.99549775 0.00418454 0.03635750
1991.99599800 0.00419223 0.03628884
1992.99649825 0.00471709 0.03811672
1993.99699850 0.00466249 0.03785671
1994.99749875 0.00459671 0.03771811
1995.99799900 0.00455365 0.03744086
1996.99849925 0.00454649 0.03735910
1997.99899950 0.00454695 0.03755204
1998.99949975 0.00462704 0.03820023
2000.00000000 0.00468233 0.03849157
