0.000000000000000000e+00 5.999999999999999112e+00
1.001001001001001089e+00 6.033571335150416104e+00
2.002002002002002179e+00 5.998839603036334900e+00
3.003003003003003268e+00 5.943000968654363447e+00
4.004004004004004358e+00 5.902219048797920919e+00
5.005005005005005003e+00 5.859901356962315511e+00
6.006006006006006537e+00 5.822276716512830852e+00
7.007007007007008070e+00 5.785506544292003284e+00
8.008008008008008716e+00 5.738293665496039253e+00
9.009009009009009361e+00 5.704957609657615336e+00
1.001001001001001001e+01 5.662181944552989954e+00
1.101101101101101243e+01 5.630285620183233419e+00
1.201201201201201307e+01 5.601592413446643270e+00
1.301301301301301372e+01 5.572445768503458297e+00
1.401401401401401614e+01 5.525475354756064661e+00
1.501501501501501679e+01 5.495096291899083774e+00
1.601601601601601743e+01 5.463905679095461210e+00
1.701701701701701808e+01 5.425928131743940952e+00
1.801801801801801872e+01 5.394620887661113251e+00
1.901901901901901937e+01 5.365771791708152882e+00
2.002002002002002001e+01 5.342515762922680267e+00
2.102102102102102421e+01 5.302863380635965740e+00
2.202202202202202486e+01 5.272991549767763075e+00
2.302302302302302550e+01 5.243749431909920489e+00
2.402402402402402615e+01 5.213554057941458098e+00
2.502502502502502679e+01 5.175386268416784397e+00
2.602602602602602744e+01 5.149722961074761685e+00
2.702702702702702808e+01 5.121354021560160952e+00
2.802802802802803228e+01 5.090916860899993956e+00
2.902902902902903293e+01 5.062662259984220370e+00
3.003003003003003357e+01 5.022005566616456917e+00
3.103103103103103422e+01 4.983327441847818839e+00
3.203203203203203486e+01 4.956462768573207001e+00
3.303303303303303551e+01 4.928589700373010807e+00
3.403403403403403615e+01 4.896552024773928480e+00
3.503503503503503680e+01 4.874421456177763012e+00
3.603603603603603744e+01 4.843721934553219199e+00
3.703703703703703809e+01 4.812177654833675433e+00
3.803803803803803874e+01 4.793605961688768069e+00
3.903903903903903938e+01 4.767640170928932442e+00
4.004004004004004003e+01 4.745860891544883664e+00
4.104104104104104778e+01 4.715634352087682224e+00
4.204204204204204842e+01 4.674936022187568874e+00
4.304304304304304907e+01 4.651947751414756915e+00
4.404404404404404971e+01 4.633338304496809279e+00
4.504504504504505036e+01 4.596836898119858184e+00
4.604604604604605100e+01 4.569268245923314709e+00
4.704704704704705165e+01 4.529697873244941775e+00
4.804804804804805229e+01 4.493291731477602191e+00
4.904904904904905294e+01 4.476765429483792857e+00
5.005005005005005358e+01 4.451299839587663065e+00
5.105105105105105423e+01 4.430072628896656539e+00
5.205205205205205488e+01 4.390684818434718473e+00
5.305305305305305552e+01 4.366099881554120543e+00
5.405405405405405617e+01 4.338310887291314089e+00
5.505505505505505681e+01 4.308045786396561994e+00
5.605605605605606456e+01 4.292067657333704211e+00
5.705705705705706521e+01 4.264892214737447951e+00
5.805805805805806585e+01 4.237928039788637413e+00
5.905905905905906650e+01 4.204185448977071360e+00
6.006006006006006714e+01 4.177630310721109907e+00
6.106106106106106779e+01 4.145431008403609674e+00
6.206206206206206843e+01 4.106536082722409553e+00
6.306306306306306908e+01 4.075596805692804026e+00
6.406406406406406973e+01 4.054211110310030008e+00
6.506506506506507037e+01 4.031981441861283599e+00
6.606606606606607102e+01 4.016714854463796947e+00
6.706706706706707166e+01 3.994140547325320423e+00
6.806806806806807231e+01 3.967464486342654695e+00
6.906906906906907295e+01 3.944834805025292379e+00
7.007007007007007360e+01 3.922675430019279208e+00
7.107107107107107424e+01 3.902929632435127694e+00
7.207207207207207489e+01 3.884871770956483950e+00
7.307307307307307553e+01 3.866018057436630073e+00
7.407407407407407618e+01 3.841540499057461311e+00
7.507507507507507682e+01 3.814620196616810066e+00
7.607607607607607747e+01 3.791572547388487369e+00
7.707707707707707812e+01 3.765430408525184625e+00
7.807807807807807876e+01 3.741743798094228524e+00
7.907907907907907941e+01 3.719336273620556632e+00
8.008008008008008005e+01 3.691849677909246008e+00
8.108108108108109491e+01 3.669951007822203959e+00
8.208208208208209555e+01 3.645558379297858753e+00
8.308308308308309620e+01 3.619818761226877069e+00
8.408408408408409684e+01 3.593310552803520519e+00
8.508508508508509749e+01 3.577929318180968377e+00
8.608608608608609813e+01 3.553494947386960146e+00
8.708708708708709878e+01 3.533254645206353572e+00
8.808808808808809943e+01 3.510839993954323557e+00
8.908908908908910007e+01 3.491377818598802918e+00
9.009009009009010072e+01 3.468472584521417268e+00
9.109109109109110136e+01 3.433312679475243989e+00
9.209209209209210201e+01 3.416128289947782282e+00
9.309309309309310265e+01 3.396516064874179452e+00
9.409409409409410330e+01 3.366127615959362274e+00
9.509509509509510394e+01 3.349711009048375043e+00
9.609609609609610459e+01 3.337494302736806251e+00
9.709709709709710523e+01 3.320214133490148267e+00
9.809809809809810588e+01 3.305095030842769344e+00
9.909909909909910652e+01 3.283361791437148014e+00
1.001001001001001072e+02 3.240149676013629243e+00
1.011011011011011078e+02 3.225637898342045062e+00
1.021021021021021085e+02 3.202417430225485528e+00
1.031031031031031091e+02 3.178347115276850765e+00
1.041041041041041098e+02 3.158820636138828242e+00
1.051051051051051104e+02 3.141109566021048849e+00
1.061061061061061110e+02 3.118822009685620955e+00
1.071071071071071117e+02 3.093615626915354966e+00
1.081081081081081123e+02 3.069678042959661290e+00
1.091091091091091130e+02 3.061653584159926389e+00
1.101101101101101136e+02 3.047841537601589046e+00
1.111111111111111143e+02 3.032385615054697947e+00
1.121121121121121291e+02 3.012947500217884489e+00
1.131131131131131298e+02 2.996694430521700259e+00
1.141141141141141304e+02 2.983147716636016522e+00
1.151151151151151311e+02 2.965215071246467549e+00
1.161161161161161317e+02 2.945412632627464777e+00
1.171171171171171324e+02 2.929935929876107181e+00
1.181181181181181330e+02 2.908288928535128548e+00
1.191191191191191336e+02 2.877626307065417777e+00
1.201201201201201343e+02 2.860951885887303092e+00
1.211211211211211349e+02 2.843924112088946021e+00
1.221221221221221356e+02 2.825404292777735638e+00
1.231231231231231362e+02 2.804445998074784452e+00
1.241241241241241369e+02 2.785650362760836884e+00
1.251251251251251375e+02 2.770234147570399763e+00
1.261261261261261382e+02 2.760125398497514038e+00
1.271271271271271388e+02 2.751026933682375386e+00
1.281281281281281395e+02 2.735717329109002005e+00
1.291291291291291543e+02 2.714087197167895926e+00
1.301301301301301407e+02 2.688426367552542828e+00
1.311311311311311556e+02 2.676962288175295690e+00
1.321321321321321420e+02 2.660840604042276958e+00
1.331331331331331569e+02 2.646022039663566527e+00
1.341341341341341433e+02 2.624386430506584489e+00
1.351351351351351582e+02 2.599423593727659743e+00
1.361361361361361446e+02 2.584125977499411864e+00
1.371371371371371595e+02 2.571608304274606294e+00
1.381381381381381459e+02 2.552441925149989466e+00
1.391391391391391608e+02 2.537791003875370599e+00
1.401401401401401472e+02 2.517263272033454680e+00
1.411411411411411621e+02 2.500521399324042271e+00
1.421421421421421485e+02 2.487469030026089989e+00
1.431431431431431633e+02 2.470783053374441707e+00
1.441441441441441498e+02 2.454809123227087220e+00
1.451451451451451646e+02 2.439935254595106517e+00
1.461461461461461511e+02 2.424577677297029332e+00
1.471471471471471659e+02 2.410868149724450848e+00
1.481481481481481524e+02 2.392333922482170916e+00
1.491491491491491672e+02 2.375567964666923437e+00
1.501501501501501536e+02 2.366322295810789011e+00
1.511511511511511685e+02 2.345884429714958586e+00
1.521521521521521549e+02 2.333102155124662680e+00
1.531531531531531698e+02 2.319859297833199108e+00
1.541541541541541562e+02 2.298073301300843863e+00
1.551551551551551711e+02 2.279656126540010597e+00
1.561561561561561575e+02 2.267964842573481743e+00
1.571571571571571724e+02 2.252554114655139550e+00
1.581581581581581588e+02 2.225577072821604219e+00
1.591591591591591737e+02 2.212217985047447044e+00
1.601601601601601601e+02 2.199631972094460597e+00
1.611611611611611750e+02 2.185465095647081579e+00
1.621621621621621898e+02 2.169852807874833811e+00
1.631631631631631763e+02 2.155045440842934035e+00
1.641641641641641911e+02 2.142264702451877056e+00
1.651651651651651775e+02 2.129548548288498377e+00
1.661661661661661924e+02 2.121060539029431258e+00
1.671671671671671788e+02 2.104747812316227318e+00
1.681681681681681937e+02 2.096549325809311970e+00
1.691691691691691801e+02 2.083957283560789797e+00
1.701701701701701950e+02 2.061329180811991346e+00
1.711711711711711814e+02 2.045371007091574711e+00
1.721721721721721963e+02 2.031573176777933476e+00
1.731731731731731827e+02 2.020155424060996463e+00
1.741741741741741976e+02 2.009082824497810726e+00
1.751751751751751840e+02 1.997386855554265983e+00
1.761761761761761989e+02 1.979801243192746529e+00
1.771771771771771853e+02 1.969363656103390037e+00
1.781781781781782001e+02 1.952069238266858964e+00
1.791791791791791866e+02 1.942220959834198624e+00
1.801801801801802014e+02 1.931392183960028319e+00
1.811811811811811879e+02 1.914786188850809978e+00
1.821821821821822027e+02 1.897565798791596370e+00
1.831831831831831892e+02 1.886568675794056960e+00
1.841841841841842040e+02 1.868983904932783879e+00
1.851851851851851904e+02 1.856675451389328435e+00
1.861861861861862053e+02 1.843337105470201243e+00
1.871871871871871917e+02 1.830882909641502909e+00
1.881881881881882066e+02 1.824490569135110762e+00
1.891891891891891930e+02 1.812741629591519743e+00
1.901901901901902079e+02 1.802703893050507711e+00
1.911911911911911943e+02 1.790263835407550186e+00
1.921921921921922092e+02 1.776651765930649107e+00
1.931931931931932240e+02 1.760290578848386689e+00
1.941941941941942105e+02 1.746423084475170473e+00
1.951951951951952253e+02 1.741348820019827714e+00
1.961961961961962118e+02 1.725373182062525768e+00
1.971971971971972266e+02 1.713196665365222193e+00
1.981981981981982130e+02 1.703733203353389181e+00
1.991991991991992279e+02 1.692803958335674874e+00
2.002002002002002143e+02 1.679306039030987074e+00
2.012012012012012292e+02 1.669378655717328019e+00
2.022022022022022156e+02 1.661334479498870031e+00
2.032032032032032305e+02 1.648839964416664694e+00
2.042042042042042169e+02 1.638897447433031118e+00
2.052052052052052318e+02 1.633780707257469711e+00
2.062062062062062182e+02 1.617375331405055405e+00
2.072072072072072331e+02 1.598954440964211354e+00
2.082082082082082195e+02 1.588147860101708053e+00
2.092092092092092344e+02 1.581245371849321790e+00
2.102102102102102208e+02 1.567038661903891406e+00
2.112112112112112356e+02 1.557341913507852338e+00
2.122122122122122221e+02 1.545384784937036127e+00
2.132132132132132369e+02 1.539778577714978613e+00
2.142142142142142234e+02 1.530016617339317486e+00
2.152152152152152382e+02 1.520359555534986473e+00
2.162162162162162247e+02 1.511175197643904067e+00
2.172172172172172395e+02 1.498810684279580308e+00
2.182182182182182260e+02 1.489248962589551084e+00
2.192192192192192408e+02 1.477193380246759613e+00
2.202202202202202272e+02 1.468340455702351832e+00
2.212212212212212421e+02 1.462064076329393503e+00
2.222222222222222285e+02 1.456396355299610645e+00
2.232232232232232434e+02 1.447294555412225625e+00
2.242242242242242583e+02 1.439260792456173998e+00
2.252252252252252447e+02 1.429790902868772973e+00
2.262262262262262595e+02 1.422794562027907217e+00
2.272272272272272460e+02 1.416243811366163952e+00
2.282282282282282608e+02 1.405670437663396610e+00
2.292292292292292473e+02 1.394569748576304002e+00
2.302302302302302621e+02 1.382665489620699129e+00
2.312312312312312486e+02 1.373398733588830023e+00
2.322322322322322634e+02 1.365002362663216839e+00
2.332332332332332498e+02 1.359699636819466040e+00
2.342342342342342647e+02 1.349655311003276958e+00
2.352352352352352511e+02 1.341664545238777650e+00
2.362362362362362660e+02 1.331853445049678619e+00
2.372372372372372524e+02 1.323275542250311076e+00
2.382382382382382673e+02 1.318456807142067477e+00
2.392392392392392537e+02 1.311044290523273759e+00
2.402402402402402686e+02 1.304096877078766203e+00
2.412412412412412550e+02 1.299971751322749780e+00
2.422422422422422699e+02 1.288157731820096519e+00
2.432432432432432563e+02 1.281435642524003660e+00
2.442442442442442712e+02 1.275853800844367170e+00
2.452452452452452576e+02 1.263731164741564994e+00
2.462462462462462724e+02 1.256669926490007194e+00
2.472472472472472589e+02 1.249067733623369980e+00
2.482482482482482737e+02 1.237849043153776973e+00
2.492492492492492602e+02 1.230920520240697202e+00
2.502502502502502750e+02 1.225888641228370046e+00
2.512512512512512615e+02 1.219434887108157062e+00
2.522522522522522763e+02 1.207600264093225961e+00
2.532532532532532628e+02 1.195992765509669153e+00
2.542542542542542776e+02 1.189554857032938617e+00
2.552552552552552640e+02 1.178859765083741795e+00
2.562562562562562789e+02 1.174989302437054794e+00
2.572572572572572653e+02 1.165596031914154285e+00
2.582582582582583086e+02 1.157418875176291717e+00
2.592592592592592950e+02 1.153865411990601553e+00
2.602602602602602815e+02 1.149105726197262811e+00
2.612612612612612679e+02 1.139053345319303023e+00
2.622622622622623112e+02 1.133518764303296233e+00
2.632632632632632976e+02 1.131346931247786847e+00
2.642642642642642841e+02 1.120375935276751722e+00
2.652652652652652705e+02 1.115571429215844956e+00
2.662662662662663138e+02 1.107666703117264673e+00
2.672672672672673002e+02 1.101260611699139469e+00
2.682682682682682866e+02 1.092067259739600393e+00
2.692692692692692731e+02 1.078582958970176531e+00
2.702702702702703164e+02 1.074763673298550604e+00
2.712712712712713028e+02 1.069729412509906830e+00
2.722722722722722892e+02 1.063359742344434311e+00
2.732732732732732757e+02 1.055413919556412505e+00
2.742742742742743189e+02 1.043641309186284616e+00
2.752752752752753054e+02 1.036726537643891444e+00
2.762762762762762918e+02 1.029058130707021457e+00
2.772772772772772782e+02 1.024731002775761679e+00
2.782782782782783215e+02 1.017774628645254698e+00
2.792792792792793080e+02 1.007646192317207534e+00
2.802802802802802944e+02 9.992502465853180249e-01
2.812812812812812808e+02 9.944873668836989866e-01
2.822822822822823241e+02 9.920093171193901105e-01
2.832832832832833105e+02 9.853034030635644536e-01
2.842842842842842970e+02 9.787947483260469594e-01
2.852852852852852834e+02 9.705258061984232132e-01
2.862862862862863267e+02 9.664044956682894538e-01
2.872872872872873131e+02 9.615234268810103346e-01
2.882882882882882996e+02 9.545588143730827646e-01
2.892892892892893428e+02 9.523214988276296200e-01
2.902902902902903293e+02 9.446802346144985707e-01
2.912912912912913157e+02 9.407699351245825126e-01
2.922922922922923021e+02 9.341572577254687593e-01
2.932932932932933454e+02 9.307002564762858476e-01
2.942942942942943318e+02 9.263371767482214691e-01
2.952952952952953183e+02 9.232854217029652366e-01
2.962962962962963047e+02 9.151675281928909333e-01
2.972972972972973480e+02 9.102921105445734851e-01
2.982982982982983344e+02 9.055019289005599159e-01
2.992992992992993209e+02 8.971076643488060665e-01
3.003003003003003073e+02 8.909710010476574737e-01
3.013013013013013506e+02 8.839266175741979925e-01
3.023023023023023370e+02 8.783254275127506672e-01
3.033033033033033234e+02 8.739306640889854538e-01
3.043043043043043099e+02 8.699452862146256349e-01
3.053053053053053532e+02 8.668105379495337770e-01
3.063063063063063396e+02 8.582213560642786288e-01
3.073073073073073260e+02 8.536680620227379279e-01
3.083083083083083125e+02 8.475263300541517886e-01
3.093093093093093557e+02 8.407339564024558509e-01
3.103103103103103422e+02 8.370425709280560067e-01
3.113113113113113286e+02 8.360768342710671597e-01
3.123123123123123150e+02 8.340022325207239184e-01
3.133133133133133583e+02 8.306867949483764946e-01
3.143143143143143448e+02 8.279838834080163190e-01
3.153153153153153312e+02 8.246166106234145143e-01
3.163163163163163176e+02 8.178133669566293174e-01
3.173173173173173609e+02 8.142584153476613018e-01
3.183183183183183473e+02 8.046154397142402104e-01
3.193193193193193338e+02 8.008746958875163635e-01
3.203203203203203202e+02 7.958362509170514576e-01
3.213213213213213635e+02 7.930170240414464722e-01
3.223223223223223499e+02 7.886783233350989075e-01
3.233233233233233364e+02 7.844196100882062650e-01
3.243243243243243796e+02 7.795027383750848804e-01
3.253253253253253661e+02 7.741533127531482483e-01
3.263263263263263525e+02 7.705135013977242320e-01
3.273273273273273389e+02 7.666904152210507473e-01
3.283283283283283822e+02 7.624398271195524934e-01
3.293293293293293686e+02 7.586791653884427111e-01
3.303303303303303551e+02 7.559341149942052640e-01
3.313313313313313415e+02 7.513082478783561502e-01
3.323323323323323848e+02 7.459411576330351457e-01
3.333333333333333712e+02 7.399177211403450416e-01
3.343343343343343577e+02 7.334701053823944328e-01
3.353353353353353441e+02 7.291871630218759170e-01
3.363363363363363874e+02 7.213471727043179182e-01
3.373373373373373738e+02 7.154226867599422501e-01
3.383383383383383602e+02 7.093280013305366394e-01
3.393393393393393467e+02 7.072024012442318375e-01
3.403403403403403900e+02 7.039252182134313474e-01
3.413413413413413764e+02 6.972487257821166073e-01
3.423423423423423628e+02 6.921964683125503282e-01
3.433433433433433493e+02 6.903286346289294606e-01
3.443443443443443925e+02 6.864041705218703049e-01
3.453453453453453790e+02 6.831393501924859502e-01
3.463463463463463654e+02 6.814287376085715886e-01
3.473473473473473518e+02 6.750499733196955177e-01
3.483483483483483951e+02 6.683518685873375276e-01
3.493493493493493816e+02 6.662770648774535287e-01
3.503503503503503680e+02 6.614660240144999426e-01
3.513513513513513544e+02 6.526590206641520453e-01
3.523523523523523977e+02 6.507612161029244779e-01
3.533533533533533841e+02 6.491260852668765402e-01
3.543543543543543706e+02 6.449926399430457868e-01
3.553553553553554138e+02 6.415116895068405656e-01
3.563563563563564003e+02 6.365389751279952879e-01
3.573573573573573867e+02 6.337621851185448740e-01
3.583583583583583732e+02 6.292733697097681045e-01
3.593593593593594164e+02 6.261334244686560524e-01
3.603603603603604029e+02 6.247606529238555195e-01
3.613613613613613893e+02 6.226381992754825845e-01
3.623623623623623757e+02 6.189761067809563810e-01
3.633633633633634190e+02 6.163513984623228970e-01
3.643643643643644054e+02 6.125591763622280084e-01
3.653653653653653919e+02 6.075138930456236430e-01
3.663663663663663783e+02 6.031924068915784920e-01
3.673673673673674216e+02 5.989393100600818309e-01
3.683683683683684080e+02 5.971478631176724283e-01
3.693693693693693945e+02 5.943671843234891172e-01
3.703703703703703809e+02 5.925609309305647221e-01
3.713713713713714242e+02 5.880905455348756083e-01
3.723723723723724106e+02 5.808506685151796356e-01
3.733733733733733970e+02 5.779970507529825774e-01
3.743743743743743835e+02 5.763205197414479342e-01
3.753753753753754268e+02 5.714798046750059202e-01
3.763763763763764132e+02 5.684294723084535317e-01
3.773773773773773996e+02 5.656038586840046456e-01
3.783783783783783861e+02 5.624637487493828747e-01
3.793793793793794293e+02 5.606821938327887223e-01
3.803803803803804158e+02 5.572824183646428731e-01
3.813813813813814022e+02 5.552943149592473038e-01
3.823823823823823886e+02 5.537481733804182626e-01
3.833833833833834319e+02 5.523517498116775615e-01
3.843843843843844184e+02 5.458887080664607261e-01
3.853853853853854048e+02 5.430706467283931138e-01
3.863863863863864481e+02 5.417088463916411856e-01
3.873873873873874345e+02 5.381877224074710364e-01
3.883883883883884209e+02 5.358263024821215970e-01
3.893893893893894074e+02 5.321922580626199384e-01
3.903903903903904506e+02 5.304456160353422378e-01
3.913913913913914371e+02 5.287378675721740029e-01
3.923923923923924235e+02 5.246879542704355748e-01
3.933933933933934100e+02 5.204067425125146196e-01
3.943943943943944532e+02 5.152053481296703374e-01
3.953953953953954397e+02 5.097826938074337955e-01
3.963963963963964261e+02 5.068568204714863912e-01
3.973973973973974125e+02 5.033050561073442175e-01
3.983983983983984558e+02 4.999023534972612537e-01
3.993993993993994422e+02 4.944822483248296763e-01
4.004004004004004287e+02 4.919218061896116212e-01
4.014014014014014151e+02 4.873621300019180813e-01
4.024024024024024584e+02 4.850074851043874036e-01
4.034034034034034448e+02 4.820677614596804439e-01
4.044044044044044313e+02 4.811152560342363826e-01
4.054054054054054177e+02 4.797476655414112390e-01
4.064064064064064610e+02 4.777436030834418812e-01
4.074074074074074474e+02 4.707226796539886182e-01
4.084084084084084338e+02 4.672906557341681699e-01
4.094094094094094203e+02 4.636672098843762635e-01
4.104104104104104636e+02 4.612557334038008272e-01
4.114114114114114500e+02 4.597774942814862875e-01
4.124124124124124364e+02 4.564520538728841226e-01
4.134134134134134229e+02 4.535889095061790832e-01
4.144144144144144661e+02 4.490601971775330936e-01
4.154154154154154526e+02 4.476434202548448815e-01
4.164164164164164390e+02 4.448360589590143466e-01
4.174174174174174823e+02 4.411113903107419243e-01
4.184184184184184687e+02 4.389067116420028447e-01
4.194194194194194552e+02 4.354997310590508208e-01
4.204204204204204416e+02 4.334451973299487393e-01
4.214214214214214849e+02 4.303477696619723014e-01
4.224224224224224713e+02 4.290790731319997775e-01
4.234234234234234577e+02 4.250766011083527141e-01
4.244244244244244442e+02 4.209791582128351584e-01
4.254254254254254874e+02 4.200017654633875219e-01
4.264264264264264739e+02 4.172381342290111816e-01
4.274274274274274603e+02 4.143832701715857714e-01
4.284284284284284468e+02 4.130140609754189285e-01
4.294294294294294900e+02 4.120169527171074764e-01
4.304304304304304765e+02 4.067003408171303569e-01
4.314314314314314629e+02 4.036871970092404394e-01
4.324324324324324493e+02 4.012721283617822765e-01
4.334334334334334926e+02 4.000935367456057157e-01
4.344344344344344790e+02 3.963590174227620277e-01
4.354354354354354655e+02 3.961461138856094411e-01
4.364364364364364519e+02 3.941008803793422111e-01
4.374374374374374952e+02 3.923850141208763409e-01
4.384384384384384816e+02 3.895930482340848600e-01
4.394394394394394681e+02 3.884603496005605283e-01
4.404404404404404545e+02 3.872627864172145662e-01
4.414414414414414978e+02 3.837627556067350620e-01
4.424424424424424842e+02 3.812253914459571291e-01
4.434434434434434706e+02 3.789877425125214860e-01
4.444444444444444571e+02 3.741093823979947386e-01
4.454454454454455004e+02 3.720467770500258675e-01
4.464464464464464868e+02 3.692494079606517543e-01
4.474474474474474732e+02 3.677392367266030804e-01
4.484484484484485165e+02 3.623118480883275594e-01
4.494494494494495029e+02 3.603014284091194397e-01
4.504504504504504894e+02 3.567350193829889049e-01
4.514514514514514758e+02 3.552509574081893495e-01
4.524524524524525191e+02 3.503437449514862356e-01
4.534534534534535055e+02 3.497816363007260620e-01
4.544544544544544920e+02 3.483891992387638248e-01
4.554554554554554784e+02 3.469676684924745680e-01
4.564564564564565217e+02 3.458135939544521031e-01
4.574574574574575081e+02 3.418964393544693392e-01
4.584584584584584945e+02 3.408091293949399025e-01
4.594594594594594810e+02 3.396336439346940850e-01
4.604604604604605242e+02 3.359647259337425473e-01
4.614614614614615107e+02 3.332609157249184495e-01
4.624624624624624971e+02 3.304790416350843474e-01
4.634634634634634835e+02 3.282748383330402198e-01
4.644644644644645268e+02 3.275442458200016338e-01
4.654654654654655133e+02 3.261974677592771044e-01
4.664664664664664997e+02 3.232573645777623850e-01
4.674674674674674861e+02 3.215095018012203987e-01
4.684684684684685294e+02 3.182656076894571084e-01
4.694694694694695158e+02 3.164531007375572247e-01
4.704704704704705023e+02 3.152810227360418605e-01
4.714714714714714887e+02 3.142023450767987280e-01
4.724724724724725320e+02 3.134130266878350501e-01
4.734734734734735184e+02 3.099332971984936069e-01
4.744744744744745049e+02 3.107930403984897061e-01
4.754754754754754913e+02 3.099431784103119369e-01
4.764764764764765346e+02 3.076280099223681064e-01
4.774774774774775210e+02 3.038249687353308248e-01
4.784784784784785074e+02 3.027664444493651241e-01
4.794794794794794939e+02 3.018433154304041022e-01
4.804804804804805372e+02 3.005693933778879057e-01
4.814814814814815236e+02 2.994494029336755014e-01
4.824824824824825100e+02 2.983480876671548154e-01
4.834834834834835533e+02 2.977719828539719393e-01
4.844844844844845397e+02 2.939771590312745264e-01
4.854854854854855262e+02 2.928813987707121202e-01
4.864864864864865126e+02 2.902087273081014329e-01
4.874874874874875559e+02 2.888019694918989577e-01
4.884884884884885423e+02 2.878192861733404051e-01
4.894894894894895288e+02 2.857049332335630520e-01
4.904904904904905152e+02 2.846428782022477066e-01
4.914914914914915585e+02 2.817576111882835188e-01
4.924924924924925449e+02 2.792724767633019689e-01
4.934934934934935313e+02 2.764272910768703073e-01
4.944944944944945178e+02 2.756920049111352689e-01
4.954954954954955610e+02 2.747281176099651279e-01
4.964964964964965475e+02 2.732254376530918183e-01
4.974974974974975339e+02 2.722228962464562918e-01
4.984984984984985203e+02 2.712176353331720580e-01
4.994994994994995636e+02 2.690265289031124607e-01
5.005005005005005501e+02 2.684028380796654178e-01
5.015015015015015365e+02 2.676254927819113894e-01
5.025025025025025229e+02 2.668525893129556903e-01
5.035035035035035662e+02 2.656636783150104208e-01
5.045045045045045526e+02 2.646834082509005315e-01
5.055055055055055391e+02 2.637310132104118132e-01
5.065065065065065255e+02 2.614696027851688975e-01
5.075075075075075688e+02 2.605973259226974093e-01
5.085085085085085552e+02 2.597452716281065110e-01
5.095095095095095417e+02 2.582179087151661445e-01
5.105105105105105281e+02 2.571946437563487620e-01
5.115115115115115714e+02 2.562501308915001719e-01
5.125125125125125578e+02 2.537360266096091443e-01
5.135135135135135442e+02 2.496800759040807560e-01
5.145145145145145307e+02 2.486373291516440209e-01
5.155155155155155171e+02 2.469234187284201909e-01
5.165165165165166172e+02 2.458136506369960339e-01
5.175175175175176037e+02 2.431567056056057330e-01
5.185185185185185901e+02 2.422864568455890821e-01
5.195195195195195765e+02 2.415424302363459175e-01
5.205205205205205630e+02 2.395059464533158267e-01
5.215215215215215494e+02 2.385876303938251897e-01
5.225225225225225358e+02 2.387458730762327119e-01
5.235235235235235223e+02 2.376577639377781548e-01
5.245245245245246224e+02 2.369215678832971572e-01
5.255255255255256088e+02 2.361025604626763863e-01
5.265265265265265953e+02 2.347430114756092201e-01
5.275275275275275817e+02 2.338850014957181978e-01
5.285285285285285681e+02 2.330805149715328706e-01
5.295295295295295546e+02 2.320420841684706637e-01
5.305305305305305410e+02 2.294905744410804249e-01
5.315315315315315274e+02 2.284176567286445581e-01
5.325325325325326276e+02 2.276329954301758995e-01
5.335335335335336140e+02 2.268304558058940601e-01
5.345345345345346004e+02 2.260751765288666615e-01
5.355355355355355869e+02 2.240386541621301186e-01
5.365365365365365733e+02 2.232473852327724051e-01
5.375375375375375597e+02 2.224760471069784362e-01
5.385385385385385462e+02 2.215944787486305301e-01
5.395395395395395326e+02 2.208545996373957876e-01
5.405405405405406327e+02 2.201067116204823981e-01
5.415415415415416192e+02 2.167915052311837898e-01
5.425425425425426056e+02 2.160345225724114859e-01
5.435435435435435920e+02 2.140841099522359514e-01
5.445445445445445785e+02 2.134281582102853236e-01
5.455455455455455649e+02 2.127886216046696866e-01
5.465465465465465513e+02 2.112826440900640590e-01
5.475475475475476514e+02 2.105447121891754481e-01
5.485485485485486379e+02 2.093895397813079484e-01
5.495495495495496243e+02 2.086128256973422690e-01
5.505505505505506108e+02 2.079065343411042599e-01
5.515515515515515972e+02 2.071723028895960383e-01
5.525525525525525836e+02 2.063537907182108055e-01
5.535535535535535701e+02 2.056503759510175111e-01
5.545545545545545565e+02 2.045954243986022048e-01
5.555555555555556566e+02 2.039047906399764354e-01
5.565565565565566430e+02 2.032986799072452888e-01
5.575575575575576295e+02 2.025270214231776611e-01
5.585585585585586159e+02 2.017847471335580123e-01
5.595595595595596023e+02 2.018123135242067545e-01
5.605605605605605888e+02 2.012532630132862765e-01
5.615615615615615752e+02 2.000346474761504623e-01
5.625625625625625617e+02 1.993533657641803070e-01
5.635635635635636618e+02 1.986417209353261992e-01
5.645645645645646482e+02 1.983687402695004653e-01
5.655655655655656346e+02 1.976119064007968718e-01
5.665665665665666211e+02 1.964762897191902891e-01
5.675675675675676075e+02 1.958076771401764948e-01
5.685685685685685939e+02 1.951231103886001128e-01
5.695695695695695804e+02 1.927029625549972758e-01
5.705705705705705668e+02 1.920844378861043256e-01
5.715715715715716669e+02 1.919016559521496690e-01
5.725725725725726534e+02 1.912174770552439451e-01
5.735735735735736398e+02 1.895084082441327866e-01
5.745745745745746262e+02 1.875110471597844497e-01
5.755755755755756127e+02 1.867961226933317898e-01
5.765765765765765991e+02 1.846528770728036728e-01
5.775775775775775855e+02 1.840698954939444243e-01
5.785785785785786857e+02 1.822564859687979266e-01
5.795795795795796721e+02 1.816141060212271285e-01
5.805805805805806585e+02 1.809710733259944082e-01
5.815815815815816450e+02 1.802408822909141173e-01
5.825825825825826314e+02 1.797335196179026817e-01
5.835835835835836178e+02 1.790265551435175628e-01
5.845845845845846043e+02 1.784427635744566532e-01
5.855855855855855907e+02 1.770802115640244256e-01
5.865865865865866908e+02 1.764463739625345695e-01
5.875875875875876773e+02 1.759332011231514448e-01
5.885885885885886637e+02 1.753433605883872037e-01
5.895895895895896501e+02 1.743824657732251371e-01
5.905905905905906366e+02 1.734786449947827713e-01
5.915915915915916230e+02 1.728741366281257019e-01
5.925925925925926094e+02 1.723058205699752876e-01
5.935935935935935959e+02 1.716741265001349437e-01
5.945945945945946960e+02 1.705949512308270744e-01
5.955955955955956824e+02 1.700388607318709666e-01
5.965965965965966689e+02 1.694219547755419220e-01
5.975975975975976553e+02 1.688516103983310201e-01
5.985985985985986417e+02 1.681416803410299698e-01
5.995995995995996282e+02 1.678454984620433299e-01
6.006006006006006146e+02 1.665641007592611189e-01
6.016016016016016010e+02 1.659298022594688782e-01
6.026026026026027012e+02 1.653578418196574584e-01
6.036036036036036876e+02 1.647998770353026332e-01
6.046046046046046740e+02 1.644038156694665742e-01
6.056056056056056605e+02 1.635110507188783646e-01
6.066066066066066469e+02 1.629273040631501746e-01
6.076076076076076333e+02 1.626649028872806657e-01
6.086086086086086198e+02 1.601772900600386684e-01
6.096096096096097199e+02 1.565191048922313088e-01
6.106106106106107063e+02 1.553167474354873734e-01
6.116116116116116928e+02 1.547494513759437862e-01
6.126126126126126792e+02 1.527644958554693067e-01
6.136136136136136656e+02 1.520878286577120875e-01
6.146146146146146521e+02 1.512511205659194113e-01
6.156156156156156385e+02 1.511698946805113131e-01
6.166166166166166249e+02 1.504774927752055846e-01
6.176176176176177250e+02 1.499883791764435315e-01
6.186186186186187115e+02 1.493193037206309581e-01
6.196196196196196979e+02 1.488003061290079088e-01
6.206206206206206843e+02 1.479193214279219681e-01
6.216216216216216708e+02 1.473451473665205458e-01
6.226226226226226572e+02 1.469189431836880055e-01
6.236236236236236437e+02 1.462657022452271693e-01
6.246246246246246301e+02 1.457627624171930203e-01
6.256256256256257302e+02 1.452645896280129745e-01
6.266266266266267166e+02 1.445400710216646345e-01
6.276276276276277031e+02 1.438157530999303324e-01
6.286286286286286895e+02 1.398269441256400902e-01
6.296296296296296759e+02 1.377156432486600079e-01
6.306306306306306624e+02 1.350632227226016835e-01
6.316316316316316488e+02 1.328606725330564176e-01
6.326326326326326353e+02 1.322101771350162325e-01
6.336336336336337354e+02 1.309370561894534213e-01
6.346346346346347218e+02 1.304410129092114234e-01
6.356356356356357082e+02 1.299191179242057126e-01
6.366366366366366947e+02 1.294190733122971004e-01
6.376376376376376811e+02 1.289003798379826093e-01
6.386386386386386675e+02 1.284202851656001676e-01
6.396396396396396540e+02 1.270808641910780024e-01
6.406406406406406404e+02 1.264254794480659527e-01
6.416416416416417405e+02 1.258245602018642773e-01
6.426426426426427270e+02 1.253430332374099732e-01
6.436436436436437134e+02 1.248460743508779114e-01
6.446446446446446998e+02 1.243330552206626388e-01
6.456456456456456863e+02 1.250399530048619534e-01
6.466466466466466727e+02 1.245815042682858198e-01
6.476476476476476591e+02 1.241313730556156403e-01
6.486486486486487593e+02 1.236899392300787881e-01
6.496496496496497457e+02 1.231497657363147813e-01
6.506506506506507321e+02 1.226603931677889697e-01
6.516516516516517186e+02 1.213067056434867091e-01
6.526526526526527050e+02 1.193735964060256699e-01
6.536536536536536914e+02 1.188391697124760032e-01
6.546546546546546779e+02 1.195777577657430868e-01
6.556556556556556643e+02 1.190665058909922691e-01
6.566566566566567644e+02 1.185602892051385998e-01
6.576576576576577509e+02 1.182039858355767581e-01
6.586586586586587373e+02 1.177436332398135166e-01
6.596596596596597237e+02 1.172522923894306207e-01
6.606606606606607102e+02 1.156341740533100848e-01
6.616616616616616966e+02 1.152203382886945737e-01
6.626626626626626830e+02 1.149281955590672061e-01
6.636636636636636695e+02 1.145097069190873368e-01
6.646646646646647696e+02 1.140630828147475434e-01
6.656656656656657560e+02 1.136059032259126161e-01
6.666666666666667425e+02 1.131023806591234665e-01
6.676676676676677289e+02 1.124571156739642419e-01
6.686686686686687153e+02 1.120343891619466625e-01
6.696696696696697018e+02 1.100743232337386968e-01
6.706706706706706882e+02 1.097119291966307808e-01
6.716716716716716746e+02 1.092661830153931063e-01
6.726726726726727748e+02 1.087927040186526251e-01
6.736736736736737612e+02 1.094195479890097272e-01
6.746746746746747476e+02 1.092437112055440196e-01
6.756756756756757341e+02 1.087859614811926418e-01
6.766766766766767205e+02 1.081410631675202988e-01
6.776776776776777069e+02 1.077511955595340520e-01
6.786786786786786934e+02 1.073560494125062048e-01
6.796796796796797935e+02 1.069591143206089362e-01
6.806806806806807799e+02 1.061404235603243124e-01
6.816816816816817663e+02 1.056768413063259998e-01
6.826826826826827528e+02 1.052438269921669861e-01
6.836836836836837392e+02 1.048451516256393573e-01
6.846846846846847257e+02 1.045108287092704619e-01
6.856856856856857121e+02 1.040685590936647614e-01
6.866866866866866985e+02 1.036494475829801282e-01
6.876876876876877986e+02 1.030254960777955975e-01
6.886886886886887851e+02 1.026059916225403046e-01
6.896896896896897715e+02 1.022284036229881010e-01
6.906906906906907579e+02 1.017907600268382201e-01
6.916916916916917444e+02 1.013629248356461843e-01
6.926926926926927308e+02 1.009534340324574758e-01
6.936936936936937173e+02 1.005514761703462240e-01
6.946946946946947037e+02 1.001752304461781540e-01
6.956956956956958038e+02 9.961837153635356990e-02
6.966966966966967902e+02 9.881941448853061305e-02
6.976976976976977767e+02 9.841499902643431608e-02
6.986986986986987631e+02 9.824143803554528931e-02
6.996996996996997495e+02 9.783245008545934929e-02
7.007007007007007360e+02 9.754818932769999951e-02
7.017017017017017224e+02 9.713252913349103290e-02
7.027027027027027088e+02 9.676169138073160980e-02
7.037037037037038090e+02 9.486335358613669222e-02
7.047047047047047954e+02 9.449614437556644320e-02
7.057057057057057818e+02 9.408084629523100206e-02
7.067067067067067683e+02 9.547227184226302066e-02
7.077077077077077547e+02 9.507412449060508031e-02
7.087087087087087411e+02 9.469198290551933406e-02
7.097097097097097276e+02 9.432761903757920507e-02
7.107107107107108277e+02 9.396209083831275066e-02
7.117117117117118141e+02 9.361750198742053997e-02
7.127127127127128006e+02 9.333924548139101163e-02
7.137137137137137870e+02 9.305921051664153842e-02
7.147147147147147734e+02 9.386539511208827347e-02
7.157157157157157599e+02 9.338051630300170380e-02
7.167167167167167463e+02 9.307227586292862731e-02
7.177177177177177327e+02 9.310130611986143501e-02
7.187187187187188329e+02 9.100070585345297614e-02
7.197197197197198193e+02 9.067174365933904079e-02
7.207207207207208057e+02 9.031080600525014102e-02
7.217217217217217922e+02 9.052030610608650940e-02
7.227227227227227786e+02 9.019793949154994439e-02
7.237237237237237650e+02 8.985247009184549327e-02
7.247247247247247515e+02 8.952665409932047957e-02
7.257257257257257379e+02 8.890727580132362640e-02
7.267267267267268380e+02 8.838949827721173658e-02
7.277277277277278245e+02 8.817096201362775720e-02
7.287287287287288109e+02 8.880945347006981294e-02
7.297297297297297973e+02 8.844959954156328408e-02
7.307307307307307838e+02 8.839523605671541218e-02
7.317317317317317702e+02 8.775048455024481164e-02
7.327327327327327566e+02 8.735161272260071053e-02
7.337337337337337431e+02 8.700971523446515699e-02
7.347347347347348432e+02 8.666331940242005816e-02
7.357357357357358296e+02 8.637229749113853328e-02
7.367367367367368161e+02 8.605712787258965046e-02
7.377377377377378025e+02 8.576781571976105356e-02
7.387387387387387889e+02 8.544029184073181904e-02
7.397397397397397754e+02 8.510003824812539808e-02
7.407407407407407618e+02 8.456498721892109771e-02
7.417417417417418619e+02 8.426615234328105331e-02
7.427427427427428483e+02 8.394461787778621786e-02
7.437437437437438348e+02 8.364863341959649645e-02
7.447447447447448212e+02 8.334779077393990321e-02
7.457457457457458077e+02 8.305193679269141926e-02
7.467467467467467941e+02 8.273126426073913742e-02
7.477477477477477805e+02 8.232796659809211992e-02
7.487487487487487670e+02 8.210273385543477576e-02
7.497497497497498671e+02 8.188945027494132223e-02
7.507507507507508535e+02 8.161722924718828320e-02
7.517517517517518399e+02 8.146527790869562136e-02
7.527527527527528264e+02 8.117432952115084810e-02
7.537537537537538128e+02 8.093570236181416022e-02
7.547547547547547993e+02 8.040577154137362736e-02
7.557557557557557857e+02 8.021548110458973091e-02
7.567567567567567721e+02 7.993946370132136436e-02
7.577577577577578722e+02 7.970239475310891830e-02
7.587587587587588587e+02 7.938188201102595876e-02
7.597597597597598451e+02 7.830184357135236417e-02
7.607607607607608315e+02 7.789203383474792297e-02
7.617617617617618180e+02 7.633398468598867614e-02
7.627627627627628044e+02 7.613682373075812693e-02
7.637637637637637908e+02 7.579603327302111837e-02
7.647647647647647773e+02 7.550121556126378197e-02
7.657657657657658774e+02 7.522628803874878423e-02
7.667667667667668638e+02 7.499526944480547352e-02
7.677677677677678503e+02 7.469689992652006616e-02
7.687687687687688367e+02 7.458424935447169335e-02
7.697697697697698231e+02 7.449624683894645605e-02
7.707707707707708096e+02 7.422604410276820164e-02
7.717717717717717960e+02 7.406935167815956178e-02
7.727727727727728961e+02 7.376831076320251868e-02
7.737737737737738826e+02 7.313574358887199589e-02
7.747747747747748690e+02 7.290073548368092293e-02
7.757757757757758554e+02 7.248329389029579961e-02
7.767767767767768419e+02 7.219257413608945462e-02
7.777777777777778283e+02 7.191396301685112902e-02
7.787787787787788147e+02 7.058603776692919107e-02
7.797797797797798012e+02 7.028625533736670983e-02
7.807807807807809013e+02 7.001492984012698539e-02
7.817817817817818877e+02 6.974491414942228518e-02
7.827827827827828742e+02 6.867253000906609062e-02
7.837837837837838606e+02 6.833893136783998623e-02
7.847847847847848470e+02 6.810938302094897423e-02
7.857857857857858335e+02 6.784844354770751262e-02
7.867867867867868199e+02 6.758545713362613949e-02
7.877877877877878063e+02 6.732539533236134299e-02
7.887887887887889065e+02 6.706291937735527064e-02
7.897897897897898929e+02 6.679026110066267619e-02
7.907907907907908793e+02 6.549674356038642786e-02
7.917917917917918658e+02 6.345507704529125548e-02
7.927927927927928522e+02 6.313059477646189299e-02
7.937937937937938386e+02 6.302456245223231335e-02
7.947947947947948251e+02 6.282504659496848665e-02
7.957957957957958115e+02 6.256496094819249953e-02
7.967967967967969116e+02 6.242374567412226766e-02
7.977977977977978981e+02 6.231669051243846069e-02
7.987987987987988845e+02 6.200715035619676352e-02
7.997997997997998709e+02 6.175216993473852528e-02
8.008008008008008574e+02 6.150059650932724470e-02
8.018018018018018438e+02 6.107540450996816472e-02
8.028028028028028302e+02 6.095604778137728857e-02
8.038038038038039304e+02 6.072486678226497736e-02
8.048048048048049168e+02 6.049034425884340649e-02
8.058058058058059032e+02 6.024381560283461473e-02
8.068068068068068897e+02 6.002840852108817099e-02
8.078078078078078761e+02 5.978835441293806757e-02
8.088088088088088625e+02 5.912512310880545241e-02
8.098098098098098490e+02 5.889984893950578337e-02
8.108108108108108354e+02 5.864985243170593027e-02
8.118118118118119355e+02 5.840962752400093855e-02
8.128128128128129219e+02 5.819208525856892078e-02
8.138138138138139084e+02 5.815114578431029857e-02
8.148148148148148948e+02 5.791353550452493087e-02
8.158158158158158813e+02 5.777860222820078995e-02
8.168168168168168677e+02 5.749983144693812664e-02
8.178178178178178541e+02 5.775071206751965225e-02
8.188188188188188406e+02 5.752100815293041680e-02
8.198198198198199407e+02 5.721566946375430257e-02
8.208208208208209271e+02 5.690893259624731776e-02
8.218218218218219135e+02 5.669202935061897625e-02
8.228228228228229000e+02 5.645606635431787285e-02
8.238238238238238864e+02 5.622128117550263815e-02
8.248248248248248728e+02 5.619686680164541481e-02
8.258258258258258593e+02 5.598163502822459808e-02
8.268268268268268457e+02 5.575744969575070070e-02
8.278278278278279458e+02 5.580434671406863528e-02
8.288288288288289323e+02 5.564049177823673226e-02
8.298298298298299187e+02 5.555040707566339525e-02
8.308308308308309051e+02 5.373310105072838516e-02
8.318318318318318916e+02 5.349476182626287241e-02
8.328328328328328780e+02 5.258673978162998336e-02
8.338338338338338644e+02 5.239549429267641861e-02
8.348348348348349646e+02 5.213039276694035606e-02
8.358358358358359510e+02 5.193655033431793938e-02
8.368368368368369374e+02 5.242063441471501994e-02
8.378378378378379239e+02 5.216818175618397752e-02
8.388388388388389103e+02 5.197519729140260419e-02
8.398398398398398967e+02 5.173975344088585504e-02
8.408408408408408832e+02 5.157076055409544335e-02
8.418418418418418696e+02 5.132073806655466225e-02
8.428428428428429697e+02 5.110797138018879915e-02
8.438438438438439562e+02 5.147862705909116848e-02
8.448448448448449426e+02 5.135321449866901006e-02
8.458458458458459290e+02 5.128351126724563225e-02
8.468468468468469155e+02 5.119129646091478969e-02
8.478478478478479019e+02 5.149730821447027346e-02
8.488488488488488883e+02 5.132224131928815603e-02
8.498498498498498748e+02 5.105957932939491489e-02
8.508508508508509749e+02 5.091622001034577100e-02
8.518518518518519613e+02 5.068583432108048764e-02
8.528528528528529478e+02 5.046557262074629485e-02
8.538538538538539342e+02 5.024452664400788637e-02
8.548548548548549206e+02 5.002433601726343632e-02
8.558558558558559071e+02 4.986789877451437702e-02
8.568568568568568935e+02 4.963804666775493285e-02
8.578578578578578799e+02 4.941771464775328304e-02
8.588588588588589801e+02 4.905929234585221232e-02
8.598598598598599665e+02 4.878536958123258493e-02
8.608608608608609529e+02 4.862208800558133481e-02
8.618618618618619394e+02 4.890260849987472513e-02
8.628628628628629258e+02 4.876426882265811474e-02
8.638638638638639122e+02 4.769042647209462832e-02
8.648648648648648987e+02 4.770273213351667457e-02
8.658658658658659988e+02 4.770454626254563846e-02
8.668668668668669852e+02 4.665180803139866439e-02
8.678678678678679717e+02 4.643813239771851092e-02
8.688688688688689581e+02 4.622769831260572365e-02
8.698698698698699445e+02 4.548302864750432967e-02
8.708708708708709310e+02 4.597692971571364084e-02
8.718718718718719174e+02 4.559793275473217333e-02
8.728728728728729038e+02 4.539888288669578775e-02
8.738738738738740039e+02 4.501752530742864078e-02
8.748748748748749904e+02 4.493336904488755973e-02
8.758758758758759768e+02 4.482523056932873756e-02
8.768768768768769633e+02 4.463276791788504255e-02
8.778778778778779497e+02 4.456054310702337734e-02
8.788788788788789361e+02 4.446050304142699222e-02
8.798798798798799226e+02 4.483352905148007411e-02
8.808808808808809090e+02 4.455953326088200189e-02
8.818818818818820091e+02 4.442108353336139681e-02
8.828828828828829955e+02 4.418475275481346942e-02
8.838838838838839820e+02 4.271758433113915371e-02
8.848848848848849684e+02 4.246574798424402469e-02
8.858858858858859548e+02 4.229182261014946542e-02
8.868868868868869413e+02 4.209510640720087044e-02
8.878878878878879277e+02 4.191048900407447902e-02
8.888888888888889142e+02 4.173036632608108365e-02
8.898898898898900143e+02 4.156957108849555077e-02
8.908908908908910007e+02 4.133324565309701160e-02
8.918918918918919871e+02 4.113331665298287920e-02
8.928928928928929736e+02 4.094451873405109688e-02
8.938938938938939600e+02 4.075550982170045994e-02
8.948948948948949464e+02 4.060713143642759315e-02
8.958958958958959329e+02 4.051675292447032284e-02
8.968968968968970330e+02 4.032205200798453376e-02
8.978978978978980194e+02 4.014401771910547367e-02
8.988988988988990059e+02 4.002521781872243889e-02
8.998998998998999923e+02 3.986843649449341859e-02
9.009009009009009787e+02 3.959065032858018890e-02
9.019019019019019652e+02 3.937568694152176335e-02
9.029029029029029516e+02 3.920776514731681012e-02
9.039039039039039380e+02 3.907470642029840097e-02
9.049049049049050382e+02 3.885048650868302977e-02
9.059059059059060246e+02 3.868936252966238137e-02
9.069069069069070110e+02 3.850249311962149895e-02
9.079079079079079975e+02 3.832446037851814508e-02
9.089089089089089839e+02 3.814633916574331624e-02
9.099099099099099703e+02 3.995360161619070094e-02
9.109109109109109568e+02 3.986358819907213219e-02
9.119119119119119432e+02 3.969145705662910362e-02
9.129129129129130433e+02 3.963099667388603892e-02
9.139139139139140298e+02 3.943993527804315335e-02
9.149149149149150162e+02 3.926819869587876849e-02
9.159159159159160026e+02 3.921570099332534476e-02
9.169169169169169891e+02 3.902964739431986907e-02
9.179179179179179755e+02 3.883497574966255500e-02
9.189189189189189619e+02 3.865971464687886772e-02
9.199199199199199484e+02 3.853929137872211946e-02
9.209209209209210485e+02 3.834021735541565112e-02
9.219219219219220349e+02 3.685813953636516566e-02
9.229229229229230214e+02 3.677475264214360301e-02
9.239239239239240078e+02 3.659001184352117519e-02
9.249249249249249942e+02 3.661393970630024558e-02
9.259259259259259807e+02 3.648145611802720151e-02
9.269269269269269671e+02 3.560177945802288357e-02
9.279279279279279535e+02 3.546711338745662384e-02
9.289289289289290537e+02 3.558245610066139430e-02
9.299299299299300401e+02 3.542777017001190465e-02
9.309309309309310265e+02 3.557696037769988995e-02
9.319319319319320130e+02 3.539569327250473296e-02
9.329329329329329994e+02 3.495828084974213212e-02
9.339339339339339858e+02 3.541284798285291441e-02
9.349349349349349723e+02 3.534801539334252174e-02
9.359359359359360724e+02 3.522170228391448971e-02
9.369369369369370588e+02 3.545879175101354641e-02
9.379379379379380453e+02 3.537078576191265283e-02
9.389389389389390317e+02 3.518152637230938934e-02
9.399399399399400181e+02 3.503792026457824837e-02
9.409409409409410046e+02 3.487357652867976304e-02
9.419419419419419910e+02 3.480162314389389361e-02
9.429429429429429774e+02 3.465926722272895388e-02
9.439439439439440775e+02 3.452654957880137154e-02
9.449449449449450640e+02 3.436558751526366112e-02
9.459459459459460504e+02 3.420322447758154111e-02
9.469469469469470368e+02 3.425680952345135089e-02
9.479479479479480233e+02 3.610544068862838601e-02
9.489489489489490097e+02 3.597486700983952568e-02
9.499499499499499962e+02 3.578142570209957851e-02
9.509509509509509826e+02 3.559589421089294492e-02
9.519519519519520827e+02 3.518280462046934065e-02
9.529529529529530691e+02 3.500445806882587080e-02
9.539539539539540556e+02 3.493303937871194975e-02
9.549549549549550420e+02 3.480954048981268339e-02
9.559559559559560284e+02 3.510774104714486227e-02
9.569569569569570149e+02 3.502204844500459574e-02
9.579579579579580013e+02 3.391668203140925375e-02
9.589589589589589878e+02 3.373907867488828288e-02
9.599599599599600879e+02 3.369582194917313672e-02
9.609609609609610743e+02 3.349823667459718435e-02
9.619619619619620607e+02 3.328683753160732034e-02
9.629629629629630472e+02 3.325353468871512785e-02
9.639639639639640336e+02 3.312236824806202851e-02
9.649649649649650200e+02 3.302475133902228049e-02
9.659659659659660065e+02 3.284366036209008383e-02
9.669669669669671066e+02 3.317664213435072423e-02
9.679679679679680930e+02 3.300198832346164929e-02
9.689689689689690795e+02 3.284599051460410785e-02
9.699699699699700659e+02 3.270900594636820535e-02
9.709709709709710523e+02 3.257191839221222629e-02
9.719719719719720388e+02 3.275206825769478441e-02
9.729729729729730252e+02 3.260283028697984892e-02
9.739739739739740116e+02 3.215056624716993577e-02
9.749749749749751118e+02 3.203493129294071595e-02
9.759759759759760982e+02 3.175946472748680111e-02
9.769769769769770846e+02 3.257721323556694859e-02
9.779779779779780711e+02 3.244039259184695878e-02
9.789789789789790575e+02 3.232149246446337776e-02
9.799799799799800439e+02 3.218237698975290328e-02
9.809809809809810304e+02 3.213379835435171972e-02
9.819819819819820168e+02 3.195263897199909081e-02
9.829829829829831169e+02 3.183255381029599651e-02
9.839839839839841034e+02 3.170617796933810489e-02
9.849849849849850898e+02 3.157238111958779458e-02
9.859859859859860762e+02 3.145772222116586386e-02
9.869869869869870627e+02 3.133114539553833594e-02
9.879879879879880491e+02 3.126798670258786744e-02
9.889889889889890355e+02 3.114223681229985954e-02
9.899899899899900220e+02 3.101738494812881358e-02
9.909909909909911221e+02 3.096834544056189034e-02
9.919919919919921085e+02 3.083185604088088672e-02
9.929929929929930950e+02 3.070005080785655899e-02
9.939939939939940814e+02 3.058350147970895910e-02
9.949949949949950678e+02 3.041771350380623878e-02
9.959959959959960543e+02 3.015471486535493961e-02
9.969969969969970407e+02 3.002219103371571787e-02
9.979979979979981408e+02 2.986263453690482517e-02
9.989989989989991273e+02 2.976883189759217327e-02
1.000000000000000000e+03 2.963310691252111703e-02
