0.00000000 7.00000000 0.00000102
1.00050025 7.14413593 0.14689343
2.00100050 6.99014985 0.20946036
3.00150075 6.91518936 0.25182671
4.00200100 6.93760851 0.32522542
5.00250125 6.84862514 0.36405041
6.00300150 6.83535949 0.45357627
7.00350175 6.75484437 0.47408200
8.00400200 6.67115832 0.48162516
9.00450225 6.65467253 0.50321716
10.00500250 6.60848649 0.56294269
11.00550275 6.57229821 0.59788486
12.00600300 6.53676590 0.64252851
13.00650325 6.48237127 0.65321604
14.00700350 6.43819646 0.67935742
15.00750375 6.41013709 0.68479419
16.00800400 6.35854268 0.69515626
17.00850425 6.33394621 0.73457331
18.00900450 6.29827467 0.76679365
19.00950475 6.27583919 0.77746656
20.01000500 6.23871712 0.79592803
21.01050525 6.18587952 0.81755785
22.01100550 6.16031271 0.83986275
23.01150575 6.13399447 0.86603395
24.01200600 6.11760445 0.87912490
25.01250625 6.08402602 0.87703300
26.01300650 6.06407650 0.89248912
27.01350675 6.02770338 0.90564851
28.01400700 6.00277847 0.91916006
29.01450725 5.97744540 0.92680952
30.01500750 5.95612283 0.93738431
31.01550775 5.93170919 0.95734520
32.01600800 5.90278789 0.96536217
33.01650825 5.87639007 0.98390264
34.01700850 5.84085230 0.97842498
35.01750875 5.80140930 1.00919632
36.01800900 5.78143735 1.02477107
37.01850925 5.74550901 1.04709179
38.01900950 5.73410591 1.05557974
39.01950975 5.68477649 1.07786652
40.02001001 5.67043148 1.09391617
41.02051026 5.63199891 1.11427061
42.02101051 5.60503507 1.14460335
43.02151076 5.58277396 1.14426410
44.02201101 5.54901940 1.16152739
45.02251126 5.52092091 1.18994080
46.02301151 5.50785426 1.20114731
47.02351176 5.48789653 1.21632995
48.02401201 5.46462749 1.22784009
49.02451226 5.44180962 1.23759231
50.02501251 5.42541866 1.24858456
51.02551276 5.39393357 1.25499733
52.02601301 5.34957549 1.27163718
53.02651326 5.32748927 1.29995428
54.02701351 5.29927624 1.32892640
55.02751376 5.27067836 1.34059552
56.02801401 5.23313609 1.35096449
57.02851426 5.21942552 1.36072310
58.02901451 5.20545372 1.37296286
59.02951476 5.18680345 1.38248046
60.03001501 5.17029086 1.38931981
61.03051526 5.15311418 1.40546230
62.03101551 5.13416687 1.40667529
63.03151576 5.11641763 1.41867804
64.03201601 5.08704087 1.42971451
65.03251626 5.07769169 1.42927585
66.03301651 5.05805111 1.44537752
67.03351676 5.03084711 1.47185541
68.03401701 4.99872256 1.47566821
69.03451726 4.97812049 1.49088511
70.03501751 4.95550968 1.49453399
71.03551776 4.94154824 1.50036959
72.03601801 4.92416330 1.51195545
73.03651826 4.90671227 1.52428357
74.03701851 4.88873927 1.53148173
75.03751876 4.86965361 1.53354279
76.03801901 4.84353913 1.54534336
77.03851926 4.82264275 1.54405995
78.03901951 4.80843034 1.55486873
79.03951976 4.79120176 1.56955256
80.04002001 4.77583698 1.57835749
81.04052026 4.76367440 1.58233598
82.04102051 4.74798265 1.58510435
83.04152076 4.72732154 1.59287889
84.04202101 4.71607051 1.59946131
85.04252126 4.68585986 1.61255577
86.04302151 4.67302163 1.61760834
87.04352176 4.65465914 1.62788376
88.04402201 4.63255618 1.63310468
89.04452226 4.62237323 1.63735226
90.04502251 4.60014336 1.64218762
91.04552276 4.58570411 1.65260281
92.04602301 4.56854830 1.66131332
93.04652326 4.54718238 1.67102404
94.04702351 4.53709039 1.68080533
95.04752376 4.52347853 1.69106371
96.04802401 4.51384303 1.69282735
97.04852426 4.49645347 1.69859625
98.04902451 4.47787979 1.71069356
99.04952476 4.47570714 1.71366863
100.05002501 4.44993268 1.72244264
101.05052526 4.43019581 1.73879765
102.05102551 4.41158375 1.75448109
103.05152576 4.38506189 1.77608593
104.05202601 4.36701401 1.77721619
105.05252626 4.34644159 1.79090781
106.05302651 4.33370881 1.78824318
107.05352676 4.32500240 1.78885573
108.05402701 4.30778464 1.79836702
109.05452726 4.29363513 1.80078888
110.05502751 4.27431567 1.80486568
111.05552776 4.25536740 1.81131703
112.05602801 4.23335379 1.81963148
113.05652826 4.22004406 1.83197090
114.05702851 4.20709045 1.84289214
115.05752876 4.19245406 1.84944004
116.05802901 4.17027942 1.85287766
117.05852926 4.14276543 1.85298661
118.05902951 4.14019401 1.85621399
119.05952976 4.12782261 1.86336809
120.06003002 4.10225399 1.85587378
121.06053027 4.09026872 1.86003299
122.06103052 4.06781191 1.87183245
123.06153077 4.03986551 1.87319427
124.06203102 4.03330898 1.88008607
125.06253127 4.01821464 1.88559653
126.06303152 3.99494150 1.88966149
127.06353177 3.97773437 1.90479347
128.06403202 3.96945919 1.90871618
129.06453227 3.95329787 1.91081599
130.06503252 3.93206373 1.91202344
131.06553277 3.91633220 1.91401973
132.06603302 3.89956939 1.92348924
133.06653327 3.87118171 1.92536997
134.06703352 3.83980744 1.93835978
135.06753377 3.82058558 1.95081261
136.06803402 3.80042914 1.95397392
137.06853427 3.79029794 1.95593373
138.06903452 3.77681728 1.96533501
139.06953477 3.76952180 1.97329528
140.07003502 3.73571037 1.97288317
141.07053527 3.72219559 1.96747678
142.07103552 3.69992666 1.96844697
143.07153577 3.68720622 1.97474016
144.07203602 3.67066737 1.98663481
145.07253627 3.65081279 1.99317828
146.07303652 3.63464757 2.00167350
147.07353677 3.60544938 2.00666724
148.07403702 3.59886080 2.01881182
149.07453727 3.58771052 2.02047353
150.07503752 3.56504765 2.02849767
151.07553777 3.55050091 2.02782933
152.07603802 3.52474531 2.03332294
153.07653827 3.51909646 2.03330646
154.07703852 3.50311403 2.02874150
155.07753877 3.47637704 2.01852692
156.07803902 3.45989576 2.01806522
157.07853927 3.44550091 2.01454348
158.07903952 3.42278776 2.00936524
159.07953977 3.41603846 2.01002195
160.08004002 3.40336114 2.01826832
161.08054027 3.38835091 2.02411410
162.08104052 3.37389565 2.01972339
163.08154077 3.35851880 2.02206614
164.08204102 3.34074859 2.02563988
165.08254127 3.32653078 2.02612394
166.08304152 3.31395344 2.02676656
167.08354177 3.29004399 2.02603122
168.08404202 3.27711399 2.03328568
169.08454227 3.25583395 2.03854000
170.08504252 3.23735054 2.03498763
171.08554277 3.22172327 2.03874185
172.08604302 3.21211927 2.04425448
173.08654327 3.18313434 2.03726394
174.08704352 3.18108000 2.03896059
175.08754377 3.15858635 2.04184526
176.08804402 3.14102675 2.04364165
177.08854427 3.11819969 2.04776801
178.08904452 3.09751829 2.04607498
179.08954477 3.09967729 2.04857132
180.09004502 3.08511387 2.04854215
181.09054527 3.05710112 2.05082718
182.09104552 3.04176084 2.05677768
183.09154577 3.02719437 2.05542599
184.09204602 3.01409570 2.05252600
185.09254627 3.00172369 2.04966679
186.09304652 2.98900993 2.05172738
187.09354677 2.97478549 2.04547651
188.09404702 2.95194406 2.04583268
189.09454727 2.93602587 2.05100363
190.09504752 2.91826756 2.04523303
191.09554777 2.90701911 2.04852308
192.09604802 2.89825996 2.05355804
193.09654827 2.87903098 2.04906177
194.09704852 2.86159844 2.04742136
195.09754877 2.83816126 2.05404577
196.09804902 2.82987496 2.05841892
197.09854927 2.81778433 2.05040504
198.09904952 2.80049056 2.04646199
199.09954977 2.77060024 2.04751847
200.10005003 2.74980833 2.04455334
201.10055028 2.73469265 2.05373114
202.10105053 2.71608313 2.04952278
203.10155078 2.69969085 2.05417655
204.10205103 2.69023777 2.04987432
205.10255128 2.67270839 2.04921745
206.10305153 2.66001480 2.05000893
207.10355178 2.64466131 2.04985859
208.10405203 2.63176110 2.05224531
209.10455228 2.62358960 2.05243439
210.10505253 2.60010179 2.04435261
211.10555278 2.59164718 2.05225571
212.10605303 2.57420205 2.04820515
213.10655328 2.56732060 2.05365270
214.10705353 2.55780889 2.05912689
215.10755378 2.53588623 2.06127549
216.10805403 2.52820964 2.05590499
217.10855428 2.51243975 2.05271042
218.10905453 2.50320306 2.05509324
219.10955478 2.48882491 2.05207022
220.11005503 2.47183946 2.04917734
221.11055528 2.45904448 2.05240889
222.11105553 2.44039088 2.05134247
223.11155578 2.42445468 2.05356925
224.11205603 2.41387234 2.05812124
225.11255628 2.38865115 2.05252882
226.11305653 2.38296495 2.05697965
227.11355678 2.36344918 2.06076984
228.11405703 2.35181940 2.06010077
229.11455728 2.33494633 2.06241412
230.11505753 2.31005795 2.06808715
231.11555778 2.29886028 2.06572101
232.11605803 2.29164030 2.06745380
233.11655828 2.26786537 2.05137013
234.11705853 2.25310379 2.05148922
235.11755878 2.24313911 2.04750048
236.11805903 2.23769061 2.05031820
237.11855928 2.23205387 2.05108433
238.11905953 2.22330257 2.05643346
239.11955978 2.21461617 2.05889132
240.12006003 2.20599390 2.05970882
241.12056028 2.20408320 2.06117011
242.12106053 2.19757359 2.06189786
243.12156078 2.18719260 2.06311404
244.12206103 2.17688882 2.06245570
245.12256128 2.16088515 2.05926495
246.12306153 2.15271833 2.05706802
247.12356178 2.13970140 2.05428395
248.12406203 2.12942425 2.05665842
249.12456228 2.11144653 2.05045782
250.12506253 2.09967230 2.04157392
251.12556278 2.08995420 2.04072322
252.12606303 2.07982732 2.03632299
253.12656328 2.07226224 2.03594716
254.12706353 2.05868578 2.02899458
255.12756378 2.04362692 2.02659403
256.12806403 2.03069749 2.02342653
257.12856428 2.03120595 2.03127365
258.12906453 2.01861448 2.03660971
259.12956478 2.00266300 2.02641117
260.13006503 1.98905629 2.02605075
261.13056528 1.96863932 2.01901551
262.13106553 1.95627461 2.01561139
263.13156578 1.94870581 2.01807585
264.13206603 1.94785654 2.02010588
265.13256628 1.93845821 2.01679334
266.13306653 1.93350677 2.02013035
267.13356678 1.92743729 2.01964860
268.13406703 1.92036340 2.01210549
269.13456728 1.91513543 2.01357003
270.13506753 1.90138892 2.01318625
271.13556778 1.88233162 2.01104584
272.13606803 1.86703872 2.00304832
273.13656828 1.85982114 1.99953805
274.13706853 1.84333096 1.99612938
275.13756878 1.82300768 1.98237895
276.13806903 1.82274432 1.99128871
277.13856928 1.81050804 1.98509977
278.13906953 1.80001915 1.98792137
279.13956978 1.78566984 1.99023553
280.14007004 1.76841736 1.97532141
281.14057029 1.76170207 1.97040110
282.14107054 1.75377599 1.97400072
283.14157079 1.74318181 1.97614947
284.14207104 1.72787567 1.96579912
285.14257129 1.71473855 1.95107425
286.14307154 1.70802681 1.95589458
287.14357179 1.70004790 1.95246356
288.14407204 1.69540255 1.95413317
289.14457229 1.68932468 1.95199386
290.14507254 1.66710290 1.94330155
291.14557279 1.66210150 1.94406903
292.14607304 1.65621631 1.94541462
293.14657329 1.64481163 1.93625527
294.14707354 1.62872830 1.93314324
295.14757379 1.62638225 1.93319630
296.14807404 1.61801768 1.92895583
297.14857429 1.60110879 1.92226588
298.14907454 1.58598413 1.91602344
299.14957479 1.57322035 1.91039601
300.15007504 1.56818238 1.91256880
301.15057529 1.56295757 1.90909070
302.15107554 1.55288729 1.90839831
303.15157579 1.54584056 1.90549127
304.15207604 1.52990179 1.89500916
305.15257629 1.51944085 1.88940231
306.15307654 1.50903826 1.88488839
307.15357679 1.50063113 1.88439935
308.15407704 1.49870932 1.88702453
309.15457729 1.49149808 1.88224354
310.15507754 1.48751005 1.88617770
311.15557779 1.48091471 1.87990490
312.15607804 1.47375942 1.87928811
313.15657829 1.46592882 1.87632297
314.15707854 1.45376373 1.87554829
315.15757879 1.44978098 1.87652337
316.15807904 1.44338067 1.87309867
317.15857929 1.44558729 1.87723606
318.15907954 1.44117369 1.87807100
319.15957979 1.43385280 1.87984262
320.16008004 1.43125298 1.88307608
321.16058029 1.42853387 1.88078523
322.16108054 1.42231287 1.87858394
323.16158079 1.41273457 1.87452284
324.16208104 1.40947198 1.88237541
325.16258129 1.39891095 1.88165676
326.16308154 1.39467151 1.88026001
327.16358179 1.38552596 1.88179173
328.16408204 1.37743338 1.88232212
329.16458229 1.37589247 1.88315691
330.16508254 1.37045150 1.88335474
331.16558279 1.36302806 1.88273826
332.16608304 1.34687859 1.87423832
333.16658329 1.34477223 1.86652626
334.16708354 1.33890202 1.86754527
335.16758379 1.33736951 1.85450449
336.16808404 1.32502413 1.84896718
337.16858429 1.31635265 1.84889620
338.16908454 1.31074925 1.84846376
339.16958479 1.30439992 1.84921924
340.17008504 1.30049388 1.85099074
341.17058529 1.29001406 1.84849606
342.17108554 1.28108247 1.84963515
343.17158579 1.27299028 1.84720254
344.17208604 1.26443045 1.84252896
345.17258629 1.25600586 1.83785333
346.17308654 1.24569909 1.83503743
347.17358679 1.23814034 1.82586764
348.17408704 1.22658596 1.81651314
349.17458729 1.22666339 1.81618837
350.17508754 1.22567467 1.81576981
351.17558779 1.21707469 1.80762029
352.17608804 1.21156776 1.80923487
353.17658829 1.21025137 1.81259423
354.17708854 1.20649693 1.81147033
355.17758879 1.20573975 1.81438046
356.17808904 1.19464338 1.80685102
357.17858929 1.18636280 1.79871243
358.17908954 1.18300083 1.79627607
359.17958979 1.17517462 1.79350180
360.18009005 1.16689535 1.79061365
361.18059030 1.16175358 1.78973804
362.18109055 1.14253603 1.76939161
363.18159080 1.13993881 1.76648645
364.18209105 1.13150063 1.76507005
365.18259130 1.12666263 1.75730261
366.18309155 1.12110494 1.75952645
367.18359180 1.10906255 1.75342637
368.18409205 1.10258152 1.75321898
369.18459230 1.09006920 1.74287489
370.18509255 1.08157698 1.73884468
371.18559280 1.07721521 1.72734238
372.18609305 1.06258670 1.72051119
373.18659330 1.05702129 1.72289212
374.18709355 1.04625282 1.70853894
375.18759380 1.04381413 1.71372517
376.18809405 1.03369582 1.70928756
377.18859430 1.02971026 1.71043450
378.18909455 1.02051895 1.69139766
379.18959480 1.01214853 1.68547542
380.19009505 1.00734835 1.68586749
381.19059530 1.00226787 1.68520920
382.19109555 0.99524586 1.67104667
383.19159580 0.99622314 1.67367706
384.19209605 0.98672847 1.66840602
385.19259630 0.98274902 1.66255363
386.19309655 0.97700905 1.66047153
387.19359680 0.96789660 1.65441376
388.19409705 0.96494380 1.65522294
389.19459730 0.95851044 1.64965461
390.19509755 0.95679519 1.64946540
391.19559780 0.95417834 1.64669876
392.19609805 0.95021050 1.64564900
393.19659830 0.94056442 1.63493114
394.19709855 0.93830994 1.63245357
395.19759880 0.93624749 1.63368559
396.19809905 0.93248694 1.63555145
397.19859930 0.92206758 1.63061732
398.19909955 0.91849492 1.62665919
399.19959980 0.91120942 1.61863203
400.20010005 0.90869278 1.60915504
401.20060030 0.90239787 1.60695796
402.20110055 0.89968539 1.59870469
403.20160080 0.89329427 1.59895920
404.20210105 0.88582539 1.58943185
405.20260130 0.87938074 1.58155126
406.20310155 0.87338334 1.57581188
407.20360180 0.86391035 1.56836366
408.20410205 0.85857384 1.56226105
409.20460230 0.84583832 1.54893465
410.20510255 0.84198052 1.54709315
411.20560280 0.83794962 1.54345017
412.20610305 0.83259167 1.54057606
413.20660330 0.82213815 1.53193353
414.20710355 0.81360043 1.51777908
415.20760380 0.81593121 1.51822720
416.20810405 0.81153361 1.51446695
417.20860430 0.80511997 1.50988244
418.20910455 0.80339772 1.51011413
419.20960480 0.80101257 1.51043323
420.21010505 0.79780961 1.50971880
421.21060530 0.79451656 1.50667903
422.21110555 0.79037706 1.49917134
423.21160580 0.78201602 1.49026661
424.21210605 0.77746884 1.48905120
425.21260630 0.77203194 1.48616519
426.21310655 0.76812361 1.48368440
427.21360680 0.76073797 1.47328359
428.21410705 0.75579950 1.46947518
429.21460730 0.75016816 1.46908956
430.21510755 0.74507419 1.46022867
431.21560780 0.74056969 1.45898853
432.21610805 0.73984280 1.45471538
433.21660830 0.73636725 1.45163345
434.21710855 0.73264725 1.44896609
435.21760880 0.72865361 1.44351251
436.21810905 0.73453867 1.45481826
437.21860930 0.72541539 1.44421928
438.21910955 0.71608252 1.43390133
439.21960980 0.70849026 1.42219822
440.22011006 0.70403539 1.42109700
441.22061031 0.69704188 1.41419162
442.22111056 0.69364393 1.41624148
443.22161081 0.68959671 1.40944831
444.22211106 0.68872871 1.40913000
445.22261131 0.68407446 1.40462450
446.22311156 0.68185329 1.40310801
447.22361181 0.68149610 1.39934405
448.22411206 0.68034453 1.39953737
449.22461231 0.67791663 1.38855551
450.22511256 0.67618448 1.38740509
451.22561281 0.67114337 1.38660154
452.22611306 0.66560352 1.37814999
453.22661331 0.66379948 1.37382896
454.22711356 0.66467988 1.38082080
455.22761381 0.65850742 1.37369416
456.22811406 0.65133210 1.36718229
457.22861431 0.65178809 1.35686121
458.22911456 0.64501666 1.34703518
459.22961481 0.63825915 1.34048868
460.23011506 0.63435931 1.34437143
461.23061531 0.62407254 1.33103169
462.23111556 0.61448196 1.31371645
463.23161581 0.61167912 1.31817747
464.23211606 0.60655925 1.31582297
465.23261631 0.59738524 1.30851325
466.23311656 0.58715293 1.29439538
467.23361681 0.58626874 1.29541168
468.23411706 0.58018793 1.28127399
469.23461731 0.57855671 1.28096261
470.23511756 0.57465977 1.27141133
471.23561781 0.56871619 1.26499097
472.23611806 0.56448190 1.26085854
473.23661831 0.55693250 1.25756040
474.23711856 0.54984053 1.24565231
475.23761881 0.54518486 1.24111215
476.23811906 0.54217772 1.23766858
477.23861931 0.53921245 1.23420342
478.23911956 0.53206395 1.22436266
479.23961981 0.52716835 1.21728206
480.24012006 0.52220898 1.21659774
481.24062031 0.51643391 1.21177043
482.24112056 0.51644287 1.21541211
483.24162081 0.51457834 1.20972272
484.24212106 0.51202465 1.20950454
485.24262131 0.51041282 1.20738141
486.24312156 0.50212144 1.19352569
487.24362181 0.50014151 1.19437022
488.24412206 0.49946426 1.19107145
489.24462231 0.49591974 1.18432898
490.24512256 0.49649636 1.18454622
491.24562281 0.48909117 1.17573515
492.24612306 0.48997989 1.17447183
493.24662331 0.48839771 1.17579438
494.24712356 0.48738919 1.17798638
495.24762381 0.48233466 1.16228409
496.24812406 0.47505517 1.15464385
497.24862431 0.46735549 1.14246305
498.24912456 0.46195229 1.13572741
499.24962481 0.45951325 1.13262420
500.25012506 0.46006456 1.13569948
501.25062531 0.45513076 1.12172409
502.25112556 0.45257559 1.12245197
503.25162581 0.45336084 1.12176469
504.25212606 0.45507739 1.12781577
505.25262631 0.44926684 1.12014843
506.25312656 0.44764381 1.12096273
507.25362681 0.44356111 1.12009151
508.25412706 0.44264704 1.11034202
509.25462731 0.43867488 1.10799501
510.25512756 0.43322546 1.10121679
511.25562781 0.42817055 1.08906395
512.25612806 0.42313205 1.08602683
513.25662831 0.42146290 1.08390361
514.25712856 0.42033707 1.08675747
515.25762881 0.41794469 1.08220951
516.25812906 0.41672598 1.07986498
517.25862931 0.40684485 1.04935046
518.25912956 0.40422870 1.04343474
519.25962981 0.40827625 1.04953141
520.26013007 0.40530520 1.04543007
521.26063032 0.40511352 1.04802360
522.26113057 0.39924815 1.03284408
523.26163082 0.39859403 1.03423520
524.26213107 0.39633729 1.03191873
525.26263132 0.39659355 1.03057861
526.26313157 0.39574873 1.02877043
527.26363182 0.39585722 1.02907646
528.26413207 0.39269709 1.02489084
529.26463232 0.38513127 1.00905432
530.26513257 0.37820467 0.99731357
531.26563282 0.38154081 1.00913332
532.26613307 0.37876069 1.00616479
533.26663332 0.37963858 1.01842926
534.26713357 0.37788779 1.01638502
535.26763382 0.37934002 1.02407905
536.26813407 0.37286311 1.01309213
537.26863432 0.36588144 0.99012906
538.26913457 0.36618409 0.98762887
539.26963482 0.37079314 0.99221030
540.27013507 0.37287686 0.99414594
541.27063532 0.37002900 0.99213583
542.27113557 0.36395581 0.98126394
543.27163582 0.36069924 0.97876395
544.27213607 0.35874705 0.97425429
545.27263632 0.36023048 0.97489692
546.27313657 0.36148813 0.98277251
547.27363682 0.35847757 0.97714833
548.27413707 0.35683547 0.97321756
549.27463732 0.35572517 0.96907828
550.27513757 0.35480126 0.96789660
551.27563782 0.35105499 0.96409409
552.27613807 0.34844371 0.96644513
553.27663832 0.34662402 0.96382777
554.27713857 0.34181559 0.94513330
555.27763882 0.33972850 0.94459735
556.27813907 0.33647042 0.94201297
557.27863932 0.32759443 0.91863686
558.27913957 0.32232642 0.91064745
559.27963982 0.32130408 0.91323722
560.28014007 0.31936152 0.90658097
561.28064032 0.31880479 0.91072826
562.28114057 0.31466751 0.90303048
563.28164082 0.31412646 0.89828845
564.28214107 0.31243352 0.89585273
565.28264132 0.30858480 0.89152081
566.28314157 0.30393554 0.87204652
567.28364182 0.30348528 0.87535102
568.28414207 0.29970981 0.86802934
569.28464232 0.29648485 0.86249720
570.28514257 0.29637188 0.85930534
571.28564282 0.29335323 0.85688636
572.28614307 0.28911406 0.84506566
573.28664332 0.28411958 0.83947275
574.28714357 0.28407771 0.83893437
575.28764382 0.28336876 0.83709584
576.28814407 0.27682309 0.82921762
577.28864432 0.27591993 0.82900950
578.28914457 0.27254535 0.82192695
579.28964482 0.27119381 0.82013268
580.29014507 0.26917253 0.81985611
581.29064532 0.26606381 0.81698738
582.29114557 0.26722513 0.81949355
583.29164582 0.26515992 0.81475321
584.29214607 0.26212275 0.81070431
585.29264632 0.26202842 0.81031010
586.29314657 0.26034587 0.80924565
587.29364682 0.25484218 0.79415142
588.29414707 0.25801271 0.79506498
589.29464732 0.25663352 0.79346455
590.29514757 0.25597152 0.79184467
591.29564782 0.25091802 0.77798407
592.29614807 0.24617346 0.76529388
593.29664832 0.24547841 0.76970417
594.29714857 0.24445854 0.76509677
595.29764882 0.24311763 0.76864473
596.29814907 0.24328478 0.77480707
597.29864932 0.24127520 0.77764585
598.29914957 0.24040855 0.77652370
599.29964982 0.24055914 0.77824639
600.30015008 0.23766760 0.76838901
601.30065033 0.23838265 0.76666162
602.30115058 0.23943682 0.77059190
603.30165083 0.23770641 0.77217516
604.30215108 0.23621695 0.76856801
605.30265133 0.23412624 0.76603030
606.30315158 0.23030213 0.75913130
607.30365183 0.23114614 0.76430873
608.30415208 0.22997249 0.76224835
609.30465233 0.22779014 0.75722029
610.30515258 0.22652253 0.75545042
611.30565283 0.22355250 0.75055790
612.30615308 0.22206853 0.74927850
613.30665333 0.21842031 0.74694260
614.30715358 0.22007899 0.75222306
615.30765383 0.21977589 0.74991012
616.30815408 0.21856945 0.74994781
617.30865433 0.21577676 0.74729068
618.30915458 0.21587028 0.74785652
619.30965483 0.21518928 0.74764300
620.31015508 0.21211864 0.73069787
621.31065533 0.20580435 0.69631996
622.31115558 0.20447391 0.68871037
623.31165583 0.20296835 0.69753002
624.31215608 0.20119463 0.69650011
625.31265633 0.20019067 0.69655100
626.31315658 0.20226437 0.70088063
627.31365683 0.19779489 0.68870920
628.31415708 0.19630070 0.68957910
629.31465733 0.19597179 0.68598041
630.31515758 0.19647372 0.68616024
631.31565783 0.19259947 0.67808488
632.31615808 0.19080748 0.67712042
633.31665833 0.18779156 0.66244277
634.31715858 0.18717231 0.66217595
635.31765883 0.18654155 0.66235064
636.31815908 0.18408913 0.65774739
637.31865933 0.18256860 0.65072291
638.31915958 0.18527487 0.65819315
639.31965983 0.18397532 0.65531432
640.32016008 0.18209559 0.65184014
641.32066033 0.17822949 0.63761395
642.32116058 0.18279200 0.64522595
643.32166083 0.18013231 0.63785447
644.32216108 0.18255071 0.64099715
645.32266133 0.17968039 0.63547967
646.32316158 0.17811209 0.62562910
647.32366183 0.17594025 0.62091445
648.32416208 0.17420644 0.62176885
649.32466233 0.17423906 0.62082167
650.32516258 0.17303844 0.62100908
651.32566283 0.17223580 0.61640682
652.32616308 0.17136476 0.61559703
653.32666333 0.17188474 0.61254866
654.32716358 0.16693824 0.60154699
655.32766383 0.16715365 0.59994560
656.32816408 0.16484648 0.59785661
657.32866433 0.16523263 0.59863216
658.32916458 0.16341105 0.59726799
659.32966483 0.16373580 0.60345612
660.33016508 0.16245458 0.59802910
661.33066533 0.16344705 0.60436007
662.33116558 0.16036406 0.59607376
663.33166583 0.15949139 0.59558429
664.33216608 0.15915530 0.59723875
665.33266633 0.15658276 0.58768326
666.33316658 0.15526630 0.58437649
667.33366683 0.15459818 0.58643328
668.33416708 0.15474938 0.58591422
669.33466733 0.15337390 0.58159974
670.33516758 0.15155097 0.57769554
671.33566783 0.14894900 0.57284148
672.33616808 0.14977689 0.57405132
673.33666833 0.14963085 0.57637404
674.33716858 0.14629807 0.56384822
675.33766883 0.15231797 0.57623753
676.33816908 0.15038075 0.57016962
677.33866933 0.14807998 0.55814156
678.33916958 0.14572113 0.55431145
679.33966983 0.14145670 0.54488953
680.34017009 0.13903164 0.54023808
681.34067034 0.13691154 0.53278029
682.34117059 0.13426588 0.52717882
683.34167084 0.13371760 0.52873577
684.34217109 0.13267670 0.52737983
685.34267134 0.12970119 0.52108002
686.34317159 0.13164605 0.53413555
687.34367184 0.12916804 0.52768982
688.34417209 0.13387450 0.54074110
689.34467234 0.13477688 0.54280097
690.34517259 0.13319302 0.53783994
691.34567284 0.13197886 0.53794995
692.34617309 0.12796458 0.51359184
693.34667334 0.12901791 0.51048824
694.34717359 0.12964103 0.50807504
695.34767384 0.13010892 0.50819071
696.34817409 0.13112522 0.51555880
697.34867434 0.12970717 0.51073483
698.34917459 0.12875227 0.51117394
699.34967484 0.12745166 0.51050001
700.35017509 0.12613744 0.50859668
701.35067534 0.12289534 0.49975141
702.35117559 0.12336938 0.50063631
703.35167584 0.12318131 0.50401621
704.35217609 0.12113305 0.49589471
705.35267634 0.11904547 0.49517984
706.35317659 0.12032152 0.49266511
707.35367684 0.11697814 0.47669233
708.35417709 0.11641728 0.47630981
709.35467734 0.11616547 0.47638166
710.35517759 0.11587573 0.47226305
711.35567784 0.11442524 0.47070089
712.35617809 0.11325842 0.47021994
713.35667834 0.11303790 0.46698615
714.35717859 0.11316265 0.46786402
715.35767884 0.11193695 0.46534629
716.35817909 0.11034138 0.46414791
717.35867934 0.11151209 0.46621168
718.35917959 0.11078715 0.46496785
719.35967984 0.10786463 0.46045057
720.36018009 0.10857677 0.46319194
721.36068034 0.10751180 0.46393897
722.36118059 0.10747530 0.46042149
723.36168084 0.10748439 0.45297029
724.36218109 0.10627545 0.45445681
725.36268134 0.10469381 0.44709708
726.36318159 0.10442270 0.44630479
727.36368184 0.10532738 0.44734040
728.36418209 0.10482879 0.44399969
729.36468234 0.10487694 0.43995660
730.36518259 0.10821908 0.45525106
731.36568284 0.10803843 0.45931470
732.36618309 0.10477429 0.44819641
733.36668334 0.10530620 0.45301213
734.36718359 0.10643362 0.45481623
735.36768384 0.10410926 0.44572289
736.36818409 0.10271434 0.44066366
737.36868434 0.10248299 0.43978512
738.36918459 0.10141706 0.43658702
739.36968484 0.10117822 0.43658003
740.37018509 0.10023435 0.43294339
741.37068534 0.09862489 0.42092120
742.37118559 0.09783245 0.41510997
743.37168584 0.09542506 0.40497710
744.37218609 0.09464334 0.40275044
745.37268634 0.09180355 0.39897976
746.37318659 0.09020496 0.39150898
747.37368684 0.08887072 0.38851514
748.37418709 0.08740513 0.38663181
749.37468734 0.08791400 0.38814370
750.37518759 0.08723480 0.38581919
751.37568784 0.08505209 0.38193319
752.37618809 0.08382260 0.37955083
753.37668834 0.08362208 0.37970161
754.37718859 0.08417881 0.37862970
755.37768884 0.08264835 0.37010194
756.37818909 0.08308587 0.37610286
757.37868934 0.08053653 0.36117874
758.37918959 0.08166201 0.36303487
759.37968984 0.08012692 0.35941702
760.38019010 0.08189680 0.36771733
761.38069035 0.08120159 0.36633797
762.38119060 0.08131252 0.36774645
763.38169085 0.08162667 0.36961603
764.38219110 0.08201470 0.37658327
765.38269135 0.08393682 0.38876995
766.38319160 0.08284304 0.38391101
767.38369185 0.08588339 0.39543548
768.38419210 0.08530461 0.39373641
769.38469235 0.08375307 0.38516652
770.38519260 0.08429728 0.38609298
771.38569285 0.08154060 0.37492746
772.38619310 0.08129552 0.37590445
773.38669335 0.07897579 0.36913336
774.38719360 0.07816224 0.36960054
775.38769385 0.07709720 0.36541709
776.38819410 0.07671241 0.36413622
777.38869435 0.07639009 0.36338723
778.38919460 0.07551198 0.36232722
779.38969485 0.07448625 0.35944910
780.39019510 0.07387756 0.35737480
781.39069535 0.07178712 0.34958616
782.39119560 0.07080662 0.34592968
783.39169585 0.07115397 0.34775751
784.39219610 0.07046150 0.34576304
785.39269635 0.06958617 0.34429770
786.39319660 0.07219475 0.35055938
787.39369685 0.07181771 0.34756749
788.39419710 0.07088661 0.34675777
789.39469735 0.06991982 0.33965940
790.39519760 0.06866629 0.33239289
791.39569785 0.06647120 0.31902020
792.39619810 0.06839388 0.32441143
793.39669835 0.06752047 0.31815098
794.39719860 0.06581220 0.31919699
795.39769885 0.06592205 0.31837423
796.39819910 0.06828038 0.31964697
797.39869935 0.06721757 0.31660341
798.39919960 0.06634162 0.31784517
799.39969985 0.06701381 0.31587256
800.40020010 0.06606629 0.31195027
801.40070035 0.06605019 0.31062843
802.40120060 0.06525115 0.30971640
803.40170085 0.06505291 0.30792203
804.40220110 0.06413918 0.30421956
805.40270135 0.06504047 0.30843825
806.40320160 0.06278950 0.29779869
807.40370185 0.06363111 0.30375169
808.40420210 0.06227976 0.29870933
809.40470235 0.06037297 0.29613735
810.40520260 0.05953235 0.29308970
811.40570285 0.05983317 0.29666227
812.40620310 0.05890657 0.29436858
813.40670335 0.05787720 0.29150709
814.40720360 0.05753828 0.29601851
815.40770385 0.05763955 0.29399573
816.40820410 0.05619559 0.28515658
817.40870435 0.05614115 0.29186868
818.40920460 0.05600982 0.28918622
819.40970485 0.05689916 0.28830775
820.41020510 0.05586675 0.28521042
821.41070535 0.05543058 0.28348689
822.41120560 0.05482290 0.27940896
823.41170585 0.05555773 0.28005217
824.41220610 0.05491995 0.27866745
825.41270635 0.05395521 0.27447294
826.41320660 0.05345548 0.27406026
827.41370685 0.05294428 0.27219249
828.41420710 0.05192264 0.26828784
829.41470735 0.05222926 0.26821528
830.41520760 0.05128221 0.26554000
831.41570785 0.05025557 0.26211444
832.41620810 0.05037727 0.26277436
833.41670835 0.05018043 0.26229399
834.41720860 0.04992791 0.26155154
835.41770885 0.04884589 0.26049135
836.41820910 0.04889778 0.25896916
837.41870935 0.04856000 0.25439339
838.41920960 0.04762347 0.25254166
839.41970985 0.04771773 0.25334865
840.42021011 0.04717795 0.25112018
841.42071036 0.04703063 0.25138432
842.42121061 0.04687214 0.25214063
843.42171086 0.04523464 0.24631745
844.42221111 0.04412103 0.24410452
845.42271136 0.04978722 0.27407712
846.42321161 0.04928504 0.27065359
847.42371186 0.04770524 0.27278198
848.42421211 0.04751488 0.27314484
849.42471236 0.04805066 0.27382956
850.42521261 0.04679968 0.26920143
851.42571286 0.04660982 0.27114099
852.42621311 0.04560070 0.26889243
853.42671336 0.04762719 0.27887399
854.42721361 0.04719998 0.27850029
855.42771386 0.04680831 0.27811653
856.42821411 0.04573270 0.27258339
857.42871436 0.04527883 0.27123376
858.42921461 0.04546947 0.27344558
859.42971486 0.04515748 0.27147164
860.43021511 0.04454017 0.26668820
861.43071536 0.04473464 0.26718349
862.43121561 0.04423556 0.26359426
863.43171586 0.04633507 0.26846468
864.43221611 0.04629385 0.26665909
865.43271636 0.04654121 0.26705529
866.43321661 0.04582421 0.26525237
867.43371686 0.04615629 0.26542108
868.43421711 0.04610595 0.26568949
869.43471736 0.04549928 0.26359317
870.43521761 0.04461248 0.26034371
871.43571786 0.04519234 0.25770899
872.43621811 0.04494138 0.25936208
873.43671836 0.04486384 0.26171092
874.43721861 0.04490495 0.26153037
875.43771886 0.04320111 0.25762836
876.43821911 0.04296996 0.25786073
877.43871936 0.04238982 0.25583907
878.43921961 0.04214974 0.25441614
879.43971986 0.04089350 0.25341665
880.44022011 0.04178915 0.25218074
881.44072036 0.04186699 0.25386316
882.44122061 0.04152037 0.25372709
883.44172086 0.04181991 0.25288334
884.44222111 0.04085235 0.25124761
885.44272136 0.04316922 0.26309033
886.44322161 0.04259629 0.26125267
887.44372186 0.04163188 0.25929746
888.44422211 0.04112230 0.25799264
889.44472236 0.04182180 0.25754049
890.44522261 0.04394475 0.26282341
891.44572286 0.04292341 0.26199616
892.44622311 0.04207833 0.25636204
893.44672336 0.04239475 0.25755347
894.44722361 0.04008824 0.24180994
895.44772386 0.03990919 0.24163896
896.44822411 0.03914792 0.23672519
897.44872436 0.03876212 0.23894842
898.44922461 0.04255355 0.25584311
899.44972486 0.04196985 0.24980670
900.45022511 0.04104371 0.24760398
901.45072536 0.04019570 0.24175872
902.45122561 0.04028680 0.24445825
903.45172586 0.03938346 0.24164261
904.45222611 0.03873843 0.24020534
905.45272636 0.03854721 0.24015490
906.45322661 0.03954784 0.24374247
907.45372686 0.03987389 0.24519505
908.45422711 0.03889533 0.24072557
909.45472736 0.03927770 0.24199092
910.45522761 0.03918721 0.24080532
911.45572786 0.03859582 0.23997574
912.45622811 0.03797646 0.23847480
913.45672836 0.03819332 0.23940714
914.45722861 0.03841504 0.23831809
915.45772886 0.03927087 0.23877869
916.45822911 0.03884262 0.23764055
917.45872936 0.04113511 0.24169101
918.45922961 0.04126957 0.24287514
919.45972986 0.04083627 0.24114853
920.46023012 0.04046391 0.23871638
921.46073037 0.04047779 0.23872299
922.46123062 0.04066189 0.23998364
923.46173087 0.04054141 0.23791514
924.46223112 0.04165146 0.23793082
925.46273137 0.04154163 0.23802702
926.46323162 0.04054921 0.23530895
927.46373187 0.04037279 0.23345615
928.46423212 0.03924756 0.23112906
929.46473237 0.03812770 0.22916120
930.46523262 0.03738537 0.22771083
931.46573287 0.03736571 0.22635816
932.46623312 0.03777538 0.22539112
933.46673337 0.03770879 0.22544253
934.46723362 0.03770074 0.22555213
935.46773387 0.03728868 0.22365804
936.46823412 0.03729829 0.22309729
937.46873437 0.03692312 0.22316710
938.46923462 0.03678112 0.22200634
939.46973487 0.03562526 0.21728672
940.47023512 0.03551364 0.21765165
941.47073537 0.03622460 0.21888975
942.47123562 0.03533638 0.21609103
943.47173587 0.03546645 0.21569406
944.47223612 0.03765405 0.21974801
945.47273637 0.03660281 0.21711214
946.47323662 0.03575828 0.21509762
947.47373687 0.03904826 0.22143717
948.47423712 0.03730607 0.21719513
949.47473737 0.03587882 0.21300399
950.47523762 0.03519065 0.21581915
951.47573787 0.03484913 0.21315030
952.47623812 0.03582947 0.21337669
953.47673837 0.03602381 0.21421845
954.47723862 0.03484475 0.21166578
955.47773887 0.03429001 0.21090397
956.47823912 0.03436195 0.21159443
957.47873937 0.03439119 0.21131059
958.47923962 0.03414769 0.21068707
959.47973987 0.03404949 0.21222621
960.48024012 0.03281665 0.20707426
961.48074037 0.03450144 0.21361937
962.48124062 0.03426004 0.21449615
963.48174087 0.03309698 0.20714965
964.48224112 0.03385069 0.20887810
965.48274137 0.03518976 0.21048373
966.48324162 0.03552826 0.20734116
967.48374187 0.03519962 0.20636363
968.48424212 0.03468267 0.20484162
969.48474237 0.03366369 0.20248710
970.48524262 0.03186531 0.19816925
971.48574287 0.03207025 0.19785497
972.48624312 0.03453165 0.20250840
973.48674337 0.03413205 0.19890016
974.48724362 0.03319937 0.19635589
975.48774387 0.03097936 0.18539628
976.48824412 0.03080484 0.18268265
977.48874437 0.03201604 0.18682885
978.48924462 0.03336042 0.20830075
979.48974487 0.03378558 0.20696421
980.49024512 0.03485842 0.21348799
981.49074537 0.03333439 0.20634899
982.49124562 0.03107056 0.20181185
983.49174587 0.03266455 0.20054803
984.49224612 0.03173746 0.20100908
985.49274637 0.03273369 0.20066794
986.49324662 0.03274647 0.20178559
987.49374687 0.03069931 0.19479944
988.49424712 0.03033646 0.19605415
989.49474737 0.03243545 0.20446671
990.49524762 0.03327905 0.20754076
991.49574787 0.03346559 0.20912281
992.49624812 0.03352036 0.20914242
993.49674837 0.03257685 0.20528763
994.49724862 0.03302014 0.20671609
995.49774887 0.03271491 0.20932634
996.49824912 0.03124062 0.20543543
997.49874937 0.03215944 0.20426620
998.49924962 0.03176360 0.20081866
999.49974987 0.03196609 0.20782960
1000.50025013 0.03168391 0.20785596
1001.50075038 0.03088954 0.20383631
1002.50125063 0.02958306 0.19986072
1003.50175088 0.02968056 0.20394891
1004.50225113 0.02904281 0.20224380
1005.50275138 0.02845130 0.19955724
1006.50325163 0.02865205 0.20049284
1007.50375188 0.02923623 0.20332890
1008.50425213 0.02825080 0.20229857
1009.50475238 0.02793252 0.20094635
1010.50525263 0.02780492 0.19954286
1011.50575288 0.02779848 0.20097277
1012.50625313 0.02742393 0.20006870
1013.50675338 0.02783010 0.19888267
1014.50725363 0.02753359 0.19921260
1015.50775388 0.02744426 0.20071213
1016.50825413 0.03181430 0.22699529
1017.50875438 0.03080366 0.22398191
1018.50925463 0.03150714 0.22512562
1019.50975488 0.03126648 0.22472082
1020.51025513 0.03231975 0.22387458
1021.51075538 0.03173045 0.22352920
1022.51125563 0.03236873 0.22329189
1023.51175588 0.03205781 0.22179401
1024.51225613 0.03328373 0.22409834
1025.51275638 0.03333995 0.22354490
1026.51325663 0.03253848 0.22176948
1027.51375688 0.03397032 0.22531009
1028.51425713 0.03387152 0.22459253
1029.51475738 0.03250263 0.21954248
1030.51525763 0.03174114 0.21927525
1031.51575788 0.03220537 0.22081837
1032.51625813 0.03409604 0.22369798
1033.51675838 0.03311261 0.22233432
1034.51725863 0.03234354 0.22030970
1035.51775888 0.03186758 0.21790357
1036.51825913 0.03179159 0.21688791
1037.51875938 0.03117779 0.21556123
1038.51925963 0.03138715 0.21477395
1039.51975988 0.03111252 0.21464320
1040.52026013 0.03277078 0.22518388
1041.52076038 0.03175540 0.21860903
1042.52126063 0.03085934 0.22070163
1043.52176088 0.03231161 0.22460926
1044.52226113 0.03276868 0.22191103
1045.52276138 0.03172933 0.22364853
1046.52326163 0.03080009 0.22156266
1047.52376188 0.03104078 0.22129629
1048.52426213 0.02982625 0.21714794
1049.52476238 0.02977030 0.21909559
1050.52526263 0.02963604 0.21783931
1051.52576288 0.02953259 0.21811895
1052.52626313 0.02956096 0.21847099
1053.52676338 0.03026762 0.22440428
1054.52726363 0.03147990 0.22452353
1055.52776388 0.03068440 0.22529909
1056.52826413 0.02975774 0.22035127
1057.52876438 0.02926192 0.21903756
1058.52926463 0.02879056 0.21859480
1059.52976488 0.02889548 0.22455100
1060.53026513 0.02943541 0.23198521
1061.53076538 0.02911478 0.22857746
1062.53126563 0.02859055 0.22593222
1063.53176588 0.03065012 0.23567495
1064.53226613 0.03057770 0.23695967
1065.53276638 0.03023452 0.23058876
1066.53326663 0.02942691 0.23316007
1067.53376688 0.02893332 0.22907280
1068.53426713 0.03012054 0.23118850
1069.53476738 0.02974606 0.22778734
1070.53526763 0.02955816 0.22827133
1071.53576788 0.02859310 0.22383242
1072.53626813 0.03072171 0.22694965
1073.53676838 0.03163528 0.22803895
1074.53726863 0.03126023 0.22695144
1075.53776888 0.02992801 0.22099524
1076.53826913 0.02972221 0.21781031
1077.53876938 0.02898369 0.21575746
1078.53926963 0.02838956 0.21486446
1079.53976988 0.02756446 0.21327693
1080.54027014 0.02858298 0.21600377
1081.54077039 0.02900770 0.21775375
1082.54127064 0.02881440 0.21759877
1083.54177089 0.02841855 0.21819598
1084.54227114 0.02922040 0.20971529
1085.54277139 0.02848985 0.20750565
1086.54327164 0.02911963 0.20957173
1087.54377189 0.02966577 0.20957788
1088.54427214 0.02957111 0.20925228
1089.54477239 0.02910929 0.20942333
1090.54527264 0.02913615 0.20814549
1091.54577289 0.02745566 0.20421525
1092.54627314 0.02862609 0.20680550
1093.54677339 0.02763140 0.20121667
1094.54727364 0.02614371 0.19544389
1095.54777389 0.02555759 0.19487133
1096.54827414 0.02569196 0.19660705
1097.54877439 0.02599634 0.19723692
1098.54927464 0.02546254 0.19671411
1099.54977489 0.02622289 0.19724030
1100.55027514 0.02629897 0.19629675
1101.55077539 0.02581572 0.19516177
1102.55127564 0.02613298 0.19472725
1103.55177589 0.02655998 0.19479768
1104.55227614 0.02555882 0.19363237
1105.55277639 0.02552523 0.19462589
1106.55327664 0.02555001 0.19417901
1107.55377689 0.02524442 0.19394505
1108.55427714 0.02515932 0.19420844
1109.55477739 0.02481539 0.19215579
1110.55527764 0.02396299 0.19066893
1111.55577789 0.02438004 0.19167574
1112.55627814 0.02375210 0.19091868
1113.55677839 0.02490710 0.19468502
1114.55727864 0.02309072 0.19075624
1115.55777889 0.02338654 0.19035519
1116.55827914 0.02378588 0.19115427
1117.55877939 0.02382057 0.19164009
1118.55927964 0.02330541 0.19027602
1119.55977989 0.02242674 0.18931799
1120.56028014 0.02325114 0.19080922
1121.56078039 0.02261473 0.18945629
1122.56128064 0.02186737 0.18804763
1123.56178089 0.02217838 0.18932910
1124.56228114 0.02413675 0.19194870
1125.56278139 0.02376392 0.19091322
1126.56328164 0.02329762 0.19008083
1127.56378189 0.02518398 0.19542592
1128.56428214 0.02667737 0.19818312
1129.56478239 0.02597026 0.19689093
1130.56528264 0.02658706 0.19737181
1131.56578289 0.02612161 0.19654927
1132.56628314 0.02557827 0.19587890
1133.56678339 0.02591450 0.19627518
1134.56728364 0.02531911 0.19517348
1135.56778389 0.02467254 0.19480829
1136.56828414 0.02477258 0.19509073
1137.56878439 0.02614725 0.19673140
1138.56928464 0.02573875 0.19692909
1139.56978489 0.02567765 0.19673608
1140.57028514 0.02592506 0.19624576
1141.57078539 0.02580344 0.19641410
1142.57128564 0.02556219 0.19657518
1143.57178589 0.02583090 0.19612018
1144.57228614 0.02729395 0.19959913
1145.57278639 0.02610019 0.19652735
1146.57328664 0.02628345 0.19699022
1147.57378689 0.02619682 0.19649477
1148.57428714 0.02618425 0.19685402
1149.57478739 0.02601944 0.19695101
1150.57528764 0.02680883 0.19742498
1151.57578789 0.02657778 0.19640741
1152.57628814 0.02641861 0.19664129
1153.57678839 0.02655053 0.19773803
1154.57728864 0.03050063 0.20446300
1155.57778889 0.02797054 0.19931037
1156.57828914 0.02627946 0.16376020
1157.57878939 0.02599185 0.15680726
1158.57928964 0.02478902 0.14957086
1159.57978989 0.02344022 0.14794452
1160.58029015 0.02341151 0.14511537
1161.58079040 0.02333874 0.15359948
1162.58129065 0.02417796 0.15257508
1163.58179090 0.02562747 0.15596230
1164.58229115 0.02378012 0.14388679
1165.58279140 0.02348130 0.14588230
1166.58329165 0.02322455 0.15025742
1167.58379190 0.02291911 0.15114030
1168.58429215 0.02228715 0.14618094
1169.58479240 0.02169021 0.14332792
1170.58529265 0.02159036 0.14578315
1171.58579290 0.02337335 0.15137586
1172.58629315 0.02336512 0.15135767
1173.58679340 0.02252204 0.14983381
1174.58729365 0.02263949 0.14768414
1175.58779390 0.02279113 0.14929356
1176.58829415 0.02251553 0.14948375
1177.58879440 0.02297804 0.15092034
1178.58929465 0.02422736 0.15537426
1179.58979490 0.02370732 0.15203588
1180.59029515 0.02319122 0.15088493
1181.59079540 0.02239443 0.15101080
1182.59129565 0.02385987 0.15646431
1183.59179590 0.02349247 0.15253697
1184.59229615 0.02308523 0.15159384
1185.59279640 0.02271616 0.15303544
1186.59329665 0.02227823 0.15087265
1187.59379690 0.02246109 0.15158199
1188.59429715 0.02120301 0.15080836
1189.59479740 0.02154898 0.15084880
1190.59529765 0.02131321 0.14806530
1191.59579790 0.01803788 0.10891787
1192.59629815 0.01703172 0.10457860
1193.59679840 0.01731237 0.10121541
1194.59729865 0.01973773 0.10212427
1195.59779890 0.01816909 0.09397891
1196.59829915 0.01770841 0.09088589
1197.59879940 0.01723551 0.08888870
1198.59929965 0.01701203 0.08750751
1199.59979990 0.01647208 0.08553712
1200.60030015 0.01590393 0.08181120
1201.60080040 0.01582226 0.08180986
1202.60130065 0.01574213 0.08185380
1203.60180090 0.01513790 0.08056406
1204.60230115 0.01535615 0.08393693
1205.60280140 0.01764581 0.09289847
1206.60330165 0.01704729 0.08832373
1207.60380190 0.01627663 0.08764026
1208.60430215 0.01668918 0.08826733
1209.60480240 0.01696330 0.08922599
1210.60530265 0.01688281 0.08817815
1211.60580290 0.01710594 0.08848555
1212.60630315 0.01781728 0.09078550
1213.60680340 0.01600416 0.07483931
1214.60730365 0.01709983 0.08560653
1215.60780390 0.01725466 0.08471906
1216.60830415 0.01639466 0.07719810
1217.60880440 0.01483537 0.07101762
1218.60930465 0.01482697 0.07072664
1219.60980490 0.01631980 0.07718313
1220.61030515 0.01655572 0.07903445
1221.61080540 0.01833721 0.08815980
1222.61130565 0.01946146 0.09376210
1223.61180590 0.01686328 0.07681526
1224.61230615 0.01677694 0.07597390
1225.61280640 0.01707008 0.07941536
1226.61330665 0.01673379 0.07795540
1227.61380690 0.01654810 0.07720901
1228.61430715 0.01705740 0.07992009
1229.61480740 0.01629549 0.07581708
1230.61530765 0.01607556 0.07406983
1231.61580790 0.01605888 0.07367463
1232.61630815 0.01541258 0.07028291
1233.61680840 0.01579964 0.07262711
1234.61730865 0.01621584 0.07357194
1235.61780890 0.01558743 0.06981655
1236.61830915 0.01531607 0.06806598
1237.61880940 0.01531487 0.06869315
1238.61930965 0.01488336 0.06564314
1239.61980990 0.01489571 0.06596168
1240.62031016 0.01504229 0.06728204
1241.62081041 0.01448232 0.06652491
1242.62131066 0.01466383 0.06754253
1243.62181091 0.01554808 0.07152985
1244.62231116 0.01479117 0.06794476
1245.62281141 0.01454979 0.06668664
1246.62331166 0.01644460 0.07877096
1247.62381191 0.01662712 0.08336470
1248.62431216 0.01815485 0.08405475
1249.62481241 0.01967518 0.09216101
1250.62531266 0.01987982 0.09325391
1251.62581291 0.01845421 0.08413646
1252.62631316 0.01796814 0.08328831
1253.62681341 0.01948710 0.08975285
1254.62731366 0.01930971 0.08984899
1255.62781391 0.01972234 0.09413740
1256.62831416 0.01975271 0.09262359
1257.62881441 0.01916462 0.08706219
1258.62931466 0.01882015 0.08614193
1259.62981491 0.01884760 0.08498041
1260.63031516 0.01838259 0.08158075
1261.63081541 0.01730417 0.07780025
1262.63131566 0.01742712 0.07716762
1263.63181591 0.01745145 0.07868217
1264.63231616 0.01793137 0.07882684
1265.63281641 0.01722090 0.07572271
1266.63331666 0.01630292 0.07299283
1267.63381691 0.01782367 0.07834146
1268.63431716 0.02009708 0.08912236
1269.63481741 0.01951924 0.08548263
1270.63531766 0.01945788 0.08473921
1271.63581791 0.01899402 0.08524712
1272.63631816 0.01792817 0.07798041
1273.63681841 0.01703445 0.07305996
1274.63731866 0.01722337 0.07754241
1275.63781891 0.01710110 0.08115268
1276.63831916 0.01727437 0.08105117
1277.63881941 0.01645745 0.07806196
1278.63931966 0.01592736 0.07463582
1279.63981991 0.01580356 0.07326278
1280.64032016 0.01549615 0.07050105
1281.64082041 0.01546473 0.06876935
1282.64132066 0.01707656 0.08025718
1283.64182091 0.01793739 0.08577426
1284.64232116 0.01845093 0.09158675
1285.64282141 0.01868171 0.09217961
1286.64332166 0.01796485 0.08758475
1287.64382191 0.01939941 0.09919960
1288.64432216 0.01914256 0.09228119
1289.64482241 0.01819784 0.08434294
1290.64532266 0.01902578 0.09559261
1291.64582291 0.01939612 0.10052136
1292.64632316 0.01861980 0.09195935
1293.64682341 0.01966391 0.09864009
1294.64732366 0.01949258 0.09789586
1295.64782391 0.01869977 0.09163067
1296.64832416 0.01855760 0.09024891
1297.64882441 0.01881744 0.08882060
1298.64932466 0.01776931 0.08787757
1299.64982491 0.01726223 0.08982995
1300.65032516 0.01678523 0.08334330
1301.65082541 0.01688900 0.08423806
1302.65132566 0.01708469 0.08869340
1303.65182591 0.01623041 0.08123031
1304.65232616 0.01593972 0.08029306
1305.65282641 0.01583219 0.08045556
1306.65332666 0.01597282 0.08106802
1307.65382691 0.01627219 0.08413681
1308.65432716 0.01598550 0.08280373
1309.65482741 0.01561507 0.07836232
1310.65532766 0.01545121 0.07899292
1311.65582791 0.01661710 0.08748436
1312.65632816 0.01572447 0.08414697
1313.65682841 0.01595879 0.08526195
1314.65732866 0.01597393 0.08616703
1315.65782891 0.01506403 0.08072959
1316.65832916 0.01343507 0.07080588
1317.65882941 0.01458367 0.07911189
1318.65932966 0.01414429 0.07595383
1319.65982991 0.01752866 0.09489138
1320.66033017 0.01714188 0.09236138
1321.66083042 0.01708101 0.09249870
1322.66133067 0.01761241 0.09193991
1323.66183092 0.01732848 0.08806440
1324.66233117 0.01646345 0.08431322
1325.66283142 0.01655049 0.08742164
1326.66333167 0.01678356 0.09035586
1327.66383192 0.01598892 0.08806875
1328.66433217 0.01585105 0.08697109
1329.66483242 0.01552528 0.08478950
1330.66533267 0.01537528 0.08448100
1331.66583292 0.01441515 0.08113699
1332.66633317 0.01308220 0.07403528
1333.66683342 0.01406317 0.07494237
1334.66733367 0.01361690 0.07376288
1335.66783392 0.01396498 0.07417862
1336.66833417 0.01371725 0.07365287
1337.66883442 0.01340349 0.07272621
1338.66933467 0.01281471 0.07183203
1339.66983492 0.01293843 0.07161058
1340.67033517 0.01342586 0.07310265
1341.67083542 0.01460549 0.08303398
1342.67133567 0.01470187 0.08576617
1343.67183592 0.01475481 0.08385986
1344.67233617 0.01414026 0.08355386
1345.67283642 0.01346904 0.08164060
1346.67333667 0.01376618 0.08088371
1347.67383692 0.01471548 0.08271118
1348.67433717 0.01465803 0.08319670
1349.67483742 0.01412467 0.08216305
1350.67533767 0.01636110 0.09381423
1351.67583792 0.01634631 0.09289363
1352.67633817 0.01491273 0.08678210
1353.67683842 0.01490540 0.08925483
1354.67733867 0.01450869 0.08479298
1355.67783892 0.01677113 0.09481874
1356.67833917 0.01710588 0.09648815
1357.67883942 0.01671742 0.09444876
1358.67933967 0.01658116 0.09376149
1359.67983992 0.01666622 0.09709439
1360.68034017 0.01628465 0.09156930
1361.68084042 0.01879293 0.10492234
1362.68134067 0.01893344 0.10773208
1363.68184092 0.01822711 0.10345257
1364.68234117 0.01813345 0.10417083
1365.68284142 0.01890174 0.10367212
1366.68334167 0.01798514 0.09413766
1367.68384192 0.02208298 0.11265229
1368.68434217 0.02190399 0.11173109
1369.68484242 0.02241411 0.11222297
1370.68534267 0.02330897 0.11587032
1371.68584292 0.02212471 0.10972965
1372.68634317 0.02070918 0.10333558
1373.68684342 0.02362781 0.11613658
1374.68734367 0.02343426 0.11425756
1375.68784392 0.02078406 0.10423431
1376.68834417 0.02099271 0.10470746
1377.68884442 0.02040043 0.10106021
1378.68934467 0.02030927 0.10112261
1379.68984492 0.02077963 0.10498581
1380.69034517 0.02008353 0.10289287
1381.69084542 0.01835057 0.09541449
1382.69134567 0.01852733 0.09640755
1383.69184592 0.01860818 0.09529191
1384.69234617 0.01792962 0.09159656
1385.69284642 0.01817238 0.09525202
1386.69334667 0.01856035 0.09596245
1387.69384692 0.01864952 0.09735973
1388.69434717 0.01661383 0.08719629
1389.69484742 0.01697291 0.08856026
1390.69534767 0.01602918 0.08411864
1391.69584792 0.01518761 0.08021573
1392.69634817 0.01572080 0.08008492
1393.69684842 0.01636169 0.08321466
1394.69734867 0.01562215 0.08300865
1395.69784892 0.01562156 0.08605008
1396.69834917 0.01590188 0.08706035
1397.69884942 0.01575376 0.08208854
1398.69934967 0.01782977 0.09098323
1399.69984992 0.01779245 0.09171206
1400.70035018 0.01788327 0.09333289
1401.70085043 0.01866377 0.09910714
1402.70135068 0.01794576 0.09554715
1403.70185093 0.01767699 0.09325881
1404.70235118 0.01858651 0.09767225
1405.70285143 0.01794703 0.08987893
1406.70335168 0.01726444 0.08422954
1407.70385193 0.01743779 0.08950364
1408.70435218 0.01575784 0.08172192
1409.70485243 0.01599366 0.08073156
1410.70535268 0.01533423 0.07892942
1411.70585293 0.01400209 0.06932050
1412.70635318 0.01437044 0.07081846
1413.70685343 0.01491340 0.07606544
1414.70735368 0.01423881 0.07348338
1415.70785393 0.01453173 0.07228222
1416.70835418 0.01564242 0.07960835
1417.70885443 0.01593251 0.08099831
1418.70935468 0.01616970 0.08064756
1419.70985493 0.01458668 0.07178336
1420.71035518 0.01416465 0.07082178
1421.71085543 0.01629696 0.09083039
1422.71135568 0.01818424 0.09986053
1423.71185593 0.01805629 0.09743533
1424.71235618 0.01727478 0.09477024
1425.71285643 0.01754990 0.09499410
1426.71335668 0.01745033 0.09602437
1427.71385693 0.01693723 0.09200044
1428.71435718 0.01676267 0.08999973
1429.71485743 0.01663559 0.08824915
1430.71535768 0.01676897 0.08649860
1431.71585793 0.01770298 0.09201492
1432.71635818 0.02015719 0.10207650
1433.71685843 0.01932753 0.09723005
1434.71735868 0.02209636 0.11543461
1435.71785893 0.02178459 0.11057255
1436.71835918 0.02180056 0.10915892
1437.71885943 0.01987850 0.10129334
1438.71935968 0.02141253 0.10603839
1439.71985993 0.02128625 0.10480170
1440.72036018 0.02073647 0.10276850
1441.72086043 0.02096708 0.10543508
1442.72136068 0.02035499 0.10381772
1443.72186093 0.02070058 0.10477408
1444.72236118 0.02120440 0.10773166
1445.72286143 0.02285151 0.11200734
1446.72336168 0.02142879 0.10600242
1447.72386193 0.02256654 0.11186053
1448.72436218 0.02477405 0.11932024
1449.72486243 0.02494939 0.11939343
1450.72536268 0.02352334 0.11403133
1451.72586293 0.02368641 0.11411487
1452.72636318 0.02399033 0.11257377
1453.72686343 0.02353947 0.10913295
1454.72736368 0.02340795 0.10911315
1455.72786393 0.02207461 0.10515965
1456.72836418 0.02168212 0.10481663
1457.72886443 0.02158359 0.10439644
1458.72936468 0.02208778 0.10705699
1459.72986493 0.02119253 0.10721333
1460.73036518 0.02022367 0.09792709
1461.73086543 0.02012845 0.09689321
1462.73136568 0.01869747 0.09399388
1463.73186593 0.01894108 0.09296263
1464.73236618 0.01867605 0.09097032
1465.73286643 0.01930794 0.09332582
1466.73336668 0.01939654 0.09449992
1467.73386693 0.01918535 0.09338229
1468.73436718 0.01849797 0.08869287
1469.73486743 0.01873488 0.09011187
1470.73536768 0.02032881 0.09629428
1471.73586793 0.02192275 0.10351060
1472.73636818 0.02192801 0.10409845
1473.73686843 0.02194627 0.10430854
1474.73736868 0.02305152 0.11243115
1475.73786893 0.02160560 0.10409774
1476.73836918 0.02141537 0.10944542
1477.73886943 0.02406843 0.11892235
1478.73936968 0.02403081 0.12118367
1479.73986993 0.02387421 0.12309404
1480.74037019 0.02530809 0.12418954
1481.74087044 0.02448462 0.12643431
1482.74137069 0.02377673 0.12090122
1483.74187094 0.02451762 0.12472591
1484.74237119 0.02415258 0.12414442
1485.74287144 0.02341585 0.12244211
1486.74337169 0.02244667 0.11585954
1487.74387194 0.02196073 0.11303446
1488.74437219 0.02201002 0.11628784
1489.74487244 0.02444696 0.12701405
1490.74537269 0.02353653 0.12195667
1491.74587294 0.02311705 0.12104103
1492.74637319 0.02358213 0.12417738
1493.74687344 0.02289622 0.11842147
1494.74737369 0.02187056 0.11537136
1495.74787394 0.02148748 0.11423340
1496.74837419 0.02111730 0.11295311
1497.74887444 0.02097221 0.11263914
1498.74937469 0.02017043 0.10843474
1499.74987494 0.02033401 0.10463416
1500.75037519 0.02055749 0.10641853
1501.75087544 0.02018943 0.10656717
1502.75137569 0.02036095 0.10921380
1503.75187594 0.02008898 0.10273078
1504.75237619 0.01949016 0.09516374
1505.75287644 0.02018666 0.10203540
1506.75337669 0.01913937 0.09397474
1507.75387694 0.01846645 0.08753546
1508.75437719 0.01902737 0.09140329
1509.75487744 0.01918733 0.09602575
1510.75537769 0.01818183 0.08967063
1511.75587794 0.01747534 0.08179401
1512.75637819 0.01782621 0.08614420
1513.75687844 0.01708145 0.07995766
1514.75737869 0.01706043 0.08309983
1515.75787894 0.01685335 0.08213471
1516.75837919 0.01510886 0.07128203
1517.75887944 0.01411244 0.06620679
1518.75937969 0.01516733 0.07050734
1519.75987994 0.01630330 0.07350141
1520.76038019 0.01632873 0.07392460
1521.76088044 0.01928697 0.09068523
1522.76138069 0.01873811 0.08888969
1523.76188094 0.01681886 0.07843031
1524.76238119 0.01585054 0.07385105
1525.76288144 0.01673760 0.08018406
1526.76338169 0.01805639 0.09050663
1527.76388194 0.01830246 0.09292952
1528.76438219 0.01985663 0.11086712
1529.76488244 0.01931782 0.10460168
1530.76538269 0.01890313 0.10305829
1531.76588294 0.01908383 0.10018936
1532.76638319 0.01909183 0.10608206
1533.76688344 0.01913696 0.10340870
1534.76738369 0.01949104 0.10727343
1535.76788394 0.02159791 0.11330228
1536.76838419 0.02123410 0.11483707
1537.76888444 0.01998362 0.10715618
1538.76938469 0.02025013 0.10678951
1539.76988494 0.02034963 0.10919557
1540.77038519 0.01990020 0.10812035
1541.77088544 0.01954427 0.10688643
1542.77138569 0.01930914 0.10511412
1543.77188594 0.01972824 0.10740135
1544.77238619 0.01888222 0.10389945
1545.77288644 0.01856950 0.10105598
1546.77338669 0.01729208 0.09259085
1547.77388694 0.01871753 0.10048715
1548.77438719 0.01687889 0.09039189
1549.77488744 0.01786532 0.09625677
1550.77538769 0.01621920 0.08602556
1551.77588794 0.01578824 0.08443862
1552.77638819 0.01591296 0.08777999
1553.77688844 0.01638278 0.08952346
1554.77738869 0.01609942 0.08756061
1555.77788894 0.01559474 0.08831250
1556.77838919 0.01455213 0.07986289
1557.77888944 0.01540014 0.08460378
1558.77938969 0.01555313 0.08617416
1559.77988994 0.01540046 0.07881380
1560.78039020 0.01492341 0.07603698
1561.78089045 0.01425023 0.06833592
1562.78139070 0.01467230 0.06976893
1563.78189095 0.01573730 0.07917083
1564.78239120 0.01478713 0.07652658
1565.78289145 0.01647512 0.08545160
1566.78339170 0.01615300 0.08444570
1567.78389195 0.01616495 0.08398860
1568.78439220 0.01604646 0.08421751
1569.78489245 0.01553685 0.07886041
1570.78539270 0.01743451 0.08874148
1571.78589295 0.01755999 0.09423393
1572.78639320 0.01703779 0.09073719
1573.78689345 0.01747942 0.09319635
1574.78739370 0.01682624 0.09067113
1575.78789395 0.01604302 0.08400916
1576.78839420 0.01635003 0.08680774
1577.78889445 0.01578718 0.08616853
1578.78939470 0.01568793 0.08521790
1579.78989495 0.01598620 0.08776048
1580.79039520 0.01602048 0.08685562
1581.79089545 0.01575164 0.08444216
1582.79139570 0.01583361 0.08440371
1583.79189595 0.01513141 0.08155940
1584.79239620 0.01556413 0.08251850
1585.79289645 0.01615524 0.08402992
1586.79339670 0.01542509 0.08248686
1587.79389695 0.01458002 0.07923587
1588.79439720 0.01771635 0.09942490
1589.79489745 0.01699146 0.09291763
1590.79539770 0.01559554 0.08286185
1591.79589795 0.01505292 0.08469803
1592.79639820 0.01489506 0.08367692
1593.79689845 0.01556340 0.08637914
1594.79739870 0.01497200 0.08706121
1595.79789895 0.01499651 0.08966993
1596.79839920 0.01469014 0.08088530
1597.79889945 0.01528581 0.08233628
1598.79939970 0.01727375 0.10085324
1599.79989995 0.01712450 0.09825021
1600.80040020 0.01605823 0.09305126
1601.80090045 0.01661285 0.09533003
1602.80140070 0.01739458 0.09824323
1603.80190095 0.01711781 0.09297655
1604.80240120 0.01683150 0.09119274
1605.80290145 0.01492267 0.07915978
1606.80340170 0.01488508 0.08068362
1607.80390195 0.01533982 0.08040821
1608.80440220 0.01688527 0.08927107
1609.80490245 0.01649790 0.08882286
1610.80540270 0.01658229 0.09037621
1611.80590295 0.01541809 0.08241629
1612.80640320 0.01513522 0.07961951
1613.80690345 0.01493346 0.08102883
1614.80740370 0.01499039 0.08426870
1615.80790395 0.01559537 0.08610390
1616.80840420 0.01502365 0.08108600
1617.80890445 0.01467820 0.08044893
1618.80940470 0.01482796 0.08089892
1619.80990495 0.01409624 0.07647152
1620.81040520 0.01378981 0.07394312
1621.81090545 0.01382377 0.07437264
1622.81140570 0.01358014 0.07289369
1623.81190595 0.01367555 0.07310940
1624.81240620 0.01349601 0.07314559
1625.81290645 0.01541563 0.08620903
1626.81340670 0.01487774 0.08235036
1627.81390695 0.01397379 0.07597073
1628.81440720 0.01383398 0.07555466
1629.81490745 0.01440509 0.07838180
1630.81540770 0.01620716 0.08680242
1631.81590795 0.01705181 0.08505706
1632.81640820 0.01709072 0.08645411
1633.81690845 0.01652400 0.08497192
1634.81740870 0.01736505 0.09159555
1635.81790895 0.01591831 0.08218976
1636.81840920 0.01596434 0.08136643
1637.81890945 0.01665255 0.08534635
1638.81940970 0.01566574 0.07944211
1639.81990995 0.01521234 0.07704569
1640.82041021 0.01619677 0.08219073
1641.82091046 0.01631795 0.08193634
1642.82141071 0.01717030 0.08821645
1643.82191096 0.01740874 0.09035216
1644.82241121 0.01747248 0.09184144
1645.82291146 0.01977054 0.10087793
1646.82341171 0.01940825 0.10037481
1647.82391196 0.01848971 0.09712273
1648.82441221 0.01811541 0.09459986
1649.82491246 0.01723857 0.08977519
1650.82541271 0.01679618 0.08746124
1651.82591296 0.01711904 0.09100831
1652.82641321 0.01638445 0.09166219
1653.82691346 0.01596942 0.08571836
1654.82741371 0.01571383 0.08443970
1655.82791396 0.01544192 0.08359522
1656.82841421 0.01519845 0.07988968
1657.82891446 0.01535645 0.07828812
1658.82941471 0.01520279 0.07829643
1659.82991496 0.01532085 0.07868480
1660.83041521 0.01521609 0.07976823
1661.83091546 0.01565991 0.08245473
1662.83141571 0.01541341 0.08211182
1663.83191596 0.01463159 0.07881230
1664.83241621 0.01628233 0.08553825
1665.83291646 0.01671297 0.08955121
1666.83341671 0.01621953 0.08571722
1667.83391696 0.01709815 0.08860280
1668.83441721 0.01615359 0.08716353
1669.83491746 0.01545064 0.08342566
1670.83541771 0.01497025 0.07952995
1671.83591796 0.01517458 0.08118869
1672.83641821 0.01445185 0.07856886
1673.83691846 0.01426440 0.07970466
1674.83741871 0.01445666 0.07962068
1675.83791896 0.01383845 0.07104939
1676.83841921 0.01353842 0.07036679
1677.83891946 0.01287239 0.06788526
1678.83941971 0.01335193 0.06948858
1679.83991996 0.01325530 0.06833603
1680.84042021 0.01286180 0.06736675
1681.84092046 0.01225287 0.06243377
1682.84142071 0.01189189 0.06276741
1683.84192096 0.01170264 0.06088123
1684.84242121 0.01349405 0.07178596
1685.84292146 0.01315959 0.07087453
1686.84342171 0.01316915 0.07119632
1687.84392196 0.01346571 0.07099238
1688.84442221 0.01501601 0.08248196
1689.84492246 0.01463788 0.08123531
1690.84542271 0.01450237 0.08185046
1691.84592296 0.01364131 0.07504837
1692.84642321 0.01362781 0.07613357
1693.84692346 0.01368878 0.07854391
1694.84742371 0.01453421 0.08192559
1695.84792396 0.01463351 0.08107196
1696.84842421 0.01470185 0.08011853
1697.84892446 0.01479736 0.07824047
1698.84942471 0.01485292 0.08106242
1699.84992496 0.01409510 0.07440909
1700.85042521 0.01710118 0.09202202
1701.85092546 0.01661426 0.08683801
1702.85142571 0.01734083 0.08616004
1703.85192596 0.01811770 0.08855592
1704.85242621 0.01771926 0.08910139
1705.85292646 0.01836621 0.08959782
1706.85342671 0.02018489 0.09986994
1707.85392696 0.02007065 0.10301903
1708.85442721 0.01872854 0.09507966
1709.85492746 0.01821949 0.09714373
1710.85542771 0.01763947 0.09124589
1711.85592796 0.01754104 0.08945049
1712.85642821 0.01929460 0.10125772
1713.85692846 0.01841058 0.09552115
1714.85742871 0.01713622 0.08691877
1715.85792896 0.01663837 0.08507974
1716.85842921 0.01676121 0.08232008
1717.85892946 0.01893373 0.09203624
1718.85942971 0.01867791 0.09080182
1719.85992996 0.01919851 0.09645503
1720.86043022 0.01954244 0.09724590
1721.86093047 0.01890014 0.09421282
1722.86143072 0.01812375 0.09214207
1723.86193097 0.01936754 0.09915617
1724.86243122 0.01913601 0.09950929
1725.86293147 0.01909528 0.09932727
1726.86343172 0.01813841 0.10209846
1727.86393197 0.01745107 0.09486096
1728.86443222 0.01732024 0.09324478
1729.86493247 0.01966087 0.10931549
1730.86543272 0.01831036 0.09936656
1731.86593297 0.01698387 0.09192471
1732.86643322 0.01681692 0.09049330
1733.86693347 0.01663060 0.08843248
1734.86743372 0.01663788 0.09185593
1735.86793397 0.01608899 0.08856507
1736.86843422 0.01651125 0.08897502
1737.86893447 0.01633188 0.08906946
1738.86943472 0.01608192 0.08782735
1739.86993497 0.01714974 0.09329190
1740.87043522 0.01723897 0.09234812
1741.87093547 0.01723157 0.09171361
1742.87143572 0.01661380 0.09008731
1743.87193597 0.01692790 0.09119236
1744.87243622 0.01711640 0.08985352
1745.87293647 0.02012811 0.10399516
1746.87343672 0.01980632 0.10626921
1747.87393697 0.01863872 0.09877824
1748.87443722 0.01889538 0.09639418
1749.87493747 0.01896005 0.09681933
1750.87543772 0.01771399 0.08998002
1751.87593797 0.01626857 0.08234408
1752.87643822 0.01840194 0.09157276
1753.87693847 0.01866211 0.08966040
1754.87743872 0.02092572 0.10093843
1755.87793897 0.02151964 0.10673881
1756.87843922 0.02034972 0.09941435
1757.87893947 0.01943292 0.09252878
1758.87943972 0.01832190 0.08843714
1759.87993997 0.01815086 0.08781832
1760.88044022 0.01942316 0.09045742
1761.88094047 0.02073648 0.09962211
1762.88144072 0.02063691 0.10171289
1763.88194097 0.02039074 0.09647880
1764.88244122 0.01989744 0.09393438
1765.88294147 0.01919309 0.09313733
1766.88344172 0.01803605 0.08481365
1767.88394197 0.01737097 0.08191153
1768.88444222 0.01804741 0.08863439
1769.88494247 0.01823336 0.09156845
1770.88544272 0.01744407 0.08851874
1771.88594297 0.01711892 0.08652236
1772.88644322 0.01578291 0.07813723
1773.88694347 0.01572665 0.07631150
1774.88744372 0.01519503 0.07286732
1775.88794397 0.01476866 0.06996850
1776.88844422 0.01392033 0.06838495
1777.88894447 0.01356851 0.06745166
1778.88944472 0.01367001 0.06767652
1779.88994497 0.01381952 0.06645913
1780.89044522 0.01457154 0.07058816
1781.89094547 0.01404421 0.06691893
1782.89144572 0.01600670 0.07870306
1783.89194597 0.01612376 0.08066847
1784.89244622 0.01682836 0.08426046
1785.89294647 0.01663635 0.08354925
1786.89344672 0.01604720 0.07877145
1787.89394697 0.01598147 0.08051601
1788.89444722 0.01618608 0.07826150
1789.89494747 0.01610567 0.07998328
1790.89544772 0.01539417 0.07800657
1791.89594797 0.01617312 0.07869946
1792.89644822 0.01635968 0.08273433
1793.89694847 0.01622380 0.08119236
1794.89744872 0.01619569 0.08088485
1795.89794897 0.01576576 0.08035802
1796.89844922 0.01521687 0.07497191
1797.89894947 0.01579178 0.07842792
1798.89944972 0.01594046 0.08130997
1799.89994997 0.01482237 0.07714712
1800.90045023 0.01714731 0.09000851
1801.90095048 0.01655704 0.08341795
1802.90145073 0.01647418 0.08446391
1803.90195098 0.01593928 0.08065336
1804.90245123 0.01617678 0.07940285
1805.90295148 0.01500295 0.07534781
1806.90345173 0.01683424 0.08981507
1807.90395198 0.01700402 0.09397713
1808.90445223 0.01639447 0.09083065
1809.90495248 0.01609360 0.09025441
1810.90545273 0.01580587 0.08867560
1811.90595298 0.01495387 0.08280815
1812.90645323 0.01568987 0.08453667
1813.90695348 0.01541050 0.08207508
1814.90745373 0.01409894 0.07753806
1815.90795398 0.01416671 0.07461782
1816.90845423 0.01371526 0.07117866
1817.90895448 0.01351247 0.06889230
1818.90945473 0.01355374 0.07047484
1819.90995498 0.01338785 0.06899524
1820.91045523 0.01365923 0.06621353
1821.91095548 0.01371062 0.06819488
1822.91145573 0.01329618 0.06602248
1823.91195598 0.01306886 0.06476954
1824.91245623 0.01321443 0.06552722
1825.91295648 0.01269836 0.06197929
1826.91345673 0.01263753 0.06227539
1827.91395698 0.01282440 0.06389199
1828.91445723 0.01305559 0.06638718
1829.91495748 0.01450965 0.07604312
1830.91545773 0.01370407 0.07032116
1831.91595798 0.01239903 0.06054047
1832.91645823 0.01243083 0.05929191
1833.91695848 0.01414696 0.07176095
1834.91745873 0.01393747 0.07314393
1835.91795898 0.01376096 0.07030373
1836.91845923 0.01420570 0.07168950
1837.91895948 0.01385672 0.07011735
1838.91945973 0.01686730 0.08851800
1839.91995998 0.01733742 0.09321010
1840.92046023 0.01753477 0.09371765
1841.92096048 0.01723882 0.08847778
1842.92146073 0.01707578 0.08918611
1843.92196098 0.01638745 0.08148411
1844.92246123 0.01683954 0.08293018
1845.92296148 0.01706744 0.08608845
1846.92346173 0.01525797 0.07640487
1847.92396198 0.01559172 0.07808609
1848.92446223 0.01758782 0.08827414
1849.92496248 0.01763123 0.09121469
1850.92546273 0.01733662 0.09069942
1851.92596298 0.01863419 0.09969940
1852.92646323 0.01801047 0.09767348
1853.92696348 0.01784750 0.09133739
1854.92746373 0.01713060 0.08549866
1855.92796398 0.01725343 0.08999472
1856.92846423 0.01713613 0.08988573
1857.92896448 0.01861375 0.10343480
1858.92946473 0.01892893 0.10898116
1859.92996498 0.02162569 0.11659386
1860.93046523 0.01805826 0.10073392
1861.93096548 0.01770554 0.09505851
1862.93146573 0.01758480 0.09442337
1863.93196598 0.01642425 0.09184335
1864.93246623 0.01644045 0.09446085
1865.93296648 0.01676538 0.09746501
1866.93346673 0.01661725 0.09689264
1867.93396698 0.01519779 0.08783700
1868.93446723 0.01531563 0.08801665
1869.93496748 0.01557940 0.08845046
1870.93546773 0.01526942 0.08809547
1871.93596798 0.01491744 0.08977098
1872.93646823 0.01689059 0.09871235
1873.93696848 0.01617375 0.09042381
1874.93746873 0.01444037 0.07497296
1875.93796898 0.01453040 0.07668359
1876.93846923 0.01556933 0.07949811
1877.93896948 0.01531828 0.07627976
1878.93946973 0.01564098 0.07794786
1879.93996998 0.01502585 0.07625841
1880.94047024 0.01497380 0.07714651
1881.94097049 0.01492143 0.07647610
1882.94147074 0.01465029 0.07868596
1883.94197099 0.01470641 0.07596037
1884.94247124 0.01469651 0.07614166
1885.94297149 0.01428352 0.07115858
1886.94347174 0.01342730 0.06597035
1887.94397199 0.01331490 0.06600112
1888.94447224 0.01265895 0.06204527
1889.94497249 0.01192495 0.05833821
1890.94547274 0.01206986 0.06124469
1891.94597299 0.01202407 0.06155581
1892.94647324 0.01141287 0.05737531
1893.94697349 0.01309486 0.07105412
1894.94747374 0.01445798 0.07861783
1895.94797399 0.01395844 0.07446926
1896.94847424 0.01345317 0.07205967
1897.94897449 0.01339474 0.07269122
1898.94947474 0.01214580 0.06549935
1899.94997499 0.01259219 0.07212259
1900.95047524 0.01217315 0.07012644
1901.95097549 0.01163618 0.06806833
1902.95147574 0.01168627 0.06867731
1903.95197599 0.01154115 0.06701436
1904.95247624 0.01243905 0.07042135
1905.95297649 0.01424506 0.08314592
1906.95347674 0.01413897 0.08018255
1907.95397699 0.01390665 0.07863714
1908.95447724 0.01261639 0.07259594
1909.95497749 0.01395409 0.08127308
1910.95547774 0.01457345 0.08455793
1911.95597799 0.01449415 0.08423257
1912.95647824 0.01397173 0.08369196
1913.95697849 0.01402332 0.08473492
1914.95747874 0.01343510 0.07887556
1915.95797899 0.01345713 0.08185593
1916.95847924 0.01375722 0.08311040
1917.95897949 0.01346494 0.07694835
1918.95947974 0.01415966 0.08393382
1919.95997999 0.01386512 0.08115321
1920.96048024 0.01516539 0.08858930
1921.96098049 0.01539619 0.09211461
1922.96148074 0.01533868 0.09088784
1923.96198099 0.01524497 0.09412208
1924.96248124 0.01403385 0.08529489
1925.96298149 0.01371960 0.08339466
1926.96348174 0.01299008 0.07753528
1927.96398199 0.01291132 0.07681676
1928.96448224 0.01288740 0.07726810
1929.96498249 0.01482545 0.09333852
1930.96548274 0.01495259 0.09342240
1931.96598299 0.01461909 0.09268550
1932.96648324 0.01397470 0.08871710
1933.96698349 0.01406228 0.08930551
1934.96748374 0.01518345 0.09788009
1935.96798399 0.01503081 0.10034981
1936.96848424 0.01397319 0.08959608
1937.96898449 0.01734725 0.10948343
1938.96948474 0.01543893 0.09173740
1939.96998499 0.01587484 0.09658727
1940.97048524 0.01596219 0.09674385
1941.97098549 0.01497274 0.08963263
1942.97148574 0.01527693 0.09296373
1943.97198599 0.01438961 0.08897245
1944.97248624 0.01616088 0.09739659
1945.97298649 0.01599815 0.09814878
1946.97348674 0.01605450 0.09804614
1947.97398699 0.01585879 0.09721386
1948.97448724 0.01577691 0.09986108
1949.97498749 0.01528378 0.09685036
1950.97548774 0.01525112 0.09620630
1951.97598799 0.01587787 0.10330258
1952.97648824 0.01536701 0.09444373
1953.97698849 0.01499692 0.09132225
1954.97748874 0.01577689 0.09779677
1955.97798899 0.01544517 0.09674238
1956.97848924 0.01497505 0.09291464
1957.97898949 0.01546332 0.09713647
1958.97948974 0.01572529 0.09644637
1959.97998999 0.01521909 0.09478603
1960.98049025 0.01503663 0.09434741
1961.98099050 0.01474737 0.09116400
1962.98149075 0.01472606 0.09349086
1963.98199100 0.01428524 0.09354945
1964.98249125 0.01404790 0.09014858
1965.98299150 0.01699615 0.10289556
1966.98349175 0.01712488 0.10510347
1967.98399200 0.01653926 0.10061708
1968.98449225 0.01629189 0.10034780
1969.98499250 0.01676511 0.10271436
1970.98549275 0.01602956 0.09963938
1971.98599300 0.01598912 0.09824544
1972.98649325 0.01811460 0.10433496
1973.98699350 0.01791528 0.10268509
1974.98749375 0.01781106 0.10511716
1975.98799400 0.01776257 0.10498630
1976.98849425 0.01765176 0.10483106
1977.98899450 0.02040638 0.11490234
1978.98949475 0.02187097 0.12060869
1979.98999500 0.02099125 0.11563580
1980.99049525 0.02064142 0.11132114
1981.99099550 0.02134186 0.11628558
1982.99149575 0.02154058 0.11892110
1983.99199600 0.02067260 0.11311980
1984.99249625 0.02081685 0.11456908
1985.99299650 0.01996349 0.11131581
1986.99349675 0.01928074 0.10397465
1987.99399700 0.01917787 0.10289789
1988.99449725 0.01853912 0.09969194
1989.99499750 0.01779533 0.09385825
1990.99549775 0.01682252 0.08910099
1991.99599800 0.01657867 0.08722566
1992.99649825 0.01895107 0.10080802
1993.99699850 0.01841459 0.09948215
1994.99749875 0.01719665 0.09112383
1995.99799900 0.01665689 0.08688945
1996.99849925 0.01776459 0.08945322
1997.99899950 0.01754803 0.08708175
1998.99949975 0.01714621 0.08468958
2000.00000000 0.01756378 0.08559219
