0.00000000 11.00000000 0.00000109
1.00100100 11.00003060 0.07075657
2.00200200 10.92718576 0.18627217
3.00300300 10.84612750 0.29090066
4.00400400 10.76736466 0.35684722
5.00500501 10.67176094 0.43287740
6.00600601 10.55625467 0.49601230
7.00700701 10.43140072 0.56280546
8.00800801 10.30936768 0.62250757
9.00900901 10.18999409 0.66594493
10.01001001 10.08653299 0.70623568
11.01101101 9.98626580 0.73569598
12.01201201 9.87946220 0.78137406
13.01301301 9.79573194 0.80192272
14.01401401 9.68436069 0.83394730
15.01501502 9.57496939 0.86484564
16.01601602 9.47529531 0.89125511
17.01701702 9.37841295 0.92748301
18.01801802 9.26540524 0.94630981
19.01901902 9.16260224 0.99780601
20.02002002 9.07688484 1.02750223
21.02102102 8.98976099 1.02137783
22.02202202 8.90248712 1.04889160
23.02302302 8.80912450 1.06543776
24.02402402 8.70599721 1.08905424
25.02502503 8.58339263 1.11450022
26.02602603 8.48852127 1.13021020
27.02702703 8.37348477 1.16411383
28.02802803 8.27115545 1.17364604
29.02902903 8.18474871 1.18491162
30.03003003 8.08205898 1.19346645
31.03103103 7.99277204 1.21137441
32.03203203 7.90649484 1.21645728
33.03303303 7.83404647 1.22055471
34.03403403 7.71538716 1.25120190
35.03503504 7.62688228 1.25361766
36.03603604 7.52295656 1.26798441
37.03703704 7.42941592 1.29376269
38.03803804 7.33204561 1.29602259
39.03903904 7.25017270 1.29535830
40.04004004 7.17521893 1.30309485
41.04104104 7.06994737 1.31128551
42.04204204 6.97076778 1.32413466
43.04304304 6.88937654 1.32768201
44.04404404 6.78661358 1.33863172
45.04504505 6.70583357 1.33892859
46.04604605 6.63329355 1.34143152
47.04704705 6.55102475 1.33856122
48.04804805 6.47949142 1.34826425
49.04904905 6.39299130 1.36649534
50.05005005 6.31563100 1.35895699
51.05105105 6.23677816 1.36479071
52.05205205 6.15009398 1.37170795
53.05305305 6.05351179 1.38628466
54.05405405 5.96798239 1.38934144
55.05505506 5.90127775 1.38696018
56.05605606 5.82511166 1.38971887
57.05705706 5.72580726 1.39862512
58.05805806 5.64221794 1.39469677
59.05905906 5.56284668 1.40057437
60.06006006 5.47793373 1.38626804
61.06106106 5.39451721 1.38856296
62.06206206 5.31293413 1.38723798
63.06306306 5.23020060 1.38687754
64.06406406 5.15636362 1.39124301
65.06506507 5.08658403 1.39993444
66.06606607 5.01351619 1.40698422
67.06706707 4.94976675 1.41408038
68.06806807 4.87234317 1.39109523
69.06906907 4.80853383 1.39553526
70.07007007 4.74132374 1.37079832
71.07107107 4.68849206 1.35763199
72.07207207 4.62119264 1.35500237
73.07307307 4.54677671 1.36008256
74.07407407 4.48042634 1.35634262
75.07507508 4.41552864 1.35135916
76.07607608 4.35634439 1.34248260
77.07707708 4.27812143 1.32908318
78.07807808 4.20290271 1.31586248
79.07907908 4.14815233 1.30485680
80.08008008 4.08446272 1.31219116
81.08108108 4.00209870 1.30268157
82.08208208 3.94741512 1.29926678
83.08308308 3.88401956 1.29904095
84.08408408 3.82599364 1.29560765
85.08508509 3.76489026 1.28216398
86.08608609 3.71300507 1.27477998
87.08708709 3.64411981 1.26317754
88.08808809 3.57856194 1.24986246
89.08908909 3.53004609 1.24408869
90.09009009 3.48312006 1.23806633
91.09109109 3.43462978 1.22836109
92.09209209 3.37333811 1.22815304
93.09309309 3.32689698 1.20893990
94.09409409 3.27500710 1.19473272
95.09509510 3.22511972 1.18197708
96.09609610 3.16712824 1.16636561
97.09709710 3.11507532 1.16662466
98.09809810 3.06075440 1.16367875
99.09909910 3.00968013 1.16302478
100.10010010 2.96568166 1.15937906
101.10110110 2.91885225 1.15341176
102.10210210 2.87237744 1.14236917
103.10310310 2.82649861 1.14405971
104.10410410 2.78056347 1.12598863
105.10510511 2.73096716 1.11971464
106.10610611 2.69694604 1.12142622
107.10710711 2.65577390 1.11559000
108.10810811 2.60784423 1.10119590
109.10910911 2.55292869 1.08648862
110.11011011 2.51265700 1.07112562
111.11111111 2.47880985 1.06732679
112.11211211 2.44237519 1.05652920
113.11311311 2.40034531 1.04979092
114.11411411 2.36158283 1.03429896
115.11511512 2.32731068 1.02998671
116.11611612 2.29164162 1.02707526
117.11711712 2.25241829 1.02445814
118.11811812 2.20851504 1.01410865
119.11911912 2.16869504 1.00357714
120.12012012 2.13488675 0.99318664
121.12112112 2.09664284 0.97981808
122.12212212 2.05569605 0.96725566
123.12312312 2.01009393 0.95130032
124.12412412 1.98282605 0.94862490
125.12512513 1.95584215 0.94460281
126.12612613 1.92571463 0.93571650
127.12712713 1.88171776 0.92401500
128.12812813 1.84380888 0.91341462
129.12912913 1.81362757 0.90924990
130.13013013 1.78406733 0.89696989
131.13113113 1.74555164 0.88822857
132.13213213 1.71301497 0.87973786
133.13313313 1.68442654 0.87326235
134.13413413 1.65812499 0.87043648
135.13513514 1.62341776 0.86233362
136.13613614 1.59205890 0.85936711
137.13713714 1.56142918 0.84867721
138.13813814 1.53352809 0.83248826
139.13913914 1.50014127 0.81654422
140.14014014 1.46799596 0.80388280
141.14114114 1.44091723 0.79914038
142.14214214 1.41630186 0.79137531
143.14314314 1.39368740 0.77908938
144.14414414 1.37076677 0.77304708
145.14514515 1.34446173 0.75704177
146.14614615 1.32423360 0.75305794
147.14714715 1.30081433 0.74265735
148.14814815 1.27881027 0.73541766
149.14914915 1.25752279 0.72928880
150.15015015 1.23132998 0.71545773
151.15115115 1.20530758 0.70226841
152.15215215 1.18039459 0.69263473
153.15315315 1.15513809 0.68576315
154.15415415 1.13412439 0.67621534
155.15515516 1.11374281 0.67074688
156.15615616 1.09204109 0.66063941
157.15715716 1.07203956 0.64960171
158.15815816 1.05234146 0.64468364
159.15915916 1.03382396 0.64094175
160.16016016 1.01648248 0.63897377
161.16116116 0.99738903 0.63478024
162.16216216 0.97720534 0.62474852
163.16316316 0.95691976 0.61686475
164.16416416 0.93714227 0.61080679
165.16516517 0.91815714 0.60473961
166.16616617 0.89889062 0.59298904
167.16716717 0.88480105 0.58602391
168.16816817 0.86701332 0.57322686
169.16916917 0.85392610 0.56885902
170.17017017 0.83444882 0.55873298
171.17117117 0.81833962 0.55214866
172.17217217 0.80367856 0.54456151
173.17317317 0.78945580 0.54018382
174.17417417 0.77382709 0.53651696
175.17517518 0.75803180 0.52778807
176.17617618 0.74217562 0.51740687
177.17717718 0.72985368 0.51453061
178.17817818 0.71669774 0.50639810
179.17917918 0.70314180 0.50102783
180.18018018 0.69086539 0.49730056
181.18118118 0.67591017 0.49215339
182.18218218 0.65913144 0.47991701
183.18318318 0.64539479 0.47454464
184.18418418 0.63274018 0.46934203
185.18518519 0.61976509 0.46246918
186.18618619 0.60734674 0.45295795
187.18718719 0.59211565 0.44406014
188.18818819 0.58029781 0.43820916
189.18918919 0.57128791 0.43572218
190.19019019 0.55940617 0.42994001
191.19119119 0.54797650 0.42493476
192.19219219 0.53836797 0.42113630
193.19319319 0.52745986 0.41638826
194.19419419 0.51548557 0.40336407
195.19519520 0.50391778 0.39396125
196.19619620 0.49476681 0.38956391
197.19719720 0.48443614 0.38340857
198.19819820 0.47318045 0.37644450
199.19919920 0.46540560 0.37379561
200.20020020 0.45371932 0.36428338
201.20120120 0.44410738 0.36034557
202.20220220 0.43301463 0.35642114
203.20320320 0.42501037 0.35070880
204.20420420 0.41800643 0.34571176
205.20520521 0.40985482 0.34119210
206.20620621 0.40193279 0.33609495
207.20720721 0.39428096 0.33303942
208.20820821 0.38618150 0.32928299
209.20920921 0.37906316 0.32658040
210.21021021 0.37224611 0.32320624
211.21121121 0.36518923 0.31984346
212.21221221 0.35823475 0.31583325
213.21321321 0.34969284 0.30786791
214.21421421 0.34246822 0.30534542
215.21521522 0.33541889 0.30092952
216.21621622 0.33008934 0.29851309
217.21721722 0.32337733 0.29624148
218.21821822 0.31638281 0.29152266
219.21921922 0.30901273 0.28503552
220.22022022 0.30235337 0.28054277
221.22122122 0.29632377 0.27746362
222.22222222 0.29064281 0.27443458
223.22322322 0.28344589 0.26874962
224.22422422 0.27781601 0.26543775
225.22522523 0.27235207 0.26179959
226.22622623 0.26705961 0.25880101
227.22722723 0.26173742 0.25665731
228.22822823 0.25569940 0.25249839
229.22922923 0.24977529 0.24906776
230.23023023 0.24370782 0.24204304
231.23123123 0.23916501 0.24062941
232.23223223 0.23420627 0.23793030
233.23323323 0.22977288 0.23583861
234.23423423 0.22551949 0.23368699
235.23523524 0.22110345 0.23263897
236.23623624 0.21633251 0.22992619
237.23723724 0.21129746 0.22453629
238.23823824 0.20741621 0.22234904
239.23923924 0.20275162 0.21463143
240.24024024 0.19915908 0.21282558
241.24124124 0.19483992 0.20996363
242.24224224 0.19091904 0.20746395
243.24324324 0.18613608 0.20316605
244.24424424 0.18313643 0.20095216
245.24524525 0.17908461 0.19873209
246.24624625 0.17567925 0.19654335
247.24724725 0.17116628 0.19087942
248.24824825 0.16575340 0.18402476
249.24924925 0.16251318 0.18106279
250.25025025 0.16002516 0.17902617
251.25125125 0.15750496 0.17697154
252.25225225 0.15461010 0.17438472
253.25325325 0.15086827 0.17130914
254.25425425 0.14752185 0.16924355
255.25525526 0.14537290 0.16818340
256.25625626 0.14296733 0.16682746
257.25725726 0.13938062 0.16446279
258.25825826 0.13629238 0.16250764
259.25925926 0.13365416 0.16028668
260.26026026 0.13246768 0.16512135
261.26126126 0.13039908 0.16424699
262.26226226 0.12865395 0.16922031
263.26326326 0.12604606 0.16713594
264.26426426 0.12334416 0.16594681
265.26526527 0.12136215 0.16446812
266.26626627 0.11929479 0.16351831
267.26726727 0.11726043 0.16227635
268.26826827 0.11476652 0.16070348
269.26926927 0.11174104 0.15500487
270.27027027 0.10995169 0.15411043
271.27127127 0.10794602 0.15317576
272.27227227 0.10551758 0.14662747
273.27327327 0.10331263 0.14477748
274.27427427 0.10182047 0.14340684
275.27527528 0.09978150 0.14178094
276.27627628 0.09773860 0.13963369
277.27727728 0.09588332 0.13790291
278.27827828 0.09390206 0.13615625
279.27927928 0.09201590 0.13420339
280.28028028 0.08988070 0.13208013
281.28128128 0.08764160 0.12435366
282.28228228 0.08605551 0.12405183
283.28328328 0.08442823 0.12283328
284.28428428 0.08237976 0.12073783
285.28528529 0.08072561 0.11924542
286.28628629 0.07953730 0.11827797
287.28728729 0.07846416 0.11895581
288.28828829 0.07695000 0.11756074
289.28928929 0.07586369 0.11684077
290.29029029 0.07452743 0.11550591
291.29129129 0.07290919 0.11339564
292.29229229 0.07139625 0.11191806
293.29329329 0.07056375 0.11155160
294.29429429 0.06933955 0.11019956
295.29529530 0.06789834 0.10872437
296.29629630 0.06692386 0.10876069
297.29729730 0.06462344 0.09923998
298.29829830 0.06326160 0.09786830
299.29929930 0.06207837 0.09729055
300.30030030 0.06111611 0.09699132
301.30130130 0.06004864 0.09581486
302.30230230 0.05889447 0.09457097
303.30330330 0.05776458 0.09318652
304.30430430 0.05654254 0.09178027
305.30530531 0.05792249 0.09884468
306.30630631 0.05696729 0.09823929
307.30730731 0.05792388 0.10613544
308.30830831 0.05653132 0.10501247
309.30930931 0.05617480 0.10464324
310.31031031 0.05487985 0.10354748
311.31131131 0.05407299 0.10278708
312.31231231 0.05243515 0.09637848
313.31331331 0.05161884 0.09611006
314.31431431 0.05050418 0.09473323
315.31531532 0.04932517 0.09298805
316.31631632 0.04836648 0.09184529
317.31731732 0.04858946 0.09379668
318.31831832 0.04814519 0.09405238
319.31931932 0.04723031 0.09332898
320.32032032 0.04671235 0.09289400
321.32132132 0.04585600 0.09192222
322.32232232 0.04511474 0.09070452
323.32332332 0.04442724 0.08983559
324.32432432 0.04386152 0.08919575
325.32532533 0.04307200 0.08834785
326.32632633 0.03997785 0.07586271
327.32732733 0.03900058 0.07404259
328.32832833 0.03823896 0.07267453
329.32932933 0.03776093 0.07246280
330.33033033 0.03746951 0.07236977
331.33133133 0.03670783 0.07179666
332.33233233 0.03642114 0.07185668
333.33333333 0.03653661 0.07395753
334.33433433 0.03598753 0.07373734
335.33533534 0.03563002 0.07309747
336.33633634 0.03504690 0.07273716
337.33733734 0.03471398 0.07229231
338.33833834 0.03405522 0.07131499
339.33933934 0.03341581 0.07037901
340.34034034 0.03345618 0.07097168
341.34134134 0.03256210 0.06871382
342.34234234 0.03181716 0.06784611
343.34334334 0.03136918 0.06706600
344.34434434 0.03103325 0.06652642
345.34534535 0.03050664 0.06574438
346.34634635 0.02991338 0.06485090
347.34734735 0.02930671 0.06395066
348.34834835 0.02873926 0.06304916
349.34934935 0.02809644 0.06206855
350.35035035 0.02753858 0.06121367
351.35135135 0.02616393 0.05740454
352.35235235 0.02568273 0.05672516
353.35335335 0.02520179 0.05605417
354.35435435 0.02471364 0.05533111
355.35535536 0.02390268 0.05417204
356.35635636 0.02401328 0.05468155
357.35735736 0.02368967 0.05432546
358.35835836 0.02336990 0.05396455
359.35935936 0.02281154 0.05316083
360.36036036 0.02251912 0.05268258
361.36136136 0.02229093 0.05255944
362.36236236 0.02058707 0.03788671
363.36336336 0.02008424 0.03691769
364.36436436 0.01966615 0.03629594
365.36536537 0.01914908 0.03526234
366.36636637 0.01879175 0.03486452
367.36736737 0.01831683 0.03399382
368.36836837 0.01791566 0.03323175
369.36936937 0.01762722 0.03295767
370.37037037 0.01710214 0.03225984
371.37137137 0.01667314 0.03100465
372.37237237 0.01627594 0.03038681
373.37337337 0.01590452 0.02982052
374.37437437 0.01578943 0.02976240
375.37537538 0.01561079 0.02991039
376.37637638 0.01544074 0.02971125
377.37737738 0.01517003 0.02915836
378.37837838 0.01486196 0.02864289
379.37937938 0.01464179 0.02830760
380.38038038 0.01435457 0.02762581
381.38138138 0.01407369 0.02720837
382.38238238 0.01382164 0.02679020
383.38338338 0.01356385 0.02640754
384.38438438 0.01324775 0.02589960
385.38538539 0.01329179 0.02596391
386.38638639 0.01305858 0.02568735
387.38738739 0.01280278 0.02530151
388.38838839 0.01387307 0.03698037
389.38938939 0.01399241 0.03759029
390.39039039 0.01378247 0.03685958
391.39139139 0.01360155 0.03695437
392.39239239 0.01399360 0.03894462
393.39339339 0.01429736 0.04020106
394.39439439 0.01409634 0.04015997
395.39539540 0.01473030 0.04383681
396.39639640 0.01446171 0.04314079
397.39739740 0.01423101 0.04272851
398.39839840 0.01405188 0.04248599
399.39939940 0.01386235 0.04227351
400.40040040 0.01366449 0.04222927
401.40140140 0.01384170 0.04504199
402.40240240 0.01369487 0.04485130
403.40340340 0.01357028 0.04483944
404.40440440 0.01250915 0.03775735
405.40540541 0.01255557 0.03896362
406.40640641 0.01244272 0.03911368
407.40740741 0.01188812 0.03776535
408.40840841 0.01291938 0.04619159
409.40940941 0.01262568 0.04324968
410.41041041 0.01316237 0.04570926
411.41141141 0.01308386 0.04595167
412.41241241 0.01298473 0.04572925
413.41341341 0.01394115 0.05196228
414.41441441 0.01392285 0.05240573
415.41541542 0.01364972 0.05203068
416.41641642 0.01306715 0.04960729
417.41741742 0.01299875 0.04969488
418.41841842 0.01295349 0.05000940
419.41941942 0.01376701 0.05322298
420.42042042 0.01372670 0.05414527
421.42142142 0.01501004 0.06213185
422.42242242 0.01481451 0.06156911
423.42342342 0.01465405 0.06100445
424.42442442 0.01453518 0.06044793
425.42542543 0.01432782 0.05988012
426.42642643 0.01413153 0.05929526
427.42742743 0.01389973 0.05865827
428.42842843 0.01443214 0.06021277
429.42942943 0.01512484 0.06284019
430.43043043 0.01484276 0.06202843
431.43143143 0.01464407 0.06115988
432.43243243 0.01446931 0.06047408
433.43343343 0.01424877 0.05976893
434.43443443 0.01493678 0.06235544
435.43543544 0.01475776 0.06207735
436.43643644 0.01452663 0.06143575
437.43743744 0.01418774 0.06058260
438.43843844 0.01584989 0.06706821
439.43943944 0.01558674 0.06619513
440.44044044 0.01530890 0.06530728
441.44144144 0.01665943 0.06894449
442.44244244 0.01619469 0.06738070
443.44344344 0.01592320 0.06656831
444.44444444 0.01565002 0.06600121
445.44544545 0.01642826 0.06829678
446.44644645 0.01644303 0.06726584
447.44744745 0.01625589 0.06661650
448.44844845 0.01597107 0.06564748
449.44944945 0.01557490 0.06417318
450.45045045 0.01626167 0.06615033
451.45145145 0.01601501 0.06531770
452.45245245 0.01573574 0.06461325
453.45345345 0.01523764 0.06143332
454.45445445 0.01493623 0.06048273
455.45545546 0.01465655 0.05965252
456.45645646 0.01442794 0.05875834
457.45745746 0.01435940 0.05883617
458.45845846 0.01517583 0.06223476
459.45945946 0.01484612 0.06043309
460.46046046 0.01445804 0.05943807
461.46146146 0.01426999 0.05877528
462.46246246 0.01397677 0.05791717
463.46346346 0.01384816 0.05761843
464.46446446 0.01353873 0.05597000
465.46546547 0.01306356 0.05484413
466.46646647 0.01285223 0.05413610
467.46746747 0.01295244 0.05398910
468.46846847 0.01277027 0.05316285
469.46946947 0.01271156 0.05245405
470.47047047 0.01483084 0.06346450
471.47147147 0.01456340 0.06254017
472.47247247 0.01498686 0.06334279
473.47347347 0.01468323 0.06251991
474.47447447 0.01456263 0.06187415
475.47547548 0.01538121 0.06496186
476.47647648 0.01602650 0.06733211
477.47747748 0.01593403 0.06736674
478.47847848 0.01602290 0.06751784
479.47947948 0.01581445 0.06697185
480.48048048 0.01615169 0.06737176
481.48148148 0.01672271 0.06884256
482.48248248 0.01595160 0.06661865
483.48348348 0.01578083 0.06576622
484.48448448 0.01551368 0.06491084
485.48548549 0.01525922 0.06409986
486.48648649 0.01453632 0.06018333
487.48748749 0.01561357 0.06453072
488.48848849 0.01538732 0.06351951
489.48948949 0.01423917 0.05666126
490.49049049 0.01419890 0.05645608
491.49149149 0.01395892 0.05572311
492.49249249 0.01375417 0.05508825
493.49349349 0.01355941 0.05457387
494.49449449 0.01330107 0.05390837
495.49549550 0.01310828 0.05325098
496.49649650 0.01288558 0.05241590
497.49749750 0.01360480 0.05557033
498.49849850 0.01367360 0.05624649
499.49949950 0.01462251 0.06086417
500.50050050 0.01440078 0.05978806
501.50150150 0.01423957 0.05941054
502.50250250 0.01402987 0.05861589
503.50350350 0.01519199 0.06496137
504.50450450 0.01683073 0.07712142
505.50550551 0.01662688 0.07657067
506.50650651 0.01641964 0.07610483
507.50750751 0.01619753 0.07545820
508.50850851 0.01678982 0.07668455
509.50950951 0.01680970 0.07676952
510.51051051 0.01659972 0.07596714
511.51151151 0.01638624 0.07526897
512.51251251 0.01628054 0.07481454
513.51351351 0.01605175 0.07409520
514.51451451 0.01599612 0.07400991
515.51551552 0.01580341 0.07354253
516.51651652 0.01577640 0.07296718
517.51751752 0.01550853 0.07230630
518.51851852 0.01529682 0.07160698
519.51951952 0.01481560 0.06759646
520.52052052 0.01607184 0.07418295
521.52152152 0.01596121 0.07363824
522.52252252 0.01448870 0.06458186
523.52352352 0.01405884 0.06054795
524.52452452 0.01373843 0.05868519
525.52552553 0.01345609 0.05778298
526.52652653 0.01334386 0.05715424
527.52752753 0.01306784 0.05610344
528.52852853 0.01306311 0.05546781
529.52952953 0.01285949 0.05455729
530.53053053 0.01265877 0.05370198
531.53153153 0.01225473 0.05255073
532.53253253 0.01180911 0.05115868
533.53353353 0.01309308 0.05890516
534.53453453 0.01304933 0.05848164
535.53553554 0.01284889 0.05774799
536.53653654 0.01262565 0.05701292
537.53753754 0.01240850 0.05616165
538.53853854 0.01225193 0.05550696
539.53953954 0.01205604 0.05471151
540.54054054 0.01106755 0.05070389
541.54154154 0.01089655 0.05012554
542.54254254 0.01071748 0.04948057
543.54354354 0.01054936 0.04891293
544.54454454 0.01160919 0.05482992
545.54554555 0.01142212 0.05418981
546.54654655 0.01123137 0.05353853
547.54754755 0.01102160 0.05275825
548.54854855 0.01083744 0.05207759
549.54954955 0.01058208 0.05115881
550.55055055 0.01042399 0.05039341
551.55155155 0.01023873 0.04978821
552.55255255 0.01011979 0.04918581
553.55355355 0.01100600 0.05363565
554.55455455 0.01083533 0.05300345
555.55555556 0.01063611 0.05238661
556.55655656 0.01045419 0.05178110
557.55755756 0.01145218 0.05699722
558.55855856 0.01126007 0.05625179
559.55955956 0.01175570 0.06247409
560.56056056 0.01169898 0.06212926
561.56156156 0.01151591 0.06141355
562.56256256 0.01073821 0.05794503
563.56356356 0.01213854 0.06646222
564.56456456 0.01325290 0.07147258
565.56556557 0.01330593 0.07279566
566.56656657 0.01452408 0.07823428
567.56756757 0.01438580 0.07804467
568.56856857 0.01425403 0.07755796
569.56956957 0.01417494 0.07695064
570.57057057 0.01403905 0.07631792
571.57157157 0.01378845 0.07560013
572.57257257 0.01411408 0.07553977
573.57357357 0.01396051 0.07488282
574.57457457 0.01375634 0.07394310
575.57557558 0.01355164 0.07289916
576.57657658 0.01339399 0.07196589
577.57757758 0.01317320 0.07110098
578.57857858 0.01301342 0.07039722
579.57957958 0.01402202 0.07408588
580.58058058 0.01389385 0.07341271
581.58158158 0.01374990 0.07266018
582.58258258 0.01332228 0.07145922
583.58358358 0.01313583 0.07063044
584.58458458 0.01295851 0.06958372
585.58558559 0.01279171 0.06864058
586.58658659 0.01294145 0.06812108
587.58758759 0.01386752 0.07187575
588.58858859 0.01370100 0.07106034
589.58958959 0.01353102 0.07020042
590.59059059 0.01349281 0.07038965
591.59159159 0.01492397 0.07543711
592.59259259 0.01478705 0.07477163
593.59359359 0.01460941 0.07396448
594.59459459 0.01585453 0.07992835
595.59559560 0.01564092 0.07922573
596.59659660 0.01543802 0.07844910
597.59759760 0.01523898 0.07770083
598.59859860 0.01612769 0.08058429
599.59959960 0.01582701 0.07917829
600.60060060 0.01562927 0.07822738
601.60160160 0.01541072 0.07744110
602.60260260 0.01519615 0.07654934
603.60360360 0.01399988 0.07243402
604.60460460 0.01379996 0.07138103
605.60560561 0.01356058 0.07030902
606.60660661 0.01332213 0.06925650
607.60760761 0.01399367 0.07075845
608.60860861 0.01381216 0.06996510
609.60960961 0.01301415 0.06440203
610.61061061 0.01429751 0.07139446
611.61161161 0.01406764 0.07043929
612.61261261 0.01390502 0.06994719
613.61361361 0.01369072 0.06901022
614.61461461 0.01340418 0.06773787
615.61561562 0.01456714 0.07337992
616.61661662 0.01348948 0.06977084
617.61761762 0.01331054 0.06895045
618.61861862 0.01312114 0.06819634
619.61961962 0.01295869 0.06757359
620.62062062 0.01296650 0.06831285
621.62162162 0.01287123 0.06807379
622.62262262 0.01414530 0.07479579
623.62362362 0.01530610 0.08042567
624.62462462 0.01499970 0.07919085
625.62562563 0.01479878 0.07813175
626.62662663 0.01464172 0.07755336
627.62762763 0.01586347 0.08281628
628.62862863 0.01584530 0.08360270
629.62962963 0.01585288 0.08278472
630.63063063 0.01558470 0.08182163
631.63163163 0.01536567 0.08092273
632.63263263 0.01468385 0.07703756
633.63363363 0.01449244 0.07600225
634.63463463 0.01421059 0.07509148
635.63563564 0.01402883 0.07433740
636.63663664 0.01385041 0.07367010
637.63763764 0.01373386 0.07315563
638.63863864 0.01279976 0.06883707
639.63963964 0.01274798 0.06843619
640.64064064 0.01265186 0.06785367
641.64164164 0.01374992 0.07260179
642.64264264 0.01361374 0.07181118
643.64364364 0.01477348 0.07772346
644.64464464 0.01464671 0.07693763
645.64564565 0.01586190 0.08202220
646.64664665 0.01569653 0.08141984
647.64764765 0.01553080 0.08083828
648.64864865 0.01541235 0.08018028
649.64964965 0.01524697 0.07957070
650.65065065 0.01507058 0.07884499
651.65165165 0.01610913 0.08249328
652.65265265 0.01594771 0.08222503
653.65365365 0.01580617 0.08171808
654.65465465 0.01555588 0.08087025
655.65565566 0.01538131 0.08026085
656.65665666 0.01516405 0.07957473
657.65765766 0.01508700 0.07905175
658.65865866 0.01494962 0.07844572
659.65965966 0.01616463 0.08295027
660.66066066 0.01600376 0.08221971
661.66166166 0.01713612 0.08645464
662.66266266 0.01689062 0.08550388
663.66366366 0.01527952 0.07828126
664.66466466 0.01511965 0.07757403
665.66566567 0.01319986 0.06854511
666.66666667 0.01331620 0.06795825
667.66766767 0.01324466 0.06743713
668.66866867 0.01308861 0.06677344
669.66966967 0.01290536 0.06601334
670.67067067 0.01271679 0.06530515
671.67167167 0.01254555 0.06453640
672.67267267 0.01233867 0.06380694
673.67367367 0.01210245 0.06304602
674.67467467 0.01193127 0.06225842
675.67567568 0.01249763 0.06592213
676.67667668 0.01230575 0.06606764
677.67767768 0.01219722 0.06565788
678.67867868 0.01201657 0.06505917
679.67967968 0.01186713 0.06440699
680.68068068 0.01168895 0.06374250
681.68168168 0.01138611 0.06294748
682.68268268 0.01124155 0.06236684
683.68368368 0.01123391 0.06186829
684.68468468 0.01112944 0.06118845
685.68568569 0.01120054 0.06077631
686.68668669 0.01104407 0.06011031
687.68768769 0.01086144 0.05938211
688.68868869 0.01070308 0.05868671
689.68968969 0.01056238 0.05805166
690.69069069 0.00977443 0.05325605
691.69169169 0.00963018 0.05268088
692.69269269 0.00946491 0.05207012
693.69369369 0.00929192 0.05151672
694.69469469 0.00913589 0.05087239
695.69569570 0.00876839 0.04973337
696.69669670 0.00863449 0.04913705
697.69769770 0.00851475 0.04847626
698.69869870 0.00786668 0.04568092
699.69969970 0.00765832 0.04464156
700.70070070 0.00757426 0.04429242
701.70170170 0.00746486 0.04383926
702.70270270 0.00696043 0.04234046
703.70370370 0.00689054 0.04204472
704.70470470 0.00674902 0.04156141
705.70570571 0.00664870 0.04106368
706.70670671 0.00757308 0.04398505
707.70770771 0.00920813 0.05747467
708.70870871 0.00917241 0.05738820
709.70970971 0.00913631 0.05705804
710.71071071 0.01007652 0.06102572
711.71171171 0.00992234 0.06038722
712.71271271 0.00977542 0.05986848
713.71371371 0.01076658 0.06987786
714.71471471 0.01060250 0.06933050
715.71571572 0.01046439 0.06888882
716.71671672 0.01170411 0.07477365
717.71771772 0.01236683 0.07633499
718.71871872 0.01363119 0.08215012
719.71971972 0.01343341 0.08101639
720.72072072 0.01611250 0.09158788
721.72172172 0.01591838 0.09074694
722.72272272 0.01576712 0.09022064
723.72372372 0.01570237 0.08958229
724.72472472 0.01551526 0.08879615
725.72572573 0.01535636 0.08809599
726.72672673 0.01522884 0.08750755
727.72772773 0.01507180 0.08692961
728.72872873 0.01489647 0.08598517
729.72972973 0.01484785 0.08559536
730.73073073 0.01647811 0.09370752
731.73173173 0.01634304 0.09321238
732.73273273 0.01572917 0.08868281
733.73373373 0.01712504 0.09453560
734.73473473 0.01760504 0.09462556
735.73573574 0.01741419 0.09376782
736.73673674 0.01536955 0.08399478
737.73773774 0.01532111 0.08406938
738.73873874 0.01381021 0.07786998
739.73973974 0.01347835 0.07620073
740.74074074 0.01351741 0.07573845
741.74174174 0.01451731 0.07733682
742.74274274 0.01360461 0.07309953
743.74374374 0.01244843 0.06718178
744.74474474 0.01231493 0.06653270
745.74574575 0.01223839 0.06594138
746.74674675 0.01205282 0.06526187
747.74774775 0.01181133 0.06438698
748.74874875 0.01282977 0.06940809
749.74974975 0.01264051 0.06895384
750.75075075 0.01245424 0.06821095
751.75175175 0.01294839 0.06895236
752.75275275 0.01270842 0.06796531
753.75375375 0.01255629 0.06731476
754.75475475 0.01234231 0.06649795
755.75575576 0.01209621 0.06547866
756.75675676 0.01475320 0.07841476
757.75775776 0.01441593 0.07648605
758.75875876 0.01428820 0.07593294
759.75975976 0.01408785 0.07510898
760.76076076 0.01455474 0.07561636
761.76176176 0.01426375 0.07433473
762.76276276 0.01384762 0.07246735
763.76376376 0.01361465 0.07166290
764.76476476 0.01503344 0.07969149
765.76576577 0.01481132 0.07882029
766.76676677 0.01462872 0.07840341
767.76776777 0.01715015 0.08674111
768.76876877 0.01696856 0.08621802
769.76976977 0.01683488 0.08554961
770.77077077 0.01760020 0.08735947
771.77177177 0.01732252 0.08631931
772.77277277 0.01711024 0.08535507
773.77377377 0.01690866 0.08443943
774.77477477 0.01666188 0.08348302
775.77577578 0.01693234 0.08318803
776.77677678 0.01747447 0.08400812
777.77777778 0.01722787 0.08319160
778.77877878 0.01646701 0.07887964
779.77977978 0.01625261 0.07817965
780.78078078 0.01606353 0.07744374
781.78178178 0.01585573 0.07668638
782.78278278 0.01562963 0.07589546
783.78378378 0.01538925 0.07490743
784.78478478 0.01590660 0.07549182
785.78578579 0.01550648 0.07373810
786.78678679 0.01533574 0.07297612
787.78778779 0.01502861 0.07205509
788.78878879 0.01485540 0.07124446
789.78978979 0.01468062 0.07057970
790.79079079 0.01425156 0.06957121
791.79179179 0.01404816 0.06874538
792.79279279 0.01423711 0.06802257
793.79379379 0.01484704 0.07037977
794.79479479 0.01455070 0.06924521
795.79579580 0.01431276 0.06859288
796.79679680 0.01400063 0.06728618
797.79779780 0.01373972 0.06647646
798.79879880 0.01539734 0.07619524
799.79979980 0.01522250 0.07572824
800.80080080 0.01499781 0.07486730
801.80180180 0.01480734 0.07411846
802.80280280 0.01560426 0.07636300
803.80380380 0.01543707 0.07545406
804.80480480 0.01437525 0.06986648
805.80580581 0.01415940 0.06903747
806.80680681 0.01387101 0.06805714
807.80780781 0.01362569 0.06726213
808.80880881 0.01342899 0.06658490
809.80980981 0.01324837 0.06589811
810.81081081 0.01304515 0.06514589
811.81181181 0.01437683 0.07342002
812.81281281 0.01417821 0.07269026
813.81381381 0.01396848 0.07196187
814.81481481 0.01374582 0.07114603
815.81581582 0.01528491 0.08034506
816.81681682 0.01499881 0.07909687
817.81781782 0.01409646 0.07659624
818.81881882 0.01402417 0.07660944
819.81981982 0.01392015 0.07599149
820.82082082 0.01415846 0.07860848
821.82182182 0.01399294 0.07883356
822.82282282 0.01378178 0.07820512
823.82382382 0.01367332 0.07780013
824.82482482 0.01346945 0.07719046
825.82582583 0.01331654 0.07667432
826.82682683 0.01313706 0.07598089
827.82782783 0.01311202 0.07571607
828.82882883 0.01475510 0.08472593
829.82982983 0.01418278 0.08360786
830.83083083 0.01405950 0.08375646
831.83183183 0.01380771 0.08280586
832.83283283 0.01365136 0.08236249
833.83383383 0.01356243 0.08202965
834.83483483 0.01504119 0.08664824
835.83583584 0.01382260 0.07668177
836.83683684 0.01510396 0.08252289
837.83783784 0.01498513 0.08210542
838.83883884 0.01586568 0.08491901
839.83983984 0.01560655 0.08417222
840.84084084 0.01543220 0.08359211
841.84184184 0.01522329 0.08277444
842.84284284 0.01502221 0.08199997
843.84384384 0.01810198 0.09589025
844.84484484 0.01785892 0.09518631
845.84584585 0.01646905 0.09036103
846.84684685 0.01631505 0.08988363
847.84784785 0.01618080 0.08949044
848.84884885 0.01609024 0.08926471
849.84984985 0.01755650 0.09612388
850.85085085 0.01659719 0.09277182
851.85185185 0.01803583 0.09949657
852.85285285 0.01777130 0.09844604
853.85385385 0.01756999 0.09751755
854.85485485 0.01825771 0.10221255
855.85585586 0.01818401 0.10196098
856.85685686 0.01769322 0.09928661
857.85785786 0.01754556 0.09886632
858.85885886 0.01738347 0.09850957
859.85985986 0.01874849 0.10327790
860.86086086 0.01897521 0.10473892
861.86186186 0.01959314 0.10508499
862.86286286 0.01947858 0.10492254
863.86386386 0.01921158 0.10382452
864.86486486 0.01907438 0.10349065
865.86586587 0.02076422 0.11076030
866.86686687 0.02083183 0.10890152
867.86786787 0.02232482 0.11424332
868.86886887 0.02211772 0.11379825
869.86986987 0.02193183 0.11327428
870.87087087 0.02166519 0.11213339
871.87187187 0.02089937 0.11049148
872.87287287 0.02349613 0.11852219
873.87387387 0.02515627 0.12284097
874.87487487 0.02419215 0.12094847
875.87587588 0.02404532 0.12044645
876.87687688 0.02381892 0.11960257
877.87787788 0.02243864 0.11520945
878.87887888 0.02164425 0.10898307
879.87987988 0.02328852 0.11582498
880.88088088 0.02294524 0.11491458
881.88188188 0.02286158 0.11457745
882.88288288 0.02446478 0.12037252
883.88388388 0.02419950 0.11929185
884.88488488 0.02405038 0.11874004
885.88588589 0.02552753 0.12351261
886.88688689 0.02529145 0.12265227
887.88788789 0.02488116 0.12085080
888.88888889 0.02220186 0.10895944
889.88988989 0.02376350 0.11428231
890.89089089 0.02519903 0.11907739
891.89189189 0.02495198 0.11816433
892.89289289 0.02475928 0.11753255
893.89389389 0.02465460 0.11697919
894.89489489 0.02449338 0.11620286
895.89589590 0.02600417 0.12104617
896.89689690 0.02455478 0.11675440
897.89789790 0.02311743 0.11259744
898.89889890 0.02287483 0.11154994
899.89989990 0.02248083 0.11022417
900.90090090 0.02426084 0.11734414
901.90190190 0.02390861 0.11646905
902.90290290 0.02369926 0.11580704
903.90390390 0.02350284 0.11523339
904.90490490 0.02495969 0.12038249
905.90590591 0.02369669 0.11439162
906.90690691 0.02240966 0.10987348
907.90790791 0.02219428 0.10918299
908.90890891 0.02207735 0.10841241
909.90990991 0.02184955 0.10756693
910.91091091 0.02142602 0.10557440
911.91191191 0.02118410 0.10481581
912.91291291 0.02097625 0.10415269
913.91391391 0.02078729 0.10342398
914.91491491 0.02060643 0.10269481
915.91591592 0.02213184 0.10886730
916.91691692 0.02115961 0.10364729
917.91791792 0.02077627 0.10249808
918.91891892 0.02111459 0.10221313
919.91991992 0.01989638 0.09673841
920.92092092 0.01980469 0.09628513
921.92192192 0.01975091 0.09588927
922.92292292 0.01964028 0.09549347
923.92392392 0.01927724 0.09371265
924.92492492 0.01914205 0.09317778
925.92592593 0.01785225 0.08936749
926.92692693 0.01763863 0.08864813
927.92792793 0.01741261 0.08804331
928.92892893 0.01722859 0.08737607
929.92992993 0.01686459 0.08640833
930.93093093 0.01673298 0.08589512
931.93193193 0.01651366 0.08515762
932.93293293 0.01496877 0.07493244
933.93393393 0.01436766 0.07292041
934.93493493 0.01418915 0.07240795
935.93593594 0.01340863 0.07026598
936.93693694 0.01322264 0.06955988
937.93793794 0.01313858 0.06891989
938.93893894 0.01483311 0.07947673
939.93993994 0.01455826 0.07870575
940.94094094 0.01522003 0.08049139
941.94194194 0.01384451 0.07546831
942.94294294 0.01285183 0.06952036
943.94394394 0.01301786 0.06734037
944.94494494 0.01284208 0.06682334
945.94594595 0.01255980 0.06599957
946.94694695 0.01241265 0.06565673
947.94794795 0.01221212 0.06504142
948.94894895 0.01361722 0.07370176
949.94994995 0.01330683 0.07177617
950.95095095 0.01317299 0.07126944
951.95195195 0.01299733 0.07072074
952.95295295 0.01271224 0.06963227
953.95395395 0.01255129 0.06879173
954.95495495 0.01235065 0.06802358
955.95595596 0.01408535 0.07964828
956.95695696 0.01390059 0.07917551
957.95795796 0.01551085 0.08762554
958.95895896 0.01532085 0.08698360
959.95995996 0.01516425 0.08665457
960.96096096 0.01499000 0.08614410
961.96196196 0.01477511 0.08555816
962.96296296 0.01637555 0.09318768
963.96396396 0.01618015 0.09256360
964.96496496 0.01600097 0.09207027
965.96596597 0.01583493 0.09169496
966.96696697 0.01568267 0.09148025
967.96796797 0.01724905 0.09871079
968.96896897 0.01707855 0.09826712
969.96996997 0.01690895 0.09776145
970.97097097 0.01867066 0.10585007
971.97197197 0.01751749 0.10193378
972.97297297 0.01734793 0.10140212
973.97397397 0.02175564 0.11711802
974.97497497 0.02171151 0.11732159
975.97597598 0.02153380 0.11692777
976.97697698 0.02118638 0.11586074
977.97797798 0.02098089 0.11544221
978.97897898 0.02083651 0.11518029
979.97997998 0.02070800 0.11474733
980.98098098 0.02041297 0.11426452
981.98198198 0.02155796 0.11713291
982.98298298 0.02139824 0.11643892
983.98398398 0.02124216 0.11584796
984.98498498 0.02160226 0.11710303
985.98598599 0.02145196 0.11673572
986.98698699 0.02315235 0.12337932
987.98798799 0.02229792 0.12094425
988.98898899 0.02220315 0.12067914
989.98998999 0.02204790 0.12032738
990.99099099 0.02015122 0.11315194
991.99199199 0.02001685 0.11260661
992.99299299 0.01838277 0.10607969
993.99399399 0.01927430 0.10785902
994.99499499 0.02088070 0.11511666
995.99599600 0.01921954 0.10836235
996.99699700 0.01908915 0.10789909
997.99799800 0.01873015 0.10719970
998.99899900 0.01766304 0.10361840
1000.00000000 0.01749042 0.10315665
