0.00000000 7.00000000 0.00000070
1.00100100 6.99941355 0.01816176
2.00200200 6.99195215 0.03622447
3.00300300 6.98311230 0.06298139
4.00400400 6.96422315 0.11609650
5.00500501 6.95152052 0.14068029
6.00600601 6.93415818 0.17217130
7.00700701 6.91171356 0.21090571
8.00800801 6.89615246 0.23449630
9.00900901 6.87679902 0.25954584
10.01001001 6.85410164 0.28535895
11.01101101 6.82846750 0.31426716
12.01201201 6.80259756 0.34199989
13.01301301 6.77907523 0.36748125
14.01401401 6.76315120 0.38275878
15.01501502 6.74680973 0.39357078
16.01601602 6.72502894 0.41307583
17.01701702 6.70302878 0.42822900
18.01801802 6.68124231 0.44321843
19.01901902 6.65178509 0.46510296
20.02002002 6.62831108 0.47906898
21.02102102 6.61139935 0.49176748
22.02202202 6.58446531 0.51156012
23.02302302 6.55999872 0.52062203
24.02402402 6.53939225 0.53764980
25.02502503 6.51771027 0.53979961
26.02602603 6.49585160 0.55245673
27.02702703 6.47866926 0.55608846
28.02802803 6.45153918 0.56068367
29.02902903 6.42851003 0.57272762
30.03003003 6.40064564 0.58355675
31.03103103 6.37512342 0.59487534
32.03203203 6.34675975 0.60401556
33.03303303 6.33512477 0.60735909
34.03403403 6.31709332 0.60862800
35.03503504 6.29443820 0.61358706
36.03603604 6.27706636 0.61854789
37.03703704 6.24614756 0.62402303
38.03803804 6.22493730 0.62771753
39.03903904 6.21114831 0.63448166
40.04004004 6.18057795 0.64984834
41.04104104 6.16344882 0.65538483
42.04204204 6.14507176 0.66373124
43.04304304 6.12606184 0.66401530
44.04404404 6.10404521 0.67002710
45.04504505 6.08481146 0.68738870
46.04604605 6.06619050 0.69296682
47.04704705 6.03820234 0.70444281
48.04804805 6.01471456 0.72001803
49.04904905 5.98369946 0.72303158
50.05005005 5.97054256 0.72464780
51.05105105 5.95357108 0.72651667
52.05205205 5.93635751 0.73560528
53.05305305 5.91389269 0.74533670
54.05405405 5.89608090 0.75542393
55.05505506 5.87188805 0.75552328
56.05605606 5.83968695 0.76360082
57.05705706 5.81532734 0.77285289
58.05805806 5.78954415 0.78122409
59.05905906 5.76741182 0.77964265
60.06006006 5.75097838 0.79869052
61.06106106 5.73172008 0.80471692
62.06206206 5.70170613 0.80385665
63.06306306 5.67860222 0.81181314
64.06406406 5.65131489 0.81336942
65.06506507 5.63648115 0.81299705
66.06606607 5.62005345 0.81860784
67.06706707 5.60787497 0.82020172
68.06806807 5.59009010 0.82146728
69.06906907 5.57227688 0.82921975
70.07007007 5.55724820 0.83734094
71.07107107 5.53685490 0.84185279
72.07207207 5.52263170 0.84234311
73.07307307 5.49849058 0.83824614
74.07407407 5.47586008 0.84842339
75.07507508 5.45869359 0.84947426
76.07607608 5.43525156 0.86053381
77.07707708 5.42251782 0.86668213
78.07807808 5.39431944 0.87216917
79.07907908 5.38166275 0.87456954
80.08008008 5.35882132 0.88366215
81.08108108 5.33656669 0.88725864
82.08208208 5.32966257 0.89262491
83.08308308 5.30607914 0.89603668
84.08408408 5.28961541 0.89815688
85.08508509 5.27758530 0.89930507
86.08608609 5.25016756 0.90816313
87.08708709 5.24417450 0.90798881
88.08808809 5.23345570 0.91211768
89.08908909 5.21375233 0.91804742
90.09009009 5.19925344 0.92947284
91.09109109 5.17423501 0.93594472
92.09209209 5.16061843 0.94348745
93.09309309 5.14098380 0.94455635
94.09409409 5.12791552 0.94760754
95.09509510 5.10777227 0.94828095
96.09609610 5.09345806 0.95749472
97.09709710 5.07671844 0.96001750
98.09809810 5.06030537 0.96542971
99.09909910 5.04714850 0.96549282
100.10010010 5.03442179 0.96386878
101.10110110 5.01234296 0.96966584
102.10210210 4.99555130 0.97955959
103.10310310 4.97810994 0.98782810
104.10410410 4.95721657 0.99329640
105.10510511 4.93393519 0.99932295
106.10610611 4.91510022 0.99703622
107.10710711 4.90227601 1.00090668
108.10810811 4.89260884 1.00129214
109.10910911 4.88393292 1.00209570
110.11011011 4.86805322 1.00604421
111.11111111 4.84523081 1.00387472
112.11211211 4.82139647 1.00819038
113.11311311 4.81162152 1.01317409
114.11411411 4.80023874 1.01789975
115.11511512 4.78314381 1.01797819
116.11611612 4.75912157 1.01759770
117.11711712 4.75402412 1.01851916
118.11811812 4.74273147 1.01889665
119.11911912 4.72758479 1.02077032
120.12012012 4.71387695 1.02444592
121.12112112 4.69337784 1.01644925
122.12212212 4.67585887 1.01310636
123.12312312 4.65851812 1.01198270
124.12412412 4.64586900 1.01047104
125.12512513 4.62698486 1.01265985
126.12612613 4.61964653 1.00703529
127.12712713 4.60503556 1.00900990
128.12812813 4.58436304 1.01568617
129.12912913 4.57262268 1.01660231
130.13013013 4.56510697 1.01916098
131.13113113 4.54810823 1.01541169
132.13213213 4.53471036 1.01288397
133.13313313 4.51809789 1.01346973
134.13413413 4.50512591 1.01431717
135.13513514 4.48653630 1.01196480
136.13613614 4.47667446 1.01858826
137.13713714 4.46445261 1.02021002
138.13813814 4.45463347 1.02085309
139.13913914 4.43678863 1.03313750
140.14014014 4.42883519 1.03492353
141.14114114 4.41508800 1.03586941
142.14214214 4.38224312 1.03779009
143.14314314 4.37118500 1.04023685
144.14414414 4.35776932 1.03864313
145.14514515 4.33907008 1.04094748
146.14614615 4.32623528 1.03971969
147.14714715 4.32003935 1.04568026
148.14814815 4.30592980 1.04857104
149.14914915 4.29435504 1.05157890
150.15015015 4.28106272 1.05294823
151.15115115 4.26245348 1.04742016
152.15215215 4.24411011 1.05005520
153.15315315 4.22904656 1.05690080
154.15415415 4.21496068 1.05898529
155.15515516 4.20583704 1.06036395
156.15615616 4.18469054 1.06369498
157.15715716 4.17232347 1.06512299
158.15815816 4.15339456 1.07406425
159.15915916 4.12997508 1.08236470
160.16016016 4.12008490 1.08132053
161.16116116 4.10608616 1.07604592
162.16216216 4.09630304 1.07447364
163.16316316 4.08258241 1.07759255
164.16416416 4.06977956 1.08382139
165.16516517 4.05845308 1.08091742
166.16616617 4.04348216 1.07174704
167.16716717 4.03068100 1.07484955
168.16816817 4.01722569 1.07345601
169.16916917 3.98730389 1.07073940
170.17017017 3.97040361 1.07349815
171.17117117 3.96021872 1.07364519
172.17217217 3.95053193 1.07072360
173.17317317 3.92850328 1.06229283
174.17417417 3.91023389 1.06719470
175.17517518 3.89823285 1.05702330
176.17617618 3.89105304 1.05867142
177.17717718 3.86529253 1.06249946
178.17817818 3.85544523 1.06769142
179.17917918 3.84185567 1.06660460
180.18018018 3.82902799 1.06641357
181.18118118 3.81287828 1.06473020
182.18218218 3.80171182 1.06293066
183.18318318 3.78529307 1.06436031
184.18418418 3.77522023 1.05981363
185.18518519 3.76416748 1.06049121
186.18618619 3.75195086 1.06283173
187.18718719 3.74385677 1.06540772
188.18818819 3.73088051 1.06275849
189.18918919 3.72110069 1.05990527
190.19019019 3.70730690 1.06987790
191.19119119 3.69703852 1.07095861
192.19219219 3.69092430 1.07474907
193.19319319 3.68070602 1.07308711
194.19419419 3.66758605 1.07382598
195.19519520 3.65144474 1.07015195
196.19619620 3.64133592 1.07359463
197.19719720 3.63167386 1.07133120
198.19819820 3.61282354 1.07117233
199.19919920 3.59583300 1.05936271
200.20020020 3.58210481 1.05752812
201.20120120 3.56793844 1.06070517
202.20220220 3.55875620 1.05890350
203.20320320 3.55039076 1.06530510
204.20420420 3.53325164 1.06385954
205.20520521 3.52211366 1.06072527
206.20620621 3.51063249 1.06394272
207.20720721 3.49480589 1.06727915
208.20820821 3.48575799 1.05664736
209.20920921 3.47690526 1.05706996
210.21021021 3.46292414 1.05220874
211.21121121 3.44523350 1.04720574
212.21221221 3.43216756 1.04804384
213.21321321 3.42348272 1.04368561
214.21421421 3.41049747 1.04469939
215.21521522 3.39033489 1.04613162
216.21621622 3.37979228 1.03956201
217.21721722 3.37064792 1.03820629
218.21821822 3.35244641 1.04035284
219.21921922 3.34076017 1.03388655
220.22022022 3.33014503 1.03460701
221.22122122 3.31999751 1.03310607
222.22222222 3.31049362 1.03807480
223.22322322 3.29202249 1.03149548
224.22422422 3.28519051 1.03306974
225.22522523 3.27699116 1.02961912
226.22622623 3.26315782 1.03253654
227.22722723 3.24677379 1.03115412
228.22822823 3.23705739 1.03259670
229.22922923 3.22425882 1.03768327
230.23023023 3.21326127 1.04281007
231.23123123 3.19782636 1.03956357
232.23223223 3.18948607 1.04626218
233.23323323 3.17770911 1.04790761
234.23423423 3.16437622 1.04576689
235.23523524 3.15703510 1.04971280
236.23623624 3.14848808 1.05118386
237.23723724 3.13799548 1.05260503
238.23823824 3.12919451 1.05352280
239.23923924 3.12172782 1.05060692
240.24024024 3.10535598 1.04543120
241.24124124 3.09504289 1.04378291
242.24224224 3.08093491 1.04634472
243.24324324 3.06952961 1.04416337
244.24424424 3.06552896 1.04314507
245.24524525 3.05005593 1.04095672
246.24624625 3.04136356 1.04102448
247.24724725 3.03040613 1.03686408
248.24824825 3.02353217 1.03411439
249.24924925 3.01161368 1.03286447
250.25025025 3.00411315 1.03420953
251.25125125 2.98944567 1.03520833
252.25225225 2.97512645 1.02837420
253.25325325 2.96157060 1.02159699
254.25425425 2.94930412 1.02614221
255.25525526 2.93161047 1.02929064
256.25625626 2.92158842 1.02971539
257.25725726 2.90780563 1.03514505
258.25825826 2.89897987 1.03210649
259.25925926 2.88723848 1.03014630
260.26026026 2.87376789 1.03227316
261.26126126 2.86653481 1.02894965
262.26226226 2.85652771 1.02527844
263.26326326 2.84280859 1.02188090
264.26426426 2.83313395 1.02249307
265.26526527 2.81719649 1.02738333
266.26626627 2.80291796 1.02419932
267.26726727 2.79798214 1.02567748
268.26826827 2.79065838 1.03052118
269.26926927 2.77505269 1.02858963
270.27027027 2.76610313 1.03060291
271.27127127 2.75557768 1.03152337
272.27227227 2.74384692 1.02722654
273.27327327 2.73364592 1.03042501
274.27427427 2.72391964 1.02947860
275.27527528 2.71243224 1.03028106
276.27627628 2.70262200 1.02700667
277.27727728 2.69763695 1.02469077
278.27827828 2.68549824 1.02526086
279.27927928 2.68086848 1.02566780
280.28028028 2.66840280 1.02195671
281.28128128 2.65969674 1.01915907
282.28228228 2.65466444 1.02030287
283.28328328 2.64348495 1.01623181
284.28428428 2.63486988 1.01614062
285.28528529 2.63206256 1.01579471
286.28628629 2.61835986 1.01568819
287.28728729 2.60742841 1.01241035
288.28828829 2.59601499 1.00821286
289.28928929 2.58553504 1.00432884
290.29029029 2.56614603 1.00089206
291.29129129 2.56140312 1.00107954
292.29229229 2.55285395 0.99679237
293.29329329 2.53984897 0.99015218
294.29429429 2.52847200 0.99329671
295.29529530 2.51528138 0.98411225
296.29629630 2.50361623 0.98366976
297.29729730 2.49587739 0.98332758
298.29829830 2.48873794 0.98424697
299.29929930 2.48251958 0.98324176
300.30030030 2.47607228 0.98149532
301.30130130 2.46683094 0.98324927
302.30230230 2.45677581 0.98160842
303.30330330 2.45052760 0.98247777
304.30430430 2.44302258 0.98187998
305.30530531 2.43081029 0.97934939
306.30630631 2.42633129 0.97767624
307.30730731 2.41808434 0.97510644
308.30830831 2.41230470 0.97703053
309.30930931 2.39968581 0.97477850
310.31031031 2.39049047 0.97440190
311.31131131 2.38225216 0.97033529
312.31231231 2.37476433 0.96722323
313.31331331 2.37003362 0.96646012
314.31431431 2.36524087 0.96701634
315.31531532 2.34864908 0.96570736
316.31631632 2.33791321 0.97038757
317.31731732 2.33259316 0.96937144
318.31831832 2.32397458 0.96713346
319.31931932 2.31733730 0.96716804
320.32032032 2.31020463 0.96334063
321.32132132 2.30274970 0.96595242
322.32232232 2.29525146 0.96564517
323.32332332 2.28409986 0.95776075
324.32432432 2.27835304 0.95627564
325.32532533 2.26749491 0.95113470
326.32632633 2.25988984 0.95046586
327.32732733 2.25113408 0.95083704
328.32832833 2.24496026 0.95002255
329.32932933 2.23920769 0.94986462
330.33033033 2.22387840 0.93969192
331.33133133 2.21869714 0.93848436
332.33233233 2.21260081 0.93889929
333.33333333 2.20265869 0.93380498
334.33433433 2.19651702 0.92945468
335.33533534 2.19327630 0.92905777
336.33633634 2.18043586 0.92304429
337.33733734 2.17499542 0.92261545
338.33833834 2.16858117 0.92385714
339.33933934 2.15762874 0.91331516
340.34034034 2.14774165 0.90666510
341.34134134 2.14078830 0.90659089
342.34234234 2.13704246 0.90681011
343.34334334 2.13018842 0.90329038
344.34434434 2.12049895 0.89867638
345.34534535 2.11396847 0.90085652
346.34634635 2.10263839 0.89376126
347.34734735 2.09733447 0.89471420
348.34834835 2.09175425 0.89367866
349.34934935 2.08556991 0.89012648
350.35035035 2.07425841 0.88868953
351.35135135 2.06806058 0.88757458
352.35235235 2.06001704 0.88643467
353.35335335 2.05176324 0.88464221
354.35435435 2.04625762 0.88299245
355.35535536 2.03827449 0.88364349
356.35635636 2.02996255 0.87660904
357.35735736 2.02114557 0.87133172
358.35835836 2.01492070 0.87042456
359.35935936 2.00933319 0.86669599
360.36036036 2.00325495 0.86757345
361.36136136 1.99515742 0.86223549
362.36236236 1.98795771 0.85818270
363.36336336 1.98351565 0.85757512
364.36436436 1.97878210 0.85608125
365.36536537 1.97263910 0.85424964
366.36636637 1.95958974 0.84847553
367.36736737 1.95126929 0.84667179
368.36836837 1.94001888 0.84516275
369.36936937 1.93104033 0.84727187
370.37037037 1.92768273 0.84759958
371.37137137 1.92545806 0.84796354
372.37237237 1.91704233 0.84520902
373.37337337 1.91185406 0.84579123
374.37437437 1.90059551 0.84687505
375.37537538 1.89345513 0.84364532
376.37637638 1.88833924 0.84147732
377.37737738 1.87873954 0.84502299
378.37837838 1.87335848 0.84429567
379.37937938 1.86040772 0.83692593
380.38038038 1.85463780 0.83414895
381.38138138 1.84933619 0.83183851
382.38238238 1.84168544 0.83346021
383.38338338 1.83284769 0.83366084
384.38438438 1.82064346 0.82766498
385.38538539 1.80985164 0.82252733
386.38638639 1.80455652 0.82377654
387.38738739 1.79793850 0.82051055
388.38838839 1.79182065 0.82134631
389.38938939 1.78913969 0.82131065
390.39039039 1.78390886 0.82264517
391.39139139 1.77851592 0.82124571
392.39239239 1.77573298 0.82060791
393.39339339 1.76986428 0.82047039
394.39439439 1.75767260 0.81895801
395.39539540 1.75338441 0.81869280
396.39639640 1.74779109 0.81889053
397.39739740 1.74000019 0.81969197
398.39839840 1.73498732 0.81903338
399.39939940 1.72242042 0.81993738
400.40040040 1.71590393 0.81983922
401.40140140 1.70750048 0.81685480
402.40240240 1.70418246 0.81693840
403.40340340 1.69481094 0.81475184
404.40440440 1.68583181 0.81383702
405.40540541 1.67371203 0.80528831
406.40640641 1.66890895 0.80415111
407.40740741 1.66277482 0.80317486
408.40840841 1.65143386 0.79680969
409.40940941 1.64400227 0.79375812
410.41041041 1.63329809 0.78230935
411.41141141 1.62988504 0.78259666
412.41241241 1.62505880 0.78035418
413.41341341 1.62234928 0.78044347
414.41441441 1.61738786 0.78011765
415.41541542 1.61212465 0.78147640
416.41641642 1.60722654 0.78311338
417.41741742 1.60374722 0.78109748
418.41841842 1.59864637 0.77789052
419.41941942 1.58886475 0.77739450
420.42042042 1.58072225 0.77380829
421.42142142 1.57559405 0.77487636
422.42242242 1.57017462 0.77246309
423.42342342 1.56556404 0.77287503
424.42442442 1.55748252 0.76691414
425.42542543 1.55191262 0.76425478
426.42642643 1.54805220 0.76461105
427.42742743 1.54448823 0.76552280
428.42842843 1.53599301 0.76507238
429.42942943 1.53371689 0.76495021
430.43043043 1.52305106 0.76154462
431.43143143 1.52056360 0.76129929
432.43243243 1.51611315 0.75760094
433.43343343 1.51080439 0.75424913
434.43443443 1.50658571 0.75323094
435.43543544 1.49953490 0.75510372
436.43643644 1.49515843 0.75541039
437.43743744 1.48905567 0.75351220
438.43843844 1.48613109 0.75411471
439.43943944 1.47650143 0.74957353
440.44044044 1.47119735 0.74727384
441.44144144 1.46849875 0.74786838
442.44244244 1.45888179 0.74217398
443.44344344 1.45367438 0.73913295
444.44444444 1.44859922 0.73730621
445.44544545 1.44404995 0.73658636
446.44644645 1.43825513 0.73529410
447.44744745 1.43158814 0.73109190
448.44844845 1.42667535 0.72956712
449.44944945 1.42177043 0.73106299
450.45045045 1.41707983 0.72994539
451.45145145 1.41041979 0.72847721
452.45245245 1.40731379 0.72917769
453.45345345 1.40329269 0.72782734
454.45445445 1.39834696 0.72360474
455.45545546 1.39099867 0.72411140
456.45645646 1.38489932 0.72183055
457.45745746 1.37822868 0.72337669
458.45845846 1.37371980 0.72291538
459.45945946 1.37034204 0.72295606
460.46046046 1.36321777 0.71737658
461.46146146 1.35343408 0.71273665
462.46246246 1.34883380 0.71157652
463.46346346 1.34188125 0.70893907
464.46446446 1.33591903 0.70156184
465.46546547 1.33125697 0.70154468
466.46646647 1.32612101 0.69977740
467.46746747 1.32306276 0.69998516
468.46846847 1.32101852 0.70012624
469.46946947 1.31825460 0.70058243
470.47047047 1.31288828 0.69877433
471.47147147 1.30950623 0.69931960
472.47247247 1.30332661 0.69955861
473.47347347 1.29709641 0.69410453
474.47447447 1.29526215 0.69423998
475.47547548 1.28712286 0.69260182
476.47647648 1.27938301 0.69424193
477.47747748 1.26850290 0.69183311
478.47847848 1.26558210 0.69197082
479.47947948 1.26265643 0.68931732
480.48048048 1.25660986 0.68783497
481.48148148 1.25261567 0.68750540
482.48248248 1.24717147 0.68715406
483.48348348 1.23799957 0.68239388
484.48448448 1.22879982 0.67603761
485.48548549 1.22331907 0.67339049
486.48648649 1.21327224 0.66434219
487.48748749 1.20619339 0.66407804
488.48848849 1.20350987 0.66405951
489.48948949 1.19984373 0.66359876
490.49049049 1.19547853 0.66406490
491.49149149 1.19041644 0.66283963
492.49249249 1.18771521 0.66119489
493.49349349 1.18365431 0.65868692
494.49449449 1.18149783 0.65847110
495.49549550 1.17076948 0.65499244
496.49649650 1.16551775 0.65142768
497.49749750 1.16216669 0.64993968
498.49849850 1.15816948 0.64903436
499.49949950 1.15480302 0.64920026
500.50050050 1.15185370 0.64829539
501.50150150 1.14974676 0.64804228
502.50250250 1.14508820 0.64722040
503.50350350 1.14301817 0.64681716
504.50450450 1.13860447 0.64395119
505.50550551 1.13624453 0.64410440
506.50650651 1.13001520 0.64070949
507.50750751 1.12706221 0.63945848
508.50850851 1.12278656 0.63879042
509.50950951 1.12219573 0.63987107
510.51051051 1.11541488 0.63894000
511.51151151 1.11128657 0.63687354
512.51251251 1.10514154 0.63362450
513.51351351 1.10028859 0.63203500
514.51451451 1.09456205 0.63159345
515.51551552 1.09138590 0.63138878
516.51651652 1.08773837 0.62739298
517.51751752 1.08478330 0.62775066
518.51851852 1.07715928 0.62349287
519.51951952 1.07302264 0.62237907
520.52052052 1.06949175 0.62128254
521.52152152 1.06726607 0.62099778
522.52252252 1.06360966 0.61721421
523.52352352 1.06147864 0.61704786
524.52452452 1.05948815 0.61688652
525.52552553 1.05694537 0.61664576
526.52652653 1.05441952 0.61678587
527.52752753 1.05041702 0.61629538
528.52852853 1.04776935 0.61553211
529.52952953 1.04414082 0.61402904
530.53053053 1.03967447 0.61517638
531.53153153 1.03668676 0.61550348
532.53253253 1.03389353 0.61458061
533.53353353 1.03184459 0.61459633
534.53453453 1.02819675 0.61231203
535.53553554 1.02278010 0.61116617
536.53653654 1.01881288 0.60949371
537.53753754 1.01410373 0.60940233
538.53853854 1.01062241 0.61027415
539.53953954 1.00557396 0.60354919
540.54054054 1.00302319 0.60324489
541.54154154 0.99810821 0.60171234
542.54254254 0.99342028 0.59710263
543.54354354 0.98896251 0.59656394
544.54454454 0.98491473 0.59694733
545.54554555 0.98164563 0.59758734
546.54654655 0.97850229 0.59624441
547.54754755 0.97673412 0.59578716
548.54854855 0.96976907 0.59471979
549.54954955 0.96493000 0.59395052
550.55055055 0.96246870 0.59425133
551.55155155 0.95688507 0.59400810
552.55255255 0.95329293 0.59371265
553.55355355 0.95023879 0.59422171
554.55455455 0.94650799 0.59331397
555.55555556 0.94372116 0.59243276
556.55655656 0.94003823 0.58859560
557.55755756 0.93503335 0.58132917
558.55855856 0.93045472 0.57890846
559.55955956 0.92662394 0.57693431
560.56056056 0.92296453 0.57621979
561.56156156 0.91798143 0.57522314
562.56256256 0.91445534 0.57495414
563.56356356 0.91173618 0.57353057
564.56456456 0.90812729 0.57057250
565.56556557 0.90578652 0.56892001
566.56656657 0.90339113 0.56828956
567.56756757 0.89599294 0.56457393
568.56856857 0.89397085 0.56429865
569.56956957 0.89029277 0.56224527
570.57057057 0.88851601 0.56196371
571.57157157 0.88655991 0.56148782
572.57257257 0.88309492 0.56135174
573.57357357 0.88052751 0.56103870
574.57457457 0.87540951 0.55918876
575.57557558 0.87268670 0.55659286
576.57657658 0.86925153 0.55682899
577.57757758 0.86624296 0.55658848
578.57857858 0.86331133 0.55513610
579.57957958 0.85944800 0.55616026
580.58058058 0.85762165 0.55582795
581.58158158 0.85563934 0.55553316
582.58258258 0.85384246 0.55528203
583.58358358 0.85149859 0.55415785
584.58458458 0.84971172 0.55402120
585.58558559 0.84584616 0.55322047
586.58658659 0.84368185 0.55305504
587.58758759 0.84163824 0.55519132
588.58858859 0.83714183 0.55575348
589.58958959 0.83475582 0.55526104
590.59059059 0.83093131 0.55259170
591.59159159 0.82761910 0.55000881
592.59259259 0.82483425 0.54995147
593.59359359 0.82113662 0.54870822
594.59459459 0.81815020 0.54591464
595.59559560 0.81028104 0.54528976
596.59659660 0.80695805 0.54207861
597.59759760 0.79995173 0.53910681
598.59859860 0.79824202 0.53730544
599.59959960 0.79577341 0.53594054
600.60060060 0.79179148 0.53395111
601.60160160 0.78709220 0.53518165
602.60260260 0.78355402 0.53459467
603.60360360 0.78173091 0.53448357
604.60460460 0.77974316 0.53452340
605.60560561 0.77681689 0.53196163
606.60660661 0.77393654 0.53088021
607.60760761 0.77135373 0.53023002
608.60860861 0.76799602 0.52894084
609.60960961 0.76618887 0.52857344
610.61061061 0.76415666 0.52797956
611.61161161 0.76231665 0.52757331
612.61261261 0.76095914 0.52742706
613.61361361 0.75831779 0.52713587
614.61461461 0.75385738 0.52540468
615.61561562 0.74986851 0.52251972
616.61661662 0.74823749 0.52213550
617.61761762 0.74647256 0.52181947
618.61861862 0.74236377 0.51275036
619.61961962 0.73808300 0.51208538
620.62062062 0.73054063 0.50428948
621.62162162 0.72943894 0.50406793
622.62262262 0.72737780 0.50334115
623.62362362 0.72495074 0.50198517
624.62462462 0.72305379 0.50163132
625.62562563 0.72142908 0.50124620
626.62662663 0.71799380 0.49953886
627.62762763 0.71620704 0.49854791
628.62862863 0.71154636 0.49503244
629.62962963 0.71199936 0.49539535
630.63063063 0.70988384 0.49252168
631.63163163 0.70674554 0.49050381
632.63263263 0.70380020 0.48777843
633.63363363 0.70112282 0.48695469
634.63463463 0.69850502 0.48621566
635.63563564 0.69482966 0.48464138
636.63663664 0.69178310 0.48433921
637.63763764 0.68820862 0.48291434
638.63863864 0.68564763 0.48242323
639.63963964 0.68350661 0.48208521
640.64064064 0.68141072 0.48076732
641.64164164 0.67914891 0.48097193
642.64264264 0.67698052 0.47877166
643.64364364 0.67336810 0.47648745
644.64464464 0.66988928 0.47163157
645.64564565 0.66605267 0.46953041
646.64664665 0.66334868 0.46974977
647.64764765 0.65952271 0.46722912
648.64864865 0.65685637 0.46460789
649.64964965 0.65480763 0.46373021
650.65065065 0.65166774 0.46191834
651.65165165 0.64821965 0.45977875
652.65265265 0.64418895 0.45777251
653.65365365 0.64230480 0.45726274
654.65465465 0.64079345 0.45631149
655.65565566 0.63777008 0.45272476
656.65665666 0.63380916 0.45077375
657.65765766 0.63237178 0.45039363
658.65865866 0.63048432 0.44751826
659.65965966 0.62716162 0.44570370
660.66066066 0.62470532 0.44550382
661.66166166 0.62239574 0.44518122
662.66266266 0.62000286 0.44309369
663.66366366 0.61869475 0.44279083
664.66466466 0.61654917 0.44194467
665.66566567 0.61481257 0.44149545
666.66666667 0.61171194 0.43740269
667.66766767 0.61129368 0.43809116
668.66866867 0.60957190 0.43766904
669.66966967 0.60796890 0.43702010
670.67067067 0.60572872 0.43659228
671.67167167 0.60365046 0.43596389
672.67267267 0.59950835 0.43383384
673.67367367 0.59793922 0.43321163
674.67467467 0.59389845 0.43060196
675.67567568 0.59074505 0.42764435
676.67667668 0.58848670 0.42759818
677.67767768 0.58659589 0.42678074
678.67867868 0.58424052 0.42617629
679.67967968 0.58027904 0.42317759
680.68068068 0.57867786 0.42284982
681.68168168 0.57716044 0.42266183
682.68268268 0.57576538 0.42213878
683.68368368 0.57320602 0.42155051
684.68468468 0.57068878 0.42127305
685.68568569 0.56746423 0.41915214
686.68668669 0.56514875 0.41830584
687.68768769 0.56133859 0.41641751
688.68868869 0.55918109 0.41630696
689.68968969 0.55625622 0.41292077
690.69069069 0.55479423 0.41263146
691.69169169 0.55164464 0.41220093
692.69269269 0.54827803 0.41092702
693.69369369 0.54677974 0.41041797
694.69469469 0.54481133 0.40915359
695.69569570 0.54287616 0.40882121
696.69669670 0.54122882 0.40814815
697.69769770 0.53983542 0.40765001
698.69869870 0.53851377 0.40714852
699.69969970 0.53530389 0.40623921
700.70070070 0.53213085 0.40575074
701.70170170 0.53035850 0.40527169
702.70270270 0.52888976 0.40477997
703.70370370 0.52606139 0.40365136
704.70470470 0.52395239 0.40300369
705.70570571 0.52092321 0.40037913
706.70670671 0.51916779 0.39974576
707.70770771 0.51725528 0.39930481
708.70870871 0.51590467 0.39884028
709.70970971 0.51460141 0.39929016
710.71071071 0.51278915 0.39912219
711.71171171 0.50977913 0.39891105
712.71271271 0.50831486 0.39862142
713.71371371 0.50699382 0.39811581
714.71471471 0.50556970 0.39732061
715.71571572 0.50350277 0.39664726
716.71671672 0.50087859 0.39573385
717.71771772 0.49900702 0.39390840
718.71871872 0.49686200 0.39180631
719.71971972 0.49548145 0.39137122
720.72072072 0.49345108 0.39120138
721.72172172 0.49181609 0.39071233
722.72272272 0.49033757 0.39029523
723.72372372 0.48830864 0.38904923
724.72472472 0.48693560 0.38845039
725.72572573 0.48553900 0.38781470
726.72672673 0.48426822 0.38739213
727.72772773 0.48252866 0.38694942
728.72872873 0.48124562 0.38648357
729.72972973 0.47897256 0.38626690
730.73073073 0.47740359 0.38589370
731.73173173 0.47615023 0.38547815
732.73273273 0.47383714 0.38246664
733.73373373 0.47251549 0.38200890
734.73473473 0.46939856 0.38151098
735.73573574 0.46728720 0.37890039
736.73673674 0.46555895 0.37855589
737.73773774 0.46401219 0.37813461
738.73873874 0.46280498 0.37768042
739.73973974 0.46076563 0.37767190
740.74074074 0.45843522 0.37586160
741.74174174 0.45690060 0.37494884
742.74274274 0.45585799 0.37427348
743.74374374 0.45202496 0.37283765
744.74474474 0.45074668 0.37231676
745.74574575 0.44853158 0.37131757
746.74674675 0.44739293 0.37077824
747.74774775 0.44543604 0.36966205
748.74874875 0.44419125 0.36918527
749.74974975 0.44281285 0.36848500
750.75075075 0.44077111 0.36820833
751.75175175 0.43892232 0.36722718
752.75275275 0.43779558 0.36668266
753.75375375 0.43578731 0.36559072
754.75475475 0.43452515 0.36496171
755.75575576 0.43332618 0.36441986
756.75675676 0.43214067 0.36392904
757.75775776 0.43095019 0.36343961
758.75875876 0.42966999 0.36284271
759.75975976 0.42814356 0.36229447
760.76076076 0.42490409 0.36037249
761.76176176 0.42256040 0.36029640
762.76276276 0.42131279 0.35990938
763.76376376 0.41775123 0.35909685
764.76476476 0.41738588 0.35957630
765.76576577 0.41606043 0.35908523
766.76676677 0.41501003 0.35854589
767.76776777 0.41386525 0.35800109
768.76876877 0.41271875 0.35748551
769.76976977 0.41152294 0.35710580
770.77077077 0.40917564 0.35587288
771.77177177 0.40836792 0.35539144
772.77277277 0.40680153 0.35475558
773.77377377 0.40470498 0.35371202
774.77477477 0.40379690 0.35363992
775.77577578 0.40273066 0.35302689
776.77677678 0.40154701 0.35249963
777.77777778 0.39874200 0.34929110
778.77877878 0.39763371 0.34886624
779.77977978 0.39661901 0.34837704
780.78078078 0.39527775 0.34779874
781.78178178 0.39130487 0.34015591
782.78278278 0.39025239 0.33978637
783.78378378 0.38707147 0.33643982
784.78478478 0.38596972 0.33591614
785.78578579 0.38479713 0.33537173
786.78678679 0.38339900 0.33491407
787.78778779 0.38198022 0.33166559
788.78878879 0.38028105 0.33010158
789.78978979 0.37803370 0.32606110
790.79079079 0.37649032 0.32470801
791.79179179 0.37514724 0.32337757
792.79279279 0.37401219 0.32281290
793.79379379 0.37274705 0.32217805
794.79479479 0.37154301 0.32158266
795.79579580 0.37023501 0.32146798
796.79679680 0.36837949 0.32124916
797.79779780 0.36626902 0.31647402
798.79879880 0.36527181 0.31604902
799.79979980 0.36410232 0.31666981
800.80080080 0.36281333 0.31620817
801.80180180 0.36184798 0.31566878
802.80280280 0.36103812 0.31513408
803.80380380 0.36007551 0.31468346
804.80480480 0.35838546 0.31447453
805.80580581 0.35641224 0.31332686
806.80680681 0.35413312 0.31144732
807.80780781 0.35409186 0.31134303
808.80880881 0.35315297 0.31088816
809.80980981 0.35225185 0.31085190
810.81081081 0.34769117 0.30571678
811.81181181 0.34629857 0.30538324
812.81281281 0.34521751 0.30484982
813.81381381 0.34411384 0.30434925
814.81481481 0.34034282 0.30210787
815.81581582 0.33922640 0.30166685
816.81681682 0.33766506 0.30120543
817.81781782 0.33652284 0.30065240
818.81881882 0.33438965 0.29879981
819.81981982 0.33353519 0.29868149
820.82082082 0.33246257 0.29813861
821.82182182 0.33044134 0.29728822
822.82282282 0.32938838 0.29687585
823.82382382 0.32674349 0.29008535
824.82482482 0.32549524 0.28947479
825.82582583 0.32468726 0.28928112
826.82682683 0.32399804 0.28875453
827.82782783 0.32302281 0.28832974
828.82882883 0.32197521 0.28788880
829.82982983 0.32101501 0.28759233
830.83083083 0.31962967 0.28715919
831.83183183 0.31819414 0.28596186
832.83283283 0.31721471 0.28551237
833.83383383 0.31594367 0.28483352
834.83483483 0.31473713 0.28404674
835.83583584 0.31359692 0.28359297
836.83683684 0.31187383 0.28198437
837.83783784 0.31066273 0.28097644
838.83883884 0.30928399 0.28061816
839.83983984 0.30827678 0.28018495
840.84084084 0.30728355 0.27969908
841.84184184 0.30627433 0.27918903
842.84284284 0.30517645 0.27873364
843.84384384 0.30423919 0.27829451
844.84484484 0.30374717 0.27782300
845.84584585 0.30283988 0.27729264
846.84684685 0.30195669 0.27677328
847.84784785 0.30064000 0.27590900
848.84884885 0.29951779 0.27554216
849.84984985 0.29869340 0.27545831
850.85085085 0.29646188 0.27065778
851.85185185 0.29545736 0.27026582
852.85285285 0.29452424 0.26982318
853.85385385 0.29384495 0.26930092
854.85485485 0.29293044 0.26886203
855.85585586 0.29076708 0.26529607
856.85685686 0.28985886 0.26486740
857.85785786 0.28894252 0.26445469
858.85885886 0.28764084 0.26401894
859.85985986 0.28678446 0.26364250
860.86086086 0.28537980 0.26305828
861.86186186 0.28414266 0.26243593
862.86286286 0.28328161 0.26199414
863.86386386 0.28231769 0.26159930
864.86486486 0.28135494 0.26102212
865.86586587 0.27931636 0.25989117
866.86686687 0.27839727 0.25951018
867.86786787 0.27752710 0.25908268
868.86886887 0.27598583 0.25839537
869.86986987 0.27476461 0.25845864
870.87087087 0.27390071 0.25802312
871.87187187 0.27328933 0.25741039
872.87287287 0.27240955 0.25699357
873.87387387 0.27149490 0.25662578
874.87487487 0.27026752 0.25614182
875.87587588 0.26936915 0.25560989
876.87687688 0.26848406 0.25516388
877.87787788 0.26761186 0.25461646
878.87887888 0.26692929 0.25482508
879.87987988 0.26605785 0.25424812
880.88088088 0.26509162 0.25372345
881.88188188 0.26421009 0.25333037
882.88288288 0.26271923 0.25273542
883.88388388 0.26177103 0.25230847
884.88488488 0.26093510 0.25190235
885.88588589 0.25960007 0.24948456
886.88688689 0.25874614 0.24908956
887.88788789 0.25791613 0.24869005
888.88888889 0.25675822 0.24707114
889.88988989 0.25593101 0.24671939
890.89089089 0.25450435 0.24619893
891.89189189 0.25293813 0.24151502
892.89289289 0.25216790 0.24117278
893.89389389 0.25126326 0.24069410
894.89489489 0.25047991 0.24032261
895.89589590 0.24961625 0.23984547
896.89689690 0.24907781 0.24105114
897.89789790 0.24827979 0.24067859
898.89889890 0.24723331 0.23959749
899.89989990 0.24635287 0.23916448
900.90090090 0.24552397 0.23875026
901.90190190 0.24471037 0.23838262
902.90290290 0.24402213 0.23820434
903.90390390 0.24333912 0.23773057
904.90490490 0.24221779 0.23707220
905.90590591 0.24104198 0.23606164
906.90690691 0.23939187 0.23344330
907.90790791 0.23821065 0.23302314
908.90890891 0.23645551 0.23150707
909.90990991 0.23567302 0.23109701
910.91091091 0.23466188 0.23063882
911.91191191 0.23392808 0.23021272
912.91291291 0.23336936 0.22988049
913.91391391 0.23211972 0.22788284
914.91491491 0.23136123 0.22752357
915.91591592 0.23060303 0.22713440
916.91691692 0.23010164 0.22666719
917.91791792 0.22847500 0.22146622
918.91891892 0.22728592 0.21975921
919.91991992 0.22601641 0.21949818
920.92092092 0.22528010 0.21909681
921.92192192 0.22461134 0.21863126
922.92292292 0.22386040 0.21814821
923.92392392 0.22195794 0.21379769
924.92492492 0.22125287 0.21338829
925.92592593 0.22028429 0.21278055
926.92692693 0.21879839 0.20941200
927.92792793 0.21804473 0.20899313
928.92892893 0.21736654 0.20855718
929.92992993 0.21662943 0.20812892
930.93093093 0.21577353 0.20765244
931.93193193 0.21502519 0.20720613
932.93293293 0.21429618 0.20676759
933.93393393 0.21348850 0.20625414
934.93493493 0.21290414 0.20594454
935.93593594 0.21199566 0.20555883
936.93693694 0.21056968 0.20504676
937.93793794 0.20982622 0.20464750
938.93893894 0.20911697 0.20419982
939.93993994 0.20840322 0.20375834
940.94094094 0.20720212 0.20331986
941.94194194 0.20651661 0.20288197
942.94294294 0.20582164 0.20244785
943.94394394 0.20510716 0.20201635
944.94494494 0.20444682 0.20161115
945.94594595 0.20373985 0.20119764
946.94694695 0.20303050 0.20080699
947.94794795 0.20263784 0.20069168
948.94894895 0.20194889 0.20025801
949.94994995 0.20080720 0.19985526
950.95095095 0.19972601 0.19938685
951.95195195 0.19902376 0.19904771
952.95295295 0.19833724 0.19863612
953.95395395 0.19760025 0.19823675
954.95495495 0.19717565 0.19777394
955.95595596 0.19649996 0.19737702
956.95695696 0.19585019 0.19698130
957.95795796 0.19516713 0.19655613
958.95895896 0.19448482 0.19611911
959.95995996 0.19380652 0.19568648
960.96096096 0.19357410 0.19612457
961.96196196 0.19293558 0.19579308
962.96296296 0.19227845 0.19538582
963.96396396 0.19145286 0.19494615
964.96496496 0.19081232 0.19455309
965.96596597 0.19015191 0.19415362
966.96696697 0.18939798 0.19366929
967.96796797 0.18880255 0.19323324
968.96896897 0.18858370 0.19319485
969.96996997 0.18798879 0.19274192
970.97097097 0.18737996 0.19225757
971.97197197 0.18678731 0.19190425
972.97297297 0.18593124 0.19165937
973.97397397 0.18550264 0.19124622
974.97497497 0.18471555 0.19085770
975.97597598 0.18407641 0.19048725
976.97697698 0.18261797 0.18990607
977.97797798 0.18197233 0.18949423
978.97897898 0.18134515 0.18908138
979.97997998 0.18071148 0.18866774
980.98098098 0.18004570 0.18824578
981.98198198 0.17928548 0.18781794
982.98298298 0.17869954 0.18739597
983.98398398 0.17728712 0.18653550
984.98498498 0.17665143 0.18612491
985.98598599 0.17605529 0.18574287
986.98698699 0.17284607 0.17914367
987.98798799 0.17223214 0.17874697
988.98898899 0.17176296 0.17832255
989.98998999 0.17109970 0.17788584
990.99099099 0.17083171 0.17748735
991.99199199 0.17020698 0.17711953
992.99299299 0.16957106 0.17670944
993.99399399 0.16898075 0.17632218
994.99499499 0.16847804 0.17594012
995.99599600 0.16792323 0.17556991
996.99699700 0.16721658 0.17528051
997.99799800 0.16604227 0.17410967
998.99899900 0.16533454 0.17370021
1000.00000000 0.16479782 0.17329068
