0.00000000 11.00000000
0.05001250 11.00264231
0.10002501 11.00633799
0.15003751 11.00333223
0.20005001 10.99995019
0.25006252 10.99792336
0.30007502 10.99521054
0.35008752 10.99318392
0.40010003 10.98929114
0.45011253 10.98769432
0.50012503 10.98667987
0.55013753 10.98262763
0.60015004 10.97968950
0.65016254 10.97692482
0.70017504 10.97055148
0.75018755 10.96490662
0.80020005 10.96369862
0.85021255 10.96165218
0.90022506 10.94823398
0.95023756 10.94629267
1.00025006 10.94132807
1.05026257 10.93857743
1.10027507 10.93194871
1.15028757 10.92641137
1.20030008 10.92393769
1.25031258 10.91644384
1.30032508 10.90414544
1.35033758 10.89591567
1.40035009 10.88721364
1.45036259 10.88243501
1.50037509 10.87336262
1.55038760 10.86244671
1.60040010 10.85070154
1.65041260 10.84495302
1.70042511 10.83628317
1.75043761 10.82779581
1.80045011 10.82266794
1.85046262 10.81779534
1.90047512 10.81145586
1.95048762 10.80581397
2.00050013 10.80298219
2.05051263 10.79179856
2.10052513 10.78319169
2.15053763 10.77106359
2.20055014 10.76376694
2.25056264 10.75719549
2.30057514 10.75116715
2.35058765 10.74692616
2.40060015 10.73342170
2.45061265 10.73324392
2.50062516 10.72577227
2.55063766 10.72032509
2.60065016 10.70929525
2.65066267 10.70179711
2.70067517 10.70230531
2.75068767 10.69662391
2.80070018 10.68941243
2.85071268 10.67918767
2.90072518 10.67364530
2.95073768 10.66541071
3.00075019 10.65933166
3.05076269 10.65081805
3.10077519 10.64490920
3.15078770 10.63424947
3.20080020 10.62522350
3.25081270 10.62004013
3.30082521 10.61611669
3.35083771 10.61163338
3.40085021 10.60855434
3.45086272 10.60084488
3.50087522 10.58886231
3.55088772 10.58081460
3.60090023 10.57483975
3.65091273 10.57084162
3.70092523 10.55810891
3.75093773 10.55174097
3.80095024 10.54363708
3.85096274 10.53558978
3.90097524 10.53109427
3.95098775 10.52450288
4.00100025 10.52131936
4.05101275 10.52026612
4.10102526 10.51377952
4.15103776 10.51073760
4.20105026 10.50594589
4.25106277 10.50565170
4.30107527 10.49811829
4.35108777 10.49346645
4.40110028 10.48538300
4.45111278 10.48004492
4.50112528 10.46661544
4.55113778 10.45857772
4.60115029 10.44433778
4.65116279 10.43447274
4.70117529 10.43081034
4.75118780 10.42103123
4.80120030 10.41445162
4.85121280 10.40456996
4.90122531 10.39981322
4.95123781 10.39267189
5.00125031 10.38023548
5.05126282 10.37492534
5.10127532 10.36735490
5.15128782 10.35649221
5.20130033 10.35185232
5.25131283 10.34025374
5.30132533 10.33097099
5.35133783 10.32671442
5.40135034 10.31573435
5.45136284 10.30358192
5.50137534 10.29156512
5.55138785 10.28652149
5.60140035 10.28132697
5.65141285 10.27764465
5.70142536 10.27098235
5.75143786 10.26713973
5.80145036 10.26508254
5.85146287 10.25390447
5.90147537 10.24597269
5.95148787 10.24268514
6.00150038 10.23420632
6.05151288 10.22647196
6.10152538 10.21733985
6.15153788 10.20084490
6.20155039 10.19430299
6.25156289 10.18262330
6.30157539 10.17308382
6.35158790 10.16042234
6.40160040 10.14979543
6.45161290 10.13780455
6.50162541 10.13412378
6.55163791 10.13138496
6.60165041 10.12372557
6.65166292 10.11254916
6.70167542 10.10273223
6.75168792 10.09794008
6.80170043 10.08763622
6.85171293 10.08447206
6.90172543 10.07265422
6.95173793 10.06357250
7.00175044 10.05956457
7.05176294 10.04611921
7.10177544 10.03778083
7.15178795 10.03395237
7.20180045 10.02081403
7.25181295 10.01093408
7.30182546 10.00073664
7.35183796 9.98877646
7.40185046 9.98134431
7.45186297 9.96928844
7.50187547 9.96241955
7.55188797 9.95343937
7.60190048 9.94845504
7.65191298 9.93433117
7.70192548 9.92721582
7.75193798 9.91982748
7.80195049 9.91380433
7.85196299 9.90918031
7.90197549 9.90054422
7.95198800 9.89041534
8.00200050 9.88236589
8.05201300 9.87359664
8.10202551 9.86583371
8.15203801 9.86483994
8.20205051 9.85967619
8.25206302 9.85428331
8.30207552 9.84170478
8.35208802 9.83402438
8.40210053 9.82094300
8.45211303 9.80881256
8.50212553 9.80253540
8.55213803 9.79741096
8.60215054 9.78534786
8.65216304 9.77234068
8.70217554 9.76788062
8.75218805 9.76152169
8.80220055 9.75192522
8.85221305 9.73640901
8.90222556 9.72427913
8.95223806 9.71751853
9.00225056 9.70384982
9.05226307 9.69583306
9.10227557 9.68085808
9.15228807 9.67283347
9.20230058 9.67051123
9.25231308 9.65249728
9.30232558 9.64731181
9.35233808 9.64044426
9.40235059 9.63312791
9.45236309 9.62821556
9.50237559 9.61792642
9.55238810 9.60971666
9.60240060 9.59976948
9.65241310 9.59379747
9.70242561 9.58069408
9.75243811 9.57569859
9.80245061 9.56873040
9.85246312 9.55362456
9.90247562 9.54463750
9.95248812 9.53660639
10.00250063 9.52595838
10.05251313 9.52408142
10.10252563 9.51434515
10.15253813 9.50946996
10.20255064 9.48999893
10.25256314 9.48039525
10.30257564 9.46998638
10.35258815 9.46331741
10.40260065 9.45656843
10.45261315 9.45004012
10.50262566 9.43181989
10.55263816 9.42341370
10.60265066 9.41181942
10.65266317 9.40799551
10.70267567 9.40313988
10.75268817 9.39654587
10.80270068 9.39313038
10.85271318 9.38369122
10.90272568 9.37414113
10.95273818 9.36078297
11.00275069 9.34683300
11.05276319 9.34024347
11.10277569 9.33027318
11.15278820 9.32509042
11.20280070 9.31840728
11.25281320 9.31427926
11.30282571 9.30179827
11.35283821 9.29267907
11.40285071 9.28000147
11.45286322 9.27454626
11.50287572 9.25805200
11.55288822 9.24849962
11.60290073 9.23595413
11.65291323 9.22962849
11.70292573 9.21253934
11.75293823 9.20488194
11.80295074 9.19754909
11.85296324 9.18821346
11.90297574 9.18298793
11.95298825 9.17786494
12.00300075 9.17273198
12.05301325 9.16449592
12.10302576 9.15914839
12.15303826 9.15425644
12.20305076 9.14134120
12.25306327 9.12975509
12.30307577 9.12445613
12.35308827 9.11329957
12.40310078 9.10324591
12.45311328 9.09128544
12.50312578 9.08687093
12.55313828 9.07859182
12.60315079 9.06807362
12.65316329 9.06369143
12.70317579 9.05766103
12.75318830 9.04354471
12.80320080 9.03547601
12.85321330 9.02976617
12.90322581 9.02086351
12.95323831 9.01260586
13.00325081 9.00309291
13.05326332 8.99527869
13.10327582 8.98517691
13.15328832 8.96886834
13.20330083 8.96477963
13.25331333 8.95939375
13.30332583 8.95336948
13.35333833 8.95020601
13.40335084 8.93595047
13.45336334 8.92584048
13.50337584 8.91471507
13.55338835 8.90078999
13.60340085 8.89248275
13.65341335 8.88486011
13.70342586 8.87570274
13.75343836 8.86965226
13.80345086 8.86095816
13.85346337 8.85108241
13.90347587 8.84774146
13.95348837 8.83985784
14.00350088 8.83729075
14.05351338 8.82830972
14.10352588 8.82107868
14.15353838 8.81329255
14.20355089 8.80740356
14.25356339 8.79659492
14.30357589 8.78871641
14.35358840 8.78381523
14.40360090 8.77693247
14.45361340 8.76654938
14.50362591 8.76435370
14.55363841 8.75617997
14.60365091 8.74435014
14.65366342 8.73609930
14.70367592 8.72726028
14.75368842 8.72038676
14.80370093 8.71531704
14.85371343 8.70952631
14.90372593 8.70304230
14.95373843 8.69680967
15.00375094 8.68844546
15.05376344 8.68013799
15.10377594 8.66612914
15.15378845 8.65445076
15.20380095 8.64773190
15.25381345 8.64245936
15.30382596 8.63352063
15.35383846 8.62137108
15.40385096 8.61311978
15.45386347 8.60672750
15.50387597 8.58866049
15.55388847 8.56768868
15.60390098 8.55430895
15.65391348 8.55094639
15.70392598 8.54381055
15.75393848 8.53646540
15.80395099 8.52548816
15.85396349 8.51236178
15.90397599 8.49964975
15.95398850 8.49494400
16.00400100 8.48868730
16.05401350 8.48462810
16.10402601 8.47743702
16.15403851 8.46698012
16.20405101 8.45867896
16.25406352 8.45166735
16.30407602 8.44996494
16.35408852 8.43741535
16.40410103 8.43006707
16.45411353 8.41494357
16.50412603 8.41211149
16.55413853 8.40411745
16.60415104 8.39832703
16.65416354 8.39347112
16.70417604 8.37988819
16.75418855 8.37164065
16.80420105 8.35897539
16.85421355 8.35468149
16.90422606 8.34748079
16.95423856 8.34306103
17.00425106 8.34028573
17.05426357 8.33394292
17.10427607 8.32222438
17.15428857 8.31679404
17.20430108 8.31366491
17.25431358 8.30372132
17.30432608 8.29730212
17.35433858 8.29008470
17.40435109 8.27480888
17.45436359 8.26483139
17.50437609 8.26027311
17.55438860 8.25188411
17.60440110 8.24647999
17.65441360 8.23711503
17.70442611 8.23179900
17.75443861 8.22897003
17.80445111 8.21853231
17.85446362 8.21264101
17.90447612 8.20138160
17.95448862 8.19152880
18.00450113 8.18345040
18.05451363 8.17551436
18.10452613 8.17005559
18.15453863 8.16545911
18.20455114 8.15927363
18.25456364 8.14605443
18.30457614 8.13934998
18.35458865 8.13036290
18.40460115 8.12130069
18.45461365 8.11260058
18.50462616 8.10456788
18.55463866 8.10031759
18.60465116 8.09420251
18.65466367 8.08559575
18.70467617 8.08131105
18.75468867 8.07234875
18.80470118 8.06453272
18.85471368 8.05608871
18.90472618 8.05373336
18.95473868 8.04767285
19.00475119 8.04266345
19.05476369 8.03020208
19.10477619 8.02429701
19.15478870 8.01412490
19.20480120 8.00513370
19.25481370 8.00169877
19.30482621 7.99740901
19.35483871 7.99044598
19.40485121 7.98582878
19.45486372 7.97711781
19.50487622 7.95954142
19.55488872 7.95222845
19.60490123 7.94637725
19.65491373 7.93456454
19.70492623 7.92392323
19.75493873 7.91976537
19.80495124 7.90972701
19.85496374 7.90123167
19.90497624 7.89211373
19.95498875 7.88602212
20.00500125 7.87776305
20.05501375 7.87302954
20.10502626 7.86313395
20.15503876 7.85056458
20.20505126 7.84407199
20.25506377 7.83491476
20.30507627 7.82652009
20.35508877 7.81838532
20.40510128 7.81171938
20.45511378 7.79893749
20.50512628 7.79432476
20.55513878 7.78431791
20.60515129 7.77287536
20.65516379 7.76647543
20.70517629 7.76116533
20.75518880 7.75342025
20.80520130 7.75062991
20.85521380 7.74702442
20.90522631 7.73028470
20.95523881 7.72168924
21.00525131 7.71033860
21.05526382 7.70253377
21.10527632 7.69307089
21.15528882 7.68117497
21.20530133 7.67362001
21.25531383 7.66859578
21.30532633 7.66183921
21.35533883 7.65571224
21.40535134 7.64939646
21.45536384 7.64174092
21.50537634 7.64237421
21.55538885 7.63444827
21.60540135 7.62525813
21.65541385 7.62215387
21.70542636 7.61550221
21.75543886 7.60703958
21.80545136 7.60093988
21.85546387 7.59793823
21.90547637 7.58511208
21.95548887 7.57699731
22.00550138 7.57245116
22.05551388 7.56883137
22.10552638 7.56235094
22.15553888 7.56032760
22.20555139 7.55347667
22.25556389 7.54472013
22.30557639 7.53515187
22.35558890 7.52803557
22.40560140 7.52369406
22.45561390 7.51635395
22.50562641 7.51084220
22.55563891 7.50475065
22.60565141 7.49666350
22.65566392 7.49467932
22.70567642 7.48534843
22.75568892 7.47573682
22.80570143 7.47409551
22.85571393 7.47287454
22.90572643 7.46842323
22.95573893 7.46433691
23.00575144 7.45281870
23.05576394 7.44248440
23.10577644 7.43399918
23.15578895 7.42753676
23.20580145 7.42462922
23.25581395 7.40438779
23.30582646 7.39318552
23.35583896 7.37794089
23.40585146 7.37225220
23.45586397 7.36465552
23.50587647 7.36060406
23.55588897 7.35329994
23.60590148 7.34705827
23.65591398 7.34367623
23.70592648 7.33342041
23.75593898 7.32947172
23.80595149 7.32339029
23.85596399 7.31745346
23.90597649 7.31263035
23.95598900 7.30265946
24.00600150 7.29815081
24.05601400 7.29122223
24.10602651 7.28401849
24.15603901 7.27565421
24.20605151 7.26772356
24.25606402 7.25992346
24.30607652 7.25253652
24.35608902 7.24698218
24.40610153 7.23958549
24.45611403 7.23089210
24.50612653 7.22243541
24.55613903 7.21419546
24.60615154 7.20491220
24.65616404 7.19954393
24.70617654 7.19274983
24.75618905 7.18488486
24.80620155 7.17512650
24.85621405 7.16335789
24.90622656 7.15359190
24.95623906 7.14720110
25.00625156 7.14125428
25.05626407 7.13470324
25.10627657 7.12873608
25.15628907 7.12263884
25.20630158 7.11446504
25.25631408 7.10320344
25.30632658 7.10083121
25.35633908 7.09594746
25.40635159 7.09104052
25.45636409 7.08697511
25.50637659 7.07522253
25.55638910 7.06475959
25.60640160 7.06211442
25.65641410 7.05520292
25.70642661 7.04173271
25.75643911 7.03648962
25.80645161 7.02965484
25.85646412 7.02200628
25.90647662 7.01313781
25.95648912 7.00449328
26.00650163 6.99530546
26.05651413 6.98746863
26.10652663 6.98378048
26.15653913 6.97598835
26.20655164 6.97044812
26.25656414 6.96313388
26.30657664 6.95527146
26.35658915 6.94820893
26.40660165 6.94396421
26.45661415 6.93782251
26.50662666 6.92300345
26.55663916 6.91840051
26.60665166 6.91654101
26.65666417 6.90806032
26.70667667 6.90248709
26.75668917 6.89770362
26.80670168 6.88751053
26.85671418 6.87882127
26.90672668 6.86992840
26.95673918 6.85547772
27.00675169 6.84465308
27.05676419 6.83934946
27.10677669 6.83239663
27.15678920 6.82583098
27.20680170 6.82301864
27.25681420 6.81614993
27.30682671 6.80784678
27.35683921 6.79825987
27.40685171 6.79388118
27.45686422 6.78674176
27.50687672 6.77241195
27.55688922 6.76584068
27.60690173 6.75509370
27.65691423 6.74725577
27.70692673 6.73825476
27.75693923 6.72989483
27.80695174 6.72109305
27.85696424 6.70465660
27.90697674 6.69670211
27.95698925 6.69095828
28.00700175 6.68028955
28.05701425 6.67222592
28.10702676 6.66605683
28.15703926 6.66292205
28.20705176 6.66051102
28.25706427 6.64972119
28.30707677 6.64170318
28.35708927 6.63152609
28.40710178 6.62799143
28.45711428 6.62088916
28.50712678 6.60459619
28.55713928 6.59701258
28.60715179 6.59021839
28.65716429 6.57758776
28.70717679 6.56662087
28.75718930 6.55967131
28.80720180 6.55514292
28.85721430 6.54279408
28.90722681 6.53590313
28.95723931 6.52842242
29.00725181 6.52301291
29.05726432 6.51524787
29.10727682 6.51010213
29.15728932 6.50078020
29.20730183 6.49300769
29.25731433 6.48527297
29.30732683 6.47652663
29.35733933 6.47327012
29.40735184 6.46893422
29.45736434 6.46521917
29.50737684 6.45547742
29.55738935 6.44528755
29.60740185 6.43927019
29.65741435 6.42769860
29.70742686 6.41996135
29.75743936 6.41470944
29.80745186 6.41317672
29.85746437 6.40492195
29.90747687 6.39689499
29.95748937 6.38264371
30.00750188 6.37346730
30.05751438 6.36619971
30.10752688 6.35952322
30.15753938 6.35176798
30.20755189 6.34422906
30.25756439 6.33202867
30.30757689 6.32624116
30.35758940 6.32004559
30.40760190 6.31485265
30.45761440 6.30391055
30.50762691 6.29472305
30.55763941 6.29013328
30.60765191 6.27992989
30.65766442 6.27003045
30.70767692 6.26282753
30.75768942 6.25639966
30.80770193 6.25009017
30.85771443 6.24710423
30.90772693 6.24507803
30.95773943 6.24114586
31.00775194 6.23514556
31.05776444 6.22916734
31.10777694 6.22552696
31.15778945 6.21532459
31.20780195 6.21134003
31.25781445 6.20564844
31.30782696 6.20334357
31.35783946 6.19903005
31.40785196 6.19344260
31.45786447 6.18640169
31.50787697 6.18237825
31.55788947 6.17651427
31.60790198 6.17137938
31.65791448 6.16646189
31.70792698 6.15441196
31.75793948 6.14442161
31.80795199 6.13875922
31.85796449 6.13328772
31.90797699 6.13286939
31.95798950 6.12693279
32.00800200 6.11898065
32.05801450 6.11184351
32.10802701 6.10571110
32.15803951 6.10170849
32.20805201 6.09693290
32.25806452 6.08965908
32.30807702 6.08298766
32.35808952 6.07478495
32.40810203 6.07303203
32.45811453 6.06336871
32.50812703 6.05359379
32.55813953 6.04574258
32.60815204 6.04260469
32.65816454 6.03205405
32.70817704 6.02751466
32.75818955 6.01784086
32.80820205 6.01299632
32.85821455 6.00464860
32.90822706 5.98881060
32.95823956 5.98018042
33.00825206 5.97611433
33.05826457 5.97235324
33.10827707 5.96771814
33.15828957 5.95980671
33.20830208 5.95448312
33.25831458 5.95136890
33.30832708 5.94515730
33.35833958 5.93760203
33.40835209 5.93357525
33.45836459 5.92930978
33.50837709 5.92485645
33.55838960 5.92248190
33.60840210 5.91974316
33.65841460 5.91014172
33.70842711 5.89902977
33.75843961 5.89226574
33.80845211 5.88265246
33.85846462 5.87514115
33.90847712 5.87010425
33.95848962 5.86585897
34.00850213 5.85652739
34.05851463 5.85106702
34.10852713 5.84454648
34.15853963 5.83715927
34.20855214 5.83224246
34.25856464 5.82303669
34.30857714 5.81911556
34.35858965 5.80930308
34.40860215 5.80375611
34.45861465 5.79783216
34.50862716 5.78927612
34.55863966 5.78581386
34.60865216 5.77576822
34.65866467 5.76605176
34.70867717 5.75700498
34.75868967 5.75257837
34.80870218 5.74672292
34.85871468 5.73660845
34.90872718 5.73459007
34.95873968 5.72919018
35.00875219 5.72475731
35.05876469 5.71729533
35.10877719 5.71323397
35.15878970 5.70246026
35.20880220 5.69648802
35.25881470 5.68726356
35.30882721 5.68543665
35.35883971 5.67790358
35.40885221 5.67200933
35.45886472 5.66605353
35.50887722 5.66283652
35.55888972 5.65583468
35.60890223 5.65031306
35.65891473 5.64253751
35.70892723 5.63167611
35.75893973 5.62199500
35.80895224 5.61431267
35.85896474 5.61181609
35.90897724 5.60856741
35.95898975 5.60173827
36.00900225 5.59499464
36.05901475 5.59147347
36.10902726 5.58783256
36.15903976 5.58099057
36.20905226 5.57798153
36.25906477 5.56838201
36.30907727 5.55991011
36.35908977 5.55740766
36.40910228 5.55640402
36.45911478 5.55265426
36.50912728 5.54663832
36.55913978 5.53898403
36.60915229 5.53179928
36.65916479 5.52257104
36.70917729 5.52129437
36.75918980 5.51213269
36.80920230 5.50665283
36.85921480 5.49902787
36.90922731 5.48958858
36.95923981 5.48726194
37.00925231 5.48616591
37.05926482 5.48003873
37.10927732 5.47635932
37.15928982 5.47288538
37.20930233 5.46991799
37.25931483 5.46380920
37.30932733 5.45178437
37.35933983 5.44289441
37.40935234 5.43835725
37.45936484 5.43305830
37.50937734 5.42494895
37.55938985 5.42001343
37.60940235 5.41647732
37.65941485 5.41263421
37.70942736 5.40768074
37.75943986 5.40072426
37.80945236 5.39380550
37.85946487 5.38455827
37.90947737 5.38161620
37.95948987 5.36870239
38.00950238 5.36426031
38.05951488 5.36145817
38.10952738 5.35244512
38.15953988 5.34264417
38.20955239 5.33523553
38.25956489 5.32951939
38.30957739 5.32634909
38.35958990 5.31763179
38.40960240 5.31153151
38.45961490 5.30604969
38.50962741 5.30037845
38.55963991 5.29288244
38.60965241 5.28966832
38.65966492 5.28566525
38.70967742 5.27789834
38.75968992 5.27299400
38.80970243 5.26622092
38.85971493 5.25815946
38.90972743 5.25405339
38.95973993 5.24858746
39.00975244 5.24429511
39.05976494 5.23670221
39.10977744 5.23146810
39.15978995 5.22426412
39.20980245 5.21883631
39.25981495 5.21329406
39.30982746 5.20673967
39.35983996 5.20261736
39.40985246 5.19761061
39.45986497 5.19220978
39.50987747 5.18777614
39.55988997 5.17989186
39.60990248 5.17470648
39.65991498 5.16632932
39.70992748 5.15775402
39.75993998 5.15119469
39.80995249 5.14666793
39.85996499 5.14433450
39.90997749 5.13939304
39.95999000 5.13526589
40.01000250 5.13295654
40.06001500 5.12600448
40.11002751 5.11769434
40.16004001 5.11355867
40.21005251 5.10988273
40.26006502 5.10359197
40.31007752 5.09872409
40.36009002 5.09295880
40.41010253 5.08991478
40.46011503 5.08295725
40.51012753 5.07977058
40.56014004 5.06961695
40.61015254 5.06506755
40.66016504 5.06005159
40.71017754 5.05509794
40.76019005 5.04963631
40.81020255 5.04210541
40.86021505 5.03381893
40.91022756 5.03150071
40.96024006 5.02457204
41.01025256 5.02240419
41.06026507 5.01305960
41.11027757 5.00222664
41.16029007 4.99816392
41.21030258 4.99225921
41.26031508 4.98914991
41.31032758 4.98762161
41.36034009 4.98265415
41.41035259 4.97490221
41.46036509 4.97227812
41.51037759 4.96705455
41.56039010 4.95852413
41.61040260 4.95261864
41.66041510 4.94199608
41.71042761 4.93232704
41.76044011 4.92289116
41.81045261 4.91978264
41.86046512 4.91447663
41.91047762 4.91082762
41.96049012 4.90222441
42.01050263 4.89897870
42.06051513 4.89435570
42.11052763 4.88909755
42.16054014 4.88541556
42.21055264 4.87593675
42.26056514 4.86879018
42.31057764 4.86387040
42.36059015 4.86010347
42.41060265 4.85155151
42.46061515 4.84427066
42.51062766 4.84161718
42.56064016 4.83474692
42.61065266 4.82809793
42.66066517 4.82419624
42.71067767 4.82096393
42.76069017 4.81396787
42.81070268 4.80669966
42.86071518 4.79905562
42.91072768 4.79124548
42.96074019 4.78438992
43.01075269 4.77962006
43.06076519 4.76924425
43.11077769 4.76642827
43.16079020 4.76287478
43.21080270 4.75526577
43.26081520 4.75104275
43.31082771 4.73724816
43.36084021 4.73510464
43.41085271 4.73078692
43.46086522 4.72870326
43.51087772 4.72337429
43.56089022 4.72151317
43.61090273 4.71891259
43.66091523 4.71485920
43.71092773 4.71139004
43.76094024 4.70428916
43.81095274 4.70072698
43.86096524 4.69497012
43.91097774 4.68857807
43.96099025 4.68201710
44.01100275 4.67776916
44.06101525 4.67392559
44.11102776 4.66895692
44.16104026 4.66441847
44.21105276 4.66073985
44.26106527 4.65232514
44.31107777 4.64222409
44.36109027 4.63858695
44.41110278 4.63576196
44.46111528 4.63044067
44.51112778 4.62405798
44.56114029 4.61849438
44.61115279 4.61410418
44.66116529 4.60988452
44.71117779 4.60382441
44.76119030 4.59956020
44.81120280 4.59465737
44.86121530 4.59253594
44.91122781 4.58489072
44.96124031 4.58163175
45.01125281 4.57760148
45.06126532 4.57124148
45.11127782 4.56617074
45.16129032 4.56362689
45.21130283 4.55885694
45.26131533 4.55592877
45.31132783 4.55355596
45.36134034 4.54841015
45.41135284 4.53968525
45.46136534 4.53361778
45.51137784 4.53075569
45.56139035 4.52745319
45.61140285 4.52478842
45.66141535 4.51678813
45.71142786 4.51211628
45.76144036 4.50798911
45.81145286 4.50621977
45.86146537 4.49922071
45.91147787 4.49523993
45.96149037 4.48901745
46.01150288 4.48484571
46.06151538 4.47696432
46.11152788 4.47383622
46.16154039 4.47004469
46.21155289 4.46532432
46.26156539 4.46304285
46.31157789 4.45793595
46.36159040 4.45058586
46.41160290 4.44699209
46.46161540 4.44034889
46.51162791 4.43610114
46.56164041 4.43333950
46.61165291 4.42698357
46.66166542 4.42281246
46.71167792 4.41778977
46.76169042 4.41504617
46.81170293 4.40877901
46.86171543 4.40250825
46.91172793 4.39834516
46.96174044 4.39010233
47.01175294 4.38524048
47.06176544 4.38134551
47.11177794 4.37623817
47.16179045 4.36868627
47.21180295 4.36154778
47.26181545 4.35221584
47.31182796 4.34634989
47.36184046 4.34184794
47.41185296 4.33930503
47.46186547 4.32940003
47.51187797 4.32354758
47.56189047 4.31930897
47.61190298 4.31360666
47.66191548 4.30759330
47.71192798 4.30089037
47.76194049 4.29374833
47.81195299 4.28470246
47.86196549 4.28091381
47.91197799 4.27650770
47.96199050 4.26896731
48.01200300 4.26570131
48.06201550 4.25733806
48.11202801 4.25393262
48.16204051 4.24839728
48.21205301 4.24343801
48.26206552 4.23888793
48.31207802 4.23020004
48.36209052 4.22677719
48.41210303 4.22240320
48.46211553 4.21542395
48.51212803 4.21358655
48.56214054 4.21150905
48.61215304 4.20388916
48.66216554 4.19830722
48.71217804 4.19155524
48.76219055 4.18661778
48.81220305 4.18166982
48.86221555 4.17708128
48.91222806 4.16837882
48.96224056 4.16225606
49.01225306 4.15655234
49.06226557 4.15178162
49.11227807 4.14621709
49.16229057 4.14070266
49.21230308 4.13745365
49.26231558 4.13081068
49.31232808 4.12774977
49.36234059 4.12342973
49.41235309 4.11421248
49.46236559 4.10688957
49.51237809 4.10356937
49.56239060 4.09462506
49.61240310 4.08968821
49.66241560 4.08752616
49.71242811 4.07967550
49.76244061 4.07615220
49.81245311 4.06850540
49.86246562 4.06325444
49.91247812 4.05759413
49.96249062 4.05407337
50.01250313 4.04813736
50.06251563 4.04647821
50.11252813 4.04042514
50.16254064 4.03643960
50.21255314 4.03199403
50.26256564 4.02911056
50.31257814 4.02482502
50.36259065 4.02140576
50.41260315 4.01175214
50.46261565 4.00924575
50.51262816 4.00466676
50.56264066 3.99992946
50.61265316 3.99565402
50.66266567 3.98341360
50.71267817 3.97915067
50.76269067 3.97561489
50.81270318 3.97036879
50.86271568 3.96421345
50.91272818 3.95584240
50.96274069 3.95385192
51.01275319 3.95104641
51.06276569 3.94517672
51.11277819 3.94203646
51.16279070 3.93486665
51.21280320 3.93028826
51.26281570 3.92629460
51.31282821 3.92062649
51.36284071 3.91356715
51.41285321 3.90818836
51.46286572 3.90348079
51.51287822 3.90292635
51.56289072 3.89633606
51.61290323 3.89350764
51.66291573 3.88965883
51.71292823 3.88555980
51.76294074 3.87953796
51.81295324 3.87820910
51.86296574 3.87402195
51.91297824 3.87092970
51.96299075 3.86999755
52.01300325 3.86916580
52.06301575 3.86626261
52.11302826 3.86203198
52.16304076 3.85653798
52.21305326 3.85318427
52.26306577 3.85054497
52.31307827 3.84494883
52.36309077 3.84140913
52.41310328 3.83482713
52.46311578 3.82785421
52.51312828 3.82529843
52.56314079 3.82116048
52.61315329 3.81570784
52.66316579 3.80949100
52.71317829 3.80433048
52.76319080 3.80024400
52.81320330 3.79536783
52.86321580 3.79055758
52.91322831 3.78878294
52.96324081 3.78503338
53.01325331 3.78069944
53.06326582 3.77630570
53.11327832 3.77239442
53.16329082 3.76545649
53.21330333 3.76304969
53.26331583 3.75928751
53.31332833 3.75700658
53.36334084 3.75201712
53.41335334 3.74440441
53.46336584 3.73992924
53.51337834 3.73100845
53.56339085 3.72448093
53.61340335 3.72169790
53.66341585 3.71744433
53.71342836 3.71333815
53.76344086 3.70796034
53.81345336 3.70550307
53.86346587 3.70294025
53.91347837 3.69941643
53.96349087 3.69562486
54.01350338 3.69201358
54.06351588 3.68664499
54.11352838 3.67492592
54.16354089 3.67021572
54.21355339 3.66400676
54.26356589 3.66102822
54.31357839 3.65737997
54.36359090 3.65452466
54.41360340 3.65337101
54.46361590 3.64526933
54.51362841 3.64275636
54.56364091 3.63947911
54.61365341 3.63429550
54.66366592 3.62839054
54.71367842 3.62370369
54.76369092 3.61710580
54.81370343 3.61279711
54.86371593 3.60962330
54.91372843 3.60569455
54.96374094 3.59927291
55.01375344 3.59439822
55.06376594 3.58916319
55.11377844 3.58366846
55.16379095 3.57766652
55.21380345 3.57027735
55.26381595 3.56237751
55.31382846 3.56075816
55.36384096 3.55618171
55.41385346 3.55299137
55.46386597 3.54802392
55.51387847 3.54290792
55.56389097 3.53586746
55.61390348 3.53342119
55.66391598 3.52712200
55.71392848 3.52474351
55.76394099 3.52117656
55.81395349 3.51562017
55.86396599 3.51350828
55.91397849 3.50792989
55.96399100 3.50208534
56.01400350 3.49910963
56.06401600 3.49436692
56.11402851 3.49191799
56.16404101 3.48864182
56.21405351 3.48236040
56.26406602 3.47425372
56.31407852 3.47086162
56.36409102 3.46717266
56.41410353 3.46336598
56.46411603 3.45954945
56.51412853 3.45582409
56.56414104 3.45119522
56.61415354 3.44864907
56.66416604 3.44670057
56.71417854 3.44231265
56.76419105 3.43957574
56.81420355 3.43233641
56.86421605 3.42797285
56.91422856 3.42099457
56.96424106 3.41601267
57.01425356 3.41137138
57.06426607 3.40838991
57.11427857 3.40816190
57.16429107 3.40267930
57.21430358 3.40003741
57.26431608 3.39554002
57.31432858 3.39092037
57.36434109 3.38373976
57.41435359 3.38020240
57.46436609 3.37510735
57.51437859 3.37041991
57.56439110 3.36788370
57.61440360 3.36334304
57.66441610 3.35776392
57.71442861 3.35123629
57.76444111 3.34527393
57.81445361 3.34220004
57.86446612 3.33750192
57.91447862 3.33181252
57.96449112 3.32878694
58.01450363 3.32421914
58.06451613 3.32107936
58.11452863 3.31860859
58.16454114 3.31022953
58.21455364 3.30534597
58.26456614 3.30226962
58.31457864 3.29974962
58.36459115 3.29557696
58.41460365 3.29204056
58.46461615 3.28846461
58.51462866 3.28422311
58.56464116 3.28086467
58.61465366 3.28056783
58.66466617 3.27449394
58.71467867 3.27103431
58.76469117 3.26384340
58.81470368 3.25823617
58.86471618 3.25407607
58.91472868 3.24970355
58.96474119 3.24542661
59.01475369 3.24002926
59.06476619 3.23303849
59.11477869 3.23100560
59.16479120 3.22912134
59.21480370 3.22631522
59.26481620 3.22333493
59.31482871 3.21948007
59.36484121 3.21050258
59.41485371 3.20840889
59.46486622 3.20501113
59.51487872 3.20278234
59.56489122 3.20079593
59.61490373 3.19753161
59.66491623 3.19615381
59.71492873 3.18959049
59.76494124 3.18475411
59.81495374 3.18202146
59.86496624 3.17968425
59.91497874 3.17213384
59.96499125 3.16687949
60.01500375 3.16459178
60.06501625 3.16098415
60.11502876 3.15855229
60.16504126 3.15691259
60.21505376 3.15326490
60.26506627 3.14738449
60.31507877 3.14215761
60.36509127 3.14012990
60.41510378 3.13489727
60.46511628 3.13280382
60.51512878 3.12858260
60.56514129 3.12734102
60.61515379 3.12497431
60.66516629 3.12290552
60.71517879 3.11862151
60.76519130 3.11637600
60.81520380 3.11163228
60.86521630 3.10861586
60.91522881 3.10475800
60.96524131 3.10038416
61.01525381 3.09744208
61.06526632 3.09248437
61.11527882 3.08992735
61.16529132 3.08512266
61.21530383 3.08070680
61.26531633 3.07874936
61.31532883 3.07396520
61.36534134 3.06843589
61.41535384 3.06271765
61.46536634 3.06063506
61.51537884 3.05749879
61.56539135 3.05484907
61.61540385 3.04996166
61.66541635 3.04460422
61.71542886 3.03995492
61.76544136 3.03799864
61.81545386 3.03227736
61.86546637 3.02968097
61.91547887 3.02727701
61.96549137 3.02199895
62.01550388 3.01835530
62.06551638 3.01440377
62.11552888 3.00721161
62.16554139 3.00397663
62.21555389 2.99935699
62.26556639 2.99249102
62.31557889 2.98921131
62.36559140 2.98627380
62.41560390 2.98180909
62.46561640 2.97935711
62.51562891 2.97664640
62.56564141 2.97211376
62.61565391 2.97086008
62.66566642 2.96486727
62.71567892 2.95770262
62.76569142 2.95309339
62.81570393 2.95000316
62.86571643 2.94369521
62.91572893 2.93929632
62.96574144 2.93521014
63.01575394 2.93211012
63.06576644 2.92994972
63.11577894 2.92835086
63.16579145 2.92490430
63.21580395 2.92283442
63.26581645 2.92102998
63.31582896 2.91670448
63.36584146 2.91437461
63.41585396 2.90945761
63.46586647 2.90679179
63.51587897 2.90318887
63.56589147 2.89865003
63.61590398 2.89326482
63.66591648 2.89097754
63.71592898 2.88597189
63.76594149 2.88015485
63.81595399 2.87548381
63.86596649 2.87069421
63.91597899 2.86591206
63.96599150 2.85995404
64.01600400 2.85532369
64.06601650 2.85084671
64.11602901 2.84812533
64.16604151 2.84569207
64.21605401 2.84298228
64.26606652 2.83841327
64.31607902 2.83451519
64.36609152 2.82962732
64.41610403 2.82721765
64.46611653 2.82275244
64.51612903 2.82150854
64.56614154 2.81778644
64.61615404 2.81322502
64.66616654 2.81044089
64.71617904 2.80903048
64.76619155 2.80733060
64.81620405 2.80210822
64.86621655 2.79928582
64.91622906 2.79872729
64.96624156 2.79582024
65.01625406 2.79284416
65.06626657 2.79129236
65.11627907 2.78747418
65.16629157 2.78321160
65.21630408 2.78060017
65.26631658 2.77915366
65.31632908 2.77606947
65.36634159 2.76795989
65.41635409 2.76563729
65.46636659 2.76139717
65.51637909 2.75905308
65.56639160 2.75473367
65.61640410 2.75093106
65.66641660 2.74703361
65.71642911 2.74300138
65.76644161 2.73631869
65.81645411 2.73174814
65.86646662 2.72826104
65.91647912 2.72028430
65.96649162 2.71687684
66.01650413 2.71479322
66.06651663 2.70973707
66.11652913 2.70433877
66.16654164 2.70162482
66.21655414 2.69973798
66.26656664 2.69728181
66.31657914 2.69362690
66.36659165 2.69141789
66.41660415 2.68946514
66.46661665 2.68439735
66.51662916 2.68220381
66.56664166 2.67817496
66.61665416 2.67488054
66.66666667 2.67104936
66.71667917 2.66835344
66.76669167 2.66552054
66.81670418 2.66294388
66.86671668 2.65967310
66.91672918 2.65529560
66.96674169 2.65019275
67.01675419 2.64731038
67.06676669 2.64249125
67.11677919 2.63916436
67.16679170 2.63610739
67.21680420 2.63396580
67.26681670 2.62947861
67.31682921 2.62732793
67.36684171 2.62423240
67.41685421 2.61937459
67.46686672 2.61710798
67.51687922 2.61432503
67.56689172 2.61086329
67.61690423 2.60862889
67.66691673 2.60521512
67.71692923 2.60150098
67.76694174 2.59714814
67.81695424 2.59167113
67.86696674 2.58808008
67.91697924 2.58598633
67.96699175 2.58207044
68.01700425 2.57948943
68.06701675 2.57576392
68.11702926 2.57090393
68.16704176 2.56941857
68.21705426 2.56618262
68.26706677 2.55969911
68.31707927 2.55626193
68.36709177 2.55274017
68.41710428 2.54958976
68.46711678 2.54721876
68.51712928 2.54411900
68.56714179 2.54276287
68.61715429 2.54038862
68.66716679 2.53643695
68.71717929 2.53417321
68.76719180 2.53150135
68.81720430 2.52607608
68.86721680 2.52158363
68.91722931 2.51791760
68.96724181 2.51334203
69.01725431 2.50903386
69.06726682 2.50723372
69.11727932 2.50277686
69.16729182 2.49849764
69.21730433 2.49498195
69.26731683 2.49262173
69.31732933 2.48937089
69.36734184 2.48716948
69.41735434 2.48527844
69.46736684 2.48140437
69.51737934 2.47680861
69.56739185 2.47210174
69.61740435 2.47059752
69.66741685 2.46937645
69.71742936 2.46583804
69.76744186 2.46220683
69.81745436 2.45683656
69.86746687 2.45329484
69.91747937 2.45014287
69.96749187 2.44546796
70.01750438 2.44317359
70.06751688 2.44113684
70.11752938 2.43778552
70.16754189 2.43567292
70.21755439 2.43592644
70.26756689 2.43298650
70.31757939 2.42843656
70.36759190 2.42338014
70.41760440 2.42138041
70.46761690 2.41676784
70.51762941 2.41461395
70.56764191 2.40946709
70.61765441 2.40619878
70.66766692 2.40304692
70.71767942 2.40043866
70.76769192 2.39622036
70.81770443 2.39161223
70.86771693 2.38895815
70.91772943 2.38704697
70.96774194 2.38520510
71.01775444 2.38376697
71.06776694 2.38128644
71.11777944 2.37876776
71.16779195 2.37253720
71.21780445 2.36856682
71.26781695 2.36498267
71.31782946 2.36018644
71.36784196 2.35704694
71.41785446 2.35481210
71.46786697 2.34876611
71.51787947 2.34530109
71.56789197 2.34379917
71.61790448 2.33941070
71.66791698 2.33738563
71.71792948 2.33412186
71.76794199 2.33209275
71.81795449 2.33027866
71.86796699 2.32866455
71.91797949 2.32679687
71.96799200 2.32335926
72.01800450 2.32111427
72.06801700 2.31883573
72.11802951 2.31526577
72.16804201 2.31345562
72.21805451 2.30754572
72.26806702 2.30562724
72.31807952 2.30261720
72.36809202 2.29989137
72.41810453 2.29743859
72.46811703 2.29409919
72.51812953 2.29159667
72.56814204 2.28743112
72.61815454 2.28477517
72.66816704 2.28176655
72.71817954 2.27742614
72.76819205 2.27080756
72.81820455 2.26750287
72.86821705 2.26488498
72.91822956 2.26119282
72.96824206 2.25562095
73.01825456 2.25184490
73.06826707 2.24918588
73.11827957 2.24205402
73.16829207 2.24021777
73.21830458 2.23744737
73.26831708 2.23488226
73.31832958 2.23212701
73.36834209 2.22973696
73.41835459 2.22464214
73.46836709 2.22179119
73.51837959 2.21583756
73.56839210 2.21440362
73.61840460 2.21167524
73.66841710 2.20789796
73.71842961 2.20334614
73.76844211 2.19871742
73.81845461 2.19544977
73.86846712 2.19462705
73.91847962 2.19128309
73.96849212 2.18878228
74.01850463 2.18445176
74.06851713 2.18178356
74.11852963 2.17819026
74.16854214 2.17626679
74.21855464 2.17138669
74.26856714 2.16954505
74.31857964 2.16793251
74.36859215 2.16338293
74.41860465 2.15873301
74.46861715 2.15798621
74.51862966 2.15583583
74.56864216 2.15244435
74.61865466 2.14978751
74.66866717 2.14726182
74.71867967 2.14394645
74.76869217 2.14004329
74.81870468 2.13632806
74.86871718 2.13119737
74.91872968 2.12704186
74.96874219 2.12434136
75.01875469 2.12325479
75.06876719 2.12034240
75.11877969 2.11665736
75.16879220 2.11442463
75.21880470 2.11330217
75.26881720 2.11093087
75.31882971 2.10701098
75.36884221 2.10256527
75.41885471 2.09984822
75.46886722 2.09742884
75.51887972 2.09541755
75.56889222 2.09210362
75.61890473 2.08917007
75.66891723 2.08774121
75.71892973 2.08443097
75.76894224 2.08224497
75.81895474 2.07998040
75.86896724 2.07757610
75.91897974 2.07290331
75.96899225 2.06998413
76.01900475 2.06853758
76.06901725 2.06473429
76.11902976 2.06288666
76.16904226 2.06047998
76.21905476 2.05938221
76.26906727 2.05798812
76.31907977 2.05520664
76.36909227 2.05315940
76.41910478 2.05117955
76.46911728 2.04907940
76.51912978 2.04694157
76.56914229 2.04274850
76.61915479 2.03697099
76.66916729 2.03424305
76.71917979 2.03287976
76.76919230 2.03097123
76.81920480 2.02897074
76.86921730 2.02731410
76.91922981 2.02343247
76.96924231 2.02170502
77.01925481 2.01971210
77.06926732 2.01657901
77.11927982 2.01558768
77.16929232 2.01315576
77.21930483 2.00897428
77.26931733 2.00371212
77.31932983 2.00208571
77.36934234 1.99946663
77.41935484 1.99764953
77.46936734 1.99491411
77.51937984 1.99223211
77.56939235 1.99032532
77.61940485 1.98895593
77.66941735 1.98742751
77.71942986 1.98548338
77.76944236 1.98208767
77.81945486 1.97852828
77.86946737 1.97427660
77.91947987 1.97224970
77.96949237 1.97028666
78.01950488 1.96593246
78.06951738 1.96205070
78.11952988 1.95912674
78.16954239 1.95784268
78.21955489 1.95626685
78.26956739 1.95377020
78.31957989 1.95401632
78.36959240 1.95257368
78.41960490 1.95103976
78.46961740 1.94535622
78.51962991 1.94460700
78.56964241 1.94184068
78.61965491 1.93972659
78.66966742 1.93739689
78.71967992 1.93572445
78.76969242 1.93331360
78.81970493 1.93038648
78.86971743 1.92741451
78.91972993 1.92346958
78.96974244 1.92155590
79.01975494 1.91885121
79.06976744 1.91710788
79.11977994 1.91585126
79.16979245 1.91363334
79.21980495 1.90992810
79.26981745 1.90846408
79.31982996 1.90588930
79.36984246 1.90388218
79.41985496 1.90030946
79.46986747 1.89892286
79.51987997 1.89642750
79.56989247 1.89443085
79.61990498 1.89256262
79.66991748 1.88959108
79.71992998 1.88690089
79.76994249 1.88568498
79.81995499 1.88321974
79.86996749 1.88115457
79.91997999 1.87805521
79.96999250 1.87502001
80.02000500 1.87167702
80.07001750 1.87014767
80.12003001 1.86733218
80.17004251 1.86543137
80.22005501 1.86423723
80.27006752 1.85997624
80.32008002 1.85637436
80.37009252 1.85535894
80.42010503 1.85254672
80.47011753 1.84937237
80.52013003 1.84395719
80.57014254 1.84184732
80.62015504 1.83859888
80.67016754 1.83590300
80.72018005 1.83314400
80.77019255 1.83071364
80.82020505 1.82749574
80.87021755 1.82535859
80.92023006 1.82311358
80.97024256 1.82014111
81.02025506 1.81681818
81.07026757 1.81514888
81.12028007 1.81296366
81.17029257 1.81044664
81.22030508 1.80817174
81.27031758 1.80401611
81.32033008 1.80007596
81.37034259 1.79760114
81.42035509 1.79427183
81.47036759 1.79091027
81.52038010 1.78939213
81.57039260 1.78499079
81.62040510 1.78281107
81.67041760 1.78034511
81.72043011 1.77745356
81.77044261 1.77336706
81.82045511 1.77037930
81.87046762 1.76775188
81.92048012 1.76549169
81.97049262 1.76441360
82.02050513 1.76318890
82.07051763 1.76017425
82.12053013 1.75743719
82.17054264 1.75227642
82.22055514 1.75074283
82.27056764 1.74881149
82.32058015 1.74626628
82.37059265 1.74260160
82.42060515 1.74004709
82.47061765 1.73790901
82.52063016 1.73538975
82.57064266 1.73092534
82.62065516 1.72777120
82.67066767 1.72602204
82.72068017 1.72417003
82.77069267 1.72182898
82.82070518 1.71991198
82.87071768 1.71758667
82.92073018 1.71564116
82.97074269 1.71412641
83.02075519 1.71100757
83.07076769 1.71019749
83.12078020 1.70814439
83.17079270 1.70556468
83.22080520 1.70368739
83.27081770 1.70146147
83.32083021 1.69925791
83.37084271 1.69526950
83.42085521 1.69079952
83.47086772 1.68632342
83.52088022 1.68380625
83.57089272 1.68228973
83.62090523 1.67998865
83.67091773 1.67728029
83.72093023 1.67530560
83.77094274 1.67353447
83.82095524 1.67125477
83.87096774 1.66826789
83.92098025 1.66617438
83.97099275 1.66346403
84.02100525 1.66085100
84.07101775 1.65730740
84.12103026 1.65461755
84.17104276 1.65254017
84.22105526 1.65095774
84.27106777 1.64849324
84.32108027 1.64538750
84.37109277 1.64257279
84.42110528 1.64002323
84.47111778 1.63809635
84.52113028 1.63613653
84.57114279 1.63468474
84.62115529 1.63204860
84.67116779 1.63062860
84.72118030 1.62836045
84.77119280 1.62629741
84.82120530 1.62284744
84.87121780 1.61874123
84.92123031 1.61592790
84.97124281 1.61152194
85.02125531 1.60955527
85.07126782 1.60748662
85.12128032 1.60519305
85.17129282 1.60371812
85.22130533 1.60087609
85.27131783 1.59859650
85.32133033 1.59692963
85.37134284 1.59461305
85.42135534 1.59238820
85.47136784 1.58876588
85.52138035 1.58687763
85.57139285 1.58559659
85.62140535 1.58356901
85.67141785 1.58174320
85.72143036 1.57992860
85.77144286 1.57805097
85.82145536 1.57613365
85.87146787 1.57450000
85.92148037 1.57223270
85.97149287 1.56979761
86.02150538 1.56586068
86.07151788 1.56282481
86.12153038 1.56088457
86.17154289 1.55853229
86.22155539 1.55598112
86.27156789 1.55354238
86.32158040 1.55046471
86.37159290 1.54934705
86.42160540 1.54625329
86.47161790 1.54565412
86.52163041 1.54353379
86.57164291 1.53951088
86.62165541 1.53747961
86.67166792 1.53556218
86.72168042 1.53327479
86.77169292 1.53136562
86.82170543 1.53029731
86.87171793 1.52818634
86.92173043 1.52555883
86.97174294 1.52284810
87.02175544 1.52134058
87.07176794 1.51973724
87.12178045 1.51813387
87.17179295 1.51682016
87.22180545 1.51389393
87.27181795 1.51189926
87.32183046 1.51188864
87.37184296 1.50924935
87.42185546 1.50626403
87.47186797 1.50190483
87.52188047 1.50006329
87.57189297 1.49449193
87.62190548 1.49222472
87.67191798 1.49076774
87.72193048 1.48733441
87.77194299 1.48518804
87.82195549 1.48418270
87.87196799 1.48203554
87.92198050 1.48004086
87.97199300 1.47749643
88.02200550 1.47312434
88.07201800 1.46943892
88.12203051 1.46572423
88.17204301 1.46448925
88.22205551 1.46287576
88.27206802 1.46176609
88.32208052 1.45902620
88.37209302 1.45731791
88.42210553 1.45522613
88.47211803 1.45396988
88.52213053 1.45293680
88.57214304 1.45127885
88.62215554 1.44755170
88.67216804 1.44559046
88.72218055 1.44389141
88.77219305 1.44198098
88.82220555 1.43999254
88.87221805 1.43840113
88.92223056 1.43661353
88.97224306 1.43428447
89.02225556 1.43166608
89.07226807 1.43020454
89.12228057 1.42724114
89.17229307 1.42371964
89.22230558 1.42188633
89.27231808 1.42024467
89.32233058 1.41810934
89.37234309 1.41281208
89.42235559 1.41139719
89.47236809 1.40941805
89.52238060 1.40720129
89.57239310 1.40450260
89.62240560 1.40229315
89.67241810 1.40069287
89.72243061 1.39812423
89.77244311 1.39609677
89.82245561 1.39470828
89.87246812 1.39373193
89.92248062 1.39038599
89.97249312 1.38909087
90.02250563 1.38888830
90.07251813 1.38691388
90.12253063 1.38469189
90.17254314 1.38330634
90.22255564 1.38146944
90.27256814 1.37989194
90.32258065 1.37799293
90.37259315 1.37705952
90.42260565 1.37607540
90.47261815 1.37472897
90.52263066 1.37309901
90.57264316 1.37091401
90.62265566 1.36833355
90.67266817 1.36494528
90.72268067 1.36267149
90.77269317 1.36090276
90.82270568 1.35904265
90.87271818 1.35708605
90.92273068 1.35493764
90.97274319 1.35191637
91.02275569 1.34834455
91.07276819 1.34716487
91.12278070 1.34550548
91.17279320 1.34340096
91.22280570 1.34159748
91.27281820 1.33971444
91.32283071 1.33809455
91.37284321 1.33579642
91.42285571 1.33388842
91.47286822 1.33132044
91.52288072 1.33022586
91.57289322 1.32868600
91.62290573 1.32755353
91.67291823 1.32539061
91.72293073 1.32389559
91.77294324 1.32226940
91.82295574 1.32022184
91.87296824 1.31856762
91.92298075 1.31624107
91.97299325 1.31530199
92.02300575 1.31382375
92.07301825 1.31245215
92.12303076 1.31142266
92.17304326 1.31000874
92.22305576 1.30773086
92.27306827 1.30434741
92.32308077 1.30133515
92.37309327 1.29952584
92.42310578 1.29661918
92.47311828 1.29358866
92.52313078 1.29215384
92.57314329 1.28986704
92.62315579 1.28782763
92.67316829 1.28607781
92.72318080 1.28474013
92.77319330 1.28263744
92.82320580 1.27853334
92.87321830 1.27670467
92.92323081 1.27437541
92.97324331 1.27300514
93.02325581 1.27093212
93.07326832 1.26905318
93.12328082 1.26606751
93.17329332 1.26472637
93.22330583 1.26119966
93.27331833 1.26094398
93.32333083 1.25888799
93.37334334 1.25669260
93.42335584 1.25435052
93.47336834 1.25213952
93.52338085 1.25052019
93.57339335 1.24830510
93.62340585 1.24685291
93.67341835 1.24548298
93.72343086 1.24373134
93.77344336 1.24259644
93.82345586 1.24130274
93.87346837 1.23937423
93.92348087 1.23770111
93.97349337 1.23618560
94.02350588 1.23444518
94.07351838 1.23171656
94.12353088 1.22981548
94.17354339 1.22833192
94.22355589 1.22574396
94.27356839 1.22411195
94.32358090 1.22260086
94.37359340 1.22117371
94.42360590 1.22040041
94.47361840 1.21779158
94.52363091 1.21565585
94.57364341 1.21373713
94.62365591 1.21298652
94.67366842 1.21194970
94.72368092 1.21022759
94.77369342 1.20770763
94.82370593 1.20532625
94.87371843 1.20335295
94.92373093 1.20193247
94.97374344 1.19890747
95.02375594 1.19745286
95.07376844 1.19610663
95.12378095 1.19464219
95.17379345 1.19334059
95.22380595 1.19191747
95.27381845 1.19018996
95.32383096 1.18771772
95.37384346 1.18415260
95.42385596 1.18193594
95.47386847 1.18027094
95.52388097 1.17837624
95.57389347 1.17648964
95.62390598 1.17500540
95.67391848 1.17373205
95.72393098 1.17247338
95.77394349 1.17104916
95.82395599 1.16909389
95.87396849 1.16821101
95.92398100 1.16698076
95.97399350 1.16593787
96.02400600 1.16426281
96.07401850 1.16295542
96.12403101 1.16047902
96.17404351 1.15944047
96.22405601 1.15816610
96.27406852 1.15597365
96.32408102 1.15439149
96.37409352 1.15092670
96.42410603 1.14966013
96.47411853 1.14827559
96.52413103 1.14710979
96.57414354 1.14597624
96.62415604 1.14360961
96.67416854 1.14205769
96.72418105 1.14009243
96.77419355 1.13866271
96.82420605 1.13660714
96.87421855 1.13523587
96.92423106 1.13390417
96.97424356 1.13295016
97.02425606 1.13147544
97.07426857 1.13037907
97.12428107 1.12813554
97.17429357 1.12580191
97.22430608 1.12468071
97.27431858 1.12239011
97.32433108 1.12063735
97.37434359 1.11848175
97.42435609 1.11724403
97.47436859 1.11634048
97.52438110 1.11491478
97.57439360 1.11396586
97.62440610 1.11284505
97.67441860 1.11119376
97.72443111 1.10873677
97.77444361 1.10708058
97.82445611 1.10523764
97.87446862 1.10299676
97.92448112 1.10131712
97.97449362 1.09834539
98.02450613 1.10044968
98.07451863 1.09804669
98.12453113 1.09654796
98.17454364 1.09440565
98.22455614 1.09345192
98.27456864 1.09308034
98.32458115 1.09231594
98.37459365 1.09002098
98.42460615 1.08868454
98.47461865 1.08738641
98.52463116 1.08642265
98.57464366 1.08545474
98.62465616 1.08364615
98.67466867 1.08239194
98.72468117 1.08088422
98.77469367 1.07830391
98.82470618 1.07679064
98.87471868 1.07553497
98.92473118 1.07391098
98.97474369 1.07217517
99.02475619 1.07100195
99.07476869 1.06774814
99.12478120 1.06640215
99.17479370 1.06414648
99.22480620 1.06219399
99.27481870 1.06094353
99.32483121 1.05955193
99.37484371 1.05833813
99.42485621 1.05719525
99.47486872 1.05572481
99.52488122 1.05404437
99.57489372 1.05277910
99.62490623 1.04909420
99.67491873 1.04758716
99.72493123 1.04557731
99.77494374 1.04408042
99.82495624 1.04279002
99.87496874 1.04143493
99.92498125 1.04014073
99.97499375 1.03921812
100.02500625 1.03808300
100.07501875 1.03586896
100.12503126 1.03372336
100.17504376 1.03230512
100.22505626 1.03058849
100.27506877 1.02881767
100.32508127 1.02773484
100.37509377 1.02615807
100.42510628 1.02490159
100.47511878 1.02371785
100.52513128 1.02225154
100.57514379 1.02082805
100.62515629 1.01929981
100.67516879 1.01787969
100.72518130 1.01551754
100.77519380 1.01460226
100.82520630 1.01199236
100.87521880 1.01076235
100.92523131 1.00941697
100.97524381 1.00736705
101.02525631 1.00637753
101.07526882 1.00527596
101.12528132 1.00433311
101.17529382 1.00346840
101.22530633 1.00237344
101.27531883 1.00075441
101.32533133 0.99828235
101.37534384 0.99654096
101.42535634 0.99490202
101.47536884 0.99330527
101.52538135 0.99251939
101.57539385 0.99146953
101.62540635 0.98947052
101.67541885 0.98893662
101.72543136 0.98653173
101.77544386 0.98415806
101.82545636 0.98237732
101.87546887 0.98023572
101.92548137 0.97962173
101.97549387 0.97752939
102.02550638 0.97637600
102.07551888 0.97493516
102.12553138 0.97310242
102.17554389 0.97184673
102.22555639 0.96927240
102.27556889 0.96860673
102.32558140 0.96741591
102.37559390 0.96619910
102.42560640 0.96494420
102.47561890 0.96323087
102.52563141 0.96221214
102.57564391 0.96123600
102.62565641 0.95992372
102.67566892 0.95860491
102.72568142 0.95559258
102.77569392 0.95448495
102.82570643 0.95305776
102.87571893 0.95163091
102.92573143 0.95018740
102.97574394 0.94971955
103.02575644 0.94837279
103.07576894 0.94747126
103.12578145 0.94619374
103.17579395 0.94502411
103.22580645 0.94401065
103.27581895 0.94323024
103.32583146 0.94169315
103.37584396 0.94135251
103.42585646 0.93975277
103.47586897 0.93902430
103.52588147 0.93737974
103.57589397 0.93567933
103.62590648 0.93491970
103.67591898 0.93335490
103.72593148 0.93180369
103.77594399 0.93066635
103.82595649 0.92890390
103.87596899 0.92685034
103.92598150 0.92526797
103.97599400 0.92462147
104.02600650 0.92340288
104.07601900 0.92224427
104.12603151 0.92073317
104.17604401 0.91886903
104.22605651 0.91724501
104.27606902 0.91627665
104.32608152 0.91507216
104.37609402 0.91452845
104.42610653 0.91354436
104.47611903 0.91223236
104.52613153 0.91090373
104.57614404 0.90877660
104.62615654 0.90741216
104.67616904 0.90620437
104.72618155 0.90477899
104.77619405 0.90244893
104.82620655 0.90125514
104.87621905 0.89945857
104.92623156 0.89851784
104.97624406 0.89710381
105.02625656 0.89594338
105.07626907 0.89424599
105.12628157 0.89195844
105.17629407 0.89045397
105.22630658 0.88977244
105.27631908 0.88895184
105.32633158 0.88765878
105.37634409 0.88630230
105.42635659 0.88539872
105.47636909 0.88411744
105.52638160 0.88292237
105.57639410 0.88249974
105.62640660 0.88205996
105.67641910 0.88152305
105.72643161 0.87985423
105.77644411 0.87857409
105.82645661 0.87681894
105.87646912 0.87524435
105.92648162 0.87399768
105.97649412 0.87325194
106.02650663 0.87199550
106.07651913 0.87120352
106.12653163 0.87027326
106.17654414 0.86882217
106.22655664 0.86834758
106.27656914 0.86680929
106.32658165 0.86580884
106.37659415 0.86481902
106.42660665 0.86333711
106.47661915 0.86169790
106.52663166 0.86018572
106.57664416 0.85840725
106.62665666 0.85697272
106.67666917 0.85674702
106.72668167 0.85518116
106.77669417 0.85431161
106.82670668 0.85332452
106.87671918 0.85204256
106.92673168 0.84956368
106.97674419 0.84843779
107.02675669 0.84615414
107.07676919 0.84506916
107.12678170 0.84433939
107.17679420 0.84317651
107.22680670 0.84246222
107.27681920 0.84084572
107.32683171 0.83857717
107.37684421 0.83687985
107.42685671 0.83603040
107.47686922 0.83496387
107.52688172 0.83395864
107.57689422 0.83280796
107.62690673 0.83136241
107.67691923 0.83026416
107.72693173 0.82935944
107.77694424 0.82813233
107.82695674 0.82652504
107.87696924 0.82547973
107.92698175 0.82448887
107.97699425 0.82309306
108.02700675 0.82216098
108.07701925 0.82131954
108.12703176 0.82040622
108.17704426 0.81937196
108.22705676 0.81841468
108.27706927 0.81767261
108.32708177 0.81723735
108.37709427 0.81649104
108.42710678 0.81578160
108.47711928 0.81473420
108.52713178 0.81368025
108.57714429 0.81244067
108.62715679 0.81101622
108.67716929 0.80982049
108.72718180 0.80786388
108.77719430 0.80693908
108.82720680 0.80554498
108.87721930 0.80334493
108.92723181 0.80237159
108.97724431 0.80065214
109.02725681 0.79983688
109.07726932 0.79861475
109.12728182 0.79761560
109.17729432 0.79558510
109.22730683 0.79413903
109.27731933 0.79336025
109.32733183 0.79222174
109.37734434 0.79122939
109.42735684 0.78990319
109.47736934 0.78884993
109.52738185 0.78788336
109.57739435 0.78705933
109.62740685 0.78607153
109.67741935 0.78494161
109.72743186 0.78363003
109.77744436 0.78250157
109.82745686 0.78113157
109.87746937 0.77945727
109.92748187 0.77845556
109.97749437 0.77758301
110.02750688 0.77646672
110.07751938 0.77514983
110.12753188 0.77314500
110.17754439 0.77194130
110.22755689 0.77086031
110.27756939 0.76967274
110.32758190 0.76873890
110.37759440 0.76768395
110.42760690 0.76649508
110.47761940 0.76510940
110.52763191 0.76452075
110.57764441 0.76288159
110.62765691 0.76213961
110.67766942 0.76130938
110.72768192 0.76038876
110.77769442 0.75925339
110.82770693 0.75811409
110.87771943 0.75674636
110.92773193 0.75580325
110.97774444 0.75487262
111.02775694 0.75374198
111.07776944 0.75283322
111.12778195 0.75181047
111.17779445 0.75090272
111.22780695 0.74833380
111.27781945 0.74748517
111.32783196 0.74615323
111.37784446 0.74541247
111.42785696 0.74454801
111.47786947 0.74372969
111.52788197 0.74317761
111.57789447 0.74275825
111.62790698 0.74157811
111.67791948 0.74066340
111.72793198 0.73951532
111.77794449 0.73852787
111.82795699 0.73782466
111.87796949 0.73695205
111.92798200 0.73564451
111.97799450 0.73491428
112.02800700 0.73340444
112.07801950 0.73135608
112.12803201 0.72871580
112.17804451 0.72773457
112.22805701 0.72603867
112.27806952 0.72507713
112.32808202 0.72279290
112.37809452 0.72170848
112.42810703 0.72051858
112.47811953 0.71912153
112.52813203 0.71838663
112.57814454 0.71773456
112.62815704 0.71654529
112.67816954 0.71472327
112.72818205 0.71337250
112.77819455 0.71251822
112.82820705 0.71167714
112.87821955 0.71095504
112.92823206 0.71030890
112.97824456 0.70921519
113.02825706 0.70764618
113.07826957 0.70660667
113.12828207 0.70552233
113.17829457 0.70408064
113.22830708 0.70226134
113.27831958 0.70201024
113.32833208 0.70087578
113.37834459 0.69994860
113.42835709 0.69897861
113.47836959 0.69695264
113.52838210 0.69562014
113.57839460 0.69451023
113.62840710 0.69346462
113.67841960 0.69250901
113.72843211 0.69133252
113.77844461 0.69017048
113.82845711 0.68935629
113.87846962 0.68785607
113.92848212 0.68640601
113.97849462 0.68532641
114.02850713 0.68441623
114.07851963 0.68345027
114.12853213 0.68250295
114.17854464 0.68209251
114.22855714 0.68106344
114.27856964 0.68035955
114.32858215 0.67943128
114.37859465 0.67822316
114.42860715 0.67733874
114.47861965 0.67611712
114.52863216 0.67493837
114.57864466 0.67435466
114.62865716 0.67346983
114.67866967 0.67090819
114.72868217 0.66962730
114.77869467 0.66812578
114.82870718 0.66657644
114.87871968 0.66544151
114.92873218 0.66491096
114.97874469 0.66403227
115.02875719 0.66259548
115.07876969 0.66119512
115.12878220 0.65992321
115.17879470 0.65824940
115.22880720 0.65735228
115.27881970 0.65510318
115.32883221 0.65366202
115.37884471 0.65245170
115.42885721 0.65152737
115.47886972 0.65084521
115.52888222 0.64991244
115.57889472 0.64901659
115.62890723 0.64887373
115.67891973 0.64788328
115.72893223 0.64696354
115.77894474 0.64600063
115.82895724 0.64510156
115.87896974 0.64420310
115.92898225 0.64325914
115.97899475 0.64240281
116.02900725 0.64119038
116.07901975 0.64043946
116.12903226 0.63971649
116.17904476 0.63854120
116.22905726 0.63773501
116.27906977 0.63689705
116.32908227 0.63586294
116.37909477 0.63470833
116.42910728 0.63306934
116.47911978 0.63211373
116.52913228 0.63016609
116.57914479 0.62926780
116.62915729 0.62847411
116.67916979 0.62727936
116.72918230 0.62592805
116.77919480 0.62510866
116.82920730 0.62408061
116.87921980 0.62324719
116.92923231 0.62253873
116.97924481 0.62104163
117.02925731 0.61864443
117.07926982 0.61776181
117.12928232 0.61680283
117.17929482 0.61580698
117.22930733 0.61480882
117.27931983 0.61383685
117.32933233 0.61246638
117.37934484 0.61180075
117.42935734 0.61045112
117.47936984 0.60905471
117.52938235 0.60890047
117.57939485 0.60830231
117.62940735 0.60750004
117.67941985 0.60632551
117.72943236 0.60528425
117.77944486 0.60353176
117.82945736 0.60195864
117.87946987 0.60134062
117.92948237 0.60054277
117.97949487 0.59982818
118.02950738 0.59871387
118.07951988 0.59787482
118.12953238 0.59743935
118.17954489 0.59644452
118.22955739 0.59562174
118.27956989 0.59480201
118.32958240 0.59404123
118.37959490 0.59413524
118.42960740 0.59277906
118.47961990 0.59199920
118.52963241 0.59080906
118.57964491 0.59002484
118.62965741 0.58930096
118.67966992 0.58844810
118.72968242 0.58752619
118.77969492 0.58653414
118.82970743 0.58522191
118.87971993 0.58432954
118.92973243 0.58333857
118.97974494 0.58234490
119.02975744 0.58139591
119.07976994 0.58081257
119.12978245 0.58033898
119.17979495 0.57928479
119.22980745 0.57850019
119.27981995 0.57761806
119.32983246 0.57683226
119.37984496 0.57560665
119.42985746 0.57476470
119.47986997 0.57401658
119.52988247 0.57333990
119.57989497 0.57253249
119.62990748 0.57230776
119.67991998 0.57161285
119.72993248 0.56918266
119.77994499 0.56843042
119.82995749 0.56768179
119.87996999 0.56693249
119.92998250 0.56610639
119.97999500 0.56554014
120.03000750 0.56469731
120.08002001 0.56527724
120.13003251 0.56431856
120.18004501 0.56332709
120.23005751 0.56252517
120.28007002 0.56174102
120.33008252 0.56110944
120.38009502 0.56004830
120.43010753 0.55911505
120.48012003 0.55829977
120.53013253 0.55745773
120.58014504 0.55658687
120.63015754 0.55575123
120.68017004 0.55498133
120.73018255 0.55374528
120.78019505 0.55308984
120.83020755 0.55366769
120.88022006 0.55282250
120.93023256 0.55241008
120.98024506 0.55199788
121.03025756 0.55168780
121.08027007 0.55054379
121.13028257 0.54985783
121.18029507 0.54931750
121.23030758 0.54931250
121.28032008 0.54862468
121.33033258 0.54799165
121.38034509 0.54682113
121.43035759 0.54622259
121.48037009 0.54560265
121.53038260 0.54472915
121.58039510 0.54423752
121.63040760 0.54340944
121.68042011 0.54205868
121.73043261 0.54069929
121.78044511 0.54030706
121.83045761 0.53952848
121.88047012 0.53875288
121.93048262 0.53815100
121.98049512 0.53735923
122.03050763 0.53658362
122.08052013 0.53556101
122.13053263 0.53470242
122.18054514 0.53427221
122.23055764 0.53369828
122.28057014 0.53282229
122.33058265 0.53214956
122.38059515 0.53129571
122.43060765 0.53025876
122.48062016 0.52991114
122.53063266 0.52928425
122.58064516 0.52861589
122.63065766 0.52790797
122.68067017 0.52662907
122.73068267 0.52586693
122.78069517 0.52515799
122.83070768 0.52497780
122.88072018 0.52414342
122.93073268 0.52262043
122.98074519 0.52175936
123.03075769 0.52144862
123.08077019 0.52068243
123.13078270 0.51994434
123.18079520 0.51916275
123.23080770 0.51868842
123.28082021 0.51775961
123.33083271 0.51632706
123.38084521 0.51552066
123.43085771 0.51485549
123.48087022 0.51426983
123.53088272 0.51343202
123.58089522 0.51294011
123.63090773 0.51287700
123.68092023 0.51198638
123.73093273 0.51152758
123.78094524 0.51073742
123.83095774 0.50995805
123.88097024 0.50871481
123.93098275 0.50835077
123.98099525 0.50778057
124.03100775 0.50608859
124.08102026 0.50454007
124.13103276 0.50445709
124.18104526 0.50358999
124.23105776 0.50257371
124.28107027 0.50146426
124.33108277 0.50208221
124.38109527 0.50173512
124.43110778 0.50099510
124.48112028 0.50020646
124.53113278 0.50002132
124.58114529 0.49928289
124.63115779 0.49886667
124.68117029 0.49825619
124.73118280 0.49779501
124.78119530 0.49714393
124.83120780 0.49648217
124.88122031 0.49514323
124.93123281 0.49442233
124.98124531 0.49379460
125.03125781 0.49279156
125.08127032 0.49192547
125.13128282 0.49123865
125.18129532 0.49061383
125.23130783 0.49021146
125.28132033 0.48982307
125.33133283 0.48912865
125.38134534 0.48857213
125.43135784 0.48800870
125.48137034 0.48718835
125.53138285 0.48684417
125.58139535 0.48598256
125.63140785 0.48531745
125.68142036 0.48472647
125.73143286 0.48411912
125.78144536 0.48349952
125.83145786 0.48285405
125.88147037 0.48257622
125.93148287 0.48203895
125.98149537 0.48156207
126.03150788 0.48125624
126.08152038 0.48061347
126.13153288 0.48011709
126.18154539 0.47957903
126.23155789 0.47868784
126.28157039 0.47798331
126.33158290 0.47678849
126.38159540 0.47556896
126.43160790 0.47475821
126.48162041 0.47424748
126.53163291 0.47358271
126.58164541 0.47294268
126.63165791 0.47223466
126.68167042 0.47131324
126.73168292 0.47062860
126.78169542 0.47020747
126.83170793 0.46974479
126.88172043 0.46912835
126.93173293 0.46846254
126.98174544 0.46766238
127.03175794 0.46713818
127.08177044 0.46636495
127.13178295 0.46557774
127.18179545 0.46484902
127.23180795 0.46387152
127.28182046 0.46321326
127.33183296 0.46253265
127.38184546 0.46187774
127.43185796 0.46142681
127.48187047 0.46060885
127.53188297 0.46001772
127.58189547 0.45856440
127.63190798 0.45762367
127.68192048 0.45698235
127.73193298 0.45651335
127.78194549 0.45589527
127.83195799 0.45492774
127.88197049 0.45438140
127.93198300 0.45367093
127.98199550 0.45296444
128.03200800 0.45212395
128.08202051 0.45165210
128.13203301 0.45137194
128.18204551 0.45050152
128.23205801 0.44960953
128.28207052 0.44885854
128.33208302 0.44814391
128.38209552 0.44750370
128.43210803 0.44736571
128.48212053 0.44645437
128.53213303 0.44564681
128.58214554 0.44376833
128.63215804 0.44303192
128.68217054 0.44241859
128.73218305 0.44186221
128.78219555 0.44135520
128.83220805 0.44085021
128.88222056 0.44019322
128.93223306 0.44001328
128.98224556 0.43946177
129.03225806 0.43915463
129.08227057 0.43846885
129.13228307 0.43783244
129.18229557 0.43716155
129.23230808 0.43663693
129.28232058 0.43589729
129.33233308 0.43515862
129.38234559 0.43441071
129.43235809 0.43368420
129.48237059 0.43309223
129.53238310 0.43233236
129.58239560 0.43153990
129.63240810 0.43090014
129.68242061 0.43023827
129.73243311 0.42945385
129.78244561 0.42885813
129.83245811 0.42822825
129.88247062 0.42783588
129.93248312 0.42769969
129.98249562 0.42708131
130.03250813 0.42665118
130.08252063 0.42607199
130.13253313 0.42527880
130.18254564 0.42479522
130.23255814 0.42484890
130.28257064 0.42382074
130.33258315 0.42262049
130.38259565 0.42189382
130.43260815 0.42108318
130.48262066 0.41986345
130.53263316 0.41926094
130.58264566 0.41869275
130.63265816 0.41792158
130.68267067 0.41757725
130.73268317 0.41701451
130.78269567 0.41596143
130.83270818 0.41529326
130.88272068 0.41359564
130.93273318 0.41328574
130.98274569 0.41217560
131.03275819 0.41156760
131.08277069 0.41107967
131.13278320 0.40992029
131.18279570 0.40922499
131.23280820 0.40863990
131.28282071 0.40801273
131.33283321 0.40740102
131.38284571 0.40676984
131.43285821 0.40651526
131.48287072 0.40597208
131.53288322 0.40552884
131.58289572 0.40469588
131.63290823 0.40382284
131.68292073 0.40317169
131.73293323 0.40255286
131.78294574 0.40183832
131.83295824 0.40081991
131.88297074 0.39983128
131.93298325 0.39929198
131.98299575 0.39921409
132.03300825 0.39864813
132.08302076 0.39819445
132.13303326 0.39725948
132.18304576 0.39671499
132.23305826 0.39635706
132.28307077 0.39580217
132.33308327 0.39523058
132.38309577 0.39463034
132.43310828 0.39409548
132.48312078 0.39347130
132.53313328 0.39331416
132.58314579 0.39284601
132.63315829 0.39185374
132.68317079 0.39116703
132.73318330 0.39091574
132.78319580 0.39037187
132.83320830 0.38993314
132.88322081 0.38933623
132.93323331 0.38839963
132.98324581 0.38829509
133.03325831 0.38743771
133.08327082 0.38681391
133.13328332 0.38587301
133.18329582 0.38539928
133.23330833 0.38514020
133.28332083 0.38510437
133.33333333 0.38460169
133.38334584 0.38410721
133.43335834 0.38338466
133.48337084 0.38280111
133.53338335 0.38227562
133.58339585 0.38167209
133.63340835 0.38142859
133.68342086 0.38061996
133.73343336 0.38028797
133.78344586 0.37977388
133.83345836 0.37913549
133.88347087 0.37851954
133.93348337 0.37790556
133.98349587 0.37737773
134.03350838 0.37637421
134.08352088 0.37616426
134.13353338 0.37578172
134.18354589 0.37529663
134.23355839 0.37453079
134.28357089 0.37415216
134.33358340 0.37378079
134.38359590 0.37317291
134.43360840 0.37257132
134.48362091 0.37229701
134.53363341 0.37162592
134.58364591 0.37103901
134.63365841 0.37072087
134.68367092 0.37017388
134.73368342 0.36967384
134.78369592 0.36897770
134.83370843 0.36884889
134.88372093 0.36803354
134.93373343 0.36736745
134.98374594 0.36677355
135.03375844 0.36598645
135.08377094 0.36543837
135.13378345 0.36493061
135.18379595 0.36460022
135.23380845 0.36420305
135.28382096 0.36371563
135.33383346 0.36368952
135.38384596 0.36302998
135.43385846 0.36241124
135.48387097 0.36192050
135.53388347 0.36151019
135.58389597 0.36108833
135.63390848 0.36076531
135.68392098 0.36020556
135.73393348 0.35975097
135.78394599 0.35901464
135.83395849 0.35874989
135.88397099 0.35867789
135.93398350 0.35811555
135.98399600 0.35753257
136.03400850 0.35698481
136.08402101 0.35643414
136.13403351 0.35636978
136.18404601 0.35594914
136.23405851 0.35539511
136.28407102 0.35495814
136.33408352 0.35389325
136.38409602 0.35332766
136.43410853 0.35278625
136.48412103 0.35254126
136.53413353 0.35201940
136.58414604 0.35162680
136.63415854 0.35110977
136.68417104 0.35056278
136.73418355 0.34956217
136.78419605 0.34891449
136.83420855 0.34875785
136.88422106 0.34828118
136.93423356 0.34760614
136.98424606 0.34703904
137.03425856 0.34660559
137.08427107 0.34605413
137.13428357 0.34532558
137.18429607 0.34537010
137.23430858 0.34497094
137.28432108 0.34511274
137.33433358 0.34432105
137.38434609 0.34361051
137.43435859 0.34287548
137.48437109 0.34217823
137.53438360 0.34158431
137.58439610 0.34122156
137.63440860 0.34084465
137.68442111 0.34053649
137.73443361 0.33958733
137.78444611 0.33893423
137.83445861 0.33921935
137.88447112 0.33923003
137.93448362 0.33876593
137.98449612 0.33823466
138.03450863 0.33782349
138.08452113 0.33735449
138.13453363 0.33697400
138.18454614 0.33650293
138.23455864 0.33615085
138.28457114 0.33565194
138.33458365 0.33513795
138.38459615 0.33488242
138.43460865 0.33441786
138.48462116 0.33392377
138.53463366 0.33343403
138.58464616 0.33307579
138.63465866 0.33256916
138.68467117 0.33187364
138.73468367 0.33140525
138.78469617 0.33115322
138.83470868 0.33060194
138.88472118 0.33027500
138.93473368 0.32979531
138.98474619 0.32925318
139.03475869 0.32895092
139.08477119 0.32846358
139.13478370 0.32817885
139.18479620 0.32796522
139.23480870 0.32746144
139.28482121 0.32693534
139.33483371 0.32662619
139.38484621 0.32621497
139.43485871 0.32574935
139.48487122 0.32506073
139.53488372 0.32430101
139.58489622 0.32383431
139.63490873 0.32408767
139.68492123 0.32379512
139.73493373 0.32310137
139.78494624 0.32282752
139.83495874 0.32234233
139.88497124 0.32183649
139.93498375 0.32133330
139.98499625 0.32093215
140.03500875 0.32042415
140.08502126 0.31998861
140.13503376 0.31950747
140.18504626 0.31951133
140.23505876 0.31905216
140.28507127 0.31863372
140.33508377 0.31812624
140.38509627 0.31766859
140.43510878 0.31781328
140.48512128 0.31738989
140.53513378 0.31660278
140.58514629 0.31610578
140.63515879 0.31567801
140.68517129 0.31559637
140.73518380 0.31511875
140.78519630 0.31493793
140.83520880 0.31446652
140.88522131 0.31398847
140.93523381 0.31405179
140.98524631 0.31399198
141.03525881 0.31324297
141.08527132 0.31309723
141.13528382 0.31271701
141.18529632 0.31231934
141.23530883 0.31176774
141.28532133 0.31126485
141.33533383 0.31069184
141.38534634 0.31021550
141.43535884 0.30945166
141.48537134 0.30895047
141.53538385 0.30846219
141.58539635 0.30867558
141.63540885 0.30817963
141.68542136 0.30787898
141.73543386 0.30690121
141.78544636 0.30662135
141.83545886 0.30645305
141.88547137 0.30589565
141.93548387 0.30548679
141.98549637 0.30596887
142.03550888 0.30552412
142.08552138 0.30497649
142.13553388 0.30458165
142.18554639 0.30422451
142.23555889 0.30390642
142.28557139 0.30348107
142.33558390 0.30288128
142.38559640 0.30238929
142.43560890 0.30198970
142.48562141 0.30178619
142.53563391 0.30118671
142.58564641 0.30055832
142.63565891 0.30024712
142.68567142 0.29980861
142.73568392 0.29943887
142.78569642 0.29895992
142.83570893 0.29881659
142.88572143 0.29915194
142.93573393 0.29891125
142.98574644 0.29890324
143.03575894 0.29849496
143.08577144 0.29789250
143.13578395 0.29741204
143.18579645 0.29726207
143.23580895 0.29686966
143.28582146 0.29642836
143.33583396 0.29545830
143.38584646 0.29504640
143.43585896 0.29475285
143.48587147 0.29424430
143.53588397 0.29376562
143.58589647 0.29426291
143.63590898 0.29386833
143.68592148 0.29319024
143.73593398 0.29274539
143.78594649 0.29239497
143.83595899 0.29203905
143.88597149 0.29156151
143.93598400 0.29111614
143.98599650 0.29063850
144.03600900 0.28997230
144.08602151 0.28958192
144.13603401 0.28915933
144.18604651 0.28873911
144.23605901 0.28836666
144.28607152 0.28825129
144.33608402 0.28801437
144.38609652 0.28727690
144.43610903 0.28658981
144.48612153 0.28621657
144.53613403 0.28583246
144.58614654 0.28517726
144.63615904 0.28468067
144.68617154 0.28438811
144.73618405 0.28413082
144.78619655 0.28372963
144.83620905 0.28331415
144.88622156 0.28303605
144.93623406 0.28255195
144.98624656 0.28209057
145.03625906 0.28162135
145.08627157 0.28131171
145.13628407 0.28084538
145.18629657 0.28030299
145.23630908 0.28013557
145.28632158 0.27989103
145.33633408 0.27964188
145.38634659 0.27910224
145.43635909 0.27885777
145.48637159 0.27843979
145.53638410 0.27831750
145.58639660 0.27791844
145.63640910 0.27763581
145.68642161 0.27742181
145.73643411 0.27721419
145.78644661 0.27686460
145.83645911 0.27629988
145.88647162 0.27568854
145.93648412 0.27498869
145.98649662 0.27381347
146.03650913 0.27329067
146.08652163 0.27304390
146.13653413 0.27291488
146.18654664 0.27231462
146.23655914 0.27194389
146.28657164 0.27148946
146.33658415 0.27104081
146.38659665 0.27054857
146.43660915 0.26991440
146.48662166 0.26954389
146.53663416 0.26954057
146.58664666 0.26888021
146.63665916 0.26844563
146.68667167 0.26814972
146.73668417 0.26771166
146.78669667 0.26708492
146.83670918 0.26658762
146.88672168 0.26618238
146.93673418 0.26581087
146.98674669 0.26549900
147.03675919 0.26508929
147.08677169 0.26467531
147.13678420 0.26459958
147.18679670 0.26419876
147.23680920 0.26382010
147.28682171 0.26333731
147.33683421 0.26289196
147.38684671 0.26205221
147.43685921 0.26219427
147.48687172 0.26214224
147.53688422 0.26183749
147.58689672 0.26135278
147.63690923 0.26054002
147.68692173 0.26033142
147.73693423 0.25952430
147.78694674 0.25897706
147.83695924 0.25862930
147.88697174 0.25820313
147.93698425 0.25780371
147.98699675 0.25757081
148.03700925 0.25733247
148.08702176 0.25714385
148.13703426 0.25608985
148.18704676 0.25572147
148.23705926 0.25535717
148.28707177 0.25446764
148.33708427 0.25383929
148.38709677 0.25346031
148.43710928 0.25302417
148.48712178 0.25292493
148.53713428 0.25255977
148.58714679 0.25218170
148.63715929 0.25183222
148.68717179 0.25173616
148.73718430 0.25119718
148.78719680 0.25062470
148.83720930 0.25022458
148.88722181 0.24970597
148.93723431 0.24994091
148.98724681 0.24984540
149.03725931 0.24940938
149.08727182 0.24925305
149.13728432 0.24910723
149.18729682 0.24892034
149.23730933 0.24882964
149.28732183 0.24881546
149.33733433 0.24842668
149.38734684 0.24776411
149.43735934 0.24773331
149.48737184 0.24737475
149.53738435 0.24706808
149.58739685 0.24671669
149.63740935 0.24629278
149.68742186 0.24611974
149.73743436 0.24561933
149.78744686 0.24578848
149.83745936 0.24576473
149.88747187 0.24555060
149.93748437 0.24497946
149.98749687 0.24460154
150.03750938 0.24425856
150.08752188 0.24398400
150.13753438 0.24369414
150.18754689 0.24334993
150.23755939 0.24307928
150.28757189 0.24272042
150.33758440 0.24250848
150.38759690 0.24191290
150.43760940 0.24138122
150.48762191 0.24104986
150.53763441 0.24080255
150.58764691 0.24152926
150.63765941 0.24118550
150.68767192 0.24114791
150.73768442 0.24078859
150.78769692 0.24041457
150.83770943 0.23973042
150.88772193 0.23952330
150.93773443 0.23908474
150.98774694 0.23867095
151.03775944 0.23840146
151.08777194 0.23805656
151.13778445 0.23745847
151.18779695 0.23747558
151.23780945 0.23772544
151.28782196 0.23730567
151.33783446 0.23698362
151.38784696 0.23645282
151.43785946 0.23605040
151.48787197 0.23576057
151.53788447 0.23540434
151.58789697 0.23491384
151.63790948 0.23440932
151.68792198 0.23393584
151.73793448 0.23364670
151.78794699 0.23305339
151.83795949 0.23309234
151.88797199 0.23281261
151.93798450 0.23243397
151.98799700 0.23211828
152.03800950 0.23200095
152.08802201 0.23166696
152.13803451 0.23267530
152.18804701 0.23239263
152.23805951 0.23177360
152.28807202 0.23133146
152.33808452 0.23098035
152.38809702 0.23053674
152.43810953 0.23001574
152.48812203 0.22970930
152.53813453 0.22931181
152.58814704 0.22899781
152.63815954 0.22866440
152.68817204 0.22893604
152.73818455 0.22848343
152.78819705 0.22815537
152.83820955 0.22807781
152.88822206 0.22794875
152.93823456 0.22809514
152.98824706 0.22751122
153.03825956 0.22717354
153.08827207 0.22686481
153.13828457 0.22649457
153.18829707 0.22614999
153.23830958 0.22581162
153.28832208 0.22559105
153.33833458 0.22524945
153.38834709 0.22489955
153.43835959 0.22448452
153.48837209 0.22429498
153.53838460 0.22392849
153.58839710 0.22367709
153.63840960 0.22375016
153.68842211 0.22333658
153.73843461 0.22305862
153.78844711 0.22246005
153.83845961 0.22207449
153.88847212 0.22170620
153.93848462 0.22134555
153.98849712 0.22109404
154.03850963 0.22078387
154.08852213 0.22037867
154.13853463 0.22002072
154.18854714 0.21968428
154.23855964 0.21930004
154.28857214 0.21903579
154.33858465 0.21851396
154.38859715 0.21829136
154.43860965 0.21786416
154.48862216 0.21749548
154.53863466 0.21700389
154.58864716 0.21657059
154.63865966 0.21621968
154.68867217 0.21586553
154.73868467 0.21550138
154.78869717 0.21529639
154.83870968 0.21517057
154.88872218 0.21519071
154.93873468 0.21480778
154.98874719 0.21451631
155.03875969 0.21413850
155.08877219 0.21377049
155.13878470 0.21378789
155.18879720 0.21341013
155.23880970 0.21300996
155.28882221 0.21257910
155.33883471 0.21231410
155.38884721 0.21196922
155.43885971 0.21161356
155.48887222 0.21141550
155.53888472 0.21110018
155.58889722 0.21085476
155.63890973 0.21067689
155.68892223 0.21047689
155.73893473 0.21010691
155.78894724 0.20977763
155.83895974 0.20946749
155.88897224 0.20909337
155.93898475 0.20870805
155.98899725 0.20825362
156.03900975 0.20898725
156.08902226 0.20866692
156.13903476 0.20823855
156.18904726 0.20795173
156.23905976 0.20754030
156.28907227 0.20704454
156.33908477 0.20684087
156.38909727 0.20640953
156.43910978 0.20605315
156.48912228 0.20607593
156.53913478 0.20579722
156.58914729 0.20539326
156.63915979 0.20504764
156.68917229 0.20499492
156.73918480 0.20477289
156.78919730 0.20439500
156.83920980 0.20410337
156.88922231 0.20378989
156.93923481 0.20331629
156.98924731 0.20302166
157.03925981 0.20272482
157.08927232 0.20238694
157.13928482 0.20197234
157.18929732 0.20167886
157.23930983 0.20182957
157.28932233 0.20148810
157.33933483 0.20119205
157.38934734 0.20084777
157.43935984 0.20064072
157.48937234 0.20029746
157.53938485 0.20061861
157.58939735 0.20031005
157.63940985 0.20003632
157.68942236 0.19969827
157.73943486 0.19939099
157.78944736 0.19892928
157.83945986 0.19854206
157.88947237 0.19830173
157.93948487 0.19796951
157.98949737 0.19766921
158.03950988 0.19724654
158.08952238 0.19698726
158.13953488 0.19649927
158.18954739 0.19620201
158.23955989 0.19586422
158.28957239 0.19571748
158.33958490 0.19551617
158.38959740 0.19524180
158.43960990 0.19491362
158.48962241 0.19455181
158.53963491 0.19425449
158.58964741 0.19398893
158.63965991 0.19380653
158.68967242 0.19355110
158.73968492 0.19328893
158.78969742 0.19291613
158.83970993 0.19257545
158.88972243 0.19169693
158.93973493 0.19106443
158.98974744 0.19075384
159.03975994 0.19048289
159.08977244 0.19052765
159.13978495 0.19002112
159.18979745 0.18972020
159.23980995 0.18940597
159.28982246 0.18907944
159.33983496 0.18879903
159.38984746 0.18849803
159.43985996 0.18818405
159.48987247 0.18784070
159.53988497 0.18755268
159.58989747 0.18727123
159.63990998 0.18699734
159.68992248 0.18693217
159.73993498 0.18712829
159.78994749 0.18674520
159.83995999 0.18667594
159.88997249 0.18644444
159.93998500 0.18612950
159.98999750 0.18582646
160.04001000 0.18561819
160.09002251 0.18538112
160.14003501 0.18540008
160.19004751 0.18517795
160.24006002 0.18575583
160.29007252 0.18540554
160.34008502 0.18511083
160.39009752 0.18483436
160.44011003 0.18445516
160.49012253 0.18423670
160.54013503 0.18401496
160.59014754 0.18375393
160.64016004 0.18348051
160.69017254 0.18318747
160.74018505 0.18289504
160.79019755 0.18274089
160.84021005 0.18242553
160.89022256 0.18217915
160.94023506 0.18177090
160.99024756 0.18141344
161.04026007 0.18124660
161.09027257 0.18097013
161.14028507 0.18070295
161.19029757 0.18036082
161.24031008 0.18009470
161.29032258 0.17937589
161.34033508 0.17906698
161.39034759 0.17878630
161.44036009 0.17837655
161.49037259 0.17811949
161.54038510 0.17785194
161.59039760 0.17748050
161.64041010 0.17711459
161.69042261 0.17705187
161.74043511 0.17685259
161.79044761 0.17654963
161.84046012 0.17627052
161.89047262 0.17600434
161.94048512 0.17571687
161.99049762 0.17543985
162.04051013 0.17515790
162.09052263 0.17486844
162.14053513 0.17439609
162.19054764 0.17415003
162.24056014 0.17359172
162.29057264 0.17329418
162.34058515 0.17300086
162.39059765 0.17271450
162.44061015 0.17234762
162.49062266 0.17224384
162.54063516 0.17189795
162.59064766 0.17162253
162.64066017 0.17134807
162.69067267 0.17116540
162.74068517 0.17069403
162.79069767 0.17073070
162.84071018 0.17033392
162.89072268 0.17015291
162.94073518 0.16998651
162.99074769 0.16973573
163.04076019 0.16948311
163.09077269 0.16915780
163.14078520 0.16894901
163.19079770 0.16859780
163.24081020 0.16832833
163.29082271 0.16803795
163.34083521 0.16775481
163.39084771 0.16748208
163.44086022 0.16738684
163.49087272 0.16737213
163.54088522 0.16711579
163.59089772 0.16685331
163.64091023 0.16658475
163.69092273 0.16630630
163.74093523 0.16601460
163.79094774 0.16571418
163.84096024 0.16541362
163.89097274 0.16495654
163.94098525 0.16503409
163.99099775 0.16479436
164.04101025 0.16453556
164.09102276 0.16426398
164.14103526 0.16436973
164.19104776 0.16411990
164.24106027 0.16386152
164.29107277 0.16359448
164.34108527 0.16332681
164.39109777 0.16306434
164.44111028 0.16242899
164.49112278 0.16200134
164.54113528 0.16177691
164.59114779 0.16153493
164.64116029 0.16128404
164.69117279 0.16104382
164.74118530 0.16081175
164.79119780 0.16053532
164.84121030 0.16053125
164.89122281 0.15989951
164.94123531 0.15966550
164.99124781 0.15934198
165.04126032 0.15890835
165.09127282 0.15881480
165.14128532 0.15853026
165.19129782 0.15827525
165.24131033 0.15798400
165.29132283 0.15768927
165.34133533 0.15737938
165.39134784 0.15708616
165.44136034 0.15675105
165.49137284 0.15650888
165.54138535 0.15643983
165.59139785 0.15621965
165.64141035 0.15608168
165.69142286 0.15664104
165.74143536 0.15642528
165.79144786 0.15614305
165.84146037 0.15574184
165.89147287 0.15553575
165.94148537 0.15529426
165.99149787 0.15497068
166.04151038 0.15456868
166.09152288 0.15428226
166.14153538 0.15401903
166.19154789 0.15380832
166.24156039 0.15348020
166.29157289 0.15380905
166.34158540 0.15359330
166.39159790 0.15409348
166.44161040 0.15381521
166.49162291 0.15354906
166.54163541 0.15312083
166.59164791 0.15279736
166.64166042 0.15287301
166.69167292 0.15255636
166.74168542 0.15226772
166.79169792 0.15196355
166.84171043 0.15172103
166.89172293 0.15149404
166.94173543 0.15127897
166.99174794 0.15112093
167.04176044 0.15084976
167.09177294 0.15063079
167.14178545 0.15036537
167.19179795 0.15014436
167.24181045 0.14991290
167.29182296 0.14993744
167.34183546 0.14969657
167.39184796 0.14967158
167.44186047 0.14944623
167.49187297 0.14920376
167.54188547 0.14898145
167.59189797 0.14877294
167.64191048 0.14856632
167.69192298 0.14835461
167.74193548 0.14855849
167.79194799 0.14832156
167.84196049 0.14806327
167.89197299 0.14783409
167.94198550 0.14760342
167.99199800 0.14737814
168.04201050 0.14715910
168.09202301 0.14682644
168.14203551 0.14635267
168.19204801 0.14617696
168.24206052 0.14612679
168.29207302 0.14593866
168.34208552 0.14572932
168.39209802 0.14563081
168.44211053 0.14539993
168.49212303 0.14510781
168.54213553 0.14485814
168.59214804 0.14459036
168.64216054 0.14464773
168.69217304 0.14439756
168.74218555 0.14417829
168.79219805 0.14390653
168.84221055 0.14367644
168.89222306 0.14344321
168.94223556 0.14321720
168.99224806 0.14293917
169.04226057 0.14271524
169.09227307 0.14250613
169.14228557 0.14229182
169.19229807 0.14230266
169.24231058 0.14205640
169.29232308 0.14180276
169.34233558 0.14155115
169.39234809 0.14143460
169.44236059 0.14121977
169.49237309 0.14100516
169.54238560 0.14078191
169.59239810 0.14039262
169.64241060 0.14018106
169.69242311 0.13996364
169.74243561 0.13976301
169.79244811 0.14020357
169.84246062 0.14025662
169.89247312 0.14020786
169.94248562 0.14004874
169.99249812 0.13980620
170.04251063 0.13949035
170.09252313 0.13914110
170.14253563 0.13898268
170.19254814 0.13876022
170.24256064 0.13855608
170.29257314 0.13837316
170.34258565 0.13823657
170.39259815 0.13798586
170.44261065 0.13763440
170.49262316 0.13739563
170.54263566 0.13715355
170.59264816 0.13705841
170.64266067 0.13682637
170.69267317 0.13660065
170.74268567 0.13658576
170.79269817 0.13630424
170.84271068 0.13592990
170.89272318 0.13593825
170.94273568 0.13573853
170.99274819 0.13552373
171.04276069 0.13529940
171.09277319 0.13510290
171.14278570 0.13489969
171.19279820 0.13501432
171.24281070 0.13483069
171.29282321 0.13464256
171.34283571 0.13498206
171.39284821 0.13476839
171.44286072 0.13468755
171.49287322 0.13446173
171.54288572 0.13423995
171.59289822 0.13412689
171.64291073 0.13412284
171.69292323 0.13387880
171.74293573 0.13373097
171.79294824 0.13375471
171.84296074 0.13349229
171.89297324 0.13327396
171.94298575 0.13347444
171.99299825 0.13333758
172.04301075 0.13320639
172.09302326 0.13288877
172.14303576 0.13271032
172.19304826 0.13266613
172.24306077 0.13243875
172.29307327 0.13185177
172.34308577 0.13200780
172.39309827 0.13178649
172.44311078 0.13161097
172.49312328 0.13141286
172.54313578 0.13119684
172.59314829 0.13098710
172.64316079 0.13083880
172.69317329 0.13065059
172.74318580 0.13044133
172.79319830 0.13019663
172.84321080 0.12994259
172.89322331 0.12967276
172.94323581 0.12944204
172.99324831 0.12948071
173.04326082 0.12961514
173.09327332 0.12961699
173.14328582 0.12931687
173.19329832 0.12924118
173.24331083 0.12902009
173.29332333 0.12880857
173.34333583 0.12827278
173.39334834 0.12819676
173.44336084 0.12800542
173.49337334 0.12786836
173.54338585 0.12758228
173.59339835 0.12730698
173.64341085 0.12702905
173.69342336 0.12678432
173.74343586 0.12663107
173.79344836 0.12643561
173.84346087 0.12624865
173.89347337 0.12710514
173.94348587 0.12705471
173.99349837 0.12685107
174.04351088 0.12663365
174.09352338 0.12646962
174.14353588 0.12627179
174.19354839 0.12600461
174.24356089 0.12580637
174.29357339 0.12570047
174.34358590 0.12579518
174.39359840 0.12536256
174.44361090 0.12514980
174.49362341 0.12495584
174.54363591 0.12477747
174.59364841 0.12460568
174.64366092 0.12443213
174.69367342 0.12409116
174.74368592 0.12390307
174.79369842 0.12374665
174.84371093 0.12355302
174.89372343 0.12336027
174.94373593 0.12325567
174.99374844 0.12314015
175.04376094 0.12307106
175.09377344 0.12286634
175.14378595 0.12269244
175.19379845 0.12244484
175.24381095 0.12226199
175.29382346 0.12215114
175.34383596 0.12198532
175.39384846 0.12178275
175.44386097 0.12162188
175.49387347 0.12143231
175.54388597 0.12105348
175.59389847 0.12087114
175.64391098 0.12086968
175.69392348 0.12067969
175.74393598 0.12047848
175.79394849 0.12022400
175.84396099 0.12001225
175.89397349 0.12003259
175.94398600 0.11982926
175.99399850 0.11963219
176.04401100 0.11944372
176.09402351 0.11926307
176.14403601 0.11906126
176.19404851 0.11878892
176.24406102 0.11861171
176.29407352 0.11843134
176.34408602 0.11819491
176.39409852 0.11783306
176.44411103 0.11765218
176.49412353 0.11744864
176.54413603 0.11721886
176.59414854 0.11723332
176.64416104 0.11705159
176.69417354 0.11666038
176.74418605 0.11657501
176.79419855 0.11645320
176.84421105 0.11626524
176.89422356 0.11606417
176.94423606 0.11661801
176.99424856 0.11650494
177.04426107 0.11637277
177.09427357 0.11621944
177.14428607 0.11600788
177.19429857 0.11584788
177.24431108 0.11575465
177.29432358 0.11564353
177.34433608 0.11549775
177.39434859 0.11530802
177.44436109 0.11515988
177.49437359 0.11505331
177.54438610 0.11494042
177.59439860 0.11484521
177.64441110 0.11465027
177.69442361 0.11449435
177.74443611 0.11433145
177.79444861 0.11386872
177.84446112 0.11370169
177.89447362 0.11352990
177.94448612 0.11336099
177.99449862 0.11319206
178.04451113 0.11302537
178.09452363 0.11286256
178.14453613 0.11269957
178.19454864 0.11253123
178.24456114 0.11235598
178.29457364 0.11217667
178.34458615 0.11226135
178.39459865 0.11210541
178.44461115 0.11196467
178.49462366 0.11183368
178.54463616 0.11170288
178.59464866 0.11146973
178.64466117 0.11132599
178.69467367 0.11116002
178.74468617 0.11094254
178.79469867 0.11058775
178.84471118 0.11035971
178.89472368 0.11018584
178.94473618 0.11002199
178.99474869 0.11032143
179.04476119 0.11051394
179.09477369 0.11036035
179.14478620 0.11026196
179.19479870 0.11007663
179.24481120 0.11037878
179.29482371 0.11020325
179.34483621 0.11019623
179.39484871 0.10990149
179.44486122 0.10975051
179.49487372 0.10949932
179.54488622 0.10928753
179.59489872 0.10910407
179.64491123 0.10844538
179.69492373 0.10825236
179.74493623 0.10811613
179.79494874 0.10794433
179.84496124 0.10778999
179.89497374 0.10748589
179.94498625 0.10781197
179.99499875 0.10766431
180.04501125 0.10748167
180.09502376 0.10730416
180.14503626 0.10713271
180.19504876 0.10694909
180.24506127 0.10677448
180.29507377 0.10656877
180.34508627 0.10640324
180.39509877 0.10627952
180.44511128 0.10611225
180.49512378 0.10594962
180.54513628 0.10568078
180.59514879 0.10556442
180.64516129 0.10535511
180.69517379 0.10516759
180.74518630 0.10497766
180.79519880 0.10463912
180.84521130 0.10440746
180.89522381 0.10421107
180.94523631 0.10401150
180.99524881 0.10404727
181.04526132 0.10393941
181.09527382 0.10376226
181.14528632 0.10356566
181.19529882 0.10340346
181.24531133 0.10320640
181.29532383 0.10303739
181.34533633 0.10282406
181.39534884 0.10267219
181.44536134 0.10252393
181.49537384 0.10233615
181.54538635 0.10225700
181.59539885 0.10208500
181.64541135 0.10190346
181.69542386 0.10194749
181.74543636 0.10224513
181.79544886 0.10216250
181.84546137 0.10202913
181.89547387 0.10164741
181.94548637 0.10154938
181.99549887 0.10140906
182.04551138 0.10126399
182.09552388 0.10110280
182.14553638 0.10092908
182.19554889 0.10075556
182.24556139 0.10057541
182.29557389 0.10039880
182.34558640 0.10022163
182.39559890 0.10004390
182.44561140 0.09986533
182.49562391 0.09979545
182.54563641 0.09961977
182.59564891 0.09931438
182.64566142 0.09914469
182.69567392 0.09897034
182.74568642 0.09879243
182.79569892 0.09859537
182.84571143 0.09840214
182.89572393 0.09861421
182.94573643 0.09843190
182.99574894 0.09825083
183.04576144 0.09839824
183.09577394 0.09820710
183.14578645 0.09793909
183.19579895 0.09831156
183.24581145 0.09813635
183.29582396 0.09795961
183.34583646 0.09771648
183.39584896 0.09776828
183.44586147 0.09717157
183.49587397 0.09704816
183.54588647 0.09690009
183.59589897 0.09673164
183.64591148 0.09658392
183.69592398 0.09643836
183.74593648 0.09626490
183.79594899 0.09607678
183.84596149 0.09599125
183.89597399 0.09587392
183.94598650 0.09573375
183.99599900 0.09543712
184.04601150 0.09538392
184.09602401 0.09526391
184.14603651 0.09506659
184.19604901 0.09513646
184.24606152 0.09502091
184.29607402 0.09498426
184.34608652 0.09484383
184.39609902 0.09473922
184.44611153 0.09457095
184.49612403 0.09443206
184.54613653 0.09441823
184.59614904 0.09425949
184.64616154 0.09403047
184.69617404 0.09379445
184.74618655 0.09359417
184.79619905 0.09345324
184.84621155 0.09332275
184.89622406 0.09319607
184.94623656 0.09302900
184.99624906 0.09285384
185.04626157 0.09271100
185.09627407 0.09255138
185.14628657 0.09238326
185.19629907 0.09221681
185.24631158 0.09226204
185.29632408 0.09209349
185.34633658 0.09192891
185.39634909 0.09198806
185.44636159 0.09185044
185.49637409 0.09177084
185.54638660 0.09164733
185.59639910 0.09212406
185.64641160 0.09198709
185.69642411 0.09184760
185.74643661 0.09165173
185.79644911 0.09149547
185.84646162 0.09136387
185.89647412 0.09120444
185.94648662 0.09107067
185.99649912 0.09093708
186.04651163 0.09078935
186.09652413 0.09063394
186.14653663 0.09047840
186.19654914 0.09032608
186.24656164 0.09018018
186.29657414 0.09005881
186.34658665 0.08992956
186.39659915 0.08980512
186.44661165 0.08968030
186.49662416 0.08954969
186.54663666 0.08941184
186.59664916 0.08926889
186.64666167 0.08912591
186.69667417 0.08994540
186.74668667 0.08981359
186.79669917 0.08967818
186.84671168 0.08936870
186.89672418 0.08942745
186.94673668 0.08924126
186.99674919 0.08910872
187.04676169 0.08895320
187.09677419 0.08868904
187.14678670 0.08853192
187.19679920 0.08833211
187.24681170 0.08820834
187.29682421 0.08796701
187.34683671 0.08775681
187.39684921 0.08759874
187.44686172 0.08754568
187.49687422 0.08740051
187.54688672 0.08725124
187.59689922 0.08710659
187.64691173 0.08696805
187.69692423 0.08692967
187.74693673 0.08676550
187.79694924 0.08663512
187.84696174 0.08659497
187.89697424 0.08646879
187.94698675 0.08626159
187.99699925 0.08611654
188.04701175 0.08597259
188.09702426 0.08657313
188.14703676 0.08633659
188.19704926 0.08619779
188.24706177 0.08606607
188.29707427 0.08593337
188.34708677 0.08580265
188.39709927 0.08567803
188.44711178 0.08552705
188.49712428 0.08519823
188.54713678 0.08507619
188.59714929 0.08495393
188.64716179 0.08492472
188.69717429 0.08476860
188.74718680 0.08462186
188.79719930 0.08447032
188.84721180 0.08431029
188.89722431 0.08418234
188.94723681 0.08417592
188.99724931 0.08403527
189.04726182 0.08388084
189.09727432 0.08372759
189.14728682 0.08358881
189.19729932 0.08337626
189.24731183 0.08325431
189.29732433 0.08321832
189.34733683 0.08307558
189.39734934 0.08327623
189.44736184 0.08293616
189.49737434 0.08294096
189.54738685 0.08280534
189.59739935 0.08266983
189.64741185 0.08253646
189.69742436 0.08245984
189.74743686 0.08232757
189.79744936 0.08219035
189.84746187 0.08205368
189.89747437 0.08187921
189.94748687 0.08173846
189.99749937 0.08161531
190.04751188 0.08148224
190.09752438 0.08135151
190.14753688 0.08121490
190.19754939 0.08107457
190.24756189 0.08093752
190.29757439 0.08080710
190.34758690 0.08057460
190.39759940 0.08057814
190.44761190 0.08044447
190.49762441 0.08040561
190.54763691 0.08027777
190.59764941 0.08012595
190.64766192 0.08015776
190.69767442 0.08009262
190.74768692 0.07990556
190.79769942 0.07977226
190.84771193 0.07968266
190.89772443 0.07957714
190.94773693 0.07913790
190.99774944 0.07971799
191.04776194 0.07958737
191.09777444 0.07948869
191.14778695 0.07928468
191.19779945 0.07914284
191.24781195 0.07899349
191.29782446 0.07885003
191.34783696 0.07867761
191.39784946 0.07855532
191.44786197 0.07840284
191.49787447 0.07828433
191.54788697 0.07823553
191.59789947 0.07811302
191.64791198 0.07798513
191.69792448 0.07785944
191.74793698 0.07777823
191.79794949 0.07802293
191.84796199 0.07800748
191.89797449 0.07791770
191.94798700 0.07856311
191.99799950 0.07853178
192.04801200 0.07847987
192.09802451 0.07836472
192.14803701 0.07826505
192.19804951 0.07811330
192.24806202 0.07790728
192.29807452 0.07772067
192.34808702 0.07757842
192.39809952 0.07757338
192.44811203 0.07737704
192.49812453 0.07721270
192.54813703 0.07699726
192.59814954 0.07688067
192.64816204 0.07676852
192.69817454 0.07676273
192.74818705 0.07662013
192.79819955 0.07648999
192.84821205 0.07634293
192.89822456 0.07623559
192.94823706 0.07609586
192.99824956 0.07594385
193.04826207 0.07579474
193.09827457 0.07572618
193.14828707 0.07585363
193.19829957 0.07630516
193.24831208 0.07621226
193.29832458 0.07610014
193.34833708 0.07599735
193.39834959 0.07589997
193.44836209 0.07580169
193.49837459 0.07570003
193.54838710 0.07558642
193.59839960 0.07546440
193.64841210 0.07533753
193.69842461 0.07520888
193.74843711 0.07507913
193.79844961 0.07494819
193.84846212 0.07481725
193.89847462 0.07468792
193.94848712 0.07456234
193.99849962 0.07468444
194.04851213 0.07451694
194.09852463 0.07440777
194.14853713 0.07435033
194.19854964 0.07429796
194.24856214 0.07428361
194.29857464 0.07418307
194.34858715 0.07401867
194.39859965 0.07372386
194.44861215 0.07358451
194.49862466 0.07337413
194.54863716 0.07325096
194.59864966 0.07312541
194.64866217 0.07300776
194.69867467 0.07290375
194.74868717 0.07309824
194.79869967 0.07300121
194.84871218 0.07289175
194.89872468 0.07279223
194.94873718 0.07262685
194.99874969 0.07256562
195.04876219 0.07276408
195.09877469 0.07244403
195.14878720 0.07234057
195.19879970 0.07212147
195.24881220 0.07203894
195.29882471 0.07186391
195.34883721 0.07171262
195.39884971 0.07156968
195.44886222 0.07140736
195.49887472 0.07119732
195.54888722 0.07124488
195.59889972 0.07118420
195.64891223 0.07113391
195.69892473 0.07099993
195.74893723 0.07086682
195.79894974 0.07072822
195.84896224 0.07062763
195.89897474 0.07049496
195.94898725 0.07036109
195.99899975 0.07022172
196.04901225 0.07007947
196.09902476 0.06994180
196.14903726 0.06987809
196.19904976 0.06976740
196.24906227 0.06966785
196.29907477 0.06957593
196.34908727 0.06948364
196.39909977 0.06938378
196.44911228 0.06927340
196.49912478 0.06915466
196.54913728 0.06959804
196.59914979 0.06947849
196.64916229 0.06935777
196.69917479 0.06954936
196.74918730 0.06941975
196.79919980 0.06930269
196.84921230 0.06918358
196.89922481 0.06906805
196.94923731 0.06880554
196.99924981 0.06869520
197.04926232 0.06847539
197.09927482 0.06836395
197.14928732 0.06837719
197.19929982 0.06878831
197.24931233 0.06837878
197.29932483 0.06824616
197.34933733 0.06814596
197.39934984 0.06796032
197.44936234 0.06792022
197.49937484 0.06768826
197.54938735 0.06808396
197.59939985 0.06797202
197.64941235 0.06785141
197.69942486 0.06789163
197.74943736 0.06745660
197.79944986 0.06717734
197.84946237 0.06706386
197.89947487 0.06695861
197.94948737 0.06682418
197.99949987 0.06668268
198.04951238 0.06660896
198.09952488 0.06649286
198.14953738 0.06642377
198.19954989 0.06635007
198.24956239 0.06624295
198.29957489 0.06613624
198.34958740 0.06543605
198.39959990 0.06534100
198.44961240 0.06525134
198.49962491 0.06516478
198.54963741 0.06507719
198.59964991 0.06498623
198.64966242 0.06489225
198.69967492 0.06479689
198.74968742 0.06467261
198.79969992 0.06457800
198.84971243 0.06449118
198.89972493 0.06440973
198.94973743 0.06432723
198.99974994 0.06423848
199.04976244 0.06414186
199.09977494 0.06404239
199.14978745 0.06393268
199.19979995 0.06381973
199.24981245 0.06371127
199.29982496 0.06354740
199.34983746 0.06341459
199.39984996 0.06333260
199.44986247 0.06324589
199.49987497 0.06393575
199.54988747 0.06383769
199.59989997 0.06373513
199.64991248 0.06364936
199.69992498 0.06355691
199.74993748 0.06350832
199.79994999 0.06328849
199.84996249 0.06319959
199.89997499 0.06308872
199.94998750 0.06298112
200.00000000 0.06281002
