0.00000000 9.00000000 0.00000066
1.00050025 9.11521870 0.08233747
2.00100050 9.02559163 0.09371888
3.00150075 8.98109930 0.13619172
4.00200100 9.03090925 0.23324074
5.00250125 8.91299781 0.23200581
6.00300150 8.90819190 0.28317525
7.00350175 8.90891513 0.31970811
8.00400200 8.82775408 0.32019813
9.00450225 8.81804630 0.37136208
10.00500250 8.79567020 0.41346632
11.00550275 8.75963969 0.41671053
12.00600300 8.74006198 0.44126410
13.00650325 8.73036966 0.46903905
14.00700350 8.70788814 0.49984322
15.00750375 8.66824553 0.51133280
16.00800400 8.63895908 0.53417981
17.00850425 8.60219042 0.56650834
18.00900450 8.56609772 0.58483215
19.00950475 8.53775344 0.60763605
20.01000500 8.51938203 0.63385538
21.01050525 8.48917636 0.65064652
22.01100550 8.44688845 0.67025664
23.01150575 8.41757931 0.69463189
24.01200600 8.38915076 0.71913146
25.01250625 8.36673586 0.71643918
26.01300650 8.32969623 0.74172265
27.01350675 8.31700973 0.76218761
28.01400700 8.27895324 0.77494549
29.01450725 8.25139919 0.79196652
30.01500750 8.22817291 0.80650227
31.01550775 8.20135264 0.83758741
32.01600800 8.16502251 0.85109289
33.01650825 8.13777103 0.86779681
34.01700850 8.11126733 0.87562527
35.01750875 8.08127908 0.88579481
36.01800900 8.06011453 0.88539586
37.01850925 8.03312716 0.89795663
38.01900950 8.01034539 0.91769121
39.01950975 7.97752381 0.93244653
40.02001001 7.94560792 0.95071496
41.02051026 7.90826560 0.96646283
42.02101051 7.87754021 0.97021849
43.02151076 7.85472944 0.98601015
44.02201101 7.80570414 1.00819766
45.02251126 7.78685993 1.02765896
46.02301151 7.76313992 1.03295321
47.02351176 7.73700573 1.05595172
48.02401201 7.70035041 1.06611300
49.02451226 7.68624653 1.06636248
50.02501251 7.63631008 1.09677487
51.02551276 7.60803006 1.11084140
52.02601301 7.58784216 1.12139551
53.02651326 7.55362610 1.13819531
54.02701351 7.53366296 1.13634743
55.02751376 7.52196527 1.15216937
56.02801401 7.49058090 1.16060497
57.02851426 7.43959401 1.19410489
58.02901451 7.42327415 1.20302022
59.02951476 7.39574298 1.21011188
60.03001501 7.36039250 1.23249299
61.03051526 7.33059277 1.24673678
62.03101551 7.29339256 1.26674074
63.03151576 7.26610868 1.29087117
64.03201601 7.24102181 1.30010865
65.03251626 7.20852739 1.29928934
66.03301651 7.18209406 1.31065301
67.03351676 7.14119611 1.32454143
68.03401701 7.11290189 1.33974676
69.03451726 7.08813877 1.35727763
70.03501751 7.06421850 1.37377455
71.03551776 7.03263408 1.39500835
72.03601801 7.01292501 1.41075777
73.03651826 6.99867281 1.43083233
74.03701851 6.97389923 1.44241103
75.03751876 6.96875332 1.44619724
76.03801901 6.93967949 1.45384478
77.03851926 6.91173247 1.46911872
78.03901951 6.88298464 1.48219004
79.03951976 6.84633842 1.49456645
80.04002001 6.83033150 1.49732840
81.04052026 6.80272227 1.51553250
82.04102051 6.77249868 1.53861377
83.04152076 6.75302538 1.54614664
84.04202101 6.73077943 1.55355335
85.04252126 6.69137729 1.57866139
86.04302151 6.66561203 1.60057793
87.04352176 6.62053756 1.62411667
88.04402201 6.59697166 1.63212727
89.04452226 6.58581876 1.64168085
90.04502251 6.55634242 1.64665804
91.04552276 6.52601876 1.66030780
92.04602301 6.51623477 1.67087244
93.04652326 6.48075128 1.68811917
94.04702351 6.46685595 1.68909748
95.04752376 6.44385793 1.69842311
96.04802401 6.41940380 1.70869471
97.04852426 6.38575745 1.71545702
98.04902451 6.36164309 1.73441519
99.04952476 6.32399221 1.75125443
100.05002501 6.30124400 1.75399341
101.05052526 6.27096931 1.76317268
102.05102551 6.23512137 1.78106255
103.05152576 6.20868973 1.79653118
104.05202601 6.17734921 1.81326144
105.05252626 6.14353836 1.82414399
106.05302651 6.08659512 1.82929692
107.05352676 6.06393413 1.83383673
108.05402701 6.03611298 1.85021237
109.05452726 6.00840931 1.85425524
110.05502751 5.98098920 1.85963414
111.05552776 5.95344265 1.86526087
112.05602801 5.92644416 1.88344607
113.05652826 5.90046006 1.89381955
114.05702851 5.88562276 1.89680627
115.05752876 5.86957330 1.90049061
116.05802901 5.85084048 1.90810080
117.05852926 5.82540061 1.92091208
118.05902951 5.80384123 1.92357777
119.05952976 5.76907534 1.92668080
120.06003002 5.74116268 1.94453934
121.06053027 5.72099373 1.95811199
122.06103052 5.70271573 1.96906205
123.06153077 5.67366578 1.96548214
124.06203102 5.65085697 1.95754731
125.06253127 5.61717228 1.97389819
126.06303152 5.60044078 1.96989736
127.06353177 5.57479137 1.98007909
128.06403202 5.53684683 1.98686419
129.06453227 5.51591703 1.99383002
130.06503252 5.48925166 1.99419646
131.06553277 5.45970103 1.98715760
132.06603302 5.43907199 1.98845043
133.06653327 5.41127571 1.98222974
134.06703352 5.38093804 1.99589983
135.06753377 5.35762723 2.00896782
136.06803402 5.31432824 2.01731567
137.06853427 5.28518646 2.03491724
138.06903452 5.27153409 2.04334427
139.06953477 5.23792789 2.05127024
140.07003502 5.21746763 2.06425911
141.07053527 5.20491329 2.06628283
142.07103552 5.17421877 2.06768457
143.07153577 5.15566930 2.07812124
144.07203602 5.14117577 2.08943661
145.07253627 5.10301377 2.09149405
146.07303652 5.08343168 2.09872138
147.07353677 5.04957610 2.10067551
148.07403702 5.03310237 2.10118570
149.07453727 5.01602236 2.09742975
150.07503752 4.99356096 2.10113488
151.07553777 4.97694892 2.10617974
152.07603802 4.95199469 2.11013831
153.07653827 4.92920940 2.11694342
154.07703852 4.90985907 2.10979418
155.07753877 4.89404192 2.10962531
156.07803902 4.87563015 2.11206781
157.07853927 4.85349248 2.12699975
158.07903952 4.83871555 2.12633207
159.07953977 4.81452250 2.12409646
160.08004002 4.79590830 2.12794535
161.08054027 4.76921401 2.12750359
162.08104052 4.74249465 2.13691823
163.08154077 4.71925303 2.13928731
164.08204102 4.68843006 2.14633699
165.08254127 4.66386141 2.14845769
166.08304152 4.63597035 2.14381968
167.08354177 4.60869907 2.15528091
168.08404202 4.58737266 2.15566783
169.08454227 4.57768219 2.15424685
170.08504252 4.54884945 2.15966010
171.08554277 4.52724994 2.15974718
172.08604302 4.50535767 2.16119808
173.08654327 4.48851369 2.16678539
174.08704352 4.46894471 2.16374022
175.08754377 4.43595061 2.17225586
176.08804402 4.41229203 2.18309752
177.08854427 4.38432955 2.18687133
178.08904452 4.35406767 2.19663241
179.08954477 4.32864096 2.20101796
180.09004502 4.30630030 2.20543279
181.09054527 4.28446460 2.20547942
182.09104552 4.26579710 2.20524332
183.09154577 4.25351661 2.20967340
184.09204602 4.21983214 2.21419111
185.09254627 4.19043178 2.21561748
186.09304652 4.16490682 2.21775180
187.09354677 4.14736877 2.22722853
188.09404702 4.11850507 2.22470532
189.09454727 4.09557507 2.23158249
190.09504752 4.07303667 2.23276735
191.09554777 4.04702000 2.23308514
192.09604802 4.03148203 2.23488251
193.09654827 3.99969854 2.23763941
194.09704852 3.98555513 2.24563670
195.09754877 3.96134318 2.25629261
196.09804902 3.93470009 2.25354050
197.09854927 3.90691374 2.26360748
198.09904952 3.87446325 2.27063366
199.09954977 3.85504814 2.26965243
200.10005003 3.83310599 2.26909139
201.10055028 3.81004993 2.27063802
202.10105053 3.78533464 2.26942600
203.10155078 3.76455808 2.27347566
204.10205103 3.75656550 2.28508082
205.10255128 3.73765380 2.28688877
206.10305153 3.71036950 2.28472392
207.10355178 3.69418763 2.28540904
208.10405203 3.67005831 2.28474301
209.10455228 3.64569077 2.27012447
210.10505253 3.60912450 2.26432045
211.10555278 3.59354747 2.26068393
212.10605303 3.56943736 2.26032285
213.10655328 3.55527826 2.26450119
214.10705353 3.53460799 2.26923487
215.10755378 3.50395665 2.26483461
216.10805403 3.48064837 2.26868265
217.10855428 3.45872862 2.27167708
218.10905453 3.43115627 2.27144401
219.10955478 3.41012844 2.26980347
220.11005503 3.39380096 2.26863800
221.11055528 3.37271844 2.26968434
222.11105553 3.35284828 2.26895581
223.11155578 3.32800962 2.26947574
224.11205603 3.31423224 2.27479843
225.11255628 3.29156028 2.26704590
226.11305653 3.26451407 2.26673939
227.11355678 3.24297049 2.26298602
228.11405703 3.22407026 2.26088142
229.11455728 3.20554292 2.26035760
230.11505753 3.18952474 2.26151851
231.11555778 3.18321667 2.25933882
232.11605803 3.16133635 2.25984994
233.11655828 3.13831653 2.26033643
234.11705853 3.11072938 2.25708801
235.11755878 3.10270044 2.26016617
236.11805903 3.08056528 2.25376037
237.11855928 3.05570196 2.24965141
238.11905953 3.03630055 2.24584999
239.11955978 3.01405797 2.24702371
240.12006003 2.99959474 2.25332399
241.12056028 2.98188310 2.25511364
242.12106053 2.95262219 2.23779437
243.12156078 2.94265243 2.24776354
244.12206103 2.91943277 2.23438459
245.12256128 2.89594997 2.23544329
246.12306153 2.89081239 2.23746326
247.12356178 2.86998517 2.23378351
248.12406203 2.85776677 2.23487145
249.12456228 2.84841773 2.23334838
250.12506253 2.82628301 2.22172108
251.12556278 2.80233244 2.22107701
252.12606303 2.78360018 2.21422548
253.12656328 2.76435558 2.22020692
254.12706353 2.76012726 2.22333551
255.12756378 2.74092606 2.22379901
256.12806403 2.72512523 2.21558476
257.12856428 2.70704890 2.21131864
258.12906453 2.69421685 2.20857120
259.12956478 2.67761310 2.19844897
260.13006503 2.66329673 2.19526701
261.13056528 2.65371347 2.19567803
262.13106553 2.63849405 2.18793802
263.13156578 2.61553118 2.17421157
264.13206603 2.59317332 2.16805281
265.13256628 2.57385539 2.16451104
266.13306653 2.55838593 2.16011208
267.13356678 2.55257064 2.15679171
268.13406703 2.52704299 2.14876508
269.13456728 2.51128940 2.14806575
270.13506753 2.49265923 2.14380666
271.13556778 2.46708966 2.12838922
272.13606803 2.44696783 2.12343485
273.13656828 2.42711685 2.11723779
274.13706853 2.41272668 2.11018486
275.13756878 2.39919762 2.11662608
276.13806903 2.38441159 2.10965243
277.13856928 2.37258316 2.10434327
278.13906953 2.35441748 2.09765364
279.13956978 2.33854117 2.09052959
280.14007004 2.32227448 2.08066384
281.14057029 2.30775710 2.07353930
282.14107054 2.29755849 2.07314126
283.14157079 2.28035859 2.06638699
284.14207104 2.26272973 2.06642829
285.14257129 2.25810599 2.06706872
286.14307154 2.23988968 2.06743368
287.14357179 2.21937281 2.05699711
288.14407204 2.20512142 2.06240006
289.14457229 2.19418519 2.05937479
290.14507254 2.18404633 2.05569797
291.14557279 2.16538438 2.05497646
292.14607304 2.14161894 2.04127230
293.14657329 2.13215651 2.03935288
294.14707354 2.11943797 2.04021116
295.14757379 2.09942343 2.03540556
296.14807404 2.08864908 2.03177088
297.14857429 2.07802175 2.02980801
298.14907454 2.06421974 2.02577153
299.14957479 2.05159021 2.02588023
300.15007504 2.03584252 2.01964420
301.15057529 2.01859743 2.01174361
302.15107554 2.00596887 2.00771926
303.15157579 1.97988186 2.00047931
304.15207604 1.96273038 1.99912110
305.15257629 1.95700786 1.99340561
306.15307654 1.95166878 1.99414814
307.15357679 1.94100114 1.98945986
308.15407704 1.93099305 1.98942126
309.15457729 1.91193818 1.98517404
310.15507754 1.89695091 1.97997857
311.15557779 1.88371834 1.97728153
312.15607804 1.86715910 1.97369531
313.15657829 1.85026469 1.96962118
314.15707854 1.83735612 1.96738030
315.15757879 1.82906311 1.96544481
316.15807904 1.81931053 1.96327527
317.15857929 1.81300253 1.96468548
318.15907954 1.79815831 1.95602914
319.15957979 1.78807244 1.95551747
320.16008004 1.77223328 1.94992183
321.16058029 1.76438907 1.94998253
322.16108054 1.75702328 1.94594942
323.16158079 1.74706224 1.95207554
324.16208104 1.73240207 1.94077802
325.16258129 1.72625362 1.93260007
326.16308154 1.71786285 1.93230807
327.16358179 1.71142438 1.93603910
328.16408204 1.69643556 1.92880166
329.16458229 1.69114608 1.92412821
330.16508254 1.67569799 1.91119227
331.16558279 1.66096011 1.90522903
332.16608304 1.64598674 1.89924206
333.16658329 1.63412295 1.89076551
334.16708354 1.62655052 1.89077183
335.16758379 1.62144768 1.89148809
336.16808404 1.61599696 1.89284082
337.16858429 1.60633723 1.88326269
338.16908454 1.59687614 1.88239276
339.16958479 1.58558919 1.87963285
340.17008504 1.57679731 1.87466498
341.17058529 1.56535809 1.86990594
342.17108554 1.55755462 1.86752742
343.17158579 1.54438266 1.86459082
344.17208604 1.53669179 1.85770676
345.17258629 1.52637088 1.84740820
346.17308654 1.51645629 1.84297778
347.17358679 1.50666276 1.83691991
348.17408704 1.50196002 1.83327904
349.17458729 1.49425479 1.82934749
350.17508754 1.48296433 1.82422768
351.17558779 1.47283898 1.82244598
352.17608804 1.47148318 1.82260172
353.17658829 1.46652546 1.82250952
354.17708854 1.45363886 1.81406273
355.17758879 1.45074928 1.81967622
356.17808904 1.44230515 1.81767754
357.17858929 1.42757695 1.81110573
358.17908954 1.41175611 1.79483490
359.17958979 1.40385453 1.79104415
360.18009005 1.39489739 1.78665664
361.18059030 1.39116893 1.78653226
362.18109055 1.37923434 1.77950714
363.18159080 1.37059752 1.77856301
364.18209105 1.36271755 1.77472696
365.18259130 1.35033609 1.75448298
366.18309155 1.34268390 1.75482648
367.18359180 1.33627250 1.74822033
368.18409205 1.33136809 1.74583500
369.18459230 1.32980932 1.75192176
370.18509255 1.32775599 1.75036697
371.18559280 1.32071147 1.74376112
372.18609305 1.31137323 1.73277381
373.18659330 1.30506806 1.73362813
374.18709355 1.29498520 1.72401185
375.18759380 1.28516952 1.72508547
376.18809405 1.27302313 1.71862858
377.18859430 1.26662159 1.70927154
378.18909455 1.25800823 1.70615546
379.18959480 1.24721738 1.69949564
380.19009505 1.23074934 1.68243610
381.19059530 1.21898916 1.67549825
382.19109555 1.21406983 1.67668148
383.19159580 1.20577370 1.67266132
384.19209605 1.19352776 1.65602975
385.19259630 1.18996489 1.65928349
386.19309655 1.18364994 1.65623342
387.19359680 1.17453238 1.64915676
388.19409705 1.16650053 1.64510810
389.19459730 1.15196140 1.62847051
390.19509755 1.14684651 1.62494650
391.19559780 1.14469942 1.62391645
392.19609805 1.14047009 1.62303515
393.19659830 1.13276473 1.61634868
394.19709855 1.12465765 1.60961347
395.19759880 1.11571104 1.60038165
396.19809905 1.10098722 1.59504417
397.19859930 1.09022231 1.58919692
398.19909955 1.08086543 1.58740651
399.19959980 1.07239900 1.58597938
400.20010005 1.07065101 1.58472082
401.20060030 1.06042670 1.57639054
402.20110055 1.05237313 1.57363197
403.20160080 1.04710221 1.56988046
404.20210105 1.03754410 1.55901626
405.20260130 1.02613432 1.55513967
406.20310155 1.02885026 1.55351561
407.20360180 1.02712820 1.55121210
408.20410205 1.02083444 1.54978480
409.20460230 1.01302399 1.54186971
410.20510255 1.00393559 1.53493500
411.20560280 0.99478297 1.52503395
412.20610305 0.98799173 1.52544532
413.20660330 0.98360948 1.52408561
414.20710355 0.97729284 1.52143780
415.20760380 0.97103041 1.51882833
416.20810405 0.95885513 1.51058720
417.20860430 0.95538419 1.50872336
418.20910455 0.94457901 1.49189808
419.20960480 0.93659214 1.48801939
420.21010505 0.93225757 1.48898474
421.21060530 0.92379061 1.48338573
422.21110555 0.91864000 1.47960311
423.21160580 0.91035046 1.47588428
424.21210605 0.90703210 1.47811417
425.21260630 0.90188931 1.46981697
426.21310655 0.89685704 1.46757356
427.21360680 0.89414980 1.47128042
428.21410705 0.88883799 1.47015275
429.21460730 0.88650009 1.47448400
430.21510755 0.88071811 1.46697881
431.21560780 0.86931609 1.45901612
432.21610805 0.85236441 1.43757960
433.21660830 0.84381449 1.42776237
434.21710855 0.83662334 1.42205259
435.21760880 0.82694575 1.40810039
436.21810905 0.82905303 1.41571076
437.21860930 0.82672122 1.41065944
438.21910955 0.82304721 1.40903170
439.21960980 0.81508055 1.40011836
440.22011006 0.81005175 1.39858446
441.22061031 0.80400742 1.39653095
442.22111056 0.79661513 1.39420784
443.22161081 0.79477289 1.39455617
444.22211106 0.79115399 1.39401842
445.22261131 0.77836029 1.37443084
446.22311156 0.77170498 1.36664630
447.22361181 0.76697192 1.36964863
448.22411206 0.76264496 1.37259152
449.22461231 0.75992774 1.36718496
450.22511256 0.75627236 1.36380134
451.22561281 0.75222907 1.36275508
452.22611306 0.74414419 1.36203565
453.22661331 0.74049322 1.35675424
454.22711356 0.73795867 1.36000872
455.22761381 0.73260417 1.35797755
456.22811406 0.72944555 1.34899248
457.22861431 0.72634827 1.34204754
458.22911456 0.71963449 1.33260586
459.22961481 0.71420129 1.32631975
460.23011506 0.71501816 1.32978731
461.23061531 0.70924086 1.32817422
462.23111556 0.70254184 1.32367698
463.23161581 0.69195625 1.31329858
464.23211606 0.68377914 1.30341483
465.23261631 0.68089767 1.29911088
466.23311656 0.67531116 1.29773460
467.23361681 0.66968224 1.29616532
468.23411706 0.66539435 1.29206095
469.23461731 0.66050847 1.29088349
470.23511756 0.65371653 1.28243531
471.23561781 0.64632378 1.27594390
472.23611806 0.64115835 1.27730311
473.23661831 0.63656802 1.27511700
474.23711856 0.63144613 1.27446229
475.23761881 0.62934234 1.27225047
476.23811906 0.62432523 1.26392068
477.23861931 0.61812240 1.26067673
478.23911956 0.61412796 1.25870596
479.23961981 0.60948693 1.25555499
480.24012006 0.61114284 1.26079868
481.24062031 0.60113206 1.25143704
482.24112056 0.59581348 1.23749754
483.24162081 0.59131962 1.23726431
484.24212106 0.58939117 1.23560378
485.24262131 0.58106229 1.22192556
486.24312156 0.57598788 1.21303496
487.24362181 0.57182333 1.20827010
488.24412206 0.56702021 1.19145536
489.24462231 0.56225838 1.18675868
490.24512256 0.55865173 1.18535129
491.24562281 0.56106594 1.18712876
492.24612306 0.56047192 1.18328560
493.24662331 0.55755375 1.18092562
494.24712356 0.55180424 1.17223428
495.24762381 0.54426567 1.16432530
496.24812406 0.54022805 1.16095016
497.24862431 0.53969210 1.16099486
498.24912456 0.53557144 1.15754576
499.24962481 0.53295312 1.16044690
500.25012506 0.52853461 1.15042598
501.25062531 0.52436893 1.14465616
502.25112556 0.51542538 1.12822288
503.25162581 0.51186335 1.12409621
504.25212606 0.50869976 1.11675600
505.25262631 0.50648675 1.11496926
506.25312656 0.50364225 1.10876897
507.25362681 0.50183628 1.10545927
508.25412706 0.50112355 1.10035546
509.25462731 0.49227629 1.08692582
510.25512756 0.48931450 1.08639722
511.25562781 0.48685566 1.08584805
512.25612806 0.48231632 1.07890019
513.25662831 0.47622200 1.06886818
514.25712856 0.47201428 1.05985036
515.25762881 0.46703179 1.05631490
516.25812906 0.45904672 1.04136339
517.25862931 0.45396969 1.03319778
518.25912956 0.44986375 1.02391332
519.25962981 0.44257030 1.00404252
520.26013007 0.43440847 0.98824522
521.26063032 0.42814816 0.98438489
522.26113057 0.42660836 0.98026360
523.26163082 0.42315991 0.97697754
524.26213107 0.42108430 0.97831346
525.26263132 0.41911088 0.97979640
526.26313157 0.41662468 0.96921555
527.26363182 0.41655578 0.97531931
528.26413207 0.41177439 0.97004878
529.26463232 0.40828887 0.96619292
530.26513257 0.40387915 0.96380805
531.26563282 0.39892871 0.95564118
532.26613307 0.39462500 0.95240904
533.26663332 0.39126353 0.94852776
534.26713357 0.38496672 0.93746220
535.26763382 0.38381469 0.93627813
536.26813407 0.37801986 0.93018719
537.26863432 0.38093851 0.93484203
538.26913457 0.37642403 0.92969264
539.26963482 0.37368411 0.92557232
540.27013507 0.36998605 0.92337381
541.27063532 0.36369789 0.91502699
542.27113557 0.35795920 0.90500990
543.27163582 0.35698721 0.90427969
544.27213607 0.35557902 0.90386107
545.27263632 0.35261074 0.89971266
546.27313657 0.34982495 0.89752500
547.27363682 0.34616987 0.89581870
548.27413707 0.34334194 0.89426749
549.27463732 0.33819374 0.88923731
550.27513757 0.33486578 0.88381569
551.27563782 0.33171598 0.88242520
552.27613807 0.32939649 0.88004953
553.27663832 0.32567348 0.87713908
554.27713857 0.32400127 0.87591271
555.27763882 0.32142699 0.87567508
556.27813907 0.31820728 0.87230048
557.27863932 0.31464077 0.86401585
558.27913957 0.31171732 0.85998841
559.27963982 0.31208292 0.85810586
560.28014007 0.30990017 0.85568782
561.28064032 0.30357651 0.84470791
562.28114057 0.30358780 0.84641782
563.28164082 0.29933740 0.83800517
564.28214107 0.29759062 0.83659689
565.28264132 0.29386000 0.83296027
566.28314157 0.29179586 0.83102257
567.28364182 0.28826677 0.82587724
568.28414207 0.28546974 0.81917062
569.28464232 0.28129780 0.80516398
570.28514257 0.27916739 0.79637877
571.28564282 0.27645193 0.79223585
572.28614307 0.27207544 0.77823396
573.28664332 0.27013744 0.77349648
574.28714357 0.26786541 0.76789023
575.28764382 0.26580416 0.76640481
576.28814407 0.26661681 0.76391549
577.28864432 0.26472915 0.75864009
578.28914457 0.25681334 0.74350348
579.28964482 0.25289194 0.73655967
580.29014507 0.25275227 0.73959601
581.29064532 0.24961404 0.72772108
582.29114557 0.24688135 0.72502959
583.29164582 0.24644945 0.72661716
584.29214607 0.24334288 0.72006369
585.29264632 0.23996961 0.71355180
586.29314657 0.23625424 0.70752226
587.29364682 0.23517556 0.70555407
588.29414707 0.23462766 0.70519723
589.29464732 0.23323231 0.70433247
590.29514757 0.23156672 0.69875210
591.29564782 0.22848975 0.69524293
592.29614807 0.22580579 0.68950409
593.29664832 0.22323777 0.68249601
594.29714857 0.22225245 0.68010753
595.29764882 0.21888177 0.67517405
596.29814907 0.21625814 0.67195779
597.29864932 0.21533465 0.66910919
598.29914957 0.21450073 0.66752311
599.29964982 0.21344817 0.66636647
600.30015008 0.21148320 0.66252173
601.30065033 0.21068770 0.66103964
602.30115058 0.21020129 0.66091253
603.30165083 0.21038997 0.66570969
604.30215108 0.20875422 0.66627787
605.30265133 0.20567554 0.65045190
606.30315158 0.20411956 0.64696319
607.30365183 0.20546051 0.65062588
608.30415208 0.20359283 0.64611460
609.30465233 0.20602549 0.64873988
610.30515258 0.20346209 0.64242192
611.30565283 0.20161386 0.64126626
612.30615308 0.20039728 0.63910764
613.30665333 0.19933436 0.63409083
614.30715358 0.19488451 0.62492541
615.30765383 0.19386318 0.62266589
616.30815408 0.19178686 0.61860039
617.30865433 0.18788508 0.60883515
618.30915458 0.18630319 0.60325921
619.30965483 0.18622139 0.59436214
620.31015508 0.18409770 0.58965176
621.31065533 0.18327988 0.58841015
622.31115558 0.18280019 0.59246836
623.31165583 0.17983607 0.58814823
624.31215608 0.17695917 0.58141057
625.31265633 0.17647531 0.58290153
626.31315658 0.17481783 0.58138302
627.31365683 0.17218740 0.57512191
628.31415708 0.17117520 0.57548130
629.31465733 0.16828663 0.57031891
630.31515758 0.16535782 0.55806375
631.31565783 0.16381909 0.55737689
632.31615808 0.16157433 0.55463247
633.31665833 0.16022947 0.55215309
634.31715858 0.15854208 0.54930136
635.31765883 0.15815799 0.54768220
636.31815908 0.15419658 0.54033640
637.31865933 0.15269928 0.53845353
638.31915958 0.15407955 0.54251808
639.31965983 0.15332834 0.54187689
640.32016008 0.15135250 0.53799682
641.32066033 0.14947159 0.53577999
642.32116058 0.14809674 0.53432984
643.32166083 0.14751085 0.53184538
644.32216108 0.14975110 0.53986232
645.32266133 0.15075164 0.54210297
646.32316158 0.15017285 0.53631357
647.32366183 0.14950190 0.53595977
648.32416208 0.14717933 0.53279346
649.32466233 0.14297115 0.52605302
650.32516258 0.14140607 0.52473176
651.32566283 0.13907306 0.51928780
652.32616308 0.13919776 0.51947099
653.32666333 0.13860511 0.51835847
654.32716358 0.13695277 0.51684457
655.32766383 0.13500995 0.51169169
656.32816408 0.13506697 0.51336682
657.32866433 0.13012762 0.48905330
658.32916458 0.12939365 0.48640218
659.32966483 0.12726170 0.48272428
660.33016508 0.12709962 0.48330164
661.33066533 0.12792453 0.48542744
662.33116558 0.12662292 0.48966612
663.33166583 0.12354292 0.47774596
664.33216608 0.12185415 0.46950104
665.33266633 0.12175944 0.46716325
666.33316658 0.12242607 0.46526177
667.33366683 0.12165455 0.46407654
668.33416708 0.12394863 0.46966094
669.33466733 0.12282630 0.46828581
670.33516758 0.12136555 0.46785015
671.33566783 0.12094118 0.46992645
672.33616808 0.11891291 0.46238032
673.33666833 0.12024006 0.45864594
674.33716858 0.12082130 0.46326762
675.33766883 0.11917016 0.45906546
676.33816908 0.11745724 0.45172904
677.33866933 0.11517816 0.45319494
678.33916958 0.11614560 0.47190382
679.33966983 0.11624479 0.46663754
680.34017009 0.11452335 0.46270129
681.34067034 0.11270678 0.46598325
682.34117059 0.11291702 0.45580685
683.34167084 0.11243146 0.45831024
684.34217109 0.11287846 0.46033770
685.34267134 0.11059967 0.45029971
686.34317159 0.10910028 0.44635518
687.34367184 0.10939642 0.45334604
688.34417209 0.10810218 0.44793993
689.34467234 0.10714752 0.44226931
690.34517259 0.10626531 0.44863558
691.34567284 0.10513276 0.44314666
692.34617309 0.10389928 0.43731425
693.34667334 0.10301216 0.43935801
694.34717359 0.10196444 0.44148318
695.34767384 0.10005800 0.43478619
696.34817409 0.09968910 0.43423686
697.34867434 0.09881849 0.43657498
698.34917459 0.09712050 0.41145922
699.34967484 0.09727701 0.40810282
700.35017509 0.09588104 0.40389587
701.35067534 0.09507840 0.40286239
702.35117559 0.09473939 0.40207375
703.35167584 0.09365533 0.39885749
704.35217609 0.09255314 0.39471692
705.35267634 0.09212529 0.39554099
706.35317659 0.09216644 0.39418470
707.35367684 0.09052548 0.39123533
708.35417709 0.08938379 0.38921445
709.35467734 0.08791935 0.38720349
710.35517759 0.08635375 0.38438851
711.35567784 0.08513588 0.38326199
712.35617809 0.08394757 0.37971524
713.35667834 0.08227652 0.37589938
714.35717859 0.08173034 0.37525486
715.35767884 0.08048254 0.37260116
716.35817909 0.07957118 0.37104603
717.35867934 0.08233949 0.38627198
718.35917959 0.08229960 0.38413505
719.35967984 0.08300142 0.38322746
720.36018009 0.08234257 0.38324680
721.36068034 0.08152462 0.38147615
722.36118059 0.07893938 0.37519032
723.36168084 0.07689701 0.37231209
724.36218109 0.07951101 0.38541673
725.36268134 0.07991426 0.38532537
726.36318159 0.08002489 0.39547991
727.36368184 0.07864825 0.38932671
728.36418209 0.07835800 0.38649787
729.36468234 0.07831161 0.38719416
730.36518259 0.07721000 0.38037924
731.36568284 0.07635937 0.38015574
732.36618309 0.07217021 0.34928237
733.36668334 0.07137956 0.34767376
734.36718359 0.07104544 0.34642134
735.36768384 0.07012656 0.34283172
736.36818409 0.06724088 0.33784315
737.36868434 0.06631062 0.33485108
738.36918459 0.06618284 0.33439689
739.36968484 0.06619949 0.33443683
740.37018509 0.06611315 0.33538743
741.37068534 0.06477290 0.33016918
742.37118559 0.06481094 0.33004569
743.37168584 0.06436117 0.33117757
744.37218609 0.06382232 0.33108043
745.37268634 0.06386028 0.33095165
746.37318659 0.06263157 0.32574909
747.37368684 0.05996785 0.32124166
748.37418709 0.06108081 0.32240148
749.37468734 0.06068845 0.31960057
750.37518759 0.06050833 0.31803124
751.37568784 0.06009119 0.31820512
752.37618809 0.05881149 0.31405455
753.37668834 0.05821176 0.31155634
754.37718859 0.05779837 0.31031231
755.37768884 0.05654334 0.30692357
756.37818909 0.05569816 0.30470890
757.37868934 0.05481205 0.30334054
758.37918959 0.05373138 0.30070144
759.37968984 0.05374232 0.29944704
760.38019010 0.05268104 0.29836502
761.38069035 0.05187208 0.29697539
762.38119060 0.05039850 0.29366246
763.38169085 0.05041761 0.29342194
764.38219110 0.04995724 0.29265503
765.38269135 0.04912260 0.29075609
766.38319160 0.04859931 0.28904320
767.38369185 0.04769029 0.28653600
768.38419210 0.04722425 0.28504529
769.38469235 0.04695462 0.28431582
770.38519260 0.04620691 0.28270267
771.38569285 0.04611578 0.27885035
772.38619310 0.04604121 0.28496787
773.38669335 0.04645797 0.28312780
774.38719360 0.04495781 0.27570300
775.38769385 0.04657052 0.28884798
776.38819410 0.04682211 0.28938561
777.38869435 0.04701038 0.28903773
778.38919460 0.04717409 0.29250581
779.38969485 0.04560442 0.28330088
780.39019510 0.04555517 0.28337869
781.39069535 0.04348966 0.25699883
782.39119560 0.04267277 0.25448495
783.39169585 0.04309561 0.25520679
784.39219610 0.04321609 0.25714419
785.39269635 0.04167005 0.24844671
786.39319660 0.04077464 0.24580944
787.39369685 0.03940481 0.24065876
788.39419710 0.03871415 0.23651329
789.39469735 0.03845878 0.23811052
790.39519760 0.03880529 0.24280556
791.39569785 0.03743576 0.23781357
792.39619810 0.03904591 0.23986774
793.39669835 0.03802464 0.23306072
794.39719860 0.03620880 0.22764590
795.39769885 0.03591389 0.22827923
796.39819910 0.03611950 0.22791536
797.39869935 0.03556872 0.22513519
798.39919960 0.03560157 0.22638850
799.39969985 0.03621072 0.22604857
800.40020010 0.03504419 0.22062938
801.40070035 0.03497285 0.21803877
802.40120060 0.03394920 0.21721087
803.40170085 0.03639851 0.24907563
804.40220110 0.03581854 0.24482277
805.40270135 0.03505879 0.23990855
806.40320160 0.03530591 0.24026159
807.40370185 0.03650293 0.24504304
808.40420210 0.03710405 0.24861347
809.40470235 0.03814216 0.25143209
810.40520260 0.03961692 0.25617375
811.40570285 0.04002996 0.25654246
812.40620310 0.03984641 0.25282253
813.40670335 0.03874484 0.24549213
814.40720360 0.03842624 0.24100196
815.40770385 0.03799568 0.23667597
816.40820410 0.03951706 0.24226220
817.40870435 0.03903684 0.24593993
818.40920460 0.04001271 0.25252547
819.40970485 0.03898748 0.25438488
820.41020510 0.03901379 0.25481136
821.41070535 0.03818192 0.25026755
822.41120560 0.03753982 0.24615289
823.41170585 0.03645532 0.24180192
824.41220610 0.03381210 0.21495091
825.41270635 0.03353143 0.21515789
826.41320660 0.03312120 0.21419748
827.41370685 0.03281620 0.21062511
828.41420710 0.03234260 0.20703651
829.41470735 0.03155666 0.20150088
830.41520760 0.03115594 0.19904791
831.41570785 0.02976957 0.18764749
832.41620810 0.02998186 0.18917136
833.41670835 0.02999083 0.18816812
834.41720860 0.02957850 0.18580652
835.41770885 0.02911460 0.18155451
836.41820910 0.02951664 0.18813673
837.41870935 0.02788056 0.18311314
838.41920960 0.02741471 0.17957763
839.41970985 0.02677497 0.17494917
840.42021011 0.02536151 0.16284032
841.42071036 0.02514045 0.16139452
842.42121061 0.02495320 0.16331765
843.42171086 0.02459124 0.16173938
844.42221111 0.02376374 0.15466042
845.42271136 0.02107881 0.13841388
846.42321161 0.02064331 0.13532651
847.42371186 0.02025126 0.13715082
848.42421211 0.02058111 0.14513870
849.42471236 0.02095998 0.15239647
850.42521261 0.01894546 0.11637609
851.42571286 0.01949098 0.12256488
852.42621311 0.01987347 0.12552449
853.42671336 0.01973282 0.12529408
854.42721361 0.01938811 0.12467557
855.42771386 0.01917263 0.12629488
856.42821411 0.01892433 0.12420858
857.42871436 0.01818035 0.11703159
858.42921461 0.01733059 0.10825686
859.42971486 0.01637249 0.09825372
860.43021511 0.01604701 0.09627111
861.43071536 0.01571870 0.09366422
862.43121561 0.01628992 0.09659984
863.43171586 0.01665047 0.10085554
864.43221611 0.01668470 0.10168519
865.43271636 0.01634040 0.09844373
866.43321661 0.01572829 0.09315246
867.43371686 0.01650373 0.09381713
868.43421711 0.01639367 0.09318745
869.43471736 0.01640718 0.09241210
870.43521761 0.01621058 0.09049302
871.43571786 0.01574791 0.08790921
872.43621811 0.01512917 0.08510873
873.43671836 0.01488327 0.08375472
874.43721861 0.01406736 0.07938897
875.43771886 0.01376290 0.07598821
876.43821911 0.01326686 0.07273458
877.43871936 0.01372992 0.08068291
878.43921961 0.01329180 0.07843163
879.43971986 0.01319578 0.07898855
880.44022011 0.01503657 0.08588281
881.44072036 0.01477092 0.08397809
882.44122061 0.01474806 0.08502499
883.44172086 0.01479541 0.08581627
884.44222111 0.01456627 0.08536317
885.44272136 0.01540575 0.09452912
886.44322161 0.01636205 0.10113216
887.44372186 0.01643188 0.10260641
888.44422211 0.01597847 0.10022070
889.44472236 0.01552941 0.09673756
890.44522261 0.01485685 0.09197622
891.44572286 0.01467874 0.09100399
892.44622311 0.01428614 0.08927886
893.44672336 0.01309169 0.08352629
894.44722361 0.01348328 0.08524082
895.44772386 0.01295823 0.08389410
896.44822411 0.01270745 0.08180265
897.44872436 0.01286234 0.08226138
898.44922461 0.01308595 0.08249792
899.44972486 0.01309603 0.08265394
900.45022511 0.01391159 0.08398926
901.45072536 0.01424768 0.08459693
902.45122561 0.01439448 0.08622041
903.45172586 0.01441760 0.08690597
904.45222611 0.01391199 0.08533233
905.45272636 0.01390180 0.08532630
906.45322661 0.01398895 0.08612159
907.45372686 0.01430390 0.09056037
908.45422711 0.01413831 0.09223774
909.45472736 0.01362297 0.09131127
910.45522761 0.01291011 0.08768672
911.45572786 0.01256803 0.08605329
912.45622811 0.01249794 0.08664501
913.45672836 0.01256416 0.08732415
914.45722861 0.01282518 0.08691590
915.45772886 0.01292408 0.08630648
916.45822911 0.01277217 0.08468306
917.45872936 0.01343891 0.08595016
918.45922961 0.01317554 0.08484837
919.45972986 0.01310823 0.08457422
920.46023012 0.01304777 0.08420824
921.46073037 0.01269285 0.08158677
922.46123062 0.01222904 0.07841555
923.46173087 0.01169886 0.07589003
924.46223112 0.01118311 0.07367137
925.46273137 0.01109601 0.07305817
926.46323162 0.01103953 0.07305569
927.46373187 0.01129265 0.07642331
928.46423212 0.01314180 0.08570033
929.46473237 0.01324658 0.08679922
930.46523262 0.01285651 0.08427372
931.46573287 0.01247161 0.08150008
932.46623312 0.01229648 0.08024098
933.46673337 0.01211860 0.07953798
934.46723362 0.01175973 0.07723282
935.46773387 0.01152869 0.07565651
936.46823412 0.01109246 0.07279746
937.46873437 0.01055480 0.07132536
938.46923462 0.01104691 0.07210398
939.46973487 0.01131645 0.07356022
940.47023512 0.01134297 0.07540606
941.47073537 0.01164517 0.07647397
942.47123562 0.01144886 0.07569297
943.47173587 0.01141671 0.07531027
944.47223612 0.01118801 0.07491602
945.47273637 0.01112692 0.07453331
946.47323662 0.01083274 0.07268132
947.47373687 0.01100616 0.07306454
948.47423712 0.01056488 0.07152062
949.47473737 0.00991830 0.06974057
950.47523762 0.01009260 0.07018697
951.47573787 0.01159454 0.07647226
952.47623812 0.01150683 0.07697531
953.47673837 0.01140048 0.07681669
954.47723862 0.01299279 0.08500130
955.47773887 0.01275455 0.08324343
956.47823912 0.01101867 0.07774551
957.47873937 0.01105621 0.07754872
958.47923962 0.01126240 0.07641855
959.47973987 0.01132274 0.07692623
960.48024012 0.01184321 0.07745884
961.48074037 0.01174115 0.07719336
962.48124062 0.01191892 0.07784518
963.48174087 0.01219798 0.07815662
964.48224112 0.01223639 0.07844426
965.48274137 0.01239818 0.07845793
966.48324162 0.01240620 0.07814370
967.48374187 0.01242796 0.07829461
968.48424212 0.01238478 0.07838535
969.48474237 0.01204329 0.07750071
970.48524262 0.01193051 0.07745787
971.48574287 0.01091441 0.07088855
972.48624312 0.01101102 0.07201340
973.48674337 0.01090104 0.07135332
974.48724362 0.01187168 0.07489223
975.48774387 0.01192361 0.07681002
976.48824412 0.01138130 0.07571118
977.48874437 0.01104384 0.07419643
978.48924462 0.01114392 0.07567768
979.48974487 0.01055772 0.07397025
980.49024512 0.01031106 0.07237372
981.49074537 0.01009015 0.07204568
982.49124562 0.01031105 0.07309540
983.49174587 0.01036448 0.07292966
984.49224612 0.01042738 0.07301750
985.49274637 0.01035187 0.07271509
986.49324662 0.01017540 0.07277113
987.49374687 0.01000824 0.07081381
988.49424712 0.01129375 0.07604455
989.49474737 0.01133538 0.07597886
990.49524762 0.01133938 0.07404375
991.49574787 0.01172240 0.07562409
992.49624812 0.01159862 0.07272383
993.49674837 0.01183364 0.07416716
994.49724862 0.01167610 0.07346776
995.49774887 0.01106768 0.07045461
996.49824912 0.01095502 0.07071564
997.49874937 0.01079068 0.07091896
998.49924962 0.01065008 0.06900119
999.49974987 0.01022330 0.06194554
1000.50025013 0.01018896 0.06411329
1001.50075038 0.01025529 0.06480056
1002.50125063 0.01024920 0.06593788
1003.50175088 0.01018434 0.06538375
1004.50225113 0.01016859 0.06439571
1005.50275138 0.01023125 0.06499999
1006.50325163 0.00974964 0.06115866
1007.50375188 0.00962959 0.06201899
1008.50425213 0.00952269 0.06166596
1009.50475238 0.00908047 0.05881073
1010.50525263 0.00918510 0.05919954
1011.50575288 0.00932017 0.05963509
1012.50625313 0.00897484 0.05895418
1013.50675338 0.00921862 0.05912393
1014.50725363 0.00931440 0.05896387
1015.50775388 0.01066800 0.06467329
1016.50825413 0.01075788 0.06566940
1017.50875438 0.01090469 0.06786343
1018.50925463 0.01210922 0.07401479
1019.50975488 0.01194089 0.07339917
1020.51025513 0.01187561 0.07391128
1021.51075538 0.01154799 0.07307123
1022.51125563 0.01113832 0.07123788
1023.51175588 0.01078712 0.06928845
1024.51225613 0.01002292 0.06511192
1025.51275638 0.00965441 0.06446822
1026.51325663 0.00991210 0.06570243
1027.51375688 0.00979421 0.06429520
1028.51425713 0.00913143 0.05977554
1029.51475738 0.00943000 0.06100620
1030.51525763 0.00975638 0.06276493
1031.51575788 0.00949745 0.06090811
1032.51625813 0.00925313 0.05967653
1033.51675838 0.01097989 0.07113857
1034.51725863 0.01097112 0.07184539
1035.51775888 0.01045128 0.06918173
1036.51825913 0.00975499 0.06370073
1037.51875938 0.00913871 0.05932990
1038.51925963 0.00809056 0.05422560
1039.51975988 0.00761211 0.05184421
1040.52026013 0.00754398 0.05165520
1041.52076038 0.00754360 0.05180891
1042.52126063 0.01064880 0.07002068
1043.52176088 0.01063749 0.07060504
1044.52226113 0.01084442 0.07259642
1045.52276138 0.01122735 0.07369361
1046.52326163 0.01100896 0.07319059
1047.52376188 0.01080649 0.07238738
1048.52426213 0.01064763 0.07132371
1049.52476238 0.01066618 0.07036841
1050.52526263 0.01147345 0.07132940
1051.52576288 0.01133960 0.06945509
1052.52626313 0.01102629 0.06764045
1053.52676338 0.01104090 0.06799065
1054.52726363 0.01127481 0.06944757
1055.52776388 0.01136255 0.06951084
1056.52826413 0.01137918 0.06934612
1057.52876438 0.01114246 0.06840849
1058.52926463 0.01069763 0.06678852
1059.52976488 0.01164674 0.07058556
1060.53026513 0.01155482 0.07139815
1061.53076538 0.01220649 0.07311415
1062.53126563 0.01220495 0.07345887
1063.53176588 0.01179600 0.07271546
1064.53226613 0.01314841 0.07834352
1065.53276638 0.01316521 0.07899888
1066.53326663 0.01386452 0.08397131
1067.53376688 0.01341583 0.08126439
1068.53426713 0.01320419 0.07891865
1069.53476738 0.01272060 0.07568357
1070.53526763 0.01268801 0.07805563
1071.53576788 0.01240110 0.07934130
1072.53626813 0.01246243 0.07682995
1073.53676838 0.01356299 0.08159171
1074.53726863 0.01363148 0.08121780
1075.53776888 0.01316629 0.07757693
1076.53826913 0.01280710 0.07563533
1077.53876938 0.01211271 0.07167502
1078.53926963 0.01161607 0.06910379
1079.53976988 0.01146892 0.06888493
1080.54027014 0.01084864 0.06946301
1081.54077039 0.01064934 0.06932445
1082.54127064 0.01018429 0.06895527
1083.54177089 0.00961480 0.06463544
1084.54227114 0.00940781 0.06422577
1085.54277139 0.00918316 0.06372534
1086.54327164 0.00888747 0.06174800
1087.54377189 0.01006200 0.06883605
1088.54427214 0.00927457 0.06198186
1089.54477239 0.00892427 0.05948204
1090.54527264 0.00844749 0.05512325
1091.54577289 0.00797828 0.05094115
1092.54627314 0.00748965 0.04733325
1093.54677339 0.00704222 0.04470579
1094.54727364 0.00696791 0.04441788
1095.54777389 0.00689668 0.04451564
1096.54827414 0.00767490 0.04829860
1097.54877439 0.00767236 0.04975359
1098.54927464 0.00775902 0.05222906
1099.54977489 0.00771648 0.05205328
1100.55027514 0.00788623 0.05233455
1101.55077539 0.00795840 0.05244144
1102.55127564 0.00922517 0.05971082
1103.55177589 0.00877023 0.05588341
1104.55227614 0.00877784 0.05844220
1105.55277639 0.00878773 0.05778725
1106.55327664 0.00852423 0.05455653
1107.55377689 0.00834518 0.05374470
1108.55427714 0.00830120 0.05535092
1109.55477739 0.00830500 0.05625179
1110.55527764 0.00801593 0.05248518
1111.55577789 0.00926894 0.05998085
1112.55627814 0.00917519 0.05991159
1113.55677839 0.00911888 0.05914857
1114.55727864 0.00896913 0.05735787
1115.55777889 0.00873003 0.05771652
1116.55827914 0.00869673 0.05888916
1117.55877939 0.00849029 0.05763760
1118.55927964 0.00794460 0.05300889
1119.55977989 0.00783149 0.05411489
1120.56028014 0.00794962 0.05431770
1121.56078039 0.00795361 0.05425947
1122.56128064 0.00784923 0.05431145
1123.56178089 0.00773574 0.05463133
1124.56228114 0.00728668 0.04988770
1125.56278139 0.00708703 0.04811066
1126.56328164 0.00715205 0.05081466
1127.56378189 0.00723732 0.04977183
1128.56428214 0.00692000 0.04500151
1129.56478239 0.00691228 0.04360673
1130.56528264 0.00668961 0.04286772
1131.56578289 0.00799606 0.05407956
1132.56628314 0.00792411 0.05313209
1133.56678339 0.00786159 0.05275020
1134.56728364 0.00843022 0.05368158
1135.56778389 0.00828078 0.05382065
1136.56828414 0.00838028 0.05334552
1137.56878439 0.00993238 0.06247857
1138.56928464 0.01008544 0.06231181
1139.56978489 0.01031277 0.06173333
1140.57028514 0.01044597 0.06043309
1141.57078539 0.01039390 0.05954117
1142.57128564 0.01018979 0.05773826
1143.57178589 0.00999578 0.05692130
1144.57228614 0.00963280 0.05572042
1145.57278639 0.01100945 0.06161101
1146.57328664 0.01137381 0.06350281
1147.57378689 0.01126180 0.06355501
1148.57428714 0.01184987 0.06592038
1149.57478739 0.01159102 0.06488168
1150.57528764 0.01170079 0.06538636
1151.57578789 0.01193404 0.06562714
1152.57628814 0.01160906 0.06389622
1153.57678839 0.01143862 0.06283323
1154.57728864 0.01106316 0.06124849
1155.57778889 0.01226534 0.07000411
1156.57828914 0.01172975 0.06791119
1157.57878939 0.01137214 0.06681726
1158.57928964 0.01122534 0.06707327
1159.57978989 0.01099879 0.06666941
1160.58029015 0.00918371 0.05427353
1161.58079040 0.00915658 0.05461983
1162.58129065 0.00897157 0.05424698
1163.58179090 0.00866144 0.05340088
1164.58229115 0.00799562 0.04803746
1165.58279140 0.00789280 0.04759005
1166.58329165 0.00800320 0.04745544
1167.58379190 0.00783766 0.04711755
1168.58429215 0.00759483 0.04617993
1169.58479240 0.00761258 0.05054067
1170.58529265 0.00762142 0.05273225
1171.58579290 0.00720138 0.04862410
1172.58629315 0.00698024 0.04773915
1173.58679340 0.00707442 0.04859330
1174.58729365 0.00727900 0.04978863
1175.58779390 0.00735083 0.05102715
1176.58829415 0.00719622 0.05101683
1177.58879440 0.00692607 0.05106193
1178.58929465 0.00699162 0.05131923
1179.58979490 0.00717911 0.05256680
1180.59029515 0.00710128 0.05236363
1181.59079540 0.00672664 0.05098080
1182.59129565 0.00649483 0.04953238
1183.59179590 0.00657874 0.05012262
1184.59229615 0.00661135 0.05096314
1185.59279640 0.00646802 0.05161144
1186.59329665 0.00649574 0.05174970
1187.59379690 0.00672066 0.05398654
1188.59429715 0.00672888 0.05534907
1189.59479740 0.00659688 0.05286228
1190.59529765 0.00671838 0.05503760
1191.59579790 0.00662565 0.05582944
1192.59629815 0.00632987 0.05294252
1193.59679840 0.00722664 0.05765557
1194.59729865 0.00710861 0.05866396
1195.59779890 0.00695402 0.05795819
1196.59829915 0.00660376 0.05447142
1197.59879940 0.00643358 0.05346375
1198.59929965 0.00641131 0.05400418
1199.59979990 0.00637364 0.05413121
1200.60030015 0.00652776 0.05346624
1201.60080040 0.00668094 0.05401297
1202.60130065 0.00673219 0.05508715
1203.60180090 0.00677948 0.05504111
1204.60230115 0.00672854 0.05443613
1205.60280140 0.00675076 0.05439449
1206.60330165 0.00662087 0.05412607
1207.60380190 0.00655577 0.05378319
1208.60430215 0.00652278 0.05333566
1209.60480240 0.00631741 0.05214778
1210.60530265 0.00610268 0.05177777
1211.60580290 0.00601068 0.05194884
1212.60630315 0.00598380 0.05116331
1213.60680340 0.00585919 0.05101414
1214.60730365 0.00703006 0.06338162
1215.60780390 0.00697588 0.06256741
1216.60830415 0.00686524 0.06103602
1217.60880440 0.00782039 0.06378273
1218.60930465 0.00808027 0.06875746
1219.60980490 0.00795865 0.06693744
1220.61030515 0.00781520 0.06473236
1221.61080540 0.00738463 0.06018730
1222.61130565 0.00737668 0.06018190
1223.61180590 0.00714378 0.05747072
1224.61230615 0.00692176 0.05203679
1225.61280640 0.00672005 0.04864674
1226.61330665 0.00667007 0.04830792
1227.61380690 0.00684520 0.04814051
1228.61430715 0.00608817 0.04049258
1229.61480740 0.00711064 0.04551322
1230.61530765 0.00745129 0.04768758
1231.61580790 0.00763637 0.04939193
1232.61630815 0.00751792 0.04894675
1233.61680840 0.00728579 0.04757397
1234.61730865 0.00696815 0.04587605
1235.61780890 0.00669234 0.04474854
1236.61830915 0.00660176 0.04408336
1237.61880940 0.00621674 0.04188131
1238.61930965 0.00539380 0.03733200
1239.61980990 0.00521121 0.03587198
1240.62031016 0.00527847 0.03463065
1241.62081041 0.00544441 0.03519811
1242.62131066 0.00579076 0.03610990
1243.62181091 0.00584732 0.03600769
1244.62231116 0.00587941 0.03611614
1245.62281141 0.00590755 0.03627586
1246.62331166 0.00584950 0.03587408
1247.62381191 0.00561900 0.03483348
1248.62431216 0.00535391 0.03386858
1249.62481241 0.00491177 0.03180003
1250.62531266 0.00623855 0.04470640
1251.62581291 0.00620913 0.04562335
1252.62631316 0.00595986 0.04424175
1253.62681341 0.00564081 0.04144436
1254.62731366 0.00541476 0.03877453
1255.62781391 0.00511617 0.03554282
1256.62831416 0.00502475 0.03392376
1257.62881441 0.00524201 0.03385385
1258.62931466 0.00543973 0.03459258
1259.62981491 0.00553040 0.03520200
1260.63031516 0.00538805 0.03438615
1261.63081541 0.00539145 0.03387753
1262.63131566 0.00552508 0.03443403
1263.63181591 0.00569133 0.03546764
1264.63231616 0.00563381 0.03555759
1265.63281641 0.00643125 0.04184833
1266.63331666 0.00612222 0.04041361
1267.63381691 0.00571416 0.03874346
1268.63431716 0.00628852 0.04232028
1269.63481741 0.00610345 0.04121642
1270.63531766 0.00597253 0.04071789
1271.63581791 0.00736354 0.05248452
1272.63631816 0.00742833 0.05290274
1273.63681841 0.00733462 0.05220543
1274.63731866 0.00683366 0.04937081
1275.63781891 0.00647146 0.04631323
1276.63831916 0.00622768 0.04454642
1277.63881941 0.00623429 0.04395880
1278.63931966 0.00625201 0.04373950
1279.63981991 0.00613630 0.04305189
1280.64032016 0.00609072 0.04225112
1281.64082041 0.00584694 0.04106982
1282.64132066 0.00563020 0.04001598
1283.64182091 0.00563586 0.04018372
1284.64232116 0.00573856 0.04058792
1285.64282141 0.00688738 0.04789440
1286.64332166 0.00690952 0.04861172
1287.64382191 0.00693216 0.04833120
1288.64432216 0.00672789 0.04636637
1289.64482241 0.00657275 0.04374474
1290.64532266 0.00640247 0.04108586
1291.64582291 0.00650092 0.04034517
1292.64632316 0.00614680 0.03874462
1293.64682341 0.00608050 0.03867233
1294.64732366 0.00587273 0.03798611
1295.64782391 0.00580358 0.03784906
1296.64832416 0.00573480 0.03743871
1297.64882441 0.00706409 0.04910208
1298.64932466 0.00692601 0.04921481
1299.64982491 0.00664576 0.04769432
1300.65032516 0.00621776 0.04525441
1301.65082541 0.00571015 0.04288091
1302.65132566 0.00548209 0.04217934
1303.65182591 0.00720454 0.05783756
1304.65232616 0.00718925 0.05798188
1305.65282641 0.00715866 0.05853254
1306.65332666 0.00699697 0.05763977
1307.65382691 0.00678925 0.05650764
1308.65432716 0.00669563 0.05601935
1309.65482741 0.00671826 0.05676890
1310.65532766 0.00674555 0.05733951
1311.65582791 0.00672321 0.05684340
1312.65632816 0.00652623 0.05517030
1313.65682841 0.00626183 0.05304925
1314.65732866 0.00614961 0.05270940
1315.65782891 0.00602357 0.05252399
1316.65832916 0.00588962 0.05214778
1317.65882941 0.00588481 0.05225621
1318.65932966 0.00613766 0.05224364
1319.65982991 0.00603173 0.05143932
1320.66033017 0.00596742 0.05128503
1321.66083042 0.00583237 0.05090616
1322.66133067 0.00576100 0.05059221
1323.66183092 0.00734309 0.06123909
1324.66233117 0.00732527 0.06100627
1325.66283142 0.00746328 0.06317766
1326.66333167 0.00907517 0.07139050
1327.66383192 0.01042269 0.07800993
1328.66433217 0.01176973 0.08355960
1329.66483242 0.01179616 0.08470801
1330.66533267 0.01187592 0.08503487
1331.66583292 0.01156649 0.08305187
1332.66633317 0.01100518 0.07839029
1333.66683342 0.00969940 0.07087283
1334.66733367 0.01020736 0.06791391
1335.66783392 0.01019999 0.06679874
1336.66833417 0.01055296 0.06742473
1337.66883442 0.01072745 0.06849522
1338.66933467 0.01056992 0.06869088
1339.66983492 0.01049459 0.06814303
1340.67033517 0.01071632 0.06884336
1341.67083542 0.01189877 0.07486212
1342.67133567 0.01167467 0.07575644
1343.67183592 0.01172826 0.07620175
1344.67233617 0.01153196 0.07608126
1345.67283642 0.01157699 0.07577888
1346.67333667 0.01149590 0.07560702
1347.67383692 0.01149433 0.07606481
1348.67433717 0.01081235 0.07253806
1349.67483742 0.01036023 0.06919109
1350.67533767 0.00985224 0.06484165
1351.67583792 0.00947592 0.06208741
1352.67633817 0.00932604 0.06159524
1353.67683842 0.00914389 0.06205170
1354.67733867 0.00926719 0.06442873
1355.67783892 0.00921384 0.06522009
1356.67833917 0.00884831 0.06422166
1357.67883942 0.00880241 0.06332668
1358.67933967 0.00873066 0.06351646
1359.67983992 0.00901351 0.06685602
1360.68034017 0.01057290 0.07477413
1361.68084042 0.01050451 0.07533448
1362.68134067 0.01025269 0.07300539
1363.68184092 0.01023371 0.07147503
1364.68234117 0.01030013 0.07107723
1365.68284142 0.01165612 0.07780640
1366.68334167 0.01149179 0.07661088
1367.68384192 0.01105257 0.07255409
1368.68434217 0.01039099 0.06826489
1369.68484242 0.00989788 0.06508918
1370.68534267 0.00953835 0.06379543
1371.68584292 0.00959252 0.06544768
1372.68634317 0.00963124 0.06694085
1373.68684342 0.00966207 0.06723420
1374.68734367 0.01046319 0.06998966
1375.68784392 0.01050544 0.07018582
1376.68834417 0.01091471 0.07150295
1377.68884442 0.01322284 0.08360181
1378.68934467 0.01313822 0.08230698
1379.68984492 0.01306522 0.08010918
1380.69034517 0.01263983 0.07670704
1381.69084542 0.01234712 0.07461980
1382.69134567 0.01200321 0.07376621
1383.69184592 0.01192761 0.07205174
1384.69234617 0.01177242 0.07101054
1385.69284642 0.01149563 0.06968172
1386.69334667 0.01127134 0.06898372
1387.69384692 0.01026952 0.06373791
1388.69434717 0.01037055 0.06492309
1389.69484742 0.01061013 0.06659651
1390.69534767 0.01224853 0.07379913
1391.69584792 0.01187095 0.07245530
1392.69634817 0.01159213 0.07117128
1393.69684842 0.01135841 0.07004554
1394.69734867 0.01116705 0.06907787
1395.69784892 0.01076283 0.06659715
1396.69834917 0.01071755 0.06609639
1397.69884942 0.01071018 0.06594897
1398.69934967 0.01072067 0.06612279
1399.69984992 0.01043846 0.06410793
1400.70035018 0.01198852 0.07115327
1401.70085043 0.01203887 0.07277087
1402.70135068 0.01191224 0.07231836
1403.70185093 0.01161930 0.07023363
1404.70235118 0.01133973 0.06897359
1405.70285143 0.01128558 0.06971888
1406.70335168 0.01061237 0.06823253
1407.70385193 0.01040590 0.06829258
1408.70435218 0.00999745 0.06716957
1409.70485243 0.01014056 0.06761504
1410.70535268 0.01007037 0.06676538
1411.70585293 0.01011128 0.06707591
1412.70635318 0.01006338 0.06738118
1413.70685343 0.00996105 0.06751319
1414.70735368 0.01009937 0.06738563
1415.70785393 0.01030119 0.06927914
1416.70835418 0.01006960 0.06762458
1417.70885443 0.00964993 0.06586557
1418.70935468 0.00946406 0.06546319
1419.70985493 0.00916890 0.06447882
1420.71035518 0.00887797 0.06353968
1421.71085543 0.00843271 0.06251824
1422.71135568 0.00938866 0.06576617
1423.71185593 0.00939221 0.06562693
1424.71235618 0.00934328 0.06612242
1425.71285643 0.00834362 0.06176022
1426.71335668 0.00833131 0.06145077
1427.71385693 0.00839507 0.06153982
1428.71435718 0.00846657 0.06179141
1429.71485743 0.00941516 0.06554611
1430.71535768 0.00977907 0.06557913
1431.71585793 0.00974894 0.06485168
1432.71635818 0.00969836 0.06510673
1433.71685843 0.00943168 0.06445266
1434.71735868 0.00949683 0.06375084
1435.71785893 0.00950087 0.06350095
1436.71835918 0.00978628 0.06404643
1437.71885943 0.00993578 0.06436595
1438.71935968 0.00982471 0.06383768
1439.71985993 0.01095157 0.06872069
1440.72036018 0.01121692 0.07096191
1441.72086043 0.01105426 0.06929317
1442.72136068 0.01097782 0.06870708
1443.72186093 0.01098515 0.06926963
1444.72236118 0.01088371 0.06918224
1445.72286143 0.01050338 0.06752526
1446.72336168 0.01015007 0.06657410
1447.72386193 0.01116887 0.07122572
1448.72436218 0.01127214 0.07163094
1449.72486243 0.01116898 0.07142698
1450.72536268 0.01130804 0.07210141
1451.72586293 0.01163090 0.07360646
1452.72636318 0.01151643 0.07334401
1453.72686343 0.01116825 0.07247722
1454.72736368 0.01115502 0.07238385
1455.72786393 0.01127455 0.07252247
1456.72836418 0.01128077 0.07224641
1457.72886443 0.01090788 0.06994071
1458.72936468 0.01093779 0.07089331
1459.72986493 0.01106243 0.07311347
1460.73036518 0.01097575 0.07390211
1461.73086543 0.01069694 0.07347204
1462.73136568 0.01099234 0.07288206
1463.73186593 0.01115099 0.07316676
1464.73236618 0.01122369 0.07335281
1465.73286643 0.01118175 0.07174390
1466.73336668 0.01124017 0.06925661
1467.73386693 0.01166987 0.06805283
1468.73436718 0.01149334 0.06707122
1469.73486743 0.01115787 0.06557206
1470.73536768 0.01131588 0.06425114
1471.73586793 0.01101854 0.06333279
1472.73636818 0.01098254 0.06329654
1473.73686843 0.01085225 0.06289165
1474.73736868 0.01054145 0.06175345
1475.73786893 0.01011953 0.06065858
1476.73836918 0.00973225 0.05986860
1477.73886943 0.01074036 0.06483560
1478.73936968 0.01083970 0.06519612
1479.73986993 0.01082618 0.06448812
1480.74037019 0.01044933 0.06237829
1481.74087044 0.01020703 0.06068756
1482.74137069 0.00965585 0.05902291
1483.74187094 0.00954221 0.05847811
1484.74237119 0.00976106 0.05883897
1485.74287144 0.00984738 0.05887126
1486.74337169 0.00935224 0.05808022
1487.74387194 0.00908238 0.05777544
1488.74437219 0.00901832 0.05756725
1489.74487244 0.00896167 0.05747275
1490.74537269 0.00878825 0.05730274
1491.74587294 0.00973684 0.06330934
1492.74637319 0.00980604 0.06376768
1493.74687344 0.00985275 0.06360418
1494.74737369 0.00971503 0.06250117
1495.74787394 0.00941978 0.06171115
1496.74837419 0.00946310 0.06254683
1497.74887444 0.00948267 0.06293301
1498.74937469 0.01059403 0.06975080
1499.74987494 0.01151932 0.07316883
1500.75037519 0.01245432 0.07563208
1501.75087544 0.01208186 0.07354925
1502.75137569 0.01193333 0.07384840
1503.75187594 0.01136677 0.07299343
1504.75237619 0.01215633 0.07497287
1505.75287644 0.01189400 0.07418139
1506.75337669 0.01179080 0.07410724
1507.75387694 0.01177170 0.07335919
1508.75437719 0.01163747 0.07227219
1509.75487744 0.01301905 0.07929205
1510.75537769 0.01222569 0.07679157
1511.75587794 0.01205157 0.07473088
1512.75637819 0.01166331 0.07229295
1513.75687844 0.01129567 0.07038922
1514.75737869 0.01104967 0.06941495
1515.75787894 0.01141693 0.07128625
1516.75837919 0.01163195 0.07180604
1517.75887944 0.01191130 0.07263988
1518.75937969 0.01201605 0.07266400
1519.75987994 0.01191629 0.07279477
1520.76038019 0.01246076 0.07712297
1521.76088044 0.01386380 0.08287068
1522.76138069 0.01459779 0.08796163
1523.76188094 0.01513014 0.09131434
1524.76238119 0.01459816 0.08924394
1525.76288144 0.01421179 0.08847934
1526.76338169 0.01538407 0.09434451
1527.76388194 0.01505674 0.09316266
1528.76438219 0.01427870 0.08840251
1529.76488244 0.01356812 0.08419418
1530.76538269 0.01455482 0.08795684
1531.76588294 0.01553667 0.08913045
1532.76638319 0.01709659 0.09276563
1533.76688344 0.01699878 0.09288256
1534.76738369 0.01660024 0.09126588
1535.76788394 0.01935557 0.09999554
1536.76838419 0.01922751 0.09777389
1537.76888444 0.01942171 0.09778634
1538.76938469 0.01933248 0.09758646
1539.76988494 0.01910120 0.09720804
1540.77038519 0.01850983 0.09492944
1541.77088544 0.01822417 0.09410081
1542.77138569 0.01772546 0.09161860
1543.77188594 0.01769250 0.09175846
1544.77238619 0.01716385 0.08994839
1545.77288644 0.01681116 0.08934970
1546.77338669 0.01650152 0.08867964
1547.77388694 0.01657729 0.08781381
1548.77438719 0.01604962 0.08581173
1549.77488744 0.01597045 0.08532289
1550.77538769 0.01614058 0.08559371
1551.77588794 0.01617896 0.08534544
1552.77638819 0.01775221 0.09086501
1553.77688844 0.01737577 0.09074312
1554.77738869 0.01741951 0.09084311
1555.77788894 0.01737212 0.08983169
1556.77838919 0.01720699 0.08831774
1557.77888944 0.01699293 0.08679238
1558.77938969 0.01641670 0.08522270
1559.77988994 0.01596527 0.08380306
1560.78039020 0.01617871 0.08702494
1561.78089045 0.01599282 0.08705373
1562.78139070 0.01566835 0.08561674
1563.78189095 0.01682723 0.08918915
1564.78239120 0.01711911 0.09109036
1565.78289145 0.01735842 0.09212431
1566.78339170 0.01705955 0.09056929
1567.78389195 0.01695085 0.09137824
1568.78439220 0.01674646 0.09062802
1569.78489245 0.01648008 0.08942816
1570.78539270 0.01615784 0.08786715
1571.78589295 0.01580340 0.08618543
1572.78639320 0.01649372 0.08896593
1573.78689345 0.01637141 0.08873809
1574.78739370 0.01603984 0.08724119
1575.78789395 0.01570584 0.08521292
1576.78839420 0.01559768 0.08419156
1577.78889445 0.01599210 0.08530319
1578.78939470 0.01619790 0.08580252
1579.78989495 0.01608068 0.08487599
1580.79039520 0.01724184 0.08930471
1581.79089545 0.01674198 0.08672780
1582.79139570 0.01655764 0.08595267
1583.79189595 0.01635986 0.08560131
1584.79239620 0.01587550 0.08500458
1585.79289645 0.01554564 0.08430103
1586.79339670 0.01508754 0.08243785
1587.79389695 0.01454889 0.08058885
1588.79439720 0.01375701 0.07882483
1589.79489745 0.01351065 0.07793410
1590.79539770 0.01451636 0.08096639
1591.79589795 0.01447549 0.08006193
1592.79639820 0.01441794 0.07970501
1593.79689845 0.01427424 0.07874993
1594.79739870 0.01412806 0.07826998
1595.79789895 0.01419992 0.07933593
1596.79839920 0.01417686 0.07979707
1597.79889945 0.01392255 0.07908025
1598.79939970 0.01546519 0.08431641
1599.79989995 0.01530674 0.08365478
1600.80040020 0.01516094 0.08392395
1601.80090045 0.01499747 0.08318399
1602.80140070 0.01545312 0.08263447
1603.80190095 0.01555474 0.08290378
1604.80240120 0.01544836 0.08211286
1605.80290145 0.01559966 0.08406248
1606.80340170 0.01502819 0.08054464
1607.80390195 0.01486295 0.07971814
1608.80440220 0.01462403 0.07921090
1609.80490245 0.01467948 0.07943604
1610.80540270 0.01469643 0.07959013
1611.80590295 0.01441948 0.07804415
1612.80640320 0.01416002 0.07706469
1613.80690345 0.01354363 0.07494526
1614.80740370 0.01322409 0.07297283
1615.80790395 0.01347279 0.07488747
1616.80840420 0.01330647 0.07503264
1617.80890445 0.01314983 0.07455774
1618.80940470 0.01299799 0.07319644
1619.80990495 0.01283193 0.07287172
1620.81040520 0.01276736 0.07311735
1621.81090545 0.01242815 0.07226849
1622.81140570 0.01228765 0.07062719
1623.81190595 0.01220143 0.06959775
1624.81240620 0.01482297 0.08492645
1625.81290645 0.01402508 0.08791255
1626.81340670 0.01351350 0.08553009
1627.81390695 0.01367026 0.08557981
1628.81440720 0.01520120 0.08809477
1629.81490745 0.01531607 0.08777281
1630.81540770 0.01466859 0.08712222
1631.81590795 0.01453422 0.08691196
1632.81640820 0.01434700 0.08409763
1633.81690845 0.01382135 0.07984400
1634.81740870 0.01314883 0.07454512
1635.81790895 0.01260211 0.07027793
1636.81840920 0.01330335 0.07181440
1637.81890945 0.01280992 0.06677547
1638.81940970 0.01292110 0.06724860
1639.81990995 0.01248918 0.06534112
1640.82041021 0.01229903 0.06298826
1641.82091046 0.01215069 0.06163996
1642.82141071 0.01207316 0.06104084
1643.82191096 0.01185373 0.06015271
1644.82241121 0.01169820 0.05937949
1645.82291146 0.01140929 0.05832950
1646.82341171 0.01135139 0.05849773
1647.82391196 0.01149298 0.05887465
1648.82441221 0.01129079 0.05702100
1649.82491246 0.01117118 0.05633291
1650.82541271 0.01049523 0.05277648
1651.82591296 0.01177214 0.06180041
1652.82641321 0.01176664 0.06232656
1653.82691346 0.01163334 0.06021332
1654.82741371 0.01163487 0.06167385
1655.82791396 0.01117783 0.06056408
1656.82841421 0.01100155 0.06133698
1657.82891446 0.01067963 0.05985722
1658.82941471 0.01033755 0.05879303
1659.82991496 0.01024237 0.05935772
1660.83041521 0.01016105 0.05885483
1661.83091546 0.00996779 0.05805952
1662.83141571 0.00968570 0.05642460
1663.83191596 0.00962538 0.05638468
1664.83241621 0.00986319 0.05732808
1665.83291646 0.00902729 0.05259030
1666.83341671 0.01022974 0.05952326
1667.83391696 0.01004152 0.05917499
1668.83441721 0.01028581 0.06002098
1669.83491746 0.01033195 0.06025507
1670.83541771 0.01029746 0.05910825
1671.83591796 0.01032426 0.05807873
1672.83641821 0.01043259 0.05804241
1673.83691846 0.00984324 0.05459489
1674.83741871 0.00994995 0.05573039
1675.83791896 0.01004349 0.05586571
1676.83841921 0.00976037 0.05430217
1677.83891946 0.00907839 0.05218859
1678.83941971 0.00871389 0.05116252
1679.83991996 0.00842152 0.05008569
1680.84042021 0.00830857 0.04973606
1681.84092046 0.00818011 0.04947151
1682.84142071 0.00803033 0.04882643
1683.84192096 0.01015822 0.06346238
1684.84242121 0.00984750 0.06066297
1685.84292146 0.00951935 0.06023772
1686.84342171 0.01080644 0.06728129
1687.84392196 0.01067752 0.06622350
1688.84442221 0.00966899 0.05937169
1689.84492246 0.00959390 0.06030094
1690.84542271 0.00957238 0.06099207
1691.84592296 0.00938232 0.06003255
1692.84642321 0.00918641 0.05857359
1693.84692346 0.00931902 0.05947289
1694.84742371 0.00912309 0.05765113
1695.84792396 0.00893224 0.05726031
1696.84842421 0.00861980 0.05513715
1697.84892446 0.00867292 0.05562933
1698.84942471 0.00832989 0.05259988
1699.84992496 0.00802742 0.05124680
1700.85042521 0.00789960 0.04983275
1701.85092546 0.00747515 0.04753810
1702.85142571 0.00725717 0.04501669
1703.85192596 0.00701568 0.04302646
1704.85242621 0.00689600 0.04352698
1705.85292646 0.00700860 0.04413027
1706.85342671 0.00705722 0.04394479
1707.85392696 0.00720421 0.04419520
1708.85442721 0.00744805 0.04468251
1709.85492746 0.00728664 0.04385671
1710.85542771 0.00696721 0.04195400
1711.85592796 0.00663939 0.03973568
1712.85642821 0.00638052 0.03760884
1713.85692846 0.00618223 0.03617076
1714.85742871 0.00541819 0.02702336
1715.85792896 0.00524652 0.02637737
1716.85842921 0.00626718 0.03686677
1717.85892946 0.00664306 0.04079183
1718.85942971 0.00765998 0.04654841
1719.85992996 0.00721149 0.04188407
1720.86043022 0.00764652 0.04598985
1721.86093047 0.00954066 0.05894435
1722.86143072 0.00971687 0.06130837
1723.86193097 0.00996192 0.06269409
1724.86243122 0.01006513 0.06397455
1725.86293147 0.01013126 0.06530175
1726.86343172 0.00987253 0.06555375
1727.86393197 0.00937321 0.06365866
1728.86443222 0.00926123 0.06093266
1729.86493247 0.00927319 0.06052797
1730.86543272 0.00965411 0.06118227
1731.86593297 0.01001218 0.06092134
1732.86643322 0.00964230 0.05635303
1733.86693347 0.00969925 0.05521884
1734.86743372 0.00978666 0.05489417
1735.86793397 0.00896442 0.04764133
1736.86843422 0.00830298 0.04391857
1737.86893447 0.00808079 0.04214120
1738.86943472 0.00815272 0.04371437
1739.86993497 0.00811170 0.04422753
1740.87043522 0.00779919 0.04338539
1741.87093547 0.00756325 0.04207748
1742.87143572 0.00721217 0.04166644
1743.87193597 0.00856191 0.05133360
1744.87243622 0.00834827 0.05054148
1745.87293647 0.00790872 0.04837095
1746.87343672 0.00823169 0.04951536
1747.87393697 0.00806755 0.04995026
1748.87443722 0.00825439 0.04813669
1749.87493747 0.00812244 0.04765475
1750.87543772 0.00784559 0.04821052
1751.87593797 0.00791148 0.04729226
1752.87643822 0.00769550 0.04554481
1753.87693847 0.00766885 0.04599997
1754.87743872 0.00785794 0.04836355
1755.87793897 0.00817292 0.05346485
1756.87843922 0.00796242 0.05273974
1757.87893947 0.00790370 0.05286869
1758.87943972 0.00769600 0.05172039
1759.87993997 0.00735100 0.05018766
1760.88044022 0.00691708 0.04945764
1761.88094047 0.00652722 0.04811134
1762.88144072 0.00620531 0.04631342
1763.88194097 0.00767979 0.05408254
1764.88244122 0.00779539 0.05465653
1765.88294147 0.00776719 0.05520392
1766.88344172 0.00917508 0.06241096
1767.88394197 0.00883661 0.06057953
1768.88444222 0.00871577 0.06068193
1769.88494247 0.01021482 0.07065613
1770.88544272 0.01006193 0.07200221
1771.88594297 0.00958013 0.07159100
1772.88644322 0.00921212 0.07006931
1773.88694347 0.00856164 0.06649143
1774.88744372 0.00799236 0.06260970
1775.88794397 0.00670545 0.05272219
1776.88844422 0.00671738 0.05193032
1777.88894447 0.00575413 0.04441109
1778.88944472 0.00561176 0.04321663
1779.88994497 0.00553482 0.04267135
1780.89044522 0.00675096 0.04981316
1781.89094547 0.00690870 0.05202303
1782.89144572 0.00709537 0.05394516
1783.89194597 0.00712910 0.05396850
1784.89244622 0.00715485 0.05536238
1785.89294647 0.00710128 0.05561616
1786.89344672 0.00690309 0.05421337
1787.89394697 0.00688774 0.05354425
1788.89444722 0.00727137 0.05889536
1789.89494747 0.00757600 0.06261580
1790.89544772 0.00754174 0.06232737
1791.89594797 0.00763871 0.06090002
1792.89644822 0.00734941 0.06045932
1793.89694847 0.00735567 0.06138215
1794.89744872 0.00770053 0.06248229
1795.89794897 0.00767942 0.05979087
1796.89844922 0.00701958 0.05493507
1797.89894947 0.00651494 0.05040578
1798.89944972 0.00634755 0.04838458
1799.89994997 0.00684363 0.05046940
1800.90045023 0.00744199 0.05377896
1801.90095048 0.00762735 0.05500594
1802.90145073 0.00743084 0.05363345
1803.90195098 0.00746536 0.05291410
1804.90245123 0.00742706 0.05285567
1805.90295148 0.00871932 0.06223294
1806.90345173 0.00838993 0.06169512
1807.90395198 0.00780052 0.06157143
1808.90445223 0.00758061 0.06081841
1809.90495248 0.00715156 0.05916719
1810.90545273 0.00677569 0.05731060
1811.90595298 0.00664064 0.05681217
1812.90645323 0.00799748 0.06592394
1813.90695348 0.00811576 0.06906049
1814.90745373 0.00828805 0.07119099
1815.90795398 0.00828070 0.07070654
1816.90845423 0.00837423 0.07115741
1817.90895448 0.00836278 0.07092695
1818.90945473 0.00824308 0.07007853
1819.90995498 0.00786128 0.06722240
1820.91045523 0.00762284 0.06214734
1821.91095548 0.00656510 0.04927921
1822.91145573 0.00636929 0.04763821
1823.91195598 0.00618680 0.04659597
1824.91245623 0.00700641 0.05274951
1825.91295648 0.00661863 0.05094376
1826.91345673 0.00656770 0.05025648
1827.91395698 0.00656934 0.04954763
1828.91445723 0.00835725 0.06003855
1829.91495748 0.00969375 0.06570270
1830.91545773 0.01003293 0.06714506
1831.91595798 0.00985870 0.06620398
1832.91645823 0.00960360 0.06441982
1833.91695848 0.00943485 0.06264192
1834.91745873 0.00915708 0.06072347
1835.91795898 0.00889295 0.05945244
1836.91845923 0.00861356 0.05820335
1837.91895948 0.00961430 0.06462799
1838.91945973 0.00924953 0.06411394
1839.91995998 0.01039417 0.07100905
1840.92046023 0.01028345 0.07064290
1841.92096048 0.01057941 0.07277095
1842.92146073 0.01048426 0.07089537
1843.92196098 0.01134634 0.07477278
1844.92246123 0.01147412 0.07564109
1845.92296148 0.01221670 0.07689469
1846.92346173 0.01220998 0.07600922
1847.92396198 0.01206188 0.07517798
1848.92446223 0.01202031 0.07494964
1849.92496248 0.01193361 0.07521412
1850.92546273 0.01161249 0.07408106
1851.92596298 0.01105003 0.07132437
1852.92646323 0.01073678 0.07011324
1853.92696348 0.01048884 0.06771771
1854.92746373 0.01037792 0.06817412
1855.92796398 0.01006987 0.06639004
1856.92846423 0.01012848 0.06762305
1857.92896448 0.01034611 0.06961015
1858.92946473 0.01042201 0.07045530
1859.92996498 0.01032987 0.06984524
1860.93046523 0.01024632 0.06966074
1861.93096548 0.01023405 0.06957519
1862.93146573 0.01121551 0.07362983
1863.93196598 0.01091125 0.07230835
1864.93246623 0.01200026 0.07694652
1865.93296648 0.01172526 0.07621531
1866.93346673 0.01166003 0.07691295
1867.93396698 0.01160261 0.07701071
1868.93446723 0.01158564 0.07549119
1869.93496748 0.01129209 0.07319927
1870.93546773 0.01238218 0.07686284
1871.93596798 0.01237951 0.07600002
1872.93646823 0.01223439 0.07426601
1873.93696848 0.01168288 0.07304507
1874.93746873 0.01105249 0.07015545
1875.93796898 0.01095049 0.06812091
1876.93846923 0.01122693 0.06973246
1877.93896948 0.01274758 0.07811917
1878.93946973 0.01200713 0.07547535
1879.93996998 0.01187613 0.07499413
1880.94047024 0.01156657 0.07312698
1881.94097049 0.01258072 0.07704975
1882.94147074 0.01228772 0.07634371
1883.94197099 0.01200069 0.07558526
1884.94247124 0.01173697 0.07505812
1885.94297149 0.01121470 0.07357104
1886.94347174 0.01068134 0.06998663
1887.94397199 0.01189003 0.07644375
1888.94447224 0.01146542 0.07499769
1889.94497249 0.01160908 0.07516164
1890.94547274 0.01319674 0.08146276
1891.94597299 0.01331758 0.08248880
1892.94647324 0.01307591 0.08236950
1893.94697349 0.01302961 0.08138675
1894.94747374 0.01520815 0.09242366
1895.94797399 0.01526352 0.09373884
1896.94847424 0.01535180 0.09506276
1897.94897449 0.01627964 0.09743379
1898.94947474 0.01586561 0.09626013
1899.94997499 0.01563835 0.09551010
1900.95047524 0.01524132 0.09317620
1901.95097549 0.01533809 0.09294659
1902.95147574 0.01473286 0.08758274
1903.95197599 0.01404853 0.08293965
1904.95247624 0.01530522 0.08820852
1905.95297649 0.01476692 0.08552572
1906.95347674 0.01443758 0.08435681
1907.95397699 0.01423722 0.08370603
1908.95447724 0.01224886 0.07232802
1909.95497749 0.01182749 0.07047067
1910.95547774 0.01294144 0.07858849
1911.95597799 0.01245183 0.07650373
1912.95647824 0.01197679 0.07466001
1913.95697849 0.01187580 0.07485166
1914.95747874 0.01198626 0.07556205
1915.95797899 0.01192656 0.07474417
1916.95847924 0.01198280 0.07474444
1917.95897949 0.01193247 0.07428172
1918.95947974 0.01172668 0.07403750
1919.95997999 0.01147820 0.07292094
1920.96048024 0.01127134 0.07079681
1921.96098049 0.01242527 0.07445948
1922.96148074 0.01084106 0.06668639
1923.96198099 0.01092653 0.06744827
1924.96248124 0.01073923 0.06722643
1925.96298149 0.01022039 0.06569143
1926.96348174 0.01017651 0.06626736
1927.96398199 0.00980556 0.06450925
1928.96448224 0.00983281 0.06509146
1929.96498249 0.00956966 0.06313690
1930.96548274 0.00946676 0.06190046
1931.96598299 0.00936445 0.06067848
1932.96648324 0.00913029 0.05903483
1933.96698349 0.00831884 0.05619778
1934.96748374 0.00827983 0.05596845
1935.96798399 0.01004551 0.06615172
1936.96848424 0.01022236 0.06770262
1937.96898449 0.01011491 0.06717737
1938.96948474 0.00991878 0.06547873
1939.96998499 0.01021889 0.06702563
1940.97048524 0.00991143 0.06528232
1941.97098549 0.00973177 0.06458017
1942.97148574 0.00941478 0.06267397
1943.97198599 0.00853589 0.05890356
1944.97248624 0.00852879 0.05857696
1945.97298649 0.00821106 0.05775425
1946.97348674 0.00799140 0.05675035
1947.97398699 0.00835150 0.05880360
1948.97448724 0.00865711 0.06120414
1949.97498749 0.00869470 0.06214845
1950.97548774 0.00868114 0.06233881
1951.97598799 0.00862780 0.06166334
1952.97648824 0.00856903 0.06153733
1953.97698849 0.00845332 0.06166918
1954.97748874 0.00771014 0.05557610
1955.97798899 0.00752381 0.05421862
1956.97848924 0.00736307 0.05370588
1957.97898949 0.00730261 0.05397376
1958.97948974 0.00737991 0.05466974
1959.97998999 0.00747513 0.05532017
1960.98049025 0.00884816 0.06216148
1961.98099050 0.00902265 0.06270286
1962.98149075 0.00896806 0.06123835
1963.98199100 0.00866788 0.05788726
1964.98249125 0.00831375 0.05522770
1965.98299150 0.00777543 0.05235773
1966.98349175 0.00757652 0.05095485
1967.98399200 0.00919420 0.06241724
1968.98449225 0.00884758 0.06067383
1969.98499250 0.01007311 0.06724253
1970.98549275 0.00983967 0.06589590
1971.98599300 0.00952598 0.06346805
1972.98649325 0.00932137 0.06177770
1973.98699350 0.00891737 0.05990435
1974.98749375 0.01031228 0.06791468
1975.98799400 0.01189080 0.07365917
1976.98849425 0.01123939 0.07090899
1977.98899450 0.01137312 0.07054992
1978.98949475 0.01130220 0.07173166
1979.98999500 0.01139179 0.07378911
1980.99049525 0.01119737 0.07323590
1981.99099550 0.01142154 0.07254588
1982.99149575 0.01134236 0.07110022
1983.99199600 0.00948203 0.05781341
1984.99249625 0.00934166 0.05623010
1985.99299650 0.00911731 0.05506833
1986.99349675 0.00890810 0.05433892
1987.99399700 0.00822426 0.05319597
1988.99449725 0.00834747 0.05347364
1989.99499750 0.00797290 0.04971119
1990.99549775 0.00768765 0.04669043
1991.99599800 0.00759966 0.04505807
1992.99649825 0.00903172 0.05729742
1993.99699850 0.00896845 0.05776978
1994.99749875 0.00872549 0.05665002
1995.99799900 0.00849831 0.05545669
1996.99849925 0.00843068 0.05521701
1997.99899950 0.00814524 0.05400530
1998.99949975 0.00799784 0.05279917
2000.00000000 0.00840176 0.05368398
