0.00000000 12.00000000
0.05001250 12.00273458
0.10002501 12.00770284
0.15003751 12.00359243
0.20005001 11.99943225
0.25006252 11.99662081
0.30007502 11.99308389
0.35008752 11.98968454
0.40010003 11.98415416
0.45011253 11.98084027
0.50012503 11.98020545
0.55013753 11.97769970
0.60015004 11.97674011
0.65016254 11.97259975
0.70017504 11.96326829
0.75018755 11.96109569
0.80020005 11.95689483
0.85021255 11.94298465
0.90022506 11.94110464
0.95023756 11.93886824
1.00025006 11.93283018
1.05026257 11.92866315
1.10027507 11.92100727
1.15028757 11.91894907
1.20030008 11.90515810
1.25031258 11.89844474
1.30032508 11.88861375
1.35033758 11.87468882
1.40035009 11.86801122
1.45036259 11.86434701
1.50037509 11.85960462
1.55038760 11.85019587
1.60040010 11.84308347
1.65041260 11.83524859
1.70042511 11.82223560
1.75043761 11.81381808
1.80045011 11.80385110
1.85046262 11.79381252
1.90047512 11.78027291
1.95048762 11.76815953
2.00050013 11.76109149
2.05051263 11.75577674
2.10052513 11.74632622
2.15053763 11.73606998
2.20055014 11.72991278
2.25056264 11.72159125
2.30057514 11.71239204
2.35058765 11.70567445
2.40060015 11.70002564
2.45061265 11.69314850
2.50062516 11.69006821
2.55063766 11.68222128
2.60065016 11.67194862
2.65066267 11.66474932
2.70067517 11.66332517
2.75068767 11.65587410
2.80070018 11.65162805
2.85071268 11.63966011
2.90072518 11.63330245
2.95073768 11.62985001
3.00075019 11.61953079
3.05076269 11.61113875
3.10077519 11.60455785
3.15078770 11.59739667
3.20080020 11.59244672
3.25081270 11.58695122
3.30082521 11.57673634
3.35083771 11.56924135
3.40085021 11.56834044
3.45086272 11.56250047
3.50087522 11.55150070
3.55088772 11.54839710
3.60090023 11.53817337
3.65091273 11.52493063
3.70092523 11.51859151
3.75093773 11.50638978
3.80095024 11.50178962
3.85096274 11.49321244
3.90097524 11.48920106
3.95098775 11.48268265
4.00100025 11.47402195
4.05101275 11.46822972
4.10102526 11.45978070
4.15103776 11.45154013
4.20105026 11.44538423
4.25106277 11.43844559
4.30107527 11.43279243
4.35108777 11.42906808
4.40110028 11.41677710
4.45111278 11.40497112
4.50112528 11.39462166
4.55113778 11.39270066
4.60115029 11.38225242
4.65116279 11.37012098
4.70117529 11.36049461
4.75118780 11.35271231
4.80120030 11.34354560
4.85121280 11.33492036
4.90122531 11.32268440
4.95123781 11.30992823
5.00125031 11.30439404
5.05126282 11.29182196
5.10127532 11.28260721
5.15128782 11.27619072
5.20130033 11.26687143
5.25131283 11.25983187
5.30132533 11.24599197
5.35133783 11.23271405
5.40135034 11.21821334
5.45136284 11.21145169
5.50137534 11.19571679
5.55138785 11.18527140
5.60140035 11.17737852
5.65141285 11.17407059
5.70142536 11.16326683
5.75143786 11.15316191
5.80145036 11.14442094
5.85146287 11.13912592
5.90147537 11.13306411
5.95148787 11.12109273
6.00150038 11.11223658
6.05151288 11.10582414
6.10152538 11.09907706
6.15153788 11.09408994
6.20155039 11.09217095
6.25156289 11.07712054
6.30157539 11.06647360
6.35158790 11.05995081
6.40160040 11.05233212
6.45161290 11.03998667
6.50162541 11.02633001
6.55163791 11.01869375
6.60165041 11.01248968
6.65166292 11.00739698
6.70167542 11.00084254
6.75168792 10.99579243
6.80170043 10.98715144
6.85171293 10.97318325
6.90172543 10.96284078
6.95173793 10.94768457
7.00175044 10.94031316
7.05176294 10.92935590
7.10177544 10.91857312
7.15178795 10.90197527
7.20180045 10.89224321
7.25181295 10.88759077
7.30182546 10.87907363
7.35183796 10.86182190
7.40185046 10.85208248
7.45186297 10.84307004
7.50187547 10.83963153
7.55188797 10.82934531
7.60190048 10.82208757
7.65191298 10.80712032
7.70192548 10.79390066
7.75193798 10.78853824
7.80195049 10.77775979
7.85196299 10.77092284
7.90197549 10.76298901
7.95198800 10.75642099
8.00200050 10.74784177
8.05201300 10.74083149
8.10202551 10.72847251
8.15203801 10.72266615
8.20205051 10.71423584
8.25206302 10.70543171
8.30207552 10.70173726
8.35208802 10.69157891
8.40210053 10.68574959
8.45211303 10.67433562
8.50212553 10.66721628
8.55213803 10.65710607
8.60215054 10.64684045
8.65216304 10.64069212
8.70217554 10.63554257
8.75218805 10.62930975
8.80220055 10.62306817
8.85221305 10.61283125
8.90222556 10.61175296
8.95223806 10.60124286
9.00225056 10.59115028
9.05226307 10.57942089
9.10227557 10.57238635
9.15228807 10.56561032
9.20230058 10.55958444
9.25231308 10.55728034
9.30232558 10.54993971
9.35233808 10.54359815
9.40235059 10.53368257
9.45236309 10.51997188
9.50237559 10.51177914
9.55238810 10.50110895
9.60240060 10.49512835
9.65241310 10.48866233
9.70242561 10.47952911
9.75243811 10.47132753
9.80245061 10.45266019
9.85246312 10.44146608
9.90247562 10.42733035
9.95248812 10.41942136
10.00250063 10.41626622
10.05251313 10.40391184
10.10252563 10.39455471
10.15253813 10.38360014
10.20255064 10.38123040
10.25256314 10.37551896
10.30257564 10.37053511
10.35258815 10.35802105
10.40260065 10.35224572
10.45261315 10.34689129
10.50262566 10.34058388
10.55263816 10.33361355
10.60265066 10.32805240
10.65266317 10.31915138
10.70267567 10.30570110
10.75268817 10.29527535
10.80270068 10.28811588
10.85271318 10.28113131
10.90272568 10.27313748
10.95273818 10.26292911
11.00275069 10.25351893
11.05276319 10.24486735
11.10277569 10.23101478
11.15278820 10.22465498
11.20280070 10.21911773
11.25281320 10.21141452
11.30282571 10.20723831
11.35283821 10.19551677
11.40285071 10.18958957
11.45286322 10.18423536
11.50287572 10.18407602
11.55288822 10.17789197
11.60290073 10.16822671
11.65291323 10.15854349
11.70292573 10.15085233
11.75293823 10.13785352
11.80295074 10.13314789
11.85296324 10.12410411
11.90297574 10.11752622
11.95298825 10.10612303
12.00300075 10.09896046
12.05301325 10.09257776
12.10302576 10.08023394
12.15303826 10.06639396
12.20305076 10.05797993
12.25306327 10.04708674
12.30307577 10.03969413
12.35308827 10.02905033
12.40310078 10.02580256
12.45311328 10.01336427
12.50312578 9.99925074
12.55313828 9.99336652
12.60315079 9.98592033
12.65316329 9.97926958
12.70317579 9.97341253
12.75318830 9.96643283
12.80320080 9.95913352
12.85321330 9.94952044
12.90322581 9.94230632
12.95323831 9.93238779
13.00325081 9.92382844
13.05326332 9.91436480
13.10327582 9.90475522
13.15328832 9.88728031
13.20330083 9.87962439
13.25331333 9.86497645
13.30332583 9.85660681
13.35333833 9.85068293
13.40335084 9.84131472
13.45336334 9.83486444
13.50337584 9.82138262
13.55338835 9.81806567
13.60340085 9.81181278
13.65341335 9.80089495
13.70342586 9.78843718
13.75343836 9.78607520
13.80345086 9.77303415
13.85346337 9.76270333
13.90347587 9.75935054
13.95348837 9.75429111
14.00350088 9.75173063
14.05351338 9.73949488
14.10352588 9.73465325
14.15353838 9.73132184
14.20355089 9.72368682
14.25356339 9.71435398
14.30357589 9.70578108
14.35358840 9.70021564
14.40360090 9.69318675
14.45361340 9.68671467
14.50362591 9.68417541
14.55363841 9.67138683
14.60365091 9.66724577
14.65366342 9.66004192
14.70367592 9.64875195
14.75368842 9.64006828
14.80370093 9.63512140
14.85371343 9.62950744
14.90372593 9.62609198
14.95373843 9.62057644
15.00375094 9.61531687
15.05376344 9.60632415
15.10377594 9.60263580
15.15378845 9.59161998
15.20380095 9.58244583
15.25381345 9.57348043
15.30382596 9.56653669
15.35383846 9.56000889
15.40385096 9.55593845
15.45386347 9.55054837
15.50387597 9.54317051
15.55388847 9.53729447
15.60390098 9.52661896
15.65391348 9.51925246
15.70392598 9.51255728
15.75393848 9.50638669
15.80395099 9.49525821
15.85396349 9.49301147
15.90397599 9.48358297
15.95398850 9.47763310
16.00400100 9.45561799
16.05401350 9.44301249
16.10402601 9.43900222
16.15403851 9.43478644
16.20405101 9.42461441
16.25406352 9.41353870
16.30407602 9.39828187
16.35408852 9.39234414
16.40410103 9.38205095
16.45411353 9.37893293
16.50412603 9.36619045
16.55413853 9.36008277
16.60415104 9.34941624
16.65416354 9.34207444
16.70417604 9.33614293
16.75418855 9.32940579
16.80420105 9.31984742
16.85421355 9.30699528
16.90422606 9.30318691
16.95423856 9.28881924
17.00425106 9.28029027
17.05426357 9.27955553
17.10427607 9.26961210
17.15428857 9.26152471
17.20430108 9.25814170
17.25431358 9.25510567
17.30432608 9.24907275
17.35433858 9.23775093
17.40435109 9.23219889
17.45436359 9.23036047
17.50437609 9.22142175
17.55438860 9.21437112
17.60440110 9.19836274
17.65441360 9.19009512
17.70442611 9.18036427
17.75443861 9.17212196
17.80445111 9.16665616
17.85446362 9.15342975
17.90447612 9.13473931
17.95448862 9.12566700
18.00450113 9.11871768
18.05451363 9.11113744
18.10452613 9.09902832
18.15453863 9.09180738
18.20455114 9.08419005
18.25456364 9.07257255
18.30457614 9.05538464
18.35458865 9.05072273
18.40460115 9.04723009
18.45461365 9.04203413
18.50462616 9.03418230
18.55463866 9.02385252
18.60465116 9.01735748
18.65466367 9.00929076
18.70467617 8.99860551
18.75468867 8.98942231
18.80470118 8.97720919
18.85471368 8.96837472
18.90472618 8.96008441
18.95473868 8.95776647
19.00475119 8.95026778
19.05476369 8.94558160
19.10477619 8.94060634
19.15478870 8.93470807
19.20480120 8.92852011
19.25481370 8.92140830
19.30482621 8.90853705
19.35483871 8.89735451
19.40485121 8.89448103
19.45486372 8.88635257
19.50487622 8.87873103
19.55488872 8.87536023
19.60490123 8.87011966
19.65491373 8.85286445
19.70492623 8.84273946
19.75493873 8.83145564
19.80495124 8.82067599
19.85496374 8.81571178
19.90497624 8.79712792
19.95498875 8.79142109
20.00500125 8.78425503
20.05501375 8.77346918
20.10502626 8.76931521
20.15503876 8.76516257
20.20505126 8.76103302
20.25506377 8.74941768
20.30507627 8.74037918
20.35508877 8.73595968
20.40510128 8.72599404
20.45511378 8.72033927
20.50512628 8.70815011
20.55513878 8.69996955
20.60515129 8.68195912
20.65516379 8.67086885
20.70517629 8.65906215
20.75518880 8.64879360
20.80520130 8.64004723
20.85521380 8.63504216
20.90522631 8.63391628
20.95523881 8.62363213
21.00525131 8.61479465
21.05526382 8.60588337
21.10527632 8.59882294
21.15528882 8.58861546
21.20530133 8.58383690
21.25531383 8.57622163
21.30532633 8.57151297
21.35533883 8.56586811
21.40535134 8.55610568
21.45536384 8.54689246
21.50537634 8.54077134
21.55538885 8.53330417
21.60540135 8.52443287
21.65541385 8.51769902
21.70542636 8.51015227
21.75543886 8.50269418
21.80545136 8.49153088
21.85546387 8.48582208
21.90547637 8.48283664
21.95548887 8.47197310
22.00550138 8.46296318
22.05551388 8.45684010
22.10552638 8.45084412
22.15553888 8.44151186
22.20555139 8.43229469
22.25556389 8.42358158
22.30557639 8.41984036
22.35558890 8.41534882
22.40560140 8.40401280
22.45561390 8.39863536
22.50562641 8.39214965
22.55563891 8.38585850
22.60565141 8.37239618
22.65566392 8.36701915
22.70567642 8.35350627
22.75568892 8.34359950
22.80570143 8.33609488
22.85571393 8.32637530
22.90572643 8.31108471
22.95573893 8.30523831
23.00575144 8.29982639
23.05576394 8.29112104
23.10577644 8.28500959
23.15578895 8.27674720
23.20580145 8.26392017
23.25581395 8.25447020
23.30582646 8.25245180
23.35583896 8.24320378
23.40585146 8.23382560
23.45586397 8.22653888
23.50587647 8.21657952
23.55588897 8.21178472
23.60590148 8.20709931
23.65591398 8.19644141
23.70592648 8.19162267
23.75593898 8.18404664
23.80595149 8.17690135
23.85596399 8.17016252
23.90597649 8.16022590
23.95598900 8.15448804
24.00600150 8.14595787
24.05601400 8.13284303
24.10602651 8.12812864
24.15603901 8.12313502
24.20605151 8.11182611
24.25606402 8.10358835
24.30607652 8.09501818
24.35608902 8.09188246
24.40610153 8.07901967
24.45611403 8.07005155
24.50612653 8.06407650
24.55613903 8.05988835
24.60615154 8.05054165
24.65616404 8.04348285
24.70617654 8.03108148
24.75618905 8.01904228
24.80620155 8.00757200
24.85621405 8.00174843
24.90622656 7.99291820
24.95623906 7.98645532
25.00625156 7.98535061
25.05626407 7.97525511
25.10627657 7.95764584
25.15628907 7.94906860
25.20630158 7.94492591
25.25631408 7.92726994
25.30632658 7.91920948
25.35633908 7.91360840
25.40635159 7.90829457
25.45636409 7.89493954
25.50637659 7.89157952
25.55638910 7.88533226
25.60640160 7.87922182
25.65641410 7.87458776
25.70642661 7.86534306
25.75643911 7.85872689
25.80645161 7.85067016
25.85646412 7.84281798
25.90647662 7.83237089
25.95648912 7.82583013
26.00650163 7.82274348
26.05651413 7.81362854
26.10652663 7.80099178
26.15653913 7.79354359
26.20655164 7.78608329
26.25656414 7.78089701
26.30657664 7.77210406
26.35658915 7.76664171
26.40660165 7.75784479
26.45661415 7.75335449
26.50662666 7.74605144
26.55663916 7.73705867
26.60665166 7.72813947
26.65666417 7.72372178
26.70667667 7.71928144
26.75668917 7.71611052
26.80670168 7.71286744
26.85671418 7.70870654
26.90672668 7.69866609
26.95673918 7.68865964
27.00675169 7.67866195
27.05676419 7.67437060
27.10677669 7.67114095
27.15678920 7.66676795
27.20680170 7.65676265
27.25681420 7.64573559
27.30682671 7.64068856
27.35683921 7.63769704
27.40685171 7.63102629
27.45686422 7.62519857
27.50687672 7.61652314
27.55688922 7.61048437
27.60690173 7.60662505
27.65691423 7.60442774
27.70692673 7.60118088
27.75693923 7.59440880
27.80695174 7.59009333
27.85696424 7.57767557
27.90697674 7.56871260
27.95698925 7.56640870
28.00700175 7.55841618
28.05701425 7.54892871
28.10702676 7.53657779
28.15703926 7.53199619
28.20705176 7.52524879
28.25706427 7.51615471
28.30707677 7.51313423
28.35708927 7.50953486
28.40710178 7.50401057
28.45711428 7.49547687
28.50712678 7.48393309
28.55713928 7.47812586
28.60715179 7.47138424
28.65716429 7.46298500
28.70717679 7.45236609
28.75718930 7.44544794
28.80720180 7.43797646
28.85721430 7.42836018
28.90722681 7.42039063
28.95723931 7.41415941
29.00725181 7.40974651
29.05726432 7.40051681
29.10727682 7.39477200
29.15728932 7.39400094
29.20730183 7.38625457
29.25731433 7.37614782
29.30732683 7.36448983
29.35733933 7.35383400
29.40735184 7.34691745
29.45736434 7.34193514
29.50737684 7.33703322
29.55738935 7.32752574
29.60740185 7.31622280
29.65741435 7.30772759
29.70742686 7.29942775
29.75743936 7.29232292
29.80745186 7.28856766
29.85746437 7.27844361
29.90747687 7.26799427
29.95748937 7.26429981
30.00750188 7.25468940
30.05751438 7.24594947
30.10752688 7.23941960
30.15753938 7.23048721
30.20755189 7.22285129
30.25756439 7.21868593
30.30757689 7.21189034
30.35758940 7.20142329
30.40760190 7.19612623
30.45761440 7.19108392
30.50762691 7.18335572
30.55763941 7.17561697
30.60765191 7.16538854
30.65766442 7.15905701
30.70767692 7.15020463
30.75768942 7.14383368
30.80770193 7.13144674
30.85771443 7.12456030
30.90772693 7.11929611
30.95773943 7.11225673
31.00775194 7.10408800
31.05776444 7.09237581
31.10777694 7.08414369
31.15778945 7.07520351
31.20780195 7.06939997
31.25781445 7.06604657
31.30782696 7.06172670
31.35783946 7.06055011
31.40785196 7.05849340
31.45786447 7.04835638
31.50787697 7.04193280
31.55788947 7.03176989
31.60790198 7.02519147
31.65791448 7.01824564
31.70792698 7.01253657
31.75793948 7.00805850
31.80795199 6.99682186
31.85796449 6.99088395
31.90797699 6.98352897
31.95798950 6.97448408
32.00800200 6.96692538
32.05801450 6.95745243
32.10802701 6.94937545
32.15803951 6.94155614
32.20805201 6.93665662
32.25806452 6.93071464
32.30807702 6.92557330
32.35808952 6.91613682
32.40810203 6.90687407
32.45811453 6.89921381
32.50812703 6.89417032
32.55813953 6.88239945
32.60815204 6.87511545
32.65816454 6.86754668
32.70817704 6.86070489
32.75818955 6.85709922
32.80820205 6.84964242
32.85821455 6.84369651
32.90822706 6.84019037
32.95823956 6.83523851
33.00825206 6.83146924
33.05826457 6.81925582
33.10827707 6.81122769
33.15828957 6.80138590
33.20830208 6.79343775
33.25831458 6.78337511
33.30832708 6.78156892
33.35833958 6.77675965
33.40835209 6.76707014
33.45836459 6.76420956
33.50837709 6.75424128
33.55838960 6.74422366
33.60840210 6.73661091
33.65841460 6.73279976
33.70842711 6.72419169
33.75843961 6.72017586
33.80845211 6.71503921
33.85846462 6.70678245
33.90847712 6.70064594
33.95848962 6.69747695
34.00850213 6.68777224
34.05851463 6.68606018
34.10852713 6.68296519
34.15853963 6.67691670
34.20855214 6.67295032
34.25856464 6.66636476
34.30857714 6.66372559
34.35858965 6.66142316
34.40860215 6.65348532
34.45861465 6.64682413
34.50862716 6.63734011
34.55863966 6.63097721
34.60865216 6.62482381
34.65866467 6.62186703
34.70867717 6.61013659
34.75868967 6.59624152
34.80870218 6.58847572
34.85871468 6.58647030
34.90872718 6.58077562
34.95873968 6.57556333
35.00875219 6.57152222
35.05876469 6.56276632
35.10877719 6.55889270
35.15878970 6.55299519
35.20880220 6.54830707
35.25881470 6.53892791
35.30882721 6.53513360
35.35883971 6.52983241
35.40885221 6.52162877
35.45886472 6.51799591
35.50887722 6.50938825
35.55888972 6.50051950
35.60890223 6.49653268
35.65891473 6.48866825
35.70892723 6.48413653
35.75893973 6.47627978
35.80895224 6.46955699
35.85896474 6.46265970
35.90897724 6.45763335
35.95898975 6.45293686
36.00900225 6.45062783
36.05901475 6.44425461
36.10902726 6.43881872
36.15903976 6.43372442
36.20905226 6.42821587
36.25906477 6.42050619
36.30907727 6.41565414
36.35908977 6.40763138
36.40910228 6.40341885
36.45911478 6.39614207
36.50912728 6.39164999
36.55913978 6.38378280
36.60915229 6.37281404
36.65916479 6.36822199
36.70917729 6.36375322
36.75918980 6.35706825
36.80920230 6.35063560
36.85921480 6.34281932
36.90922731 6.33499092
36.95923981 6.32904129
37.00925231 6.32943595
37.05926482 6.32317658
37.10927732 6.31697713
37.15928982 6.31350664
37.20930233 6.31013534
37.25931483 6.29945525
37.30932733 6.29222020
37.35933983 6.28176223
37.40935234 6.28043414
37.45936484 6.27361246
37.50937734 6.26971984
37.55938985 6.26207486
37.60940235 6.25298136
37.65941485 6.24595945
37.70942736 6.23987539
37.75943986 6.23350526
37.80945236 6.22712767
37.85946487 6.21634243
37.90947737 6.20786547
37.95948987 6.20223581
38.00950238 6.19783515
38.05951488 6.19461345
38.10952738 6.19277454
38.15953988 6.18028312
38.20955239 6.17658954
38.25956489 6.16608864
38.30957739 6.15754584
38.35958990 6.15544988
38.40960240 6.14644431
38.45961490 6.14463289
38.50962741 6.14143612
38.55963991 6.13749934
38.60965241 6.13514115
38.65966492 6.13027327
38.70967742 6.12555576
38.75968992 6.11597265
38.80970243 6.11255663
38.85971493 6.10582216
38.90972743 6.10260484
38.95973993 6.09703848
39.00975244 6.08968101
39.05976494 6.08393955
39.10977744 6.07521568
39.15978995 6.06683110
39.20980245 6.06360496
39.25981495 6.05538903
39.30982746 6.05006939
39.35983996 6.03893559
39.40985246 6.03596632
39.45986497 6.03263158
39.50987747 6.02882950
39.55988997 6.02425891
39.60990248 6.01100643
39.65991498 6.01072532
39.70992748 6.00724419
39.75993998 6.00104267
39.80995249 5.99548055
39.85996499 5.99122362
39.90997749 5.98279052
39.95999000 5.97988089
40.01000250 5.97171730
40.06001500 5.96700728
40.11002751 5.95921473
40.16004001 5.95647438
40.21005251 5.95039463
40.26006502 5.94059292
40.31007752 5.93822425
40.36009002 5.93289533
40.41010253 5.92333585
40.46011503 5.91483341
40.51012753 5.90451202
40.56014004 5.89650202
40.61015254 5.89099858
40.66016504 5.88610584
40.71017754 5.87809252
40.76019005 5.86579036
40.81020255 5.86053470
40.86021505 5.85843416
40.91022756 5.85804832
40.96024006 5.85413628
41.01025256 5.84874784
41.06026507 5.83928058
41.11027757 5.82878252
41.16029007 5.82281325
41.21030258 5.81693158
41.26031508 5.80945550
41.31032758 5.80639871
41.36034009 5.80293284
41.41035259 5.79629050
41.46036509 5.78901702
41.51037759 5.78453980
41.56039010 5.78123037
41.61040260 5.77966100
41.66041510 5.77382918
41.71042761 5.76666286
41.76044011 5.75507541
41.81045261 5.74309684
41.86046512 5.73192340
41.91047762 5.72508867
41.96049012 5.71627871
42.01050263 5.71110838
42.06051513 5.70536917
42.11052763 5.70126200
42.16054014 5.69400149
42.21055264 5.68587122
42.26056514 5.68000777
42.31057764 5.67615711
42.36059015 5.67197402
42.41060265 5.66746189
42.46061515 5.66125262
42.51062766 5.65731013
42.56064016 5.65212445
42.61065266 5.64581105
42.66066517 5.63735753
42.71067767 5.62884106
42.76069017 5.62551705
42.81070268 5.62050412
42.86071518 5.61745979
42.91072768 5.61308373
42.96074019 5.60937894
43.01075269 5.59585136
43.06076519 5.59026165
43.11077769 5.58661584
43.16079020 5.58251614
43.21080270 5.57500638
43.26081520 5.57507317
43.31082771 5.57123422
43.36084021 5.56712466
43.41085271 5.56029597
43.46086522 5.55231041
43.51087772 5.54317066
43.56089022 5.53715021
43.61090273 5.52919442
43.66091523 5.51720538
43.71092773 5.51241021
43.76094024 5.51103638
43.81095274 5.50132501
43.86096524 5.49763087
43.91097774 5.49295806
43.96099025 5.48631923
44.01100275 5.47993520
44.06101525 5.47812021
44.11102776 5.47461071
44.16104026 5.46264826
44.21105276 5.45189094
44.26106527 5.44324625
44.31107777 5.43946765
44.36109027 5.42714523
44.41110278 5.42210022
44.46111528 5.41445430
44.51112778 5.40948311
44.56114029 5.40049564
44.61115279 5.39448690
44.66116529 5.38813431
44.71117779 5.38309015
44.76119030 5.37824048
44.81120280 5.36990795
44.86121530 5.36151358
44.91122781 5.35366907
44.96124031 5.34893315
45.01125281 5.34504889
45.06126532 5.34112202
45.11127782 5.33084630
45.16129032 5.32896574
45.21130283 5.32128764
45.26131533 5.31930676
45.31132783 5.31682063
45.36134034 5.31294846
45.41135284 5.30953482
45.46136534 5.29998802
45.51137784 5.29703672
45.56139035 5.28933981
45.61140285 5.28500507
45.66141535 5.27910063
45.71142786 5.27547005
45.76144036 5.26935487
45.81145286 5.26253674
45.86146537 5.25753841
45.91147787 5.24847159
45.96149037 5.24639983
46.01150288 5.23671099
46.06151538 5.22923056
46.11152788 5.22162578
46.16154039 5.21919927
46.21155289 5.21370223
46.26156539 5.20996229
46.31157789 5.20174001
46.36159040 5.19419347
46.41160290 5.18830234
46.46161540 5.18168273
46.51162791 5.17840734
46.56164041 5.17353804
46.61165291 5.16735804
46.66166542 5.16536335
46.71167792 5.16076653
46.76169042 5.15742062
46.81170293 5.15111242
46.86171543 5.14500012
46.91172793 5.13936525
46.96174044 5.13414328
47.01175294 5.12602208
47.06176544 5.11923189
47.11177794 5.11402018
47.16179045 5.10713247
47.21180295 5.10004833
47.26181545 5.09293330
47.31182796 5.08282150
47.36184046 5.07994311
47.41185296 5.07037854
47.46186547 5.06334721
47.51187797 5.05487943
47.56189047 5.04953769
47.61190298 5.04271262
47.66191548 5.03585577
47.71192798 5.03095012
47.76194049 5.02766580
47.81195299 5.02415966
47.86196549 5.02078774
47.91197799 5.01686751
47.96199050 5.01009176
48.01200300 5.00858753
48.06201550 5.00695157
48.11202801 5.00293635
48.16204051 4.99947570
48.21205301 4.99626048
48.26206552 4.99203619
48.31207802 4.98397149
48.36209052 4.97842267
48.41210303 4.97455223
48.46211553 4.97041245
48.51212803 4.96012518
48.56214054 4.95491043
48.61215304 4.95232042
48.66216554 4.94799458
48.71217804 4.94534416
48.76219055 4.94039436
48.81220305 4.93444872
48.86221555 4.92754826
48.91222806 4.92125118
48.96224056 4.91713290
49.01225306 4.90776205
49.06226557 4.90549955
49.11227807 4.89794019
49.16229057 4.88883649
49.21230308 4.88410795
49.26231558 4.87561648
49.31232808 4.86863072
49.36234059 4.86237552
49.41235309 4.85690826
49.46236559 4.85234139
49.51237809 4.84623882
49.56239060 4.83913764
49.61240310 4.83517937
49.66241560 4.83191380
49.71242811 4.82390501
49.76244061 4.81844038
49.81245311 4.81117488
49.86246562 4.80575820
49.91247812 4.80244626
49.96249062 4.79677769
50.01250313 4.79160566
50.06251563 4.78755846
50.11252813 4.78332171
50.16254064 4.77670371
50.21255314 4.77110354
50.26256564 4.76619846
50.31257814 4.76246381
50.36259065 4.75731238
50.41260315 4.74907426
50.46261565 4.74249539
50.51262816 4.73596034
50.56264066 4.73159843
50.61265316 4.72656980
50.66266567 4.72432688
50.71267817 4.71832162
50.76269067 4.71462672
50.81270318 4.71292887
50.86271568 4.70695996
50.91272818 4.70193353
50.96274069 4.69766086
51.01275319 4.69408047
51.06276569 4.68332548
51.11277819 4.68163878
51.16279070 4.67492362
51.21280320 4.66613032
51.26281570 4.66234719
51.31282821 4.65637725
51.36284071 4.65017145
51.41285321 4.64276281
51.46286572 4.63556601
51.51287822 4.63372383
51.56289072 4.62876381
51.61290323 4.62657743
51.66291573 4.61958731
51.71292823 4.61112774
51.76294074 4.60722719
51.81295324 4.59753924
51.86296574 4.59167837
51.91297824 4.58574468
51.96299075 4.57878674
52.01300325 4.57642647
52.06301575 4.57121114
52.11302826 4.56360539
52.16304076 4.55694686
52.21305326 4.54823111
52.26306577 4.54568385
52.31307827 4.54068629
52.36309077 4.53575943
52.41310328 4.53213005
52.46311578 4.52626616
52.51312828 4.51910706
52.56314079 4.51632896
52.61315329 4.51072994
52.66316579 4.50469242
52.71317829 4.49920583
52.76319080 4.49143268
52.81320330 4.48708378
52.86321580 4.48149083
52.91322831 4.47697794
52.96324081 4.47262238
53.01325331 4.47087720
53.06326582 4.46579126
53.11327832 4.46032667
53.16329082 4.45712519
53.21330333 4.45197966
53.26331583 4.44944110
53.31332833 4.44342271
53.36334084 4.43986675
53.41335334 4.43303672
53.46336584 4.42967388
53.51337834 4.42515135
53.56339085 4.42016923
53.61340335 4.41291065
53.66341585 4.40733162
53.71342836 4.40229822
53.76344086 4.39864735
53.81345336 4.39437691
53.86346587 4.39064087
53.91347837 4.38512316
53.96349087 4.38053914
54.01350338 4.37659096
54.06351588 4.37145015
54.11352838 4.36995929
54.16354089 4.36459631
54.21355339 4.35916060
54.26356589 4.35642484
54.31357839 4.35094054
54.36359090 4.34644830
54.41360340 4.33949445
54.46361590 4.33659910
54.51362841 4.33030907
54.56364091 4.32275617
54.61365341 4.31928503
54.66366592 4.31699826
54.71367842 4.31416403
54.76369092 4.31078629
54.81370343 4.30726529
54.86371593 4.30388793
54.91372843 4.29715738
54.96374094 4.29438221
55.01375344 4.29015905
55.06376594 4.28397165
55.11377844 4.27795071
55.16379095 4.27210250
55.21380345 4.26523654
55.26381595 4.26058583
55.31382846 4.25566787
55.36384096 4.25202718
55.41385346 4.24696822
55.46386597 4.24306469
55.51387847 4.23777618
55.56389097 4.23433877
55.61390348 4.22830189
55.66391598 4.22371977
55.71392848 4.21861082
55.76394099 4.21479960
55.81395349 4.21201709
55.86396599 4.20773061
55.91397849 4.20492087
55.96399100 4.20232393
56.01400350 4.19722187
56.06401600 4.19413993
56.11402851 4.18925798
56.16404101 4.18644830
56.21405351 4.18032193
56.26406602 4.17592389
56.31407852 4.17373642
56.36409102 4.17136933
56.41410353 4.16533567
56.46411603 4.16162534
56.51412853 4.15418922
56.56414104 4.14972889
56.61415354 4.14719599
56.66416604 4.13966792
56.71417854 4.13620873
56.76419105 4.13290405
56.81420355 4.12732157
56.86421605 4.12070421
56.91422856 4.11463304
56.96424106 4.10891313
57.01425356 4.10511322
57.06426607 4.10215971
57.11427857 4.09862315
57.16429107 4.09472850
57.21430358 4.08950116
57.26431608 4.08663708
57.31432858 4.08236666
57.36434109 4.07977810
57.41435359 4.07715765
57.46436609 4.07124662
57.51437859 4.06903500
57.56439110 4.06080442
57.61440360 4.05582410
57.66441610 4.05270133
57.71442861 4.04629854
57.76444111 4.04082438
57.81445361 4.03655750
57.86446612 4.03291108
57.91447862 4.02718077
57.96449112 4.02355593
58.01450363 4.01993699
58.06451613 4.01590916
58.11452863 4.00717335
58.16454114 4.00373619
58.21455364 4.00174036
58.26456614 3.99924826
58.31457864 3.99629421
58.36459115 3.98683467
58.41460365 3.98178248
58.46461615 3.97832547
58.51462866 3.97506933
58.56464116 3.96986719
58.61465366 3.96546561
58.66466617 3.95737119
58.71467867 3.95138682
58.76469117 3.94722951
58.81470368 3.94334541
58.86471618 3.93781866
58.91472868 3.93200841
58.96474119 3.93001664
59.01475369 3.92763636
59.06476619 3.92535127
59.11477869 3.92472730
59.16479120 3.92089479
59.21480370 3.91714567
59.26481620 3.91488346
59.31482871 3.90968687
59.36484121 3.90254933
59.41485371 3.89861400
59.46486622 3.89406136
59.51487872 3.89275669
59.56489122 3.88752136
59.61490373 3.88358576
59.66491623 3.87868548
59.71492873 3.87203248
59.76494124 3.86931304
59.81495374 3.86528353
59.86496624 3.86152271
59.91497874 3.85954216
59.96499125 3.85441466
60.01500375 3.84919020
60.06501625 3.84649285
60.11502876 3.84429815
60.16504126 3.83977213
60.21505376 3.83488116
60.26506627 3.82938477
60.31507877 3.82718318
60.36509127 3.82470071
60.41510378 3.82237438
60.46511628 3.81524592
60.51512878 3.80989754
60.56514129 3.80296543
60.61515379 3.79900460
60.66516629 3.79404498
60.71517879 3.78738075
60.76519130 3.78421829
60.81520380 3.78084319
60.86521630 3.77761834
60.91522881 3.77523498
60.96524131 3.77175809
61.01525381 3.76843876
61.06526632 3.76433702
61.11527882 3.76183013
61.16529132 3.75530872
61.21530383 3.75086936
61.26531633 3.74584644
61.31532883 3.74037509
61.36534134 3.73510684
61.41535384 3.73250139
61.46536634 3.72580457
61.51537884 3.72276090
61.56539135 3.71832750
61.61540385 3.71273424
61.66541635 3.71022833
61.71542886 3.70316455
61.76544136 3.70056195
61.81545386 3.69696741
61.86546637 3.69266861
61.91547887 3.68398312
61.96549137 3.67795897
62.01550388 3.67520163
62.06551638 3.67079659
62.11552888 3.66637012
62.16554139 3.66248144
62.21555389 3.66028358
62.26556639 3.65702631
62.31557889 3.65290329
62.36559140 3.64989218
62.41560390 3.64786324
62.46561640 3.64256335
62.51562891 3.63953487
62.56564141 3.63480309
62.61565391 3.63021309
62.66566642 3.62753674
62.71567892 3.62392093
62.76569142 3.61688127
62.81570393 3.61260581
62.86571643 3.60620615
62.91572893 3.60368785
62.96574144 3.60184882
63.01575394 3.59603250
63.06576644 3.59228038
63.11577894 3.58798921
63.16579145 3.58461003
63.21580395 3.58028531
63.26581645 3.57670240
63.31582896 3.57122093
63.36584146 3.56759377
63.41585396 3.56185154
63.46586647 3.55834896
63.51587897 3.55353172
63.56589147 3.54880155
63.61590398 3.54334708
63.66591648 3.53752491
63.71592898 3.53569556
63.76594149 3.53120202
63.81595399 3.52578626
63.86596649 3.52218435
63.91597899 3.51761932
63.96599150 3.51531498
64.01600400 3.51289282
64.06601650 3.51049265
64.11602901 3.50661966
64.16604151 3.50106062
64.21605401 3.49866273
64.26606652 3.49655689
64.31607902 3.49238513
64.36609152 3.48947696
64.41610403 3.48453747
64.46611653 3.47851400
64.51612903 3.47660411
64.56614154 3.47026171
64.61615404 3.46765593
64.66616654 3.45997523
64.71617904 3.45770973
64.76619155 3.45536295
64.81620405 3.45180432
64.86621655 3.44681189
64.91622906 3.44051135
64.96624156 3.43617228
65.01625406 3.43247429
65.06626657 3.42975542
65.11627907 3.42516918
65.16629157 3.42019043
65.21630408 3.41558622
65.26631658 3.41296769
65.31632908 3.41174147
65.36634159 3.40592458
65.41635409 3.40405862
65.46636659 3.39713932
65.51637909 3.39234417
65.56639160 3.38880477
65.61640410 3.38515723
65.66641660 3.38201165
65.71642911 3.37508640
65.76644161 3.37251036
65.81645411 3.36788823
65.86646662 3.36401666
65.91647912 3.36097586
65.96649162 3.35722007
66.01650413 3.35291648
66.06651663 3.35140073
66.11652913 3.34872057
66.16654164 3.34719758
66.21655414 3.34126731
66.26656664 3.33205761
66.31657914 3.32750538
66.36659165 3.32395884
66.41660415 3.31922797
66.46661665 3.31657102
66.51662916 3.31189060
66.56664166 3.30845157
66.61665416 3.30501620
66.66666667 3.30015431
66.71667917 3.29302835
66.76669167 3.29053981
66.81670418 3.28755784
66.86671668 3.28265583
66.91672918 3.27722034
66.96674169 3.27058838
67.01675419 3.26450276
67.06676669 3.26277186
67.11677919 3.25861167
67.16679170 3.25304871
67.21680420 3.24715440
67.26681670 3.24307958
67.31682921 3.24043908
67.36684171 3.23831835
67.41685421 3.23535094
67.46686672 3.23127391
67.51687922 3.22783771
67.56689172 3.22480859
67.61690423 3.22297001
67.66691673 3.22065011
67.71692923 3.21592849
67.76694174 3.21192137
67.81695424 3.20889629
67.86696674 3.20471069
67.91697924 3.19997246
67.96699175 3.19539383
68.01700425 3.19364644
68.06701675 3.19142257
68.11702926 3.18882926
68.16704176 3.18675301
68.21705426 3.18134749
68.26706677 3.17518488
68.31707927 3.16880055
68.36709177 3.16391449
68.41710428 3.16137052
68.46711678 3.15919616
68.51712928 3.15377807
68.56714179 3.15144463
68.61715429 3.14789292
68.66716679 3.14246491
68.71717929 3.14025115
68.76719180 3.13889925
68.81720430 3.13422501
68.86721680 3.12978996
68.91722931 3.12753347
68.96724181 3.12427754
69.01725431 3.11921054
69.06726682 3.11597549
69.11727932 3.11048653
69.16729182 3.10673034
69.21730433 3.10352749
69.26731683 3.09888483
69.31732933 3.09396868
69.36734184 3.08684084
69.41735434 3.08411179
69.46736684 3.07872046
69.51737934 3.07580553
69.56739185 3.06906003
69.61740435 3.06406484
69.66741685 3.05938786
69.71742936 3.05640162
69.76744186 3.05180413
69.81745436 3.04607681
69.86746687 3.04190710
69.91747937 3.03671633
69.96749187 3.03431388
70.01750438 3.03059565
70.06751688 3.02793064
70.11752938 3.02521341
70.16754189 3.02036343
70.21755439 3.01555360
70.26756689 3.00996630
70.31757939 3.00873753
70.36759190 3.00504337
70.41760440 3.00114620
70.46761690 2.99696991
70.51762941 2.99019892
70.56764191 2.98669815
70.61765441 2.98397277
70.66766692 2.98079379
70.71767942 2.97467555
70.76769192 2.97147727
70.81770443 2.96676389
70.86771693 2.96355832
70.91772943 2.95919733
70.96774194 2.95555752
71.01775444 2.95044376
71.06776694 2.94536689
71.11777944 2.94009814
71.16779195 2.93572875
71.21780445 2.93324960
71.26781695 2.92669907
71.31782946 2.92477572
71.36784196 2.92177757
71.41785446 2.91853935
71.46786697 2.91730169
71.51787947 2.91450131
71.56789197 2.91334322
71.61790448 2.91007392
71.66791698 2.90720129
71.71792948 2.90423552
71.76794199 2.90146495
71.81795449 2.89772037
71.86796699 2.89537778
71.91797949 2.89179591
71.96799200 2.88928446
72.01800450 2.88407354
72.06801700 2.88253182
72.11802951 2.88049782
72.16804201 2.87792188
72.21805451 2.87546891
72.26806702 2.87367297
72.31807952 2.86873863
72.36809202 2.86509541
72.41810453 2.85956626
72.46811703 2.85661279
72.51812953 2.85151038
72.56814204 2.84799553
72.61815454 2.84697758
72.66816704 2.84519786
72.71817954 2.84206633
72.76819205 2.83941948
72.81820455 2.83555094
72.86821705 2.83275032
72.91822956 2.82714614
72.96824206 2.82062619
73.01825456 2.81735959
73.06826707 2.81368387
73.11827957 2.80786237
73.16829207 2.80191458
73.21830458 2.79771140
73.26831708 2.79428122
73.31832958 2.79320123
73.36834209 2.78817176
73.41835459 2.78519570
73.46836709 2.78133661
73.51837959 2.77765045
73.56839210 2.77569981
73.61840460 2.77219544
73.66841710 2.76920853
73.71842961 2.76693215
73.76844211 2.76461944
73.81845461 2.76233472
73.86846712 2.75979550
73.91847962 2.75493608
73.96849212 2.75153316
74.01850463 2.74795960
74.06851713 2.74418466
74.11852963 2.74047343
74.16854214 2.73471773
74.21855464 2.73104104
74.26856714 2.72793750
74.31857964 2.72619638
74.36859215 2.72345523
74.41860465 2.72108841
74.46861715 2.71819795
74.51862966 2.71473415
74.56864216 2.70986402
74.61865466 2.70549904
74.66866717 2.70410641
74.71867967 2.70102005
74.76869217 2.69765515
74.81870468 2.69481401
74.86871718 2.69137962
74.91872968 2.69011467
74.96874219 2.68775289
75.01875469 2.68499437
75.06876719 2.68258674
75.11877969 2.67956848
75.16879220 2.67617799
75.21880470 2.67274769
75.26881720 2.67087759
75.31882971 2.66906703
75.36884221 2.66658219
75.41885471 2.66290636
75.46886722 2.66177702
75.51887972 2.65791644
75.56889222 2.65514685
75.61890473 2.65041196
75.66891723 2.64635873
75.71892973 2.64348487
75.76894224 2.63977929
75.81895474 2.63632907
75.86896724 2.63484689
75.91897974 2.63088786
75.96899225 2.62782123
76.01900475 2.62429313
76.06901725 2.62153406
76.11902976 2.61945691
76.16904226 2.61307912
76.21905476 2.60942863
76.26906727 2.60654455
76.31907977 2.60515244
76.36909227 2.60382123
76.41910478 2.60089347
76.46911728 2.59596524
76.51912978 2.59246884
76.56914229 2.59018007
76.61915479 2.58810611
76.66916729 2.58630698
76.71917979 2.58480230
76.76919230 2.58269295
76.81920480 2.58012871
76.86921730 2.57636766
76.91922981 2.57158031
76.96924231 2.56919027
77.01925481 2.56614144
77.06926732 2.56325558
77.11927982 2.55993043
77.16929232 2.55599212
77.21930483 2.55400489
77.26931733 2.55098826
77.31932983 2.54831506
77.36934234 2.54429221
77.41935484 2.54076068
77.46936734 2.53731943
77.51937984 2.53484360
77.56939235 2.53125632
77.61940485 2.52975377
77.66941735 2.52615386
77.71942986 2.52419013
77.76944236 2.52291785
77.81945486 2.51735507
77.86946737 2.51692517
77.91947987 2.51429845
77.96949237 2.51253811
78.01950488 2.51090322
78.06951738 2.50637278
78.11952988 2.50214235
78.16954239 2.50070775
78.21955489 2.49891536
78.26956739 2.49409514
78.31957989 2.49139014
78.36959240 2.48936517
78.41960490 2.48589285
78.46961740 2.48387304
78.51962991 2.48027152
78.56964241 2.47722743
78.61965491 2.47475908
78.66966742 2.47240386
78.71967992 2.46873466
78.76969242 2.46777590
78.81970493 2.46594901
78.86971743 2.46456443
78.91972993 2.46233120
78.96974244 2.45898943
79.01975494 2.45693614
79.06976744 2.45430430
79.11977994 2.45023074
79.16979245 2.44682537
79.21980495 2.44322771
79.26981745 2.44144804
79.31982996 2.43898617
79.36984246 2.43585732
79.41985496 2.43387797
79.46986747 2.42982661
79.51987997 2.42583355
79.56989247 2.42327069
79.61990498 2.41557718
79.66991748 2.41198342
79.71992998 2.40908106
79.76994249 2.40751614
79.81995499 2.40333562
79.86996749 2.40063694
79.91997999 2.39859130
79.96999250 2.39538053
80.02000500 2.39279335
80.07001750 2.38917652
80.12003001 2.38661508
80.17004251 2.38300041
80.22005501 2.37818502
80.27006752 2.37516479
80.32008002 2.37238058
80.37009252 2.37062376
80.42010503 2.36683290
80.47011753 2.36422243
80.52013003 2.36168659
80.57014254 2.35894233
80.62015504 2.35738579
80.67016754 2.35430116
80.72018005 2.35313589
80.77019255 2.35129857
80.82020505 2.34686303
80.87021755 2.34557085
80.92023006 2.34387429
80.97024256 2.34174160
81.02025506 2.33838717
81.07026757 2.33528231
81.12028007 2.33233474
81.17029257 2.32971388
81.22030508 2.32513513
81.27031758 2.32396491
81.32033008 2.32013864
81.37034259 2.31629305
81.42035509 2.31140338
81.47036759 2.30913954
81.52038010 2.30680906
81.57039260 2.30412516
81.62040510 2.30053703
81.67041760 2.29610548
81.72043011 2.29418395
81.77044261 2.29221917
81.82045511 2.28776888
81.87046762 2.28490570
81.92048012 2.28073618
81.97049262 2.27709868
82.02050513 2.27456105
82.07051763 2.27243643
82.12053013 2.26998399
82.17054264 2.26373991
82.22055514 2.26175699
82.27056764 2.25855649
82.32058015 2.25714744
82.37059265 2.25575366
82.42060515 2.25504688
82.47061765 2.25266278
82.52063016 2.25079468
82.57064266 2.24858984
82.62065516 2.24567882
82.67066767 2.24324801
82.72068017 2.24210922
82.77069267 2.23988853
82.82070518 2.23802753
82.87071768 2.23551437
82.92073018 2.23186287
82.97074269 2.22957944
83.02075519 2.22863819
83.07076769 2.22718366
83.12078020 2.22442828
83.17079270 2.21889102
83.22080520 2.21393731
83.27081770 2.20988847
83.32083021 2.20620542
83.37084271 2.20433311
83.42085521 2.20184144
83.47086772 2.20027398
83.52088022 2.19758120
83.57089272 2.19410534
83.62090523 2.19109877
83.67091773 2.18955062
83.72093023 2.18558535
83.77094274 2.18149396
83.82095524 2.18061357
83.87096774 2.17830739
83.92098025 2.17637494
83.97099275 2.17429042
84.02100525 2.17141113
84.07101775 2.16847637
84.12103026 2.16468174
84.17104276 2.15908148
84.22105526 2.15660774
84.27106777 2.15460436
84.32108027 2.15287921
84.37109277 2.15059708
84.42110528 2.14898377
84.47111778 2.14737589
84.52113028 2.14634647
84.57114279 2.14284328
84.62115529 2.14006106
84.67116779 2.13606493
84.72118030 2.13218253
84.77119280 2.12887054
84.82120530 2.12746843
84.87121780 2.12456423
84.92123031 2.12133491
84.97124281 2.11835187
85.02125531 2.11527788
85.07126782 2.11351797
85.12128032 2.11040066
85.17129282 2.10840316
85.22130533 2.10499943
85.27131783 2.10344580
85.32133033 2.10059047
85.37134284 2.09837652
85.42135534 2.09585424
85.47136784 2.09384168
85.52138035 2.08850329
85.57139285 2.08640022
85.62140535 2.08458097
85.67141785 2.08209515
85.72143036 2.07809200
85.77144286 2.07470037
85.82145536 2.07228026
85.87146787 2.07001608
85.92148037 2.06758106
85.97149287 2.06447917
86.02150538 2.06226279
86.07151788 2.05940826
86.12153038 2.05631852
86.17154289 2.05519170
86.22155539 2.05296525
86.27156789 2.05121407
86.32158040 2.04961335
86.37159290 2.04678105
86.42160540 2.04376369
86.47161790 2.04138989
86.52163041 2.03922682
86.57164291 2.03729988
86.62165541 2.03649610
86.67166792 2.03366394
86.72168042 2.03226243
86.77169292 2.03003074
86.82170543 2.02568537
86.87171793 2.02374137
86.92173043 2.02160990
86.97174294 2.02144563
87.02175544 2.01855087
87.07176794 2.01662221
87.12178045 2.01414079
87.17179295 2.01161156
87.22180545 2.00886168
87.27181795 2.00521900
87.32183046 2.00052325
87.37184296 1.99811397
87.42185546 1.99641866
87.47186797 1.99243947
87.52188047 1.99057644
87.57189297 1.98954028
87.62190548 1.98620914
87.67191798 1.98386703
87.72193048 1.98163249
87.77194299 1.98004910
87.82195549 1.97714267
87.87196799 1.97461979
87.92198050 1.96949159
87.97199300 1.96693224
88.02200550 1.96424910
88.07201800 1.96119900
88.12203051 1.95903294
88.17204301 1.95778725
88.22205551 1.95492486
88.27206802 1.95348138
88.32208052 1.95190501
88.37209302 1.95003021
88.42210553 1.94766835
88.47211803 1.94593858
88.52213053 1.94170394
88.57214304 1.93887986
88.62215554 1.93638000
88.67216804 1.93508442
88.72218055 1.93301647
88.77219305 1.93184896
88.82220555 1.92957311
88.87221805 1.92874899
88.92223056 1.92665233
88.97224306 1.92326110
89.02225556 1.92101236
89.07226807 1.91974670
89.12228057 1.91756425
89.17229307 1.91503338
89.22230558 1.91215433
89.27231808 1.90960683
89.32233058 1.90796511
89.37234309 1.90611121
89.42235559 1.90275973
89.47236809 1.90125141
89.52238060 1.89772393
89.57239310 1.89595006
89.62240560 1.89443362
89.67241810 1.89352126
89.72243061 1.88913587
89.77244311 1.88626240
89.82245561 1.88202014
89.87246812 1.87824258
89.92248062 1.87623190
89.97249312 1.87394690
90.02250563 1.87298540
90.07251813 1.87163225
90.12253063 1.86999600
90.17254314 1.86791674
90.22255564 1.86427642
90.27256814 1.86229223
90.32258065 1.86159797
90.37259315 1.85942229
90.42260565 1.85815095
90.47261815 1.85552833
90.52263066 1.85260293
90.57264316 1.85206490
90.62265566 1.84854413
90.67266817 1.84686258
90.72268067 1.84491737
90.77269317 1.84241143
90.82270568 1.84055010
90.87271818 1.83859198
90.92273068 1.83718161
90.97274319 1.83474326
91.02275569 1.83269630
91.07276819 1.83049200
91.12278070 1.82703004
91.17279320 1.82566984
91.22280570 1.82358910
91.27281820 1.82200949
91.32283071 1.81904976
91.37284321 1.81720087
91.42285571 1.81547943
91.47286822 1.81171566
91.52288072 1.80851042
91.57289322 1.80571430
91.62290573 1.80225075
91.67291823 1.80036358
91.72293073 1.79722078
91.77294324 1.79211252
91.82295574 1.79034534
91.87296824 1.78637841
91.92298075 1.78454790
91.97299325 1.78289495
92.02300575 1.77968824
92.07301825 1.77693180
92.12303076 1.77532879
92.17304326 1.77492105
92.22305576 1.77423149
92.27306827 1.77245336
92.32308077 1.77088868
92.37309327 1.76819633
92.42310578 1.76689270
92.47311828 1.76559939
92.52313078 1.76364784
92.57314329 1.75954732
92.62315579 1.75841402
92.67316829 1.75587753
92.72318080 1.75422261
92.77319330 1.75242631
92.82320580 1.75065960
92.87321830 1.74781527
92.92323081 1.74619607
92.97324331 1.74375114
93.02325581 1.74155528
93.07326832 1.73954855
93.12328082 1.73747663
93.17329332 1.73616474
93.22330583 1.73435484
93.27331833 1.73117653
93.32333083 1.72898416
93.37334334 1.72631578
93.42335584 1.72317644
93.47336834 1.72087247
93.52338085 1.71996811
93.57339335 1.71778231
93.62340585 1.71619214
93.67341835 1.71520430
93.72343086 1.71353192
93.77344336 1.71097835
93.82345586 1.70924725
93.87346837 1.70715160
93.92348087 1.70559329
93.97349337 1.70344940
94.02350588 1.70189711
94.07351838 1.69879448
94.12353088 1.69791144
94.17354339 1.69648383
94.22355589 1.69182402
94.27356839 1.68970137
94.32358090 1.68768200
94.37359340 1.68575797
94.42360590 1.68469240
94.47361840 1.68200014
94.52363091 1.67857773
94.57364341 1.67680967
94.62365591 1.67542666
94.67366842 1.67295124
94.72368092 1.67033066
94.77369342 1.66846532
94.82370593 1.66763949
94.87371843 1.66488898
94.92373093 1.66238517
94.97374344 1.66002278
95.02375594 1.65782988
95.07376844 1.65437412
95.12378095 1.65265519
95.17379345 1.65133066
95.22380595 1.65007017
95.27381845 1.64876806
95.32383096 1.64731334
95.37384346 1.64572288
95.42385596 1.64373089
95.47386847 1.64200505
95.52388097 1.63977957
95.57389347 1.63750493
95.62390598 1.63563437
95.67391848 1.63528210
95.72393098 1.63344101
95.77394349 1.63188639
95.82395599 1.63017939
95.87396849 1.62792558
95.92398100 1.62575639
95.97399350 1.62386707
96.02400600 1.62181003
96.07401850 1.61917709
96.12403101 1.61743065
96.17404351 1.61551360
96.22405601 1.61409071
96.27406852 1.61233672
96.32408102 1.60957332
96.37409352 1.60625716
96.42410603 1.60356132
96.47411853 1.60202773
96.52413103 1.59998690
96.57414354 1.59804924
96.62415604 1.59543707
96.67416854 1.59289918
96.72418105 1.59120124
96.77419355 1.58871229
96.82420605 1.58703147
96.87421855 1.58463262
96.92423106 1.58342980
96.97424356 1.58126596
97.02425606 1.57892489
97.07426857 1.57789671
97.12428107 1.57389399
97.17429357 1.57160439
97.22430608 1.56969973
97.27431858 1.56833636
97.32433108 1.56518939
97.37434359 1.56372496
97.42435609 1.56161397
97.47436859 1.55941063
97.52438110 1.55804672
97.57439360 1.55707076
97.62440610 1.55536343
97.67441860 1.55399327
97.72443111 1.55258452
97.77444361 1.54967328
97.82445611 1.54718123
97.87446862 1.54468232
97.92448112 1.54292612
97.97449362 1.54003577
98.02450613 1.53749615
98.07451863 1.53556001
98.12453113 1.53283806
98.17454364 1.53130230
98.22455614 1.52936348
98.27456864 1.52788815
98.32458115 1.52650645
98.37459365 1.52548857
98.42460615 1.52253046
98.47461865 1.52066696
98.52463116 1.51918527
98.57464366 1.51560195
98.62465616 1.51432946
98.67466867 1.51185653
98.72468117 1.51057702
98.77469367 1.50879153
98.82470618 1.50781892
98.87471868 1.50638636
98.92473118 1.50406602
98.97474369 1.50298710
99.02475619 1.50133926
99.07476869 1.49915858
99.12478120 1.49780674
99.17479370 1.49604098
99.22480620 1.49478307
99.27481870 1.49195424
99.32483121 1.48937702
99.37484371 1.48739939
99.42485621 1.48608210
99.47486872 1.48451300
99.52488122 1.48259894
99.57489372 1.48045918
99.62490623 1.47877913
99.67491873 1.47720618
99.72493123 1.47554640
99.77494374 1.47399451
99.82495624 1.47272752
99.87496874 1.47090505
99.92498125 1.46927235
99.97499375 1.46646518
100.02500625 1.46516739
100.07501875 1.46380685
100.12503126 1.46272196
100.17504376 1.46127092
100.22505626 1.45892048
100.27506877 1.45777287
100.32508127 1.45527757
100.37509377 1.45333180
100.42510628 1.45184099
100.47511878 1.45037839
100.52513128 1.44957809
100.57514379 1.44811011
100.62515629 1.44662274
100.67516879 1.44464630
100.72518130 1.44285557
100.77519380 1.44179775
100.82520630 1.43919305
100.87521880 1.43772396
100.92523131 1.43625166
100.97524381 1.43460073
101.02525631 1.43300613
101.07526882 1.43221935
101.12528132 1.43005245
101.17529382 1.42860366
101.22530633 1.42630835
101.27531883 1.42444255
101.32533133 1.42296034
101.37534384 1.42180273
101.42535634 1.42029776
101.47536884 1.41839885
101.52538135 1.41659104
101.57539385 1.41508882
101.62540635 1.41389723
101.67541885 1.41052510
101.72543136 1.40875058
101.77544386 1.40767327
101.82545636 1.40624347
101.87546887 1.40493410
101.92548137 1.40359983
101.97549387 1.40131325
102.02550638 1.39934901
102.07551888 1.39776201
102.12553138 1.39664042
102.17554389 1.39468934
102.22555639 1.39215165
102.27556889 1.39068681
102.32558140 1.38935567
102.37559390 1.38576719
102.42560640 1.38396956
102.47561890 1.38234144
102.52563141 1.38007414
102.57564391 1.37702137
102.62565641 1.37431899
102.67566892 1.37321236
102.72568142 1.37078862
102.77569392 1.36951347
102.82570643 1.36769753
102.87571893 1.36566089
102.92573143 1.36389425
102.97574394 1.36256782
103.02575644 1.36163037
103.07576894 1.36023380
103.12578145 1.35898351
103.17579395 1.35732705
103.22580645 1.35596602
103.27581895 1.35396342
103.32583146 1.35251386
103.37584396 1.35101071
103.42585646 1.34871011
103.47586897 1.34520005
103.52588147 1.34327385
103.57589397 1.34052748
103.62590648 1.33828045
103.67591898 1.33503762
103.72593148 1.33377709
103.77594399 1.33143717
103.82595649 1.32972359
103.87596899 1.32785125
103.92598150 1.32577892
103.97599400 1.32309067
104.02600650 1.31981355
104.07601900 1.31879506
104.12603151 1.31619431
104.17604401 1.31522823
104.22605651 1.31418109
104.27606902 1.31254603
104.32608152 1.31090676
104.37609402 1.30952484
104.42610653 1.30829527
104.47611903 1.30698608
104.52613153 1.30591732
104.57614404 1.30366562
104.62615654 1.30190682
104.67616904 1.29991859
104.72618155 1.29840612
104.77619405 1.29735527
104.82620655 1.29498908
104.87621905 1.29233151
104.92623156 1.29074096
104.97624406 1.28826752
105.02625656 1.28658106
105.07626907 1.28498176
105.12628157 1.28328976
105.17629407 1.28205308
105.22630658 1.28062490
105.27631908 1.27907774
105.32633158 1.27736563
105.37634409 1.27505310
105.42635659 1.27358243
105.47636909 1.27205726
105.52638160 1.27077332
105.57639410 1.26960096
105.62640660 1.26902898
105.67641910 1.26740809
105.72643161 1.26607731
105.77644411 1.26423167
105.82645661 1.26297638
105.87646912 1.26134214
105.92648162 1.25985138
105.97649412 1.25798346
106.02650663 1.25594220
106.07651913 1.25440414
106.12653163 1.25259992
106.17654414 1.25240006
106.22655664 1.25033070
106.27656914 1.24908873
106.32658165 1.24776228
106.37659415 1.24610780
106.42660665 1.24525235
106.47661915 1.24300272
106.52663166 1.24194204
106.57664416 1.24049436
106.62665666 1.23914273
106.67666917 1.23791881
106.72668167 1.23579139
106.77669417 1.23439784
106.82670668 1.23323998
106.87671918 1.23079850
106.92673168 1.22970785
106.97674419 1.22910796
107.02675669 1.22747835
107.07676919 1.22601023
107.12678170 1.22477064
107.17679420 1.22295264
107.22680670 1.22097679
107.27681920 1.21946329
107.32683171 1.21826562
107.37684421 1.21622226
107.42685671 1.21499401
107.47686922 1.21396601
107.52688172 1.21212782
107.57689422 1.21019519
107.62690673 1.20769007
107.67691923 1.20560470
107.72693173 1.20422211
107.77694424 1.20266373
107.82695674 1.20088206
107.87696924 1.19965509
107.92698175 1.19831580
107.97699425 1.19730985
108.02700675 1.19624540
108.07701925 1.19460226
108.12703176 1.19358955
108.17704426 1.19249804
108.22705676 1.19018702
108.27706927 1.18889369
108.32708177 1.18727596
108.37709427 1.18571282
108.42710678 1.18408998
108.47711928 1.18265543
108.52713178 1.18100704
108.57714429 1.17958548
108.62715679 1.17842162
108.67716929 1.17640790
108.72718180 1.17447395
108.77719430 1.17270996
108.82720680 1.17166730
108.87721930 1.16909454
108.92723181 1.16754298
108.97724431 1.16536417
109.02725681 1.16357901
109.07726932 1.16161697
109.12728182 1.16030938
109.17729432 1.15916201
109.22730683 1.15846336
109.27731933 1.15684787
109.32733183 1.15512373
109.37734434 1.15275817
109.42735684 1.15160262
109.47736934 1.15053470
109.52738185 1.14936923
109.57739435 1.14786042
109.62740685 1.14693142
109.67741935 1.14562825
109.72743186 1.14492739
109.77744436 1.14356782
109.82745686 1.14200851
109.87746937 1.14094193
109.92748187 1.14057635
109.97749437 1.13916338
110.02750688 1.13776365
110.07751938 1.13632473
110.12753188 1.13414562
110.17754439 1.13249182
110.22755689 1.13131074
110.27756939 1.12803664
110.32758190 1.12655351
110.37759440 1.12552409
110.42760690 1.12366211
110.47761940 1.12260777
110.52763191 1.12131653
110.57764441 1.11970402
110.62765691 1.11867793
110.67766942 1.11778353
110.72768192 1.11553412
110.77769442 1.11345030
110.82770693 1.11239588
110.87771943 1.11061168
110.92773193 1.10916912
110.97774444 1.10802095
111.02775694 1.10593397
111.07776944 1.10533504
111.12778195 1.10402708
111.17779445 1.10227635
111.22780695 1.09960211
111.27781945 1.09768082
111.32783196 1.09623128
111.37784446 1.09533778
111.42785696 1.09413168
111.47786947 1.09315962
111.52788197 1.09179562
111.57789447 1.09082499
111.62790698 1.08977506
111.67791948 1.08765432
111.72793198 1.08633586
111.77794449 1.08549085
111.82795699 1.08475124
111.87796949 1.08358430
111.92798200 1.08201041
111.97799450 1.08129825
112.02800700 1.08010043
112.07801950 1.07840792
112.12803201 1.07712043
112.17804451 1.07589648
112.22805701 1.07483461
112.27806952 1.07380863
112.32808202 1.07271578
112.37809452 1.07145814
112.42810703 1.07019895
112.47811953 1.06870891
112.52813203 1.06698895
112.57814454 1.06533108
112.62815704 1.06388159
112.67816954 1.06294048
112.72818205 1.06185932
112.77819455 1.06071617
112.82820705 1.05762796
112.87821955 1.05578266
112.92823206 1.05503700
112.97824456 1.05416680
113.02825706 1.05197879
113.07826957 1.05112988
113.12828207 1.04985319
113.17829457 1.04855399
113.22830708 1.04724923
113.27831958 1.04649586
113.32833208 1.04522314
113.37834459 1.04307889
113.42835709 1.04199176
113.47836959 1.04084529
113.52838210 1.03905299
113.57839460 1.03822028
113.62840710 1.03706255
113.67841960 1.03618126
113.72843211 1.03538864
113.77844461 1.03441280
113.82845711 1.03244585
113.87846962 1.03001699
113.92848212 1.02860319
113.97849462 1.02727520
114.02850713 1.02544371
114.07851963 1.02403013
114.12853213 1.02287496
114.17854464 1.02086049
114.22855714 1.01950002
114.27856964 1.01799125
114.32858215 1.01686901
114.37859465 1.01504695
114.42860715 1.01416921
114.47861965 1.01289592
114.52863216 1.01102730
114.57864466 1.00980383
114.62865716 1.00888553
114.67866967 1.00776377
114.72868217 1.00574397
114.77869467 1.00464886
114.82870718 1.00375983
114.87871968 1.00246584
114.92873218 1.00080907
114.97874469 0.99980063
115.02875719 0.99854560
115.07876969 0.99678128
115.12878220 0.99581580
115.17879470 0.99488290
115.22880720 0.99461240
115.27881970 0.99201610
115.32883221 0.99090204
115.37884471 0.98948567
115.42885721 0.98807610
115.47886972 0.98682290
115.52888222 0.98599095
115.57889472 0.98513749
115.62890723 0.98388263
115.67891973 0.98179696
115.72893223 0.98038631
115.77894474 0.97834201
115.82895724 0.97716115
115.87896974 0.97598939
115.92898225 0.97455280
115.97899475 0.97327101
116.02900725 0.97189557
116.07901975 0.97124859
116.12903226 0.97060859
116.17904476 0.96840140
116.22905726 0.96748158
116.27906977 0.96580104
116.32908227 0.96460662
116.37909477 0.96392217
116.42910728 0.96275351
116.47911978 0.96133894
116.52913228 0.95982163
116.57914479 0.95904968
116.62915729 0.95771928
116.67916979 0.95633741
116.72918230 0.95467385
116.77919480 0.95346522
116.82920730 0.95130437
116.87921980 0.94944557
116.92923231 0.94900501
116.97924481 0.94697559
117.02925731 0.94495133
117.07926982 0.94350605
117.12928232 0.93989846
117.17929482 0.93872086
117.22930733 0.93732101
117.27931983 0.93666156
117.32933233 0.93559989
117.37934484 0.93453937
117.42935734 0.93305014
117.47936984 0.93146276
117.52938235 0.92996974
117.57939485 0.92873933
117.62940735 0.92747851
117.67941985 0.92631515
117.72943236 0.92524806
117.77944486 0.92452627
117.82945736 0.92357106
117.87946987 0.92278907
117.92948237 0.92218188
117.97949487 0.92139569
118.02950738 0.91985823
118.07951988 0.91859294
118.12953238 0.91574927
118.17954489 0.91471720
118.22955739 0.91259288
118.27956989 0.91091463
118.32958240 0.90981928
118.37959490 0.90804009
118.42960740 0.90710617
118.47961990 0.90532440
118.52963241 0.90410638
118.57964491 0.90261238
118.62965741 0.90152864
118.67966992 0.90059026
118.72968242 0.89885518
118.77969492 0.89763374
118.82970743 0.89634988
118.87971993 0.89513441
118.92973243 0.89443263
118.97974494 0.89331893
119.02975744 0.89243410
119.07976994 0.89174488
119.12978245 0.89095356
119.17979495 0.89008028
119.22980745 0.88970466
119.27981995 0.88861024
119.32983246 0.88805844
119.37984496 0.88669473
119.42985746 0.88543252
119.47986997 0.88453119
119.52988247 0.88356671
119.57989497 0.88194009
119.62990748 0.88055567
119.67991998 0.87916814
119.72993248 0.87814110
119.77994499 0.87666097
119.82995749 0.87601831
119.87996999 0.87434266
119.92998250 0.87351403
119.97999500 0.87199494
120.03000750 0.87051407
120.08002001 0.86908951
120.13003251 0.86828965
120.18004501 0.86767990
120.23005751 0.86701467
120.28007002 0.86622860
120.33008252 0.86533080
120.38009502 0.86366042
120.43010753 0.86255073
120.48012003 0.86161469
120.53013253 0.86077878
120.58014504 0.85986877
120.63015754 0.85776415
120.68017004 0.85657228
120.73018255 0.85531460
120.78019505 0.85420795
120.83020755 0.85348528
120.88022006 0.85277656
120.93023256 0.85181381
120.98024506 0.85092547
121.03025756 0.85063347
121.08027007 0.84968778
121.13028257 0.84728869
121.18029507 0.84562399
121.23030758 0.84534786
121.28032008 0.84432795
121.33033258 0.84298267
121.38034509 0.84192802
121.43035759 0.84089861
121.48037009 0.84072201
121.53038260 0.83982951
121.58039510 0.83897421
121.63040760 0.83757782
121.68042011 0.83677628
121.73043261 0.83521254
121.78044511 0.83262405
121.83045761 0.83143694
121.88047012 0.83016791
121.93048262 0.82878028
121.98049512 0.82765212
122.03050763 0.82593247
122.08052013 0.82494682
122.13053263 0.82395715
122.18054514 0.82216731
122.23055764 0.82165229
122.28057014 0.82081374
122.33058265 0.81990452
122.38059515 0.81865370
122.43060765 0.81766879
122.48062016 0.81613529
122.53063266 0.81533646
122.58064516 0.81431306
122.63065766 0.81345757
122.68067017 0.81252829
122.73068267 0.81114131
122.78069517 0.81013535
122.83070768 0.80857500
122.88072018 0.80653305
122.93073268 0.80556164
122.98074519 0.80432120
123.03075769 0.80366516
123.08077019 0.80282750
123.13078270 0.80188123
123.18079520 0.80086403
123.23080770 0.79983433
123.28082021 0.79878008
123.33083271 0.79787050
123.38084521 0.79685656
123.43085771 0.79598383
123.48087022 0.79533984
123.53088272 0.79385534
123.58089522 0.79289174
123.63090773 0.79171024
123.68092023 0.79053530
123.73093273 0.78940295
123.78094524 0.78955080
123.83095774 0.78827647
123.88097024 0.78624592
123.93098275 0.78479740
123.98099525 0.78374740
124.03100775 0.78292698
124.08102026 0.78170319
124.13103276 0.78068045
124.18104526 0.77954052
124.23105776 0.77875248
124.28107027 0.77753406
124.33108277 0.77632049
124.38109527 0.77580550
124.43110778 0.77436418
124.48112028 0.77348834
124.53113278 0.77305737
124.58114529 0.77211743
124.63115779 0.77047790
124.68117029 0.76969570
124.73118280 0.76853943
124.78119530 0.76754100
124.83120780 0.76656242
124.88122031 0.76520682
124.93123281 0.76444137
124.98124531 0.76327264
125.03125781 0.76213197
125.08127032 0.76163039
125.13128282 0.76044405
125.18129532 0.75965534
125.23130783 0.75871973
125.28132033 0.75717649
125.33133283 0.75628747
125.38134534 0.75534527
125.43135784 0.75461802
125.48137034 0.75353899
125.53138285 0.75250360
125.58139535 0.75187004
125.63140785 0.75068429
125.68142036 0.74972005
125.73143286 0.74796317
125.78144536 0.74619396
125.83145786 0.74472345
125.88147037 0.74426013
125.93148287 0.74232741
125.98149537 0.74176700
126.03150788 0.74092467
126.08152038 0.73942183
126.13153288 0.73847163
126.18154539 0.73769073
126.23155789 0.73685219
126.28157039 0.73548526
126.33158290 0.73455253
126.38159540 0.73280794
126.43160790 0.73097127
126.48162041 0.72970711
126.53163291 0.72900369
126.58164541 0.72764762
126.63165791 0.72697104
126.68167042 0.72621746
126.73168292 0.72567661
126.78169542 0.72500214
126.83170793 0.72407715
126.88172043 0.72304531
126.93173293 0.72204198
126.98174544 0.72133495
127.03175794 0.72036718
127.08177044 0.71955871
127.13178295 0.71816483
127.18179545 0.71609969
127.23180795 0.71463495
127.28182046 0.71392898
127.33183296 0.71364539
127.38184546 0.71296710
127.43185796 0.71100449
127.48187047 0.71061531
127.53188297 0.70897947
127.58189547 0.70815223
127.63190798 0.70745508
127.68192048 0.70614037
127.73193298 0.70509164
127.78194549 0.70421254
127.83195799 0.70313885
127.88197049 0.70207398
127.93198300 0.70108696
127.98199550 0.70029642
128.03200800 0.69936143
128.08202051 0.69881176
128.13203301 0.69815166
128.18204551 0.69705263
128.23205801 0.69560558
128.28207052 0.69463569
128.33208302 0.69365873
128.38209552 0.69281256
128.43210803 0.69187127
128.48212053 0.69124473
128.53213303 0.68977898
128.58214554 0.68884843
128.63215804 0.68786667
128.68217054 0.68714293
128.73218305 0.68593818
128.78219555 0.68462709
128.83220805 0.68391582
128.88222056 0.68257047
128.93223306 0.68189586
128.98224556 0.68139157
129.03225806 0.68083501
129.08227057 0.68005673
129.13228307 0.67953376
129.18229557 0.67868540
129.23230808 0.67820380
129.28232058 0.67696068
129.33233308 0.67611675
129.38234559 0.67516581
129.43235809 0.67427015
129.48237059 0.67320829
129.53238310 0.67237225
129.58239560 0.67137549
129.63240810 0.67027485
129.68242061 0.66948481
129.73243311 0.66863278
129.78244561 0.66775152
129.83245811 0.66669116
129.88247062 0.66546510
129.93248312 0.66431976
129.98249562 0.66306946
130.03250813 0.66223646
130.08252063 0.66118186
130.13253313 0.66057805
130.18254564 0.66001298
130.23255814 0.65939155
130.28257064 0.65855627
130.33258315 0.65768493
130.38259565 0.65677001
130.43260815 0.65644795
130.48262066 0.65616910
130.53263316 0.65498599
130.58264566 0.65388665
130.63265816 0.65265321
130.68267067 0.65213512
130.73268317 0.65109098
130.78269567 0.65045607
130.83270818 0.64924149
130.88272068 0.64787177
130.93273318 0.64694233
130.98274569 0.64650217
131.03275819 0.64521083
131.08277069 0.64441310
131.13278320 0.64375026
131.18279570 0.64343560
131.23280820 0.64223653
131.28282071 0.64164835
131.33283321 0.64112588
131.38284571 0.63965771
131.43285821 0.63897681
131.48287072 0.63837277
131.53288322 0.63770458
131.58289572 0.63699301
131.63290823 0.63649663
131.68292073 0.63580483
131.73293323 0.63476595
131.78294574 0.63400577
131.83295824 0.63333917
131.88297074 0.63271931
131.93298325 0.63216732
131.98299575 0.63082051
132.03300825 0.63011346
132.08302076 0.62923521
132.13303326 0.62786561
132.18304576 0.62674822
132.23305826 0.62626228
132.28307077 0.62524309
132.33308327 0.62424429
132.38309577 0.62346948
132.43310828 0.62269283
132.48312078 0.62166551
132.53313328 0.62091152
132.58314579 0.62086078
132.63315829 0.62014173
132.68317079 0.61971359
132.73318330 0.61897261
132.78319580 0.61833197
132.83320830 0.61749510
132.88322081 0.61660271
132.93323331 0.61575244
132.98324581 0.61493829
133.03325831 0.61416662
133.08327082 0.61420876
133.13328332 0.61345917
133.18329582 0.61242349
133.23330833 0.61159971
133.28332083 0.61040221
133.33333333 0.60951027
133.38334584 0.60923370
133.43335834 0.60812136
133.48337084 0.60729186
133.53338335 0.60668543
133.58339585 0.60562861
133.63340835 0.60481205
133.68342086 0.60371492
133.73343336 0.60324550
133.78344586 0.60234890
133.83345836 0.60163712
133.88347087 0.60084425
133.93348337 0.60013543
133.98349587 0.59953158
134.03350838 0.59880047
134.08352088 0.59810060
134.13353338 0.59736735
134.18354589 0.59635191
134.23355839 0.59560795
134.28357089 0.59532697
134.33358340 0.59444417
134.38359590 0.59352880
134.43360840 0.59252939
134.48362091 0.59177429
134.53363341 0.59077171
134.58364591 0.58983136
134.63365841 0.58819174
134.68367092 0.58735788
134.73368342 0.58640688
134.78369592 0.58560320
134.83370843 0.58493651
134.88372093 0.58373865
134.93373343 0.58280620
134.98374594 0.58204423
135.03375844 0.58124833
135.08377094 0.58042984
135.13378345 0.58003238
135.18379595 0.57909538
135.23380845 0.57832668
135.28382096 0.57750232
135.33383346 0.57683034
135.38384596 0.57590231
135.43385846 0.57545967
135.48387097 0.57412379
135.53388347 0.57348339
135.58389597 0.57271614
135.63390848 0.57181668
135.68392098 0.56983808
135.73393348 0.56951764
135.78394599 0.56781672
135.83395849 0.56741819
135.88397099 0.56731184
135.93398350 0.56674360
135.98399600 0.56592761
136.03400850 0.56520146
136.08402101 0.56404869
136.13403351 0.56387682
136.18404601 0.56298142
136.23405851 0.56247164
136.28407102 0.56160258
136.33408352 0.56099317
136.38409602 0.56052538
136.43410853 0.55886957
136.48412103 0.55784839
136.53413353 0.55671692
136.58414604 0.55583421
136.63415854 0.55442935
136.68417104 0.55375395
136.73418355 0.55292339
136.78419605 0.55246320
136.83420855 0.55109972
136.88422106 0.54959390
136.93423356 0.54859797
136.98424606 0.54787558
137.03425856 0.54654465
137.08427107 0.54631244
137.13428357 0.54566269
137.18429607 0.54470720
137.23430858 0.54443151
137.28432108 0.54390819
137.33433358 0.54312311
137.38434609 0.54233254
137.43435859 0.54187251
137.48437109 0.54105788
137.53438360 0.54022056
137.58439610 0.53913028
137.63440860 0.53827207
137.68442111 0.53740450
137.73443361 0.53651053
137.78444611 0.53556424
137.83445861 0.53479398
137.88447112 0.53374017
137.93448362 0.53301122
137.98449612 0.53243265
138.03450863 0.53240245
138.08452113 0.53203076
138.13453363 0.53040064
138.18454614 0.52965643
138.23455864 0.52911026
138.28457114 0.52848112
138.33458365 0.52801801
138.38459615 0.52730074
138.43460865 0.52656330
138.48462116 0.52592629
138.53463366 0.52527697
138.58464616 0.52442993
138.63465866 0.52370360
138.68467117 0.52337254
138.73468367 0.52241544
138.78469617 0.52112714
138.83470868 0.52040137
138.88472118 0.51967302
138.93473368 0.51786104
138.98474619 0.51712595
139.03475869 0.51644612
139.08477119 0.51590045
139.13478370 0.51519978
139.18479620 0.51472714
139.23480870 0.51362201
139.28482121 0.51298431
139.33483371 0.51232544
139.38484621 0.51178468
139.43485871 0.51151516
139.48487122 0.51090789
139.53488372 0.51030198
139.58489622 0.50977627
139.63490873 0.50873715
139.68492123 0.50792000
139.73493373 0.50726573
139.78494624 0.50645576
139.83495874 0.50602948
139.88497124 0.50558386
139.93498375 0.50487615
139.98499625 0.50423843
140.03500875 0.50382366
140.08502126 0.50374024
140.13503376 0.50258177
140.18504626 0.50184081
140.23505876 0.50118382
140.28507127 0.50049750
140.33508377 0.49966186
140.38509627 0.49896939
140.43510878 0.49825301
140.48512128 0.49756141
140.53513378 0.49690661
140.58514629 0.49629748
140.63515879 0.49545655
140.68517129 0.49479765
140.73518380 0.49406329
140.78519630 0.49314018
140.83520880 0.49251888
140.88522131 0.49197784
140.93523381 0.49167147
140.98524631 0.49104735
141.03525881 0.49051647
141.08527132 0.48985209
141.13528382 0.48893329
141.18529632 0.48842525
141.23530883 0.48782701
141.28532133 0.48765036
141.33533383 0.48701614
141.38534634 0.48655712
141.43535884 0.48596715
141.48537134 0.48498253
141.53538385 0.48444632
141.58539635 0.48405841
141.63540885 0.48344767
141.68542136 0.48283311
141.73543386 0.48218084
141.78544636 0.48162248
141.83545886 0.48079022
141.88547137 0.48027016
141.93548387 0.47979431
141.98549637 0.47968354
142.03550888 0.47905168
142.08552138 0.47844099
142.13553388 0.47780327
142.18554639 0.47745144
142.23555889 0.47681866
142.28557139 0.47638802
142.33558390 0.47586743
142.38559640 0.47551458
142.43560890 0.47484055
142.48562141 0.47368636
142.53563391 0.47300864
142.58564641 0.47349323
142.63565891 0.47284514
142.68567142 0.47228399
142.73568392 0.47171423
142.78569642 0.47066069
142.83570893 0.47005790
142.88572143 0.46943561
142.93573393 0.46839497
142.98574644 0.46755348
143.03575894 0.46699638
143.08577144 0.46631204
143.13578395 0.46610438
143.18579645 0.46518371
143.23580895 0.46405082
143.28582146 0.46384646
143.33583396 0.46318894
143.38584646 0.46291355
143.43585896 0.46261316
143.48587147 0.46223036
143.53588397 0.46172097
143.58589647 0.46132542
143.63590898 0.46127272
143.68592148 0.46069406
143.73593398 0.46035028
143.78594649 0.45967333
143.83595899 0.45899696
143.88597149 0.45810511
143.93598400 0.45682633
143.98599650 0.45627307
144.03600900 0.45603186
144.08602151 0.45539557
144.13603401 0.45448887
144.18604651 0.45330470
144.23605901 0.45277564
144.28607152 0.45177928
144.33608402 0.45116020
144.38609652 0.45057609
144.43610903 0.45008420
144.48612153 0.44938386
144.53613403 0.44881039
144.58614654 0.44825553
144.63615904 0.44753891
144.68617154 0.44692813
144.73618405 0.44650819
144.78619655 0.44599286
144.83620905 0.44482459
144.88622156 0.44387023
144.93623406 0.44309276
144.98624656 0.44246585
145.03625906 0.44177647
145.08627157 0.44130326
145.13628407 0.44050678
145.18629657 0.43963356
145.23630908 0.43884979
145.28632158 0.43835830
145.33633408 0.43773772
145.38634659 0.43708385
145.43635909 0.43596905
145.48637159 0.43514384
145.53638410 0.43440789
145.58639660 0.43420450
145.63640910 0.43377213
145.68642161 0.43333817
145.73643411 0.43377900
145.78644661 0.43371815
145.83645911 0.43346995
145.88647162 0.43274370
145.93648412 0.43204074
145.98649662 0.43154852
146.03650913 0.43075427
146.08652163 0.42971447
146.13653413 0.42888344
146.18654664 0.42842618
146.23655914 0.42813324
146.28657164 0.42762939
146.33658415 0.42708640
146.38659665 0.42640109
146.43660915 0.42619568
146.48662166 0.42561847
146.53663416 0.42476648
146.58664666 0.42424289
146.63665916 0.42306960
146.68667167 0.42215474
146.73668417 0.42181640
146.78669667 0.42143204
146.83670918 0.42126211
146.88672168 0.42059258
146.93673418 0.42013341
146.98674669 0.41949491
147.03675919 0.41910016
147.08677169 0.41860945
147.13678420 0.41801126
147.18679670 0.41790675
147.23680920 0.41744034
147.28682171 0.41702011
147.33683421 0.41652955
147.38684671 0.41599909
147.43685921 0.41548772
147.48687172 0.41512857
147.53688422 0.41482314
147.58689672 0.41409563
147.63690923 0.41378650
147.68692173 0.41316431
147.73693423 0.41283080
147.78694674 0.41208977
147.83695924 0.41139954
147.88697174 0.41080282
147.93698425 0.41020944
147.98699675 0.40954011
148.03700925 0.40903350
148.08702176 0.40856095
148.13703426 0.40781624
148.18704676 0.40724054
148.23705926 0.40668015
148.28707177 0.40568647
148.33708427 0.40518128
148.38709677 0.40450510
148.43710928 0.40367759
148.48712178 0.40315125
148.53713428 0.40329233
148.58714679 0.40252096
148.63715929 0.40205408
148.68717179 0.40139455
148.73718430 0.40129885
148.78719680 0.40098574
148.83720930 0.40047970
148.88722181 0.39987578
148.93723431 0.39929026
148.98724681 0.39822098
149.03725931 0.39767865
149.08727182 0.39688081
149.13728432 0.39630402
149.18729682 0.39570690
149.23730933 0.39542242
149.28732183 0.39455000
149.33733433 0.39396466
149.38734684 0.39338812
149.43735934 0.39278752
149.48737184 0.39230816
149.53738435 0.39185452
149.58739685 0.39146228
149.63740935 0.39093436
149.68742186 0.39045595
149.73743436 0.39009205
149.78744686 0.38995527
149.83745936 0.38929105
149.88747187 0.38881064
149.93748437 0.38835946
149.98749687 0.38808432
150.03750938 0.38771763
150.08752188 0.38719181
150.13753438 0.38614793
150.18754689 0.38540421
150.23755939 0.38477173
150.28757189 0.38429922
150.33758440 0.38439777
150.38759690 0.38343181
150.43760940 0.38322256
150.48762191 0.38253160
150.53763441 0.38172224
150.58764691 0.38162429
150.63765941 0.38079706
150.68767192 0.38069370
150.73768442 0.38001923
150.78769692 0.37909548
150.83770943 0.37855480
150.88772193 0.37810663
150.93773443 0.37783436
150.98774694 0.37718310
151.03775944 0.37710335
151.08777194 0.37719970
151.13778445 0.37685106
151.18779695 0.37649815
151.23780945 0.37625974
151.28782196 0.37546705
151.33783446 0.37474860
151.38784696 0.37458351
151.43785946 0.37373607
151.48787197 0.37360461
151.53788447 0.37304267
151.58789697 0.37303139
151.63790948 0.37250680
151.68792198 0.37210169
151.73793448 0.37188051
151.78794699 0.37188328
151.83795949 0.37114108
151.88797199 0.37087947
151.93798450 0.37048759
151.98799700 0.36963035
152.03800950 0.36917465
152.08802201 0.36876020
152.13803451 0.36815253
152.18804701 0.36788556
152.23805951 0.36777053
152.28807202 0.36720363
152.33808452 0.36768743
152.38809702 0.36722015
152.43810953 0.36668017
152.48812203 0.36619988
152.53813453 0.36562432
152.58814704 0.36594498
152.63815954 0.36508039
152.68817204 0.36539472
152.73818455 0.36465732
152.78819705 0.36447269
152.83820955 0.36411559
152.88822206 0.36381880
152.93823456 0.36367922
152.98824706 0.36420586
153.03825956 0.36399450
153.08827207 0.36310235
153.13828457 0.36289025
153.18829707 0.36244886
153.23830958 0.36205940
153.28832208 0.36162216
153.33833458 0.36109861
153.38834709 0.36064966
153.43835959 0.36006708
153.48837209 0.35946217
153.53838460 0.35877883
153.58839710 0.35875999
153.63840960 0.35836410
153.68842211 0.35790447
153.73843461 0.35742029
153.78844711 0.35685725
153.83845961 0.35588572
153.88847212 0.35546151
153.93848462 0.35522356
153.98849712 0.35474936
154.03850963 0.35469450
154.08852213 0.35382711
154.13853463 0.35320243
154.18854714 0.35389532
154.23855964 0.35338916
154.28857214 0.35291967
154.33858465 0.35155280
154.38859715 0.35141650
154.43860965 0.35083948
154.48862216 0.35029580
154.53863466 0.34988803
154.58864716 0.34951932
154.63865966 0.34914160
154.68867217 0.34854042
154.73868467 0.34814369
154.78869717 0.34777670
154.83870968 0.34744276
154.88872218 0.34702193
154.93873468 0.34695725
154.98874719 0.34643830
155.03875969 0.34583292
155.08877219 0.34522156
155.13878470 0.34462673
155.18879720 0.34420966
155.23880970 0.34372860
155.28882221 0.34333904
155.33883471 0.34284414
155.38884721 0.34236071
155.43885971 0.34155482
155.48887222 0.34130587
155.53888472 0.34033504
155.58889722 0.33969927
155.63890973 0.33914174
155.68892223 0.33865300
155.73893473 0.33821423
155.78894724 0.33786831
155.83895974 0.33737911
155.88897224 0.33691148
155.93898475 0.33654253
155.98899725 0.33613936
156.03900975 0.33556461
156.08902226 0.33518938
156.13903476 0.33477246
156.18904726 0.33427665
156.23905976 0.33408521
156.28907227 0.33365538
156.33908477 0.33342496
156.38909727 0.33287155
156.43910978 0.33238902
156.48912228 0.33207494
156.53913478 0.33161430
156.58914729 0.33118216
156.63915979 0.33076731
156.68917229 0.33035110
156.73918480 0.32999359
156.78919730 0.32982823
156.83920980 0.32913829
156.88922231 0.32885793
156.93923481 0.32843669
156.98924731 0.32779511
157.03925981 0.32699319
157.08927232 0.32647679
157.13928482 0.32603878
157.18929732 0.32603608
157.23930983 0.32558344
157.28932233 0.32518032
157.33933483 0.32480878
157.38934734 0.32430027
157.43935984 0.32378510
157.48937234 0.32318706
157.53938485 0.32272151
157.58939735 0.32233611
157.63940985 0.32175120
157.68942236 0.32135230
157.73943486 0.32095428
157.78944736 0.32043591
157.83945986 0.31989480
157.88947237 0.31952794
157.93948487 0.31886396
157.98949737 0.31835170
158.03950988 0.31800207
158.08952238 0.31752487
158.13953488 0.31719401
158.18954739 0.31698283
158.23955989 0.31673812
158.28957239 0.31645601
158.33958490 0.31572749
158.38959740 0.31523824
158.43960990 0.31442826
158.48962241 0.31399000
158.53963491 0.31344876
158.58964741 0.31283942
158.63965991 0.31238887
158.68967242 0.31195222
158.73968492 0.31109390
158.78969742 0.31074900
158.83970993 0.31035864
158.88972243 0.30995324
158.93973493 0.30944204
158.98974744 0.30902734
159.03975994 0.30859862
159.08977244 0.30813267
159.13978495 0.30768466
159.18979745 0.30700185
159.23980995 0.30651313
159.28982246 0.30606033
159.33983496 0.30572877
159.38984746 0.30535780
159.43985996 0.30499799
159.48987247 0.30464913
159.53988497 0.30436660
159.58989747 0.30407643
159.63990998 0.30370590
159.68992248 0.30333927
159.73993498 0.30269595
159.78994749 0.30204808
159.83995999 0.30162153
159.88997249 0.30120116
159.93998500 0.30076444
159.98999750 0.30015512
160.04001000 0.29960600
160.09002251 0.29922821
160.14003501 0.29885635
160.19004751 0.29851943
160.24006002 0.29823838
160.29007252 0.29787698
160.34008502 0.29753811
160.39009752 0.29712948
160.44011003 0.29664502
160.49012253 0.29617602
160.54013503 0.29576282
160.59014754 0.29552506
160.64016004 0.29506529
160.69017254 0.29456486
160.74018505 0.29423647
160.79019755 0.29384535
160.84021005 0.29384203
160.89022256 0.29337917
160.94023506 0.29317683
160.99024756 0.29288299
161.04026007 0.29247892
161.09027257 0.29187321
161.14028507 0.29125475
161.19029757 0.29077280
161.24031008 0.29030199
161.29032258 0.28994692
161.34033508 0.28939817
161.39034759 0.28887571
161.44036009 0.28923634
161.49037259 0.28885784
161.54038510 0.28850237
161.59039760 0.28867482
161.64041010 0.28824704
161.69042261 0.28780692
161.74043511 0.28736878
161.79044761 0.28705398
161.84046012 0.28636325
161.89047262 0.28611616
161.94048512 0.28542246
161.99049762 0.28556843
162.04051013 0.28511035
162.09052263 0.28477067
162.14053513 0.28464056
162.19054764 0.28406282
162.24056014 0.28400118
162.29057264 0.28358760
162.34058515 0.28327029
162.39059765 0.28293506
162.44061015 0.28264320
162.49062266 0.28232312
162.54063516 0.28207989
162.59064766 0.28164184
162.64066017 0.28144512
162.69067267 0.28114525
162.74068517 0.28081909
162.79069767 0.28040589
162.84071018 0.28088598
162.89072268 0.28055190
162.94073518 0.28018993
162.99074769 0.28003006
163.04076019 0.28029275
163.09077269 0.27996709
163.14078520 0.27961477
163.19079770 0.27912181
163.24081020 0.27872581
163.29082271 0.27834832
163.34083521 0.27798237
163.39084771 0.27769408
163.44086022 0.27709355
163.49087272 0.27678296
163.54088522 0.27643694
163.59089772 0.27564991
163.64091023 0.27517441
163.69092273 0.27507480
163.74093523 0.27454235
163.79094774 0.27426499
163.84096024 0.27359334
163.89097274 0.27329781
163.94098525 0.27296144
163.99099775 0.27261644
164.04101025 0.27232484
164.09102276 0.27189236
164.14103526 0.27145677
164.19104776 0.27103715
164.24106027 0.27056594
164.29107277 0.27019805
164.34108527 0.26975612
164.39109777 0.26943176
164.44111028 0.26906490
164.49112278 0.26869193
164.54113528 0.26837184
164.59114779 0.26791834
164.64116029 0.26747654
164.69117279 0.26715659
164.74118530 0.26676397
164.79119780 0.26637563
164.84121030 0.26671626
164.89122281 0.26678527
164.94123531 0.26632080
164.99124781 0.26592658
165.04126032 0.26560123
165.09127282 0.26527866
165.14128532 0.26514068
165.19129782 0.26448230
165.24131033 0.26409308
165.29132283 0.26393065
165.34133533 0.26350767
165.39134784 0.26305411
165.44136034 0.26274449
165.49137284 0.26304970
165.54138535 0.26302992
165.59139785 0.26274760
165.64141035 0.26227281
165.69142286 0.26163951
165.74143536 0.26119167
165.79144786 0.26112234
165.84146037 0.26041360
165.89147287 0.26011248
165.94148537 0.26003877
165.99149787 0.25951907
166.04151038 0.25921804
166.09152288 0.25856649
166.14153538 0.25821684
166.19154789 0.25752173
166.24156039 0.25727770
166.29157289 0.25742326
166.34158540 0.25745965
166.39159790 0.25713753
166.44161040 0.25698792
166.49162291 0.25680113
166.54163541 0.25669321
166.59164791 0.25634772
166.64166042 0.25595265
166.69167292 0.25553057
166.74168542 0.25536667
166.79169792 0.25507925
166.84171043 0.25476923
166.89172293 0.25454664
166.94173543 0.25409714
166.99174794 0.25445761
167.04176044 0.25395450
167.09177294 0.25370125
167.14178545 0.25363674
167.19179795 0.25327796
167.24181045 0.25361102
167.29182296 0.25318250
167.34183546 0.25293596
167.39184796 0.25236862
167.44186047 0.25218641
167.49187297 0.25230198
167.54188547 0.25203938
167.59189797 0.25172962
167.64191048 0.25128964
167.69192298 0.25093193
167.74193548 0.25054814
167.79194799 0.25014536
167.84196049 0.25002730
167.89197299 0.24977912
167.94198550 0.24971554
167.99199800 0.24936148
168.04201050 0.24980868
168.09202301 0.24980322
168.14203551 0.24956664
168.19204801 0.24927401
168.24206052 0.24933169
168.29207302 0.24887818
168.34208552 0.24822077
168.39209802 0.24779605
168.44211053 0.24758023
168.49212303 0.24738449
168.54213553 0.24712652
168.59214804 0.24655847
168.64216054 0.24614218
168.69217304 0.24579135
168.74218555 0.24520885
168.79219805 0.24486959
168.84221055 0.24444570
168.89222306 0.24428933
168.94223556 0.24394185
168.99224806 0.24363799
169.04226057 0.24264346
169.09227307 0.24231914
169.14228557 0.24199620
169.19229807 0.24167070
169.24231058 0.24133850
169.29232308 0.24099993
169.34233558 0.24066121
169.39234809 0.24054531
169.44236059 0.24024038
169.49237309 0.24001543
169.54238560 0.23970636
169.59239810 0.23932730
169.64241060 0.23921504
169.69242311 0.23915952
169.74243561 0.23906956
169.79244811 0.23871449
169.84246062 0.23839096
169.89247312 0.23807822
169.94248562 0.23773002
169.99249812 0.23736175
170.04251063 0.23699102
170.09252313 0.23642230
170.14253563 0.23606114
170.19254814 0.23563512
170.24256064 0.23527450
170.29257314 0.23486172
170.34258565 0.23453242
170.39259815 0.23430700
170.44261065 0.23418763
170.49262316 0.23392082
170.54263566 0.23373607
170.59264816 0.23344844
170.64266067 0.23316068
170.69267317 0.23283820
170.74268567 0.23248386
170.79269817 0.23213213
170.84271068 0.23204757
170.89272318 0.23182165
170.94273568 0.23130989
170.99274819 0.23114529
171.04276069 0.23068509
171.09277319 0.23030110
171.14278570 0.22966680
171.19279820 0.22928637
171.24281070 0.22895692
171.29282321 0.22869917
171.34283571 0.22828471
171.39284821 0.22791607
171.44286072 0.22806924
171.49287322 0.22779011
171.54288572 0.22750767
171.59289822 0.22727056
171.64291073 0.22698792
171.69292323 0.22709488
171.74293573 0.22682444
171.79294824 0.22681659
171.84296074 0.22646384
171.89297324 0.22631189
171.94298575 0.22588132
171.99299825 0.22553863
172.04301075 0.22521529
172.09302326 0.22483799
172.14303576 0.22449235
172.19304826 0.22383418
172.24306077 0.22357582
172.29307327 0.22323611
172.34308577 0.22288110
172.39309827 0.22254921
172.44311078 0.22209598
172.49312328 0.22179692
172.54313578 0.22120829
172.59314829 0.22094686
172.64316079 0.22054902
172.69317329 0.22023379
172.74318580 0.21989951
172.79319830 0.21960933
172.84321080 0.21925103
172.89322331 0.21908664
172.94323581 0.21882049
172.99324831 0.21854574
173.04326082 0.21822763
173.09327332 0.21795264
173.14328582 0.21753736
173.19329832 0.21756747
173.24331083 0.21743851
173.29332333 0.21723832
173.34333583 0.21678359
173.39334834 0.21698667
173.44336084 0.21672715
173.49337334 0.21643580
173.54338585 0.21640833
173.59339835 0.21611961
173.64341085 0.21582497
173.69342336 0.21566335
173.74343586 0.21512711
173.79344836 0.21455004
173.84346087 0.21407601
173.89347337 0.21373833
173.94348587 0.21368123
173.99349837 0.21348544
174.04351088 0.21330066
174.09352338 0.21308965
174.14353588 0.21295233
174.19354839 0.21276647
174.24356089 0.21252748
174.29357339 0.21223018
174.34358590 0.21179787
174.39359840 0.21154785
174.44361090 0.21126351
174.49362341 0.21116020
174.54363591 0.21104979
174.59364841 0.21068363
174.64366092 0.21027194
174.69367342 0.20979343
174.74368592 0.20954950
174.79369842 0.20918056
174.84371093 0.20883422
174.89372343 0.20846442
174.94373593 0.20781626
174.99374844 0.20746294
175.04376094 0.20712734
175.09377344 0.20677623
175.14378595 0.20644659
175.19379845 0.20622251
175.24381095 0.20596485
175.29382346 0.20546929
175.34383596 0.20536294
175.39384846 0.20506045
175.44386097 0.20477825
175.49387347 0.20441717
175.54388597 0.20493727
175.59389847 0.20461748
175.64391098 0.20424250
175.69392348 0.20409481
175.74393598 0.20385999
175.79394849 0.20349770
175.84396099 0.20320761
175.89397349 0.20291569
175.94398600 0.20260604
175.99399850 0.20233443
176.04401100 0.20202836
176.09402351 0.20198798
176.14403601 0.20163059
176.19404851 0.20149778
176.24406102 0.20109274
176.29407352 0.20071449
176.34408602 0.20086107
176.39409852 0.20050503
176.44411103 0.20008066
176.49412353 0.19983827
176.54413603 0.19949149
176.59414854 0.19924493
176.64416104 0.19926591
176.69417354 0.19895065
176.74418605 0.19871900
176.79419855 0.19845282
176.84421105 0.19815481
176.89422356 0.19801505
176.94423606 0.19778021
176.99424856 0.19751428
177.04426107 0.19725071
177.09427357 0.19692068
177.14428607 0.19661129
177.19429857 0.19630230
177.24431108 0.19632052
177.29432358 0.19622472
177.34433608 0.19586400
177.39434859 0.19554919
177.44436109 0.19526308
177.49437359 0.19494103
177.54438610 0.19465866
177.59439860 0.19436313
177.64441110 0.19400788
177.69442361 0.19373017
177.74443611 0.19345965
177.79444861 0.19316722
177.84446112 0.19275525
177.89447362 0.19245764
177.94448612 0.19216280
177.99449862 0.19183619
178.04451113 0.19154390
178.09452363 0.19126980
178.14453613 0.19117130
178.19454864 0.19098660
178.24456114 0.19070587
178.29457364 0.19074310
178.34458615 0.19047497
178.39459865 0.19021048
178.44461115 0.19008012
178.49462366 0.18976532
178.54463616 0.18950758
178.59464866 0.18926589
178.64466117 0.18910629
178.69467367 0.18881206
178.74468617 0.18863509
178.79469867 0.18852386
178.84471118 0.18827984
178.89472368 0.18799178
178.94473618 0.18778687
178.99474869 0.18745286
179.04476119 0.18832357
179.09477369 0.18799223
179.14478620 0.18776182
179.19479870 0.18791115
179.24481120 0.18766181
179.29482371 0.18738016
179.34483621 0.18706788
179.39484871 0.18678903
179.44486122 0.18703801
179.49487372 0.18679374
179.54488622 0.18651291
179.59489872 0.18624884
179.64491123 0.18594437
179.69492373 0.18562450
179.74493623 0.18535757
179.79494874 0.18564189
179.84496124 0.18534885
179.89497374 0.18594706
179.94498625 0.18572649
179.99499875 0.18550176
180.04501125 0.18526484
180.09502376 0.18500564
180.14503626 0.18474340
180.19504876 0.18442593
180.24506127 0.18417129
180.29507377 0.18379197
180.34508627 0.18339671
180.39509877 0.18299298
180.44511128 0.18306615
180.49512378 0.18298881
180.54513628 0.18288746
180.59514879 0.18279592
180.64516129 0.18267975
180.69517379 0.18240741
180.74518630 0.18213975
180.79519880 0.18200610
180.84521130 0.18174337
180.89522381 0.18149492
180.94523631 0.18119446
180.99524881 0.18171569
181.04526132 0.18148726
181.09527382 0.18139150
181.14528632 0.18115118
181.19529882 0.18091204
181.24531133 0.18064625
181.29532383 0.18038269
181.34533633 0.18012675
181.39534884 0.17994441
181.44536134 0.17952238
181.49537384 0.17924406
181.54538635 0.17899958
181.59539885 0.17873696
181.64541135 0.17850108
181.69542386 0.17821199
181.74543636 0.17796253
181.79544886 0.17770235
181.84546137 0.17727713
181.89547387 0.17710743
181.94548637 0.17700062
181.99549887 0.17670685
182.04551138 0.17650989
182.09552388 0.17623414
182.14553638 0.17599980
182.19554889 0.17564252
182.24556139 0.17539764
182.29557389 0.17517106
182.34558640 0.17475162
182.39559890 0.17450240
182.44561140 0.17434031
182.49562391 0.17411304
182.54563641 0.17385445
182.59564891 0.17364059
182.64566142 0.17334648
182.69567392 0.17313397
182.74568642 0.17290076
182.79569892 0.17266582
182.84571143 0.17235261
182.89572393 0.17219357
182.94573643 0.17196500
182.99574894 0.17197251
183.04576144 0.17190560
183.09577394 0.17149183
183.14578645 0.17121683
183.19579895 0.17091845
183.24581145 0.17074544
183.29582396 0.17056371
183.34583646 0.17027866
183.39584896 0.17004353
183.44586147 0.16983403
183.49587397 0.16960308
183.54588647 0.16936510
183.59589897 0.16919228
183.64591148 0.16905026
183.69592398 0.16871176
183.74593648 0.16883597
183.79594899 0.16860785
183.84596149 0.16833842
183.89597399 0.16807045
183.94598650 0.16780598
183.99599900 0.16776798
184.04601150 0.16752865
184.09602401 0.16730295
184.14603651 0.16712314
184.19604901 0.16681935
184.24606152 0.16656816
184.29607402 0.16629125
184.34608652 0.16593211
184.39609902 0.16574156
184.44611153 0.16450272
184.49612403 0.16433652
184.54613653 0.16408557
184.59614904 0.16379456
184.64616154 0.16361871
184.69617404 0.16336770
184.74618655 0.16313731
184.79619905 0.16281943
184.84621155 0.16253275
184.89622406 0.16206024
184.94623656 0.16142836
184.99624906 0.16196714
185.04626157 0.16160313
185.09627407 0.16141151
185.14628657 0.16049958
185.19629907 0.16025556
185.24631158 0.16023458
185.29632408 0.16000976
185.34633658 0.15995546
185.39634909 0.15971894
185.44636159 0.15953844
185.49637409 0.15962107
185.54638660 0.15934238
185.59639910 0.15914502
185.64641160 0.15897152
185.69642411 0.15881804
185.74643661 0.15813351
185.79644911 0.15792760
185.84646162 0.15766390
185.89647412 0.15743711
185.94648662 0.15722852
185.99649912 0.15702942
186.04651163 0.15682574
186.09652413 0.15660439
186.14653663 0.15636227
186.19654914 0.15610351
186.24656164 0.15583794
186.29657414 0.15557627
186.34658665 0.15532515
186.39659915 0.15519373
186.44661165 0.15509474
186.49662416 0.15485665
186.54663666 0.15460264
186.59664916 0.15437417
186.64666167 0.15413087
186.69667417 0.15389295
186.74668667 0.15366409
186.79669917 0.15344751
186.84671168 0.15324132
186.89672418 0.15303724
186.94673668 0.15282618
186.99674919 0.15260285
187.04676169 0.15239029
187.09677419 0.15215616
187.14678670 0.15192055
187.19679920 0.15168177
187.24681170 0.15143196
187.29682421 0.15115769
187.34683671 0.15093519
187.39684921 0.15070240
187.44686172 0.15046687
187.49687422 0.15022525
187.54688672 0.14997484
187.59689922 0.14998502
187.64691173 0.15042513
187.69692423 0.15153378
187.74693673 0.15141430
187.79694924 0.15098170
187.84696174 0.15072010
187.89697424 0.15052503
187.94698675 0.15031383
187.99699925 0.14992463
188.04701175 0.14971955
188.09702426 0.14956330
188.14703676 0.14952610
188.19704926 0.14924890
188.24706177 0.14901869
188.29707427 0.14886450
188.34708677 0.14878698
188.39709927 0.14875072
188.44711178 0.14853546
188.49712428 0.14834727
188.54713678 0.14823722
188.59714929 0.14809923
188.64716179 0.14791701
188.69717429 0.14781737
188.74718680 0.14751376
188.79719930 0.14730936
188.84721180 0.14712311
188.89722431 0.14692805
188.94723681 0.14671427
188.99724931 0.14678426
189.04726182 0.14654829
189.09727432 0.14631497
189.14728682 0.14642822
189.19729932 0.14624569
189.24731183 0.14605274
189.29732433 0.14586722
189.34733683 0.14565642
189.39734934 0.14544016
189.44736184 0.14552133
189.49737434 0.14544166
189.54738685 0.14523944
189.59739935 0.14531028
189.64741185 0.14505835
189.69742436 0.14499695
189.74743686 0.14475672
189.79744936 0.14456134
189.84746187 0.14439088
189.89747437 0.14423113
189.94748687 0.14436024
189.99749937 0.14414572
190.04751188 0.14419819
190.09752438 0.14405195
190.14753688 0.14365837
190.19754939 0.14339194
190.24756189 0.14336943
190.29757439 0.14322676
190.34758690 0.14304855
190.39759940 0.14281222
190.44761190 0.14257252
190.49762441 0.14232733
190.54763691 0.14254338
190.59764941 0.14284160
190.64766192 0.14274031
190.69767442 0.14256076
190.74768692 0.14238583
190.79769942 0.14221242
190.84771193 0.14203431
190.89772443 0.14184619
190.94773693 0.14197517
190.99774944 0.14167431
191.04776194 0.14146209
191.09777444 0.14177258
191.14778695 0.14176421
191.19779945 0.14163045
191.24781195 0.14159913
191.29782446 0.14157710
191.34783696 0.14114833
191.39784946 0.14092707
191.44786197 0.14069684
191.49787447 0.14038951
191.54788697 0.14044111
191.59789947 0.14017889
191.64791198 0.13995727
191.69792448 0.14082492
191.74793698 0.14043557
191.79794949 0.14023254
191.84796199 0.14007033
191.89797449 0.13968084
191.94798700 0.13949604
191.99799950 0.13931354
192.04801200 0.13918032
192.09802451 0.13882810
192.14803701 0.13862678
192.19804951 0.13842051
192.24806202 0.13821545
192.29807452 0.13799573
192.34808702 0.13790390
192.39809952 0.13771869
192.44811203 0.13752731
192.49812453 0.13733687
192.54813703 0.13785287
192.59814954 0.13766228
192.64816204 0.13746265
192.69817454 0.13726848
192.74818705 0.13707882
192.79819955 0.13688867
192.84821205 0.13672201
192.89822456 0.13652491
192.94823706 0.13632106
192.99824956 0.13621843
193.04826207 0.13669530
193.09827457 0.13650352
193.14828707 0.13624869
193.19829957 0.13612368
193.24831208 0.13589410
193.29832458 0.13573492
193.34833708 0.13556991
193.39834959 0.13536044
193.44836209 0.13511357
193.49837459 0.13490577
193.54838710 0.13469186
193.59839960 0.13447032
193.64841210 0.13438265
193.69842461 0.13419054
193.74843711 0.13434272
193.79844961 0.13425995
193.84846212 0.13420669
193.89847462 0.13394693
193.94848712 0.13360998
193.99849962 0.13341541
194.04851213 0.13319153
194.09852463 0.13298213
194.14853713 0.13276050
194.19854964 0.13253835
194.24856214 0.13232117
194.29857464 0.13221067
194.34858715 0.13202858
194.39859965 0.13183949
194.44861215 0.13162057
194.49862466 0.13143997
194.54863716 0.13114215
194.59864966 0.13097429
194.64866217 0.13079086
194.69867467 0.13065713
194.74868717 0.13046394
194.79869967 0.13051171
194.84871218 0.13037469
194.89872468 0.13015487
194.94873718 0.12998664
194.99874969 0.12982972
195.04876219 0.12978315
195.09877469 0.12957615
195.14878720 0.12938050
195.19879970 0.12914034
195.24881220 0.12894831
195.29882471 0.12880630
195.34883721 0.12842765
195.39884971 0.12825667
195.44886222 0.12808102
195.49887472 0.12789468
195.54888722 0.12769459
195.59889972 0.12748430
195.64891223 0.12727233
195.69892473 0.12713791
195.74893723 0.12747399
195.79894974 0.12735791
195.84896224 0.12715328
195.89897474 0.12691500
195.94898725 0.12671604
195.99899975 0.12664893
196.04901225 0.12647816
196.09902476 0.12628584
196.14903726 0.12611717
196.19904976 0.12592147
196.24906227 0.12584473
196.29907477 0.12563066
196.34908727 0.12569571
196.39909977 0.12550352
196.44911228 0.12531412
196.49912478 0.12518014
196.54913728 0.12509292
196.59914979 0.12489650
196.64916229 0.12468828
196.69917479 0.12466515
196.74918730 0.12458806
196.79919980 0.12445070
196.84921230 0.12473874
196.89922481 0.12534641
196.94923731 0.12528045
196.99924981 0.12521129
197.04926232 0.12502996
197.09927482 0.12489420
197.14928732 0.12464644
197.19929982 0.12477029
197.24931233 0.12460296
197.29932483 0.12445712
197.34933733 0.12427410
197.39934984 0.12407468
197.44936234 0.12386688
197.49937484 0.12366188
197.54938735 0.12393755
197.59939985 0.12429074
197.64941235 0.12413514
197.69942486 0.12395103
197.74943736 0.12377584
197.79944986 0.12354705
197.84946237 0.12334854
197.89947487 0.12314776
197.94948737 0.12294530
197.99949987 0.12274465
198.04951238 0.12254873
198.09952488 0.12238910
198.14953738 0.12219976
198.19954989 0.12210300
198.24956239 0.12274502
198.29957489 0.12249859
198.34958740 0.12216753
198.39959990 0.12201171
198.44961240 0.12180107
198.49962491 0.12158445
198.54963741 0.12141778
198.59964991 0.12122942
198.64966242 0.12105121
198.69967492 0.12085567
198.74968742 0.12101650
198.79969992 0.12065664
198.84971243 0.12048082
198.89972493 0.12023638
198.94973743 0.11996402
198.99974994 0.11967387
199.04976244 0.11950761
199.09977494 0.11936479
199.14978745 0.11928349
199.19979995 0.11913271
199.24981245 0.11957033
199.29982496 0.11950895
199.34983746 0.11947288
199.39984996 0.11929518
199.44986247 0.11911088
199.49987497 0.11891953
199.54988747 0.11880047
199.59989997 0.11886270
199.64991248 0.11852564
199.69992498 0.11834747
199.74993748 0.11817572
199.79994999 0.11796313
199.84996249 0.11788090
199.89997499 0.11756053
199.94998750 0.11750275
200.00000000 0.11736385
