0.00000000 9.00000000 0.00000109
1.00050025 9.05681495 0.04212358
2.00100050 8.97991687 0.06245333
3.00150075 9.02474406 0.16561529
4.00200100 8.93046377 0.18900946
5.00250125 8.93037803 0.23182021
6.00300150 8.89633382 0.24453506
7.00350175 8.89017177 0.26294153
8.00400200 8.85244423 0.28676943
9.00450225 8.84753284 0.32806820
10.00500250 8.80782777 0.34008940
11.00550275 8.77869850 0.35413602
12.00600300 8.76238711 0.38933717
13.00650325 8.74727961 0.39253480
14.00700350 8.71624025 0.40278704
15.00750375 8.70667194 0.41742960
16.00800400 8.67860342 0.44898947
17.00850425 8.64974522 0.45081344
18.00900450 8.63684224 0.47856889
19.00950475 8.60791163 0.49853325
20.01000500 8.57723059 0.50997722
21.01050525 8.55975770 0.51998849
22.01100550 8.54346228 0.53715450
23.01150575 8.52240083 0.53599510
24.01200600 8.50463827 0.55605171
25.01250625 8.47907272 0.56764948
26.01300650 8.45128869 0.57678399
27.01350675 8.43982237 0.59341048
28.01400700 8.41404967 0.62096054
29.01450725 8.39471825 0.62452202
30.01500750 8.37437314 0.63539970
31.01550775 8.35767519 0.65219090
32.01600800 8.33991435 0.65779269
33.01650825 8.32946150 0.67348382
34.01700850 8.31374398 0.68631682
35.01750875 8.29589029 0.69334553
36.01800900 8.26584571 0.70787240
37.01850925 8.25320577 0.72889413
38.01900950 8.23244776 0.73685101
39.01950975 8.21275914 0.75285439
40.02001001 8.19475240 0.77171964
41.02051026 8.17238621 0.78530341
42.02101051 8.14949597 0.80204296
43.02151076 8.12943174 0.81178500
44.02201101 8.11583244 0.81952390
45.02251126 8.09593599 0.82151526
46.02301151 8.07455628 0.84191265
47.02351176 8.04794917 0.85352797
48.02401201 8.00969981 0.87039943
49.02451226 7.99628040 0.88030466
50.02501251 7.97896020 0.88955257
51.02551276 7.96418538 0.88661353
52.02601301 7.94144647 0.89575522
53.02651326 7.91433123 0.90003616
54.02701351 7.88840863 0.91066695
55.02751376 7.87603192 0.91103382
56.02801401 7.85947901 0.91958328
57.02851426 7.84255807 0.91505859
58.02901451 7.82415731 0.93245748
59.02951476 7.80938419 0.93448997
60.03001501 7.79219819 0.92978935
61.03051526 7.76710635 0.93570781
62.03101551 7.74463904 0.94740663
63.03151576 7.71878179 0.96060380
64.03201601 7.70185963 0.97451565
65.03251626 7.67718714 0.97926327
66.03301651 7.66208744 0.99547220
67.03351676 7.63484771 1.00665936
68.03401701 7.61503984 1.00691974
69.03451726 7.59428648 1.00783383
70.03501751 7.57722684 1.02061640
71.03551776 7.56420044 1.02417647
72.03601801 7.53379072 1.03270625
73.03651826 7.51675715 1.03132122
74.03701851 7.49784704 1.03814353
75.03751876 7.48148331 1.03882755
76.03801901 7.45859379 1.04436170
77.03851926 7.43083487 1.04642725
78.03901951 7.41159011 1.05825480
79.03951976 7.38830396 1.05656623
80.04002001 7.36117903 1.07527167
81.04052026 7.33977648 1.07753493
82.04102051 7.31224268 1.07374198
83.04152076 7.28954212 1.08687915
84.04202101 7.28071070 1.09430868
85.04252126 7.25532939 1.10190919
86.04302151 7.23970380 1.11059924
87.04352176 7.22016070 1.11553626
88.04402201 7.20190891 1.11247523
89.04452226 7.18327550 1.11840939
90.04502251 7.16679906 1.12813573
91.04552276 7.14699343 1.14347254
92.04602301 7.13657286 1.14975701
93.04652326 7.12481289 1.16050561
94.04702351 7.09805380 1.17071183
95.04752376 7.08840235 1.18117982
96.04802401 7.07503453 1.19046856
97.04852426 7.05707808 1.20270692
98.04902451 7.02924108 1.21188493
99.04952476 7.01370409 1.22101215
100.05002501 6.99926843 1.22676571
101.05052526 6.97772635 1.22904202
102.05102551 6.96227670 1.23026096
103.05152576 6.94338882 1.23460254
104.05202601 6.92731173 1.23241804
105.05252626 6.90129083 1.24387981
106.05302651 6.88574379 1.25385947
107.05352676 6.86887724 1.25121825
108.05402701 6.83931317 1.25483898
109.05452726 6.81234205 1.26830263
110.05502751 6.79541082 1.27512286
111.05552776 6.77132068 1.28446435
112.05602801 6.75650490 1.28231086
113.05652826 6.73549565 1.28893705
114.05702851 6.71651437 1.29232558
115.05752876 6.69623449 1.29540313
116.05802901 6.67580924 1.30579071
117.05852926 6.65876731 1.31175091
118.05902951 6.64736492 1.31057298
119.05952976 6.63177956 1.31500906
120.06003002 6.61028169 1.32029143
121.06053027 6.58444823 1.32934827
122.06103052 6.57486508 1.33033624
123.06153077 6.55724597 1.34487210
124.06203102 6.54777528 1.34239456
125.06253127 6.53376346 1.34832553
126.06303152 6.51895014 1.35242410
127.06353177 6.50018009 1.36121015
128.06403202 6.48044350 1.36507030
129.06453227 6.45752550 1.36885943
130.06503252 6.44920620 1.37226422
131.06553277 6.43828002 1.38283829
132.06603302 6.41596409 1.38416809
133.06653327 6.41336382 1.38597859
134.06703352 6.39546794 1.39307749
135.06753377 6.38219695 1.38811465
136.06803402 6.36074542 1.39589663
137.06853427 6.34362892 1.39395973
138.06903452 6.32333120 1.39697220
139.06953477 6.30538892 1.39822760
140.07003502 6.28461907 1.40455587
141.07053527 6.27216792 1.41130070
142.07103552 6.25203994 1.41171823
143.07153577 6.23682380 1.41900704
144.07203602 6.22520944 1.41883522
145.07253627 6.21067281 1.41955255
146.07303652 6.18354200 1.41521683
147.07353677 6.17576384 1.41746856
148.07403702 6.15486626 1.42484715
149.07453727 6.13854503 1.43102408
150.07503752 6.12074585 1.42722216
151.07553777 6.09759788 1.42851465
152.07603802 6.08121656 1.42003606
153.07653827 6.06633991 1.41753044
154.07703852 6.05036792 1.42289534
155.07753877 6.03451105 1.42246934
156.07803902 6.01120983 1.42437300
157.07853927 5.98386178 1.42473508
158.07903952 5.97216632 1.42998310
159.07953977 5.94434315 1.43350694
160.08004002 5.91817739 1.44432483
161.08054027 5.90006550 1.45096250
162.08104052 5.87051628 1.46029152
163.08154077 5.86159811 1.45879731
164.08204102 5.83994656 1.46057411
165.08254127 5.82052348 1.46247687
166.08304152 5.79240303 1.46052731
167.08354177 5.78288762 1.46532495
168.08404202 5.76361344 1.47018019
169.08454227 5.74559071 1.47539295
170.08504252 5.72585887 1.47327846
171.08554277 5.69849927 1.47666838
172.08604302 5.68337209 1.47726192
173.08654327 5.67049457 1.47382342
174.08704352 5.64642379 1.47847279
175.08754377 5.62709167 1.48298317
176.08804402 5.60740446 1.49136449
177.08854427 5.58782755 1.49161049
178.08904452 5.57045629 1.49669712
179.08954477 5.55001942 1.49734181
180.09004502 5.53750530 1.49726057
181.09054527 5.51990710 1.49848356
182.09104552 5.50464851 1.50277617
183.09154577 5.48932593 1.51489135
184.09204602 5.46861494 1.51777268
185.09254627 5.45980528 1.51351550
186.09304652 5.43903465 1.52289390
187.09354677 5.42579586 1.53038444
188.09404702 5.40924488 1.53190540
189.09454727 5.40001181 1.54175074
190.09504752 5.37895520 1.54817972
191.09554777 5.36182869 1.54953679
192.09604802 5.34208760 1.54535909
193.09654827 5.32594231 1.55121447
194.09704852 5.31473053 1.55593148
195.09754877 5.29283753 1.56762493
196.09804902 5.27823624 1.56202524
197.09854927 5.25605825 1.56522961
198.09904952 5.24176519 1.57439449
199.09954977 5.21914911 1.57220493
200.10005003 5.20948659 1.56466289
201.10055028 5.18577729 1.56825497
202.10105053 5.16364580 1.57084549
203.10155078 5.14946785 1.57749273
204.10205103 5.13430196 1.57821645
205.10255128 5.12365725 1.57727942
206.10305153 5.11024369 1.57427598
207.10355178 5.09182320 1.57908308
208.10405203 5.07605617 1.57906039
209.10455228 5.06268921 1.57792473
210.10505253 5.05166714 1.57592340
211.10555278 5.03671444 1.57764806
212.10605303 5.02245906 1.57641269
213.10655328 5.00399001 1.57238882
214.10705353 4.99157277 1.57059892
215.10755378 4.97487428 1.57202029
216.10805403 4.95740508 1.56155760
217.10855428 4.94146825 1.55769435
218.10905453 4.92119646 1.55566319
219.10955478 4.90487877 1.55973245
220.11005503 4.89930991 1.56341824
221.11055528 4.87518414 1.56091076
222.11105553 4.86251682 1.55957636
223.11155578 4.83630552 1.55100229
224.11205603 4.81238079 1.55966320
225.11255628 4.80572512 1.55635954
226.11305653 4.77949551 1.55732509
227.11355678 4.76821657 1.56278252
228.11405703 4.74662734 1.55655770
229.11455728 4.72532286 1.55382421
230.11505753 4.70772019 1.54973014
231.11555778 4.69416079 1.54979362
232.11605803 4.67541627 1.56003467
233.11655828 4.65802496 1.55055320
234.11705853 4.64604910 1.55432990
235.11755878 4.63234761 1.55963738
236.11805903 4.61177388 1.55655248
237.11855928 4.60274460 1.54904668
238.11905953 4.58977959 1.56078628
239.11955978 4.57357087 1.56056802
240.12006003 4.55803534 1.56093769
241.12056028 4.54192317 1.56169822
242.12106053 4.53494633 1.57079489
243.12156078 4.51900912 1.56256415
244.12206103 4.50770780 1.56314163
245.12256128 4.49319348 1.56207100
246.12306153 4.47433088 1.56566664
247.12356178 4.45717760 1.56908775
248.12406203 4.44316405 1.57178460
249.12456228 4.42591899 1.56889960
250.12506253 4.41445443 1.57007248
251.12556278 4.39852957 1.56158337
252.12606303 4.37979844 1.56440217
253.12656328 4.36302930 1.57634455
254.12706353 4.35800580 1.57316866
255.12756378 4.34434945 1.56284913
256.12806403 4.32917966 1.56219839
257.12856428 4.31303095 1.56232880
258.12906453 4.29383723 1.55590390
259.12956478 4.27592317 1.55846160
260.13006503 4.26691248 1.55564670
261.13056528 4.24559144 1.55038353
262.13106553 4.23813546 1.55182468
263.13156578 4.22723823 1.54978635
264.13206603 4.21057880 1.54620696
265.13256628 4.20117992 1.54639173
266.13306653 4.19142248 1.54994525
267.13356678 4.18031260 1.55540543
268.13406703 4.15624727 1.55130085
269.13456728 4.14476637 1.55343798
270.13506753 4.12400559 1.55990272
271.13556778 4.10801830 1.56537116
272.13606803 4.09059003 1.55719801
273.13656828 4.06903077 1.55306456
274.13706853 4.05635865 1.55222306
275.13756878 4.04094988 1.54878908
276.13806903 4.03198437 1.55154700
277.13856928 4.01851319 1.54088279
278.13906953 4.01133997 1.54805611
279.13956978 4.00126238 1.54817617
280.14007004 3.98443847 1.54133239
281.14057029 3.97059060 1.54686541
282.14107054 3.96210801 1.54572792
283.14157079 3.94789302 1.53530759
284.14207104 3.93071537 1.53733747
285.14257129 3.91373324 1.53405337
286.14307154 3.89798522 1.53196136
287.14357179 3.88128272 1.53274302
288.14407204 3.86331929 1.52482313
289.14457229 3.84740253 1.51797984
290.14507254 3.83316311 1.51171848
291.14557279 3.82315605 1.50967108
292.14607304 3.80927342 1.51277877
293.14657329 3.80118985 1.51120752
294.14707354 3.79521266 1.51134858
295.14757379 3.77886832 1.50706558
296.14807404 3.77244302 1.50603911
297.14857429 3.74785715 1.50687366
298.14907454 3.72936044 1.50757667
299.14957479 3.71733602 1.50943035
300.15007504 3.69956941 1.50307930
301.15057529 3.68785233 1.50336521
302.15107554 3.67102251 1.49616750
303.15157579 3.65782373 1.49764007
304.15207604 3.64587932 1.50346609
305.15257629 3.63382016 1.50211141
306.15307654 3.62720347 1.50534815
307.15357679 3.60741359 1.50531467
308.15407704 3.59546782 1.50380820
309.15457729 3.57834252 1.50383691
310.15507754 3.56339910 1.50669865
311.15557779 3.54446392 1.50781352
312.15607804 3.52888852 1.50653235
313.15657829 3.51736721 1.50702380
314.15707854 3.50568973 1.50064250
315.15757879 3.49851447 1.50295855
316.15807904 3.47949569 1.49754221
317.15857929 3.46217346 1.49785903
318.15907954 3.44573287 1.49384823
319.15957979 3.43461583 1.49651948
320.16008004 3.41128151 1.50248360
321.16058029 3.39367642 1.50063549
322.16108054 3.38066604 1.49823733
323.16158079 3.37236548 1.49627715
324.16208104 3.36063045 1.49225501
325.16258129 3.35087787 1.49572757
326.16308154 3.33577017 1.49190093
327.16358179 3.31379519 1.49024867
328.16408204 3.29590438 1.48726453
329.16458229 3.27991766 1.48326978
330.16508254 3.26399322 1.48359649
331.16558279 3.25353518 1.48638538
332.16608304 3.24206704 1.48710348
333.16658329 3.22790756 1.48254547
334.16708354 3.21402614 1.48252832
335.16758379 3.20729935 1.47991813
336.16808404 3.19571458 1.48201909
337.16858429 3.18032000 1.47873635
338.16908454 3.16862433 1.47991149
339.16958479 3.15679918 1.47246630
340.17008504 3.14099875 1.47278546
341.17058529 3.13054463 1.47420200
342.17108554 3.12802108 1.47299787
343.17158579 3.11314426 1.46927046
344.17208604 3.09663583 1.46380557
345.17258629 3.08438685 1.45903261
346.17308654 3.07217464 1.45870022
347.17358679 3.06665853 1.45253460
348.17408704 3.04949664 1.44836501
349.17458729 3.03533384 1.43903939
350.17508754 3.02231504 1.43764143
351.17558779 3.00601010 1.43508144
352.17608804 2.98818691 1.43360840
353.17658829 2.97522017 1.42848540
354.17708854 2.96985046 1.43176006
355.17758879 2.95526580 1.43087385
356.17808904 2.94249329 1.43042033
357.17858929 2.93651481 1.43136215
358.17908954 2.92553021 1.43214194
359.17958979 2.91490705 1.43335033
360.18009005 2.90619840 1.43311373
361.18059030 2.89006836 1.43385562
362.18109055 2.88122401 1.43314113
363.18159080 2.86898909 1.42780651
364.18209105 2.86158728 1.42706164
365.18259130 2.83774642 1.42776170
366.18309155 2.82508215 1.42322640
367.18359180 2.81237118 1.42298422
368.18409205 2.80186618 1.42224740
369.18459230 2.78140592 1.41934933
370.18509255 2.77400482 1.41658986
371.18559280 2.76199424 1.41039873
372.18609305 2.75476858 1.40594036
373.18659330 2.74562828 1.40346052
374.18709355 2.74179516 1.40507171
375.18759380 2.73032064 1.39782435
376.18809405 2.71003730 1.39573498
377.18859430 2.70048883 1.39946488
378.18909455 2.69220790 1.39637755
379.18959480 2.68174186 1.39414577
380.19009505 2.67106643 1.39210786
381.19059530 2.65778908 1.38938093
382.19109555 2.64771862 1.38696702
383.19159580 2.63982952 1.38516296
384.19209605 2.63129321 1.38137847
385.19259630 2.62040632 1.38540710
386.19309655 2.61047302 1.38087700
387.19359680 2.59917842 1.38062823
388.19409705 2.59102104 1.38294487
389.19459730 2.57250429 1.37720889
390.19509755 2.56386536 1.37675690
391.19559780 2.55581658 1.37745528
392.19609805 2.54485872 1.37910120
393.19659830 2.53402750 1.38423873
394.19709855 2.52624446 1.38404611
395.19759880 2.51899852 1.38394726
396.19809905 2.51107483 1.38418864
397.19859930 2.50095294 1.37795969
398.19909955 2.48691526 1.37054796
399.19959980 2.47747185 1.36913593
400.20010005 2.46171630 1.36025236
401.20060030 2.44923554 1.36529169
402.20110055 2.44088643 1.36057095
403.20160080 2.43051235 1.35950520
404.20210105 2.41574882 1.35100157
405.20260130 2.40607313 1.34972305
406.20310155 2.39866167 1.34891177
407.20360180 2.39153218 1.35245860
408.20410205 2.38708275 1.35333007
409.20460230 2.37224289 1.34181288
410.20510255 2.36420246 1.34217152
411.20560280 2.35192327 1.34293240
412.20610305 2.34150357 1.34111748
413.20660330 2.33223322 1.33660021
414.20710355 2.32320246 1.33499729
415.20760380 2.31913313 1.33654586
416.20810405 2.31367590 1.33817158
417.20860430 2.30478713 1.33457600
418.20910455 2.30164279 1.33764511
419.20960480 2.28750733 1.32956517
420.21010505 2.27873904 1.32434195
421.21060530 2.26741411 1.31686049
422.21110555 2.25969697 1.31362773
423.21160580 2.24801420 1.31170892
424.21210605 2.23581445 1.30543898
425.21260630 2.23058606 1.30475374
426.21310655 2.22075478 1.29695544
427.21360680 2.20619407 1.29782700
428.21410705 2.19756198 1.29365152
429.21460730 2.19045927 1.29284777
430.21510755 2.17503601 1.29133435
431.21560780 2.16749422 1.29234604
432.21610805 2.15786389 1.28993489
433.21660830 2.14690658 1.28628306
434.21710855 2.14055870 1.28596330
435.21760880 2.12771989 1.27625894
436.21810905 2.11533374 1.26518681
437.21860930 2.10604846 1.26598793
438.21910955 2.10142312 1.26704553
439.21960980 2.09045169 1.26544474
440.22011006 2.08476171 1.26514115
441.22061031 2.07154025 1.25138956
442.22111056 2.06418626 1.24955631
443.22161081 2.05220018 1.24105521
444.22211106 2.04398238 1.23502944
445.22261131 2.03803817 1.23575408
446.22311156 2.03194506 1.23209666
447.22361181 2.02004346 1.23093251
448.22411206 2.01119305 1.23051548
449.22461231 2.00259804 1.22478668
450.22511256 1.99524922 1.22114747
451.22561281 1.98441510 1.22106747
452.22611306 1.97818682 1.21892127
453.22661331 1.97155484 1.21598820
454.22711356 1.96154200 1.20709233
455.22761381 1.95668474 1.20537870
456.22811406 1.94804402 1.20088731
457.22861431 1.93905483 1.19992947
458.22911456 1.92970811 1.19453404
459.22961481 1.92447921 1.19234000
460.23011506 1.91633742 1.19463332
461.23061531 1.90966268 1.18963994
462.23111556 1.89948793 1.18765410
463.23161581 1.88793689 1.17940205
464.23211606 1.88316538 1.18017981
465.23261631 1.87771556 1.18486980
466.23311656 1.86924016 1.17882983
467.23361681 1.85560851 1.17352966
468.23411706 1.84744596 1.17719286
469.23461731 1.83663686 1.17434401
470.23511756 1.82575287 1.17268703
471.23561781 1.82004232 1.16913668
472.23611806 1.81504559 1.16725412
473.23661831 1.80368530 1.16592357
474.23711856 1.79609011 1.16374355
475.23761881 1.78872837 1.15834030
476.23811906 1.78373802 1.16009363
477.23861931 1.77560628 1.15858291
478.23911956 1.76592376 1.15413948
479.23961981 1.75691584 1.14977463
480.24012006 1.75455213 1.15186131
481.24062031 1.74483442 1.14844630
482.24112056 1.73858277 1.14787976
483.24162081 1.73401293 1.14647827
484.24212106 1.73103891 1.14716794
485.24262131 1.71948397 1.14268070
486.24312156 1.70774066 1.13821313
487.24362181 1.69911804 1.13793838
488.24412206 1.69054602 1.13308271
489.24462231 1.68206970 1.12488981
490.24512256 1.67494193 1.12180309
491.24562281 1.66683891 1.12061663
492.24612306 1.66034518 1.12034148
493.24662331 1.65385633 1.11894018
494.24712356 1.64859130 1.11738483
495.24762381 1.64427733 1.11837287
496.24812406 1.63852587 1.11726133
497.24862431 1.63057284 1.11104840
498.24912456 1.63082501 1.11094633
499.24962481 1.61897845 1.10107208
500.25012506 1.61162507 1.09716237
501.25062531 1.60513820 1.09506154
502.25112556 1.59432504 1.08920286
503.25162581 1.58384241 1.07887630
504.25212606 1.57469357 1.07510004
505.25262631 1.56928647 1.07150129
506.25312656 1.56645810 1.07310157
507.25362681 1.55926154 1.07165020
508.25412706 1.55261328 1.06654908
509.25462731 1.54698957 1.06696341
510.25512756 1.53606260 1.06095145
511.25562781 1.52896132 1.05898833
512.25612806 1.51975149 1.05602134
513.25662831 1.51180610 1.05939849
514.25712856 1.50766159 1.05839414
515.25762881 1.50314229 1.06074068
516.25812906 1.49776397 1.05972327
517.25862931 1.49129235 1.05948713
518.25912956 1.48565081 1.05657346
519.25962981 1.48020770 1.05605161
520.26013007 1.47684704 1.05572931
521.26063032 1.47066740 1.05285974
522.26113057 1.46443425 1.04920991
523.26163082 1.45427240 1.04123530
524.26213107 1.44858912 1.04215748
525.26263132 1.43878955 1.03549460
526.26313157 1.43476408 1.03626665
527.26363182 1.42797943 1.03409124
528.26413207 1.42430950 1.03079087
529.26463232 1.41414493 1.02410954
530.26513257 1.41509268 1.02475130
531.26563282 1.40792349 1.02398984
532.26613307 1.40231835 1.02060894
533.26663332 1.39723907 1.01856892
534.26713357 1.39518521 1.01786257
535.26763382 1.39591998 1.01867794
536.26813407 1.39328902 1.01866276
537.26863432 1.38476506 1.01609988
538.26913457 1.37889234 1.01462021
539.26963482 1.37333346 1.01232847
540.27013507 1.36579768 1.00785227
541.27063532 1.36064747 1.00903385
542.27113557 1.35433471 1.01124999
543.27163582 1.34458418 1.00132073
544.27213607 1.33833948 0.99622791
545.27263632 1.33344847 0.99474846
546.27313657 1.32630156 0.98850939
547.27363682 1.32190700 0.98804028
548.27413707 1.31419182 0.98091334
549.27463732 1.30743285 0.97969470
550.27513757 1.30105653 0.97265124
551.27563782 1.29464909 0.96444258
552.27613807 1.28786370 0.96470956
553.27663832 1.28332128 0.96199700
554.27713857 1.27742032 0.95887392
555.27763882 1.27295811 0.95786049
556.27813907 1.26633839 0.95777796
557.27863932 1.26014194 0.95344459
558.27913957 1.25718157 0.95229280
559.27963982 1.25221434 0.94893649
560.28014007 1.25035249 0.94963314
561.28064032 1.24567594 0.95034780
562.28114057 1.23757265 0.94192685
563.28164082 1.23100655 0.94000267
564.28214107 1.22568084 0.93642530
565.28264132 1.22274323 0.93453378
566.28314157 1.21590791 0.92998104
567.28364182 1.20829168 0.92396747
568.28414207 1.20256018 0.92070163
569.28464232 1.19684396 0.91435262
570.28514257 1.18714983 0.90658772
571.28564282 1.18233430 0.90252666
572.28614307 1.17718277 0.90304686
573.28664332 1.17016508 0.89809570
574.28714357 1.16315765 0.88892869
575.28764382 1.15913221 0.88770358
576.28814407 1.15240589 0.88310271
577.28864432 1.14264865 0.87591494
578.28914457 1.13794109 0.87474079
579.28964482 1.13186626 0.87048477
580.29014507 1.12712780 0.86873021
581.29064532 1.11999219 0.86417902
582.29114557 1.11480073 0.86180343
583.29164582 1.11227954 0.86258332
584.29214607 1.10840042 0.86234437
585.29264632 1.10055779 0.85271602
586.29314657 1.09817875 0.85440005
587.29364682 1.09231001 0.85037468
588.29414707 1.08730890 0.84725923
589.29464732 1.08243324 0.84806072
590.29514757 1.07724910 0.84402137
591.29564782 1.07440686 0.84372987
592.29614807 1.06695228 0.84294777
593.29664832 1.05742732 0.83505192
594.29714857 1.05179293 0.83046992
595.29764882 1.05052075 0.82769565
596.29814907 1.04298541 0.82323763
597.29864932 1.04060581 0.82267336
598.29914957 1.03724234 0.82404522
599.29964982 1.03321591 0.82144107
600.30015008 1.02738922 0.81778999
601.30065033 1.02312383 0.81434242
602.30115058 1.01531901 0.81003036
603.30165083 1.00741846 0.80713476
604.30215108 1.00205833 0.80586356
605.30265133 0.99853959 0.80301994
606.30315158 0.99374353 0.80224129
607.30365183 0.98275528 0.79573356
608.30415208 0.97887179 0.79448042
609.30465233 0.97626816 0.79268619
610.30515258 0.97326759 0.79096203
611.30565283 0.96883853 0.79000862
612.30615308 0.96213772 0.78527383
613.30665333 0.95498972 0.77899835
614.30715358 0.95208951 0.77438965
615.30765383 0.95479769 0.78995984
616.30815408 0.95133917 0.78896143
617.30865433 0.94758775 0.78818974
618.30915458 0.94224702 0.78634020
619.30965483 0.93683073 0.78455175
620.31015508 0.93360270 0.78278333
621.31065533 0.92772980 0.77991994
622.31115558 0.91908115 0.77351666
623.31165583 0.91438210 0.76942510
624.31215608 0.90842654 0.76346073
625.31265633 0.90462150 0.76088625
626.31315658 0.89771361 0.75448630
627.31365683 0.89201446 0.75158272
628.31415708 0.88682427 0.74820365
629.31465733 0.88294772 0.74610911
630.31515758 0.87971638 0.74813471
631.31565783 0.87223516 0.74327109
632.31615808 0.86408221 0.73660282
633.31665833 0.85840630 0.73509031
634.31715858 0.85425966 0.73375146
635.31765883 0.85150939 0.73284597
636.31815908 0.84632880 0.72777842
637.31865933 0.84101566 0.71794103
638.31915958 0.83759297 0.71544890
639.31965983 0.83651434 0.72318027
640.32016008 0.83301142 0.72079382
641.32066033 0.83206417 0.72106625
642.32116058 0.82278375 0.71386701
643.32166083 0.81796711 0.71841566
644.32216108 0.81272957 0.71462694
645.32266133 0.80626994 0.70722582
646.32316158 0.80297594 0.70567294
647.32366183 0.79920571 0.70491610
648.32416208 0.79168485 0.69746297
649.32466233 0.78730105 0.69692893
650.32516258 0.78411781 0.69590358
651.32566283 0.78040685 0.69522519
652.32616308 0.77821183 0.69483781
653.32666333 0.77538676 0.69455473
654.32716358 0.77213433 0.69202056
655.32766383 0.76764965 0.69245342
656.32816408 0.76443987 0.69159675
657.32866433 0.76068832 0.68974044
658.32916458 0.75898396 0.68872294
659.32966483 0.75374864 0.68508761
660.33016508 0.74919339 0.68377264
661.33066533 0.74551927 0.68015073
662.33116558 0.74289196 0.67934112
663.33166583 0.73957577 0.67856315
664.33216608 0.73541164 0.67667012
665.33266633 0.73173407 0.67479259
666.33316658 0.72906406 0.67260011
667.33366683 0.72423458 0.67257643
668.33416708 0.72045569 0.67151961
669.33466733 0.71802995 0.67364721
670.33516758 0.71599075 0.67249226
671.33566783 0.71197060 0.66545384
672.33616808 0.70859863 0.66592222
673.33666833 0.70618340 0.66603003
674.33716858 0.70159327 0.66481654
675.33766883 0.69830037 0.66758461
676.33816908 0.69600099 0.66800778
677.33866933 0.69356480 0.66872911
678.33916958 0.69026162 0.66719761
679.33966983 0.68771947 0.66501673
680.34017009 0.68389461 0.66329059
681.34067034 0.67726664 0.66340547
682.34117059 0.67487552 0.66247008
683.34167084 0.67383754 0.66165037
684.34217109 0.67147080 0.65987366
685.34267134 0.66819413 0.65856202
686.34317159 0.66391718 0.65549161
687.34367184 0.65856036 0.65314279
688.34417209 0.65591684 0.65231683
689.34467234 0.65263328 0.65244754
690.34517259 0.64804902 0.65010975
691.34567284 0.64518804 0.64630156
692.34617309 0.64142761 0.64271851
693.34667334 0.63753381 0.63901330
694.34717359 0.63370456 0.63842998
695.34767384 0.63137511 0.63590680
696.34817409 0.62647916 0.63380958
697.34867434 0.62264939 0.63200687
698.34917459 0.62136527 0.63142807
699.34967484 0.61778376 0.62866332
700.35017509 0.61574385 0.62831502
701.35067534 0.61446111 0.62734619
702.35117559 0.61059358 0.62567813
703.35167584 0.60440638 0.61761448
704.35217609 0.60107044 0.61845283
705.35267634 0.59668426 0.60486263
706.35317659 0.59327415 0.60363700
707.35367684 0.58786035 0.59336921
708.35417709 0.58253405 0.58811042
709.35467734 0.58028403 0.59144374
710.35517759 0.57890873 0.58770058
711.35567784 0.58123146 0.59052688
712.35617809 0.57916254 0.58725762
713.35667834 0.57693603 0.58699098
714.35717859 0.57465808 0.58562360
715.35767884 0.57258151 0.58601422
716.35817909 0.57020720 0.58879834
717.35867934 0.56681352 0.58448199
718.35917959 0.56430073 0.58226002
719.35967984 0.56098014 0.58193839
720.36018009 0.55805772 0.57807628
721.36068034 0.55560387 0.57891114
722.36118059 0.55313170 0.57708182
723.36168084 0.55289563 0.57680245
724.36218109 0.55068088 0.57633716
725.36268134 0.54802893 0.57237093
726.36318159 0.54642568 0.57226484
727.36368184 0.54457196 0.57084957
728.36418209 0.54255229 0.57060345
729.36468234 0.54097237 0.56688435
730.36518259 0.53851034 0.56711302
731.36568284 0.53816435 0.56669403
732.36618309 0.53591944 0.56109367
733.36668334 0.53309495 0.55526298
734.36718359 0.52717733 0.55155702
735.36768384 0.52233248 0.55056878
736.36818409 0.51730929 0.54704924
737.36868434 0.51529444 0.54711783
738.36918459 0.51021678 0.54063648
739.36968484 0.50885711 0.53908384
740.37018509 0.50684267 0.53906945
741.37068534 0.50552995 0.53846781
742.37118559 0.50205248 0.53643071
743.37168584 0.50050846 0.53577143
744.37218609 0.49900558 0.53349109
745.37268634 0.49733228 0.53603486
746.37318659 0.49361581 0.52812386
747.37368684 0.49235594 0.52862746
748.37418709 0.48884333 0.52333238
749.37468734 0.48504179 0.52330949
750.37518759 0.48254920 0.51888870
751.37568784 0.47985545 0.51606362
752.37618809 0.47761012 0.51333095
753.37668834 0.47518129 0.51303585
754.37718859 0.47236005 0.51111124
755.37768884 0.47165047 0.51194111
756.37818909 0.46915380 0.50991525
757.37868934 0.46515279 0.50760221
758.37918959 0.46359110 0.50635151
759.37968984 0.46150593 0.50384168
760.38019010 0.45948606 0.50485303
761.38069035 0.45778741 0.50380220
762.38119060 0.45795204 0.50298197
763.38169085 0.45524986 0.50221617
764.38219110 0.45253140 0.50015158
765.38269135 0.45082236 0.49796439
766.38319160 0.44895026 0.49212431
767.38369185 0.44550385 0.48884787
768.38419210 0.44457768 0.48729820
769.38469235 0.44259565 0.48619661
770.38519260 0.44123531 0.48571410
771.38569285 0.43909977 0.48429402
772.38619310 0.43624463 0.48269923
773.38669335 0.43636877 0.48364483
774.38719360 0.43279005 0.47952207
775.38769385 0.43102165 0.47899956
776.38819410 0.42544963 0.47361546
777.38869435 0.42484695 0.47336022
778.38919460 0.42782957 0.49723184
779.38969485 0.42495786 0.49367669
780.39019510 0.42046564 0.49092589
781.39069535 0.41956120 0.49316988
782.39119560 0.41784276 0.49037166
783.39169585 0.41598813 0.48844534
784.39219610 0.41530882 0.48714262
785.39269635 0.41357003 0.48630551
786.39319660 0.41089241 0.48473556
787.39369685 0.40852265 0.48346979
788.39419710 0.40705635 0.48207534
789.39469735 0.40485993 0.47999155
790.39519760 0.40589840 0.49917827
791.39569785 0.40350482 0.49665936
792.39619810 0.40224896 0.49595893
793.39669835 0.40036808 0.49527421
794.39719860 0.39634515 0.48884884
795.39769885 0.39326588 0.48446704
796.39819910 0.39260550 0.48750983
797.39869935 0.39015265 0.48477094
798.39919960 0.38696490 0.47811038
799.39969985 0.38485419 0.47765501
800.40020010 0.38279848 0.47800814
801.40070035 0.38066417 0.47680326
802.40120060 0.37962058 0.47405434
803.40170085 0.37820309 0.47255263
804.40220110 0.37622902 0.47131111
805.40270135 0.37507914 0.47128610
806.40320160 0.37340325 0.46967467
807.40370185 0.37088003 0.46722811
808.40420210 0.36953808 0.46512578
809.40470235 0.36872571 0.46501283
810.40520260 0.36745984 0.46360503
811.40570285 0.36570646 0.46118420
812.40620310 0.36345324 0.45806303
813.40670335 0.36275105 0.45775607
814.40720360 0.36041761 0.45557536
815.40770385 0.35853768 0.45422112
816.40820410 0.35706019 0.45327933
817.40870435 0.35496170 0.45090434
818.40920460 0.35433548 0.45005954
819.40970485 0.35195269 0.44877386
820.41020510 0.35093917 0.44719004
821.41070535 0.35000064 0.44595974
822.41120560 0.34824854 0.44433508
823.41170585 0.34532609 0.43995690
824.41220610 0.34305772 0.43812550
825.41270635 0.34145004 0.43642927
826.41320660 0.33795602 0.43377659
827.41370685 0.33515968 0.43135035
828.41420710 0.33321648 0.42817431
829.41470735 0.33040126 0.41920473
830.41520760 0.32916629 0.41827694
831.41570785 0.32905094 0.41964909
832.41620810 0.32632826 0.41384230
833.41670835 0.32207100 0.40886684
834.41720860 0.32000136 0.40734979
835.41770885 0.31711060 0.40412535
836.41820910 0.31710749 0.40333421
837.41870935 0.31589011 0.40302908
838.41920960 0.31467020 0.40196430
839.41970985 0.31177332 0.39956491
840.42021011 0.31021165 0.39767577
841.42071036 0.30837690 0.39532873
842.42121061 0.30716290 0.39437746
843.42171086 0.30582277 0.39334715
844.42221111 0.30592510 0.39509249
845.42271136 0.30398858 0.39285316
846.42321161 0.30207239 0.39054230
847.42371186 0.30036952 0.38854179
848.42421211 0.29773268 0.38486150
849.42471236 0.29661555 0.38404942
850.42521261 0.29484716 0.38205801
851.42571286 0.29428004 0.38165199
852.42621311 0.29287019 0.37972642
853.42671336 0.29061877 0.37592654
854.42721361 0.28973141 0.37430116
855.42771386 0.28727801 0.37306749
856.42821411 0.28580149 0.37110802
857.42871436 0.28469851 0.37005301
858.42921461 0.28302136 0.36806330
859.42971486 0.28273327 0.36761048
860.43021511 0.28157382 0.36601234
861.43071536 0.28114628 0.36483532
862.43121561 0.27971295 0.36334575
863.43171586 0.27849382 0.36331980
864.43221611 0.27802996 0.36354691
865.43271636 0.27760004 0.36577995
866.43321661 0.27686665 0.36488134
867.43371686 0.27554207 0.36303998
868.43421711 0.27296270 0.35840420
869.43471736 0.27277865 0.35871958
870.43521761 0.27156125 0.35776190
871.43571786 0.27349193 0.36760709
872.43621811 0.27197263 0.36654803
873.43671836 0.27034761 0.36365424
874.43721861 0.26905726 0.36183009
875.43771886 0.26824542 0.36065747
876.43821911 0.26733240 0.36077888
877.43871936 0.26574516 0.35867353
878.43921961 0.26485241 0.35776540
879.43971986 0.26445697 0.35731228
880.44022011 0.26471942 0.35658543
881.44072036 0.26455831 0.35556380
882.44122061 0.26323435 0.35342020
883.44172086 0.26056135 0.35089575
884.44222111 0.25935938 0.34954241
885.44272136 0.25860824 0.34944218
886.44322161 0.25805112 0.34910773
887.44372186 0.25673111 0.34766542
888.44422211 0.25581304 0.34696794
889.44472236 0.25520601 0.34619735
890.44522261 0.25336781 0.34347480
891.44572286 0.25304172 0.34403947
892.44622311 0.25248699 0.34415079
893.44672336 0.25268799 0.34425673
894.44722361 0.25162950 0.35074181
895.44772386 0.25205433 0.34890796
896.44822411 0.25113886 0.34844195
897.44872436 0.24977801 0.34758509
898.44922461 0.24738363 0.34250286
899.44972486 0.24639054 0.34267691
900.45022511 0.24479740 0.34000461
901.45072536 0.24258056 0.33572790
902.45122561 0.24111273 0.33482107
903.45172586 0.24023010 0.33547418
904.45222611 0.23934983 0.33343576
905.45272636 0.23863628 0.33153229
906.45322661 0.23736877 0.33121698
907.45372686 0.23648889 0.33053629
908.45422711 0.23501767 0.32809432
909.45472736 0.23454581 0.32695199
910.45522761 0.23300154 0.32591809
911.45572786 0.23238858 0.32558912
912.45622811 0.22953675 0.32148013
913.45672836 0.22858665 0.32028512
914.45722861 0.22500814 0.31336986
915.45772886 0.22243403 0.30967248
916.45822911 0.21994425 0.30729091
917.45872936 0.21744007 0.30400476
918.45922961 0.21677957 0.30399059
919.45972986 0.21548910 0.30249450
920.46023012 0.21482925 0.30188287
921.46073037 0.21405696 0.30066214
922.46123062 0.21352390 0.29953057
923.46173087 0.21276356 0.29858011
924.46223112 0.21157231 0.29772638
925.46273137 0.20942368 0.29509419
926.46323162 0.20831096 0.29380173
927.46373187 0.20656173 0.29253497
928.46423212 0.20505230 0.29102087
929.46473237 0.20455580 0.28986037
930.46523262 0.20372773 0.28890740
931.46573287 0.20222886 0.28766139
932.46623312 0.20127470 0.28653817
933.46673337 0.20129417 0.28711589
934.46723362 0.19951076 0.28520869
935.46773387 0.19885976 0.28537005
936.46823412 0.19696505 0.28313003
937.46873437 0.19614547 0.28235872
938.46923462 0.19478099 0.28110838
939.46973487 0.19381121 0.28056820
940.47023512 0.19314793 0.27949385
941.47073537 0.19277854 0.28036018
942.47123562 0.19162357 0.27889807
943.47173587 0.18842475 0.27319013
944.47223612 0.18747421 0.27172732
945.47273637 0.18650900 0.27061867
946.47323662 0.18606126 0.27066277
947.47373687 0.18495436 0.26992691
948.47423712 0.18289131 0.26730027
949.47473737 0.18215389 0.26560935
950.47523762 0.18135900 0.26515079
951.47573787 0.18137408 0.26615639
952.47623812 0.17897386 0.26358298
953.47673837 0.17730046 0.26079551
954.47723862 0.17560658 0.25881108
955.47773887 0.17521442 0.25872417
956.47823912 0.17277402 0.25585805
957.47873937 0.17256858 0.25565108
958.47923962 0.17174570 0.25458760
959.47973987 0.17093824 0.25325791
960.48024012 0.17296254 0.25875690
961.48074037 0.17226286 0.25810327
962.48124062 0.17070071 0.25504366
963.48174087 0.17084589 0.25531079
964.48224112 0.17102860 0.25628000
965.48274137 0.17057368 0.25753795
966.48324162 0.17010855 0.25569501
967.48374187 0.16970530 0.25531187
968.48424212 0.16899267 0.25449278
969.48474237 0.16725712 0.25194097
970.48524262 0.16636184 0.25032838
971.48574287 0.16602323 0.25053771
972.48624312 0.16568057 0.25116528
973.48674337 0.16472276 0.24983694
974.48724362 0.16351248 0.24819877
975.48774387 0.16272013 0.24776781
976.48824412 0.16229487 0.24661193
977.48874437 0.16113831 0.24543859
978.48924462 0.16025558 0.24444981
979.48974487 0.15967223 0.24354222
980.49024512 0.15949331 0.24265990
981.49074537 0.15856604 0.24159300
982.49124562 0.15774983 0.24061134
983.49174587 0.15663179 0.23909551
984.49224612 0.15503844 0.23714372
985.49274637 0.15353893 0.23595860
986.49324662 0.15314860 0.23542797
987.49374687 0.15321700 0.23546702
988.49424712 0.15220960 0.23463030
989.49474737 0.15110637 0.23311789
990.49524762 0.15063936 0.23268452
991.49574787 0.15013006 0.23206464
992.49624812 0.14939704 0.23138689
993.49674837 0.14868874 0.23090955
994.49724862 0.14791808 0.23006539
995.49774887 0.14703741 0.22881493
996.49824912 0.14629779 0.22808367
997.49874937 0.14541625 0.22646994
998.49924962 0.14458626 0.22497194
999.49974987 0.14379477 0.22439190
1000.50025013 0.14308812 0.22330101
1001.50075038 0.14193581 0.22224496
1002.50125063 0.14132529 0.22162247
1003.50175088 0.14063856 0.22110005
1004.50225113 0.13814351 0.21497650
1005.50275138 0.13791280 0.21480275
1006.50325163 0.13701812 0.21389573
1007.50375188 0.13641563 0.21325605
1008.50425213 0.13602574 0.21379457
1009.50475238 0.13537976 0.21324322
1010.50525263 0.13439325 0.21195625
1011.50575288 0.13455679 0.21211616
1012.50625313 0.13335726 0.20864724
1013.50675338 0.13256261 0.20846720
1014.50725363 0.13112023 0.20615252
1015.50775388 0.13082750 0.20603774
1016.50825413 0.13031992 0.20481113
1017.50875438 0.12944058 0.20385545
1018.50925463 0.12889525 0.20288685
1019.50975488 0.12812241 0.20180695
1020.51025513 0.12701898 0.19863841
1021.51075538 0.12647738 0.19902594
1022.51125563 0.12609987 0.19829907
1023.51175588 0.12550457 0.19755757
1024.51225613 0.12445752 0.19658123
1025.51275638 0.12388495 0.19614825
1026.51325663 0.12285797 0.19481975
1027.51375688 0.12104906 0.19225659
1028.51425713 0.12100620 0.19145977
1029.51475738 0.12003790 0.18995720
1030.51525763 0.11963928 0.18908657
1031.51575788 0.11822948 0.18724282
1032.51625813 0.11766891 0.18651032
1033.51675838 0.11751060 0.18663416
1034.51725863 0.11561815 0.18428098
1035.51775888 0.11442223 0.18243385
1036.51825913 0.11378378 0.18144501
1037.51875938 0.11312301 0.18044466
1038.51925963 0.11290991 0.18051907
1039.51975988 0.11203312 0.17910989
1040.52026013 0.11163576 0.17873735
1041.52076038 0.11121609 0.17824158
1042.52126063 0.11023612 0.17689076
1043.52176088 0.10950100 0.17625311
1044.52226113 0.10920725 0.17583857
1045.52276138 0.10870969 0.17532854
1046.52326163 0.10809602 0.17428752
1047.52376188 0.10798581 0.17398940
1048.52426213 0.10741784 0.17306672
1049.52476238 0.10688912 0.17258106
1050.52526263 0.10670553 0.17463826
1051.52576288 0.10635009 0.17399325
1052.52626313 0.10577130 0.17327761
1053.52676338 0.10587975 0.17273751
1054.52726363 0.10545493 0.17224760
1055.52776388 0.10447928 0.17158252
1056.52826413 0.10371316 0.17071496
1057.52876438 0.10322794 0.17018639
1058.52926463 0.10291591 0.16938383
1059.52976488 0.10375319 0.17347656
1060.53026513 0.10333466 0.17303293
1061.53076538 0.10361708 0.17363731
1062.53126563 0.10337625 0.17317019
1063.53176588 0.10305970 0.17294565
1064.53226613 0.10301292 0.17284539
1065.53276638 0.10260217 0.17282889
1066.53326663 0.10155109 0.17093463
1067.53376688 0.10114482 0.17045006
1068.53426713 0.10056180 0.16946660
1069.53476738 0.10014577 0.16900577
1070.53526763 0.09972329 0.16863303
1071.53576788 0.09941464 0.16854214
1072.53626813 0.09917544 0.16789884
1073.53676838 0.09857898 0.16711052
1074.53726863 0.09788076 0.16657585
1075.53776888 0.09733201 0.16593063
1076.53826913 0.09707374 0.16582831
1077.53876938 0.09664744 0.16510119
1078.53926963 0.09567082 0.16388487
1079.53976988 0.09707270 0.16649393
1080.54027014 0.09661344 0.16566353
1081.54077039 0.09621688 0.16491072
1082.54127064 0.09568572 0.16485029
1083.54177089 0.09531670 0.16431076
1084.54227114 0.09542439 0.16474751
1085.54277139 0.09478312 0.16374498
1086.54327164 0.09398673 0.16282809
1087.54377189 0.09346018 0.16207028
1088.54427214 0.09304370 0.16160003
1089.54477239 0.09301302 0.16129399
1090.54527264 0.09322066 0.16151024
1091.54577289 0.09261538 0.16058584
1092.54627314 0.09274017 0.16109086
1093.54677339 0.09206256 0.16033576
1094.54727364 0.09173759 0.15956971
1095.54777389 0.09129777 0.15869274
1096.54827414 0.09073301 0.15788688
1097.54877439 0.09015313 0.15722678
1098.54927464 0.08981142 0.15709316
1099.54977489 0.08949010 0.15690345
1100.55027514 0.08886851 0.15609120
1101.55077539 0.08864195 0.15614791
1102.55127564 0.08939314 0.16178654
1103.55177589 0.08915700 0.16079024
1104.55227614 0.09010468 0.16321120
1105.55277639 0.08954424 0.16352715
1106.55327664 0.08915783 0.16173591
1107.55377689 0.08857242 0.16058065
1108.55427714 0.08782874 0.16038737
1109.55477739 0.08739616 0.15996410
1110.55527764 0.08693773 0.15860326
1111.55577789 0.08667994 0.15790786
1112.55627814 0.08633726 0.15745507
1113.55677839 0.08864989 0.16154576
1114.55727864 0.08818258 0.16086287
1115.55777889 0.08758336 0.15858512
1116.55827914 0.08666730 0.15739208
1117.55877939 0.08658666 0.15748581
1118.55927964 0.08600214 0.15648107
1119.55977989 0.08527807 0.15542533
1120.56028014 0.08483451 0.15483431
1121.56078039 0.08472459 0.15460063
1122.56128064 0.08568160 0.15692268
1123.56178089 0.08528157 0.15627626
1124.56228114 0.08675724 0.17238222
1125.56278139 0.08647257 0.17215595
1126.56328164 0.08735364 0.17384566
1127.56378189 0.08660211 0.17230082
1128.56428214 0.08570010 0.16911558
1129.56478239 0.08483672 0.16802480
1130.56528264 0.08509804 0.16839341
1131.56578289 0.08483428 0.16887758
1132.56628314 0.08428357 0.16815642
1133.56678339 0.08404254 0.16786074
1134.56728364 0.08401188 0.16740865
1135.56778389 0.08344628 0.16631933
1136.56828414 0.08349955 0.16699642
1137.56878439 0.08313566 0.16674786
1138.56928464 0.08305467 0.16706918
1139.56978489 0.08253515 0.16641878
1140.57028514 0.08225372 0.16604509
1141.57078539 0.08206431 0.16602417
1142.57128564 0.08134958 0.16513751
1143.57178589 0.08110953 0.16477062
1144.57228614 0.08088618 0.16440913
1145.57278639 0.08040970 0.16364595
1146.57328664 0.08004438 0.16327165
1147.57378689 0.08201821 0.16651762
1148.57428714 0.08158966 0.16658360
1149.57478739 0.08224250 0.17031648
1150.57528764 0.08217039 0.16965639
1151.57578789 0.08182373 0.16861273
1152.57628814 0.08333796 0.17147421
1153.57678839 0.08298107 0.17147730
1154.57728864 0.08256622 0.17116682
1155.57778889 0.08180231 0.16993935
1156.57828914 0.08153631 0.16960302
1157.57878939 0.08203920 0.17001882
1158.57928964 0.08187668 0.17030169
1159.57978989 0.08366354 0.17561155
1160.58029015 0.08321065 0.17466628
1161.58079040 0.08287659 0.17433733
1162.58129065 0.08282375 0.17436590
1163.58179090 0.08252101 0.17380627
1164.58229115 0.08078380 0.16895407
1165.58279140 0.08057275 0.16920990
1166.58329165 0.08021594 0.16869110
1167.58379190 0.07987194 0.16793859
1168.58429215 0.07868086 0.16453829
1169.58479240 0.07826156 0.16423366
1170.58529265 0.07799951 0.16400965
1171.58579290 0.07753946 0.16356873
1172.58629315 0.07720086 0.16313842
1173.58679340 0.07684340 0.16255422
1174.58729365 0.07734909 0.16359668
1175.58779390 0.07665184 0.16272622
1176.58829415 0.07632541 0.16232179
1177.58879440 0.07590649 0.16185311
1178.58929465 0.07549839 0.16122715
1179.58979490 0.07520059 0.16030843
1180.59029515 0.07535817 0.16194784
1181.59079540 0.07526251 0.16255875
1182.59129565 0.07488617 0.16170394
1183.59179590 0.07441629 0.16116058
1184.59229615 0.07409977 0.16020409
1185.59279640 0.07363303 0.16005983
1186.59329665 0.07316299 0.15969744
1187.59379690 0.07314173 0.15959285
1188.59429715 0.07283676 0.15906442
1189.59479740 0.07297770 0.15859020
1190.59529765 0.07254881 0.15815845
1191.59579790 0.07222532 0.15772076
1192.59629815 0.07209555 0.15730987
1193.59679840 0.07254746 0.15737511
1194.59729865 0.07216858 0.15743489
1195.59779890 0.07122310 0.15560588
1196.59829915 0.06968247 0.15049696
1197.59879940 0.07088649 0.15303008
1198.59929965 0.07178746 0.15459353
1199.59979990 0.07065361 0.15621662
1200.60030015 0.07024083 0.15514272
1201.60080040 0.06992863 0.15439455
1202.60130065 0.06962556 0.15506799
1203.60180090 0.06900707 0.15413345
1204.60230115 0.06879784 0.15389659
1205.60280140 0.06840446 0.15305752
1206.60330165 0.06811771 0.15215877
1207.60380190 0.06755020 0.15210004
1208.60430215 0.06727604 0.15246901
1209.60480240 0.06717063 0.15299893
1210.60530265 0.06674387 0.15060071
1211.60580290 0.06656236 0.14997089
1212.60630315 0.06611192 0.14798721
1213.60680340 0.06558048 0.14886438
1214.60730365 0.06472956 0.14678578
1215.60780390 0.06471978 0.14486740
1216.60830415 0.06460978 0.14571757
1217.60880440 0.06423802 0.14546492
1218.60930465 0.06402691 0.14426815
1219.60980490 0.06369920 0.14395986
1220.61030515 0.06259880 0.14214545
1221.61080540 0.06230898 0.14124443
1222.61130565 0.06215802 0.14103266
1223.61180590 0.06159995 0.14062923
1224.61230615 0.06132169 0.13946859
1225.61280640 0.06230382 0.14118335
1226.61330665 0.06198095 0.14077415
1227.61380690 0.06158141 0.14004618
1228.61430715 0.06114957 0.13971910
1229.61480740 0.06129622 0.13965077
1230.61530765 0.06096600 0.13895250
1231.61580790 0.06079502 0.13865871
1232.61630815 0.06073690 0.13879257
1233.61680840 0.06042243 0.13781088
1234.61730865 0.06030561 0.13755559
1235.61780890 0.05994244 0.13679601
1236.61830915 0.05955928 0.13599236
1237.61880940 0.05934184 0.13581653
1238.61930965 0.05876744 0.13505586
1239.61980990 0.05852878 0.13485546
1240.62031016 0.05835455 0.13443826
1241.62081041 0.05806319 0.13416774
1242.62131066 0.05761366 0.13333894
1243.62181091 0.05736898 0.13276690
1244.62231116 0.05640798 0.13140313
1245.62281141 0.05625970 0.13084575
1246.62331166 0.05602689 0.13027414
1247.62381191 0.05543618 0.12886730
1248.62431216 0.05546735 0.12847156
1249.62481241 0.05526555 0.12814511
1250.62531266 0.05502680 0.12791646
1251.62581291 0.05487199 0.12750031
1252.62631316 0.05458062 0.12699985
1253.62681341 0.05432231 0.12633501
1254.62731366 0.05425724 0.12608039
1255.62781391 0.05394469 0.12519786
1256.62831416 0.05364172 0.12470169
1257.62881441 0.05331531 0.12431176
1258.62931466 0.05331811 0.12433026
1259.62981491 0.05287943 0.12390379
1260.63031516 0.05251342 0.12337192
1261.63081541 0.05214246 0.12264277
1262.63131566 0.05185831 0.12227893
1263.63181591 0.05165542 0.12191232
1264.63231616 0.05076916 0.12048642
1265.63281641 0.05051656 0.11998217
1266.63331666 0.05071443 0.11987378
1267.63381691 0.05067698 0.11946605
1268.63431716 0.05042703 0.11927974
1269.63481741 0.05021744 0.11908751
1270.63531766 0.05004846 0.11873443
1271.63581791 0.04992358 0.11836360
1272.63631816 0.04921077 0.11749423
1273.63681841 0.04905139 0.11703253
1274.63731866 0.04865120 0.11661805
1275.63781891 0.04858247 0.11598463
1276.63831916 0.04854682 0.11617827
1277.63881941 0.04845408 0.11619228
1278.63931966 0.04819269 0.11562652
1279.63981991 0.04799420 0.11525012
1280.64032016 0.04808779 0.11596366
1281.64082041 0.04797600 0.11585118
1282.64132066 0.04869730 0.11683326
1283.64182091 0.04800990 0.11547767
1284.64232116 0.04810859 0.11512821
1285.64282141 0.04808205 0.11468417
1286.64332166 0.04769239 0.11386965
1287.64382191 0.04778359 0.11434938
1288.64432216 0.04902876 0.11757330
1289.64482241 0.04878088 0.11684191
1290.64532266 0.04842638 0.11611611
1291.64582291 0.04776622 0.11391596
1292.64632316 0.04781217 0.11519469
1293.64682341 0.04760807 0.11516271
1294.64732366 0.04721249 0.11405316
1295.64782391 0.04706028 0.11405095
1296.64832416 0.04654787 0.11260056
1297.64882441 0.04657662 0.11333959
1298.64932466 0.04618778 0.11230536
1299.64982491 0.04582091 0.11091584
1300.65032516 0.04543579 0.10993511
1301.65082541 0.04524614 0.10907782
1302.65132566 0.04518904 0.10917615
1303.65182591 0.04517482 0.10907524
1304.65232616 0.04497034 0.10863843
1305.65282641 0.04458341 0.10794634
1306.65332666 0.04445684 0.10746935
1307.65382691 0.04425645 0.10723148
1308.65432716 0.04407689 0.10708686
1309.65482741 0.04383871 0.10683385
1310.65532766 0.04355454 0.10631464
1311.65582791 0.04330312 0.10591503
1312.65632816 0.04309932 0.10535031
1313.65682841 0.04297089 0.10496578
1314.65732866 0.04274025 0.10451670
1315.65782891 0.04254068 0.10421370
1316.65832916 0.04240732 0.10400265
1317.65882941 0.04252844 0.10367205
1318.65932966 0.04231164 0.10331124
1319.65982991 0.04204927 0.10291309
1320.66033017 0.04183266 0.10258771
1321.66083042 0.04176047 0.10230787
1322.66133067 0.04084900 0.10058342
1323.66183092 0.04058737 0.10001787
1324.66233117 0.04023984 0.09968130
1325.66283142 0.04015997 0.09952831
1326.66333167 0.04017083 0.09944808
1327.66383192 0.03982424 0.09896391
1328.66433217 0.03979832 0.09902476
1329.66483242 0.03970661 0.09892579
1330.66533267 0.03958963 0.09868532
1331.66583292 0.03937241 0.09811985
1332.66633317 0.03891732 0.09734398
1333.66683342 0.03874351 0.09703363
1334.66733367 0.03860485 0.09674278
1335.66783392 0.03849667 0.09645541
1336.66833417 0.03850471 0.09635170
1337.66883442 0.03761941 0.09465521
1338.66933467 0.03704967 0.09347610
1339.66983492 0.03639763 0.09197879
1340.67033517 0.03620613 0.09162573
1341.67083542 0.03602349 0.09140932
1342.67133567 0.03588795 0.09101777
1343.67183592 0.03563987 0.09057985
1344.67233617 0.03536991 0.09012448
1345.67283642 0.03619317 0.09244816
1346.67333667 0.03611428 0.09262283
1347.67383692 0.03591407 0.09192232
1348.67433717 0.03573532 0.09143530
1349.67483742 0.03565240 0.09152090
1350.67533767 0.03563183 0.09135524
1351.67583792 0.03719099 0.09790322
1352.67633817 0.03694260 0.09730004
1353.67683842 0.03680532 0.09756630
1354.67733867 0.03648436 0.09674400
1355.67783892 0.03658868 0.09712962
1356.67833917 0.03650948 0.09688551
1357.67883942 0.03615606 0.09613757
1358.67933967 0.03618887 0.09615370
1359.67983992 0.03612742 0.09620335
1360.68034017 0.03589015 0.09562722
1361.68084042 0.03645730 0.09725679
1362.68134067 0.03623217 0.09717235
1363.68184092 0.03600138 0.09693009
1364.68234117 0.03600695 0.09691331
1365.68284142 0.03581274 0.09644074
1366.68334167 0.03555161 0.09585986
1367.68384192 0.03537028 0.09550489
1368.68434217 0.03530816 0.09565703
1369.68484242 0.03517970 0.09517108
1370.68534267 0.03498047 0.09469060
1371.68584292 0.03487319 0.09440503
1372.68634317 0.03469950 0.09410647
1373.68684342 0.03451597 0.09370660
1374.68734367 0.03436411 0.09345657
1375.68784392 0.03423580 0.09325019
1376.68834417 0.03406164 0.09291528
1377.68884442 0.03394112 0.09262233
1378.68934467 0.03373530 0.09230922
1379.68984492 0.03366098 0.09199065
1380.69034517 0.03358917 0.09180914
1381.69084542 0.03341882 0.09139180
1382.69134567 0.03526207 0.10037062
1383.69184592 0.03513030 0.10009557
1384.69234617 0.03406479 0.09742571
1385.69284642 0.03373810 0.09657983
1386.69334667 0.03363659 0.09640550
1387.69384692 0.03345769 0.09626656
1388.69434717 0.03334326 0.09585835
1389.69484742 0.03316063 0.09561393
1390.69534767 0.03294975 0.09565605
1391.69584792 0.03300050 0.09534775
1392.69634817 0.03288682 0.09498097
1393.69684842 0.03289745 0.09535429
1394.69734867 0.03261960 0.09477557
1395.69784892 0.03243153 0.09420042
1396.69834917 0.03228347 0.09412190
1397.69884942 0.03229971 0.09409819
1398.69934967 0.03130745 0.09207184
1399.69984992 0.03126088 0.09201397
1400.70035018 0.03115872 0.09191491
1401.70085043 0.03115268 0.09160603
1402.70135068 0.03096920 0.09129882
1403.70185093 0.03076937 0.09099885
1404.70235118 0.03060833 0.09072265
1405.70285143 0.03050644 0.09062063
1406.70335168 0.03041095 0.09044461
1407.70385193 0.03026723 0.09005320
1408.70435218 0.03152949 0.09473139
1409.70485243 0.03131056 0.09400927
1410.70535268 0.03105040 0.09320748
1411.70585293 0.03093240 0.09296435
1412.70635318 0.03095011 0.09340468
1413.70685343 0.03087692 0.09334484
1414.70735368 0.03072571 0.09284563
1415.70785393 0.03047803 0.09242175
1416.70835418 0.03031873 0.09206701
1417.70885443 0.02920458 0.08598588
1418.70935468 0.02910865 0.08597160
1419.70985493 0.02885139 0.08560942
1420.71035518 0.02855969 0.08475512
1421.71085543 0.02844654 0.08439857
1422.71135568 0.02850499 0.08455753
1423.71185593 0.02851001 0.08432042
1424.71235618 0.02824368 0.08419929
1425.71285643 0.02831131 0.08420051
1426.71335668 0.02812456 0.08364294
1427.71385693 0.02795608 0.08338750
1428.71435718 0.02775125 0.08317990
1429.71485743 0.02767086 0.08289411
1430.71535768 0.02640351 0.07309067
1431.71585793 0.02613000 0.07247292
1432.71635818 0.02476269 0.06686990
1433.71685843 0.02469236 0.06671690
1434.71735868 0.02480321 0.06705106
1435.71785893 0.02477976 0.06680000
1436.71835918 0.02461033 0.06626017
1437.71885943 0.02444663 0.06575097
1438.71935968 0.02431896 0.06570670
1439.71985993 0.02444157 0.06575091
1440.72036018 0.02442689 0.06551404
1441.72086043 0.02434240 0.06515914
1442.72136068 0.02417461 0.06467427
1443.72186093 0.02404476 0.06431134
1444.72236118 0.02382522 0.06402776
1445.72286143 0.02374014 0.06387980
1446.72336168 0.02378558 0.06373577
1447.72386193 0.02361239 0.06339113
1448.72436218 0.02335442 0.06282929
1449.72486243 0.02330433 0.06258261
1450.72536268 0.02331486 0.06297875
1451.72586293 0.02308312 0.06232176
1452.72636318 0.02306920 0.06202463
1453.72686343 0.02292623 0.06168131
1454.72736368 0.02349040 0.06350817
1455.72786393 0.02342473 0.06355585
1456.72836418 0.02327406 0.06326659
1457.72886443 0.02302171 0.06271997
1458.72936468 0.02294798 0.06223729
1459.72986493 0.02281288 0.06210709
1460.73036518 0.02273333 0.06187607
1461.73086543 0.02259584 0.06133606
1462.73136568 0.02440089 0.07292860
1463.73186593 0.02434614 0.07187998
1464.73236618 0.02594654 0.07965653
1465.73286643 0.02540189 0.07814475
1466.73336668 0.02584300 0.07854937
1467.73386693 0.02721779 0.08405781
1468.73436718 0.02726277 0.08596051
1469.73486743 0.02685132 0.08451694
1470.73536768 0.02665535 0.08343568
1471.73586793 0.02647601 0.08261082
1472.73636818 0.02697969 0.08542308
1473.73686843 0.02705320 0.08507930
1474.73736868 0.02684956 0.08483430
1475.73786893 0.02669409 0.08443061
1476.73836918 0.02558997 0.07960123
1477.73886943 0.02539716 0.07920534
1478.73936968 0.02476758 0.07582032
1479.73986993 0.02488217 0.07599224
1480.74037019 0.02471574 0.07550377
1481.74087044 0.02447006 0.07476797
1482.74137069 0.02428361 0.07498825
1483.74187094 0.02428775 0.07475260
1484.74237119 0.02387615 0.07268743
1485.74287144 0.02404575 0.07260145
1486.74337169 0.02412539 0.07316490
1487.74387194 0.02384202 0.07222278
1488.74437219 0.02384212 0.07261153
1489.74487244 0.02368964 0.07216708
1490.74537269 0.02358083 0.07224734
1491.74587294 0.02321838 0.07063781
1492.74637319 0.02316446 0.07100181
1493.74687344 0.02329709 0.07301221
1494.74737369 0.02430148 0.07683479
1495.74787394 0.02408157 0.07681313
1496.74837419 0.02387544 0.07570451
1497.74887444 0.02374062 0.07525555
1498.74937469 0.02373429 0.07571219
1499.74987494 0.02359750 0.07574651
1500.75037519 0.02357146 0.07535950
1501.75087544 0.02335315 0.07422460
1502.75137569 0.02325829 0.07396090
1503.75187594 0.02312133 0.07388320
1504.75237619 0.02309451 0.07430329
1505.75287644 0.02295265 0.07380402
1506.75337669 0.02285513 0.07357331
1507.75387694 0.02277219 0.07328266
1508.75437719 0.02238214 0.07071777
1509.75487744 0.02227858 0.07052145
1510.75537769 0.02220669 0.07014269
1511.75587794 0.02160657 0.06768368
1512.75637819 0.02161508 0.06780949
1513.75687844 0.02155673 0.06807417
1514.75737869 0.02127793 0.06681391
1515.75787894 0.02062419 0.06432813
1516.75837919 0.02080314 0.06525041
1517.75887944 0.02078564 0.06556546
1518.75937969 0.02055331 0.06464024
1519.75987994 0.02071875 0.06457666
1520.76038019 0.02076486 0.06487576
1521.76088044 0.02057462 0.06450161
1522.76138069 0.02064354 0.06489794
1523.76188094 0.02037770 0.06428888
1524.76238119 0.02196946 0.07344125
1525.76288144 0.02192003 0.07393724
1526.76338169 0.02179285 0.07357553
1527.76388194 0.02321693 0.08075102
1528.76438219 0.02457504 0.08504215
1529.76488244 0.02433739 0.08362241
1530.76538269 0.02433702 0.08378889
1531.76588294 0.02440833 0.08484900
1532.76638319 0.02482205 0.08697183
1533.76688344 0.02411673 0.08138835
1534.76738369 0.02386066 0.08058936
1535.76788394 0.02379910 0.08051281
1536.76838419 0.02371640 0.08114852
1537.76888444 0.02368196 0.08129142
1538.76938469 0.02369253 0.08145539
1539.76988494 0.02349340 0.08164052
1540.77038519 0.02342093 0.08142437
1541.77088544 0.02343999 0.08137063
1542.77138569 0.02303357 0.07963661
1543.77188594 0.02292247 0.07986175
1544.77238619 0.02264554 0.07892876
1545.77288644 0.02275740 0.07942468
1546.77338669 0.02249304 0.07879656
1547.77388694 0.02361736 0.08320915
1548.77438719 0.02394238 0.08412131
1549.77488744 0.02404688 0.08521338
1550.77538769 0.02377168 0.08393873
1551.77588794 0.02387492 0.08392812
1552.77638819 0.02383906 0.08370310
1553.77688844 0.02363313 0.08287447
1554.77738869 0.02343310 0.08283380
1555.77788894 0.02338132 0.08278838
1556.77838919 0.02441238 0.08644017
1557.77888944 0.02423703 0.08655385
1558.77938969 0.02405009 0.08645307
1559.77988994 0.02400035 0.08629123
1560.78039020 0.02391404 0.08647906
1561.78089045 0.02507640 0.09073894
1562.78139070 0.02645877 0.09294500
1563.78189095 0.02641710 0.09324440
1564.78239120 0.02777389 0.09784589
1565.78289145 0.02778980 0.09780468
1566.78339170 0.02720521 0.09448844
1567.78389195 0.02774226 0.09788157
1568.78439220 0.02752560 0.09612087
1569.78489245 0.02731587 0.09530467
1570.78539270 0.02715869 0.09558823
1571.78589295 0.02707225 0.09576983
1572.78639320 0.02712549 0.09620149
1573.78689345 0.02697566 0.09614104
1574.78739370 0.02675390 0.09538409
1575.78789395 0.02658325 0.09406836
1576.78839420 0.02776367 0.09753701
1577.78889445 0.02888028 0.10037288
1578.78939470 0.03024406 0.10547422
1579.78989495 0.03037025 0.10629075
1580.79039520 0.03014592 0.10507791
1581.79089545 0.02988807 0.10334737
1582.79139570 0.03020140 0.10530879
1583.79189595 0.02989818 0.10519723
1584.79239620 0.02949913 0.10370632
1585.79289645 0.02932851 0.10306119
1586.79339670 0.02918965 0.10184620
1587.79389695 0.02909111 0.10189542
1588.79439720 0.02904160 0.10149529
1589.79489745 0.02877686 0.10108188
1590.79539770 0.02873392 0.10128419
1591.79589795 0.02866616 0.10200069
1592.79639820 0.02836551 0.10177974
1593.79689845 0.02820363 0.10113737
1594.79739870 0.02801624 0.10033634
1595.79789895 0.02794200 0.09982477
1596.79839920 0.02793054 0.10018515
1597.79889945 0.02782522 0.09999189
1598.79939970 0.02772371 0.09950657
1599.79989995 0.02788719 0.10101575
1600.80040020 0.02777835 0.10110215
1601.80090045 0.02759132 0.10033328
1602.80140070 0.02749729 0.10022780
1603.80190095 0.02745208 0.10052881
1604.80240120 0.02760478 0.10030896
1605.80290145 0.02748466 0.09997956
1606.80340170 0.02726433 0.09959392
1607.80390195 0.02730210 0.09949961
1608.80440220 0.02706100 0.09904738
1609.80490245 0.02616430 0.09630935
1610.80540270 0.02753438 0.10254992
1611.80590295 0.02761752 0.10253528
1612.80640320 0.02704495 0.09984331
1613.80690345 0.02833685 0.10295412
1614.80740370 0.02805227 0.10188168
1615.80790395 0.02798544 0.10220903
1616.80840420 0.02796038 0.10205619
1617.80890445 0.02772393 0.10132884
1618.80940470 0.02775483 0.10122984
1619.80990495 0.02764771 0.10139614
1620.81040520 0.02932416 0.10745578
1621.81090545 0.02924745 0.10704782
1622.81140570 0.02898292 0.10604119
1623.81190595 0.02863312 0.10485248
1624.81240620 0.02898536 0.10498984
1625.81290645 0.02916745 0.10628380
1626.81340670 0.02907707 0.10579787
1627.81390695 0.02879226 0.10461043
1628.81440720 0.02826140 0.10168473
1629.81490745 0.02826534 0.10195258
1630.81540770 0.02832033 0.10289136
1631.81590795 0.02819282 0.10262758
1632.81640820 0.02802984 0.10187268
1633.81690845 0.02777910 0.10099426
1634.81740870 0.02764303 0.10056529
1635.81790895 0.02755251 0.10034219
1636.81840920 0.02723166 0.09905741
1637.81890945 0.02667253 0.09722325
1638.81940970 0.02648276 0.09659479
1639.81990995 0.02660909 0.09701971
1640.82041021 0.02644708 0.09696079
1641.82091046 0.02627187 0.09647852
1642.82141071 0.02608276 0.09581418
1643.82191096 0.02612059 0.09555996
1644.82241121 0.02617951 0.09549118
1645.82291146 0.02605003 0.09486865
1646.82341171 0.02584336 0.09457943
1647.82391196 0.02569659 0.09425950
1648.82441221 0.02567491 0.09413030
1649.82491246 0.02571715 0.09421726
1650.82541271 0.02585038 0.09426769
1651.82591296 0.02579529 0.09399486
1652.82641321 0.02532894 0.09310071
1653.82691346 0.02607752 0.09646913
1654.82741371 0.02595871 0.09642673
1655.82791396 0.02579749 0.09525075
1656.82841421 0.02567276 0.09459555
1657.82891446 0.02498514 0.09187367
1658.82941471 0.02357245 0.08672371
1659.82991496 0.02361943 0.08692699
1660.83041521 0.02368547 0.08710503
1661.83091546 0.02356058 0.08661711
1662.83141571 0.02329220 0.08600232
1663.83191596 0.02462974 0.09167095
1664.83241621 0.02450969 0.09104197
1665.83291646 0.02449722 0.09088095
1666.83341671 0.02439599 0.09083232
1667.83391696 0.02572064 0.09676750
1668.83441721 0.02495089 0.09422437
1669.83491746 0.02492135 0.09445842
1670.83541771 0.02474921 0.09399718
1671.83591796 0.02630559 0.10040783
1672.83641821 0.02618840 0.09988061
1673.83691846 0.02618874 0.10020011
1674.83741871 0.02735284 0.10344883
1675.83791896 0.02723128 0.10314377
1676.83841921 0.02705487 0.10340338
1677.83891946 0.02855815 0.10821917
1678.83941971 0.02839570 0.10741700
1679.83991996 0.02843100 0.10803486
1680.84042021 0.02833465 0.10822859
1681.84092046 0.02845461 0.10904020
1682.84142071 0.02782009 0.10568808
1683.84192096 0.02780399 0.10546169
1684.84242121 0.02745304 0.10375197
1685.84292146 0.02740608 0.10393284
1686.84342171 0.02741977 0.10439897
1687.84392196 0.02729805 0.10416799
1688.84442221 0.02706958 0.10349726
1689.84492246 0.02715028 0.10378643
1690.84542271 0.02691021 0.10304883
1691.84592296 0.02676845 0.10291592
1692.84642321 0.02795374 0.10473470
1693.84692346 0.02795045 0.10495176
1694.84742371 0.02763564 0.10390973
1695.84792396 0.02760464 0.10380474
1696.84842421 0.02755863 0.10362399
1697.84892446 0.02744699 0.10365364
1698.84942471 0.02737068 0.10324018
1699.84992496 0.02728206 0.10327449
1700.85042521 0.02719643 0.10296075
1701.85092546 0.02589839 0.09889441
1702.85142571 0.02767588 0.10597139
1703.85192596 0.02755579 0.10594163
1704.85242621 0.02740741 0.10556097
1705.85292646 0.02721986 0.10482147
1706.85342671 0.02715970 0.10456231
1707.85392696 0.02705603 0.10410256
1708.85442721 0.02688339 0.10349856
1709.85492746 0.02576403 0.09727471
1710.85542771 0.02568894 0.09722976
1711.85592796 0.02513104 0.09487128
1712.85642821 0.02510708 0.09500418
1713.85692846 0.02497534 0.09422704
1714.85742871 0.02487535 0.09391481
1715.85792896 0.02464255 0.09326609
1716.85842921 0.02464191 0.09335887
1717.85892946 0.02462113 0.09342567
1718.85942971 0.02459852 0.09310887
1719.85992996 0.02449742 0.09280600
1720.86043022 0.02426965 0.09174301
1721.86093047 0.02388430 0.09110821
1722.86143072 0.02381987 0.09060611
1723.86193097 0.02341331 0.08959875
1724.86243122 0.02332676 0.08941926
1725.86293147 0.02314243 0.08899259
1726.86343172 0.02300216 0.08873142
1727.86393197 0.02291399 0.08862165
1728.86443222 0.02287142 0.08857669
1729.86493247 0.02282328 0.08841036
1730.86543272 0.02272896 0.08821645
1731.86593297 0.02383797 0.09210044
1732.86643322 0.02435528 0.09595055
1733.86693347 0.02460411 0.09856153
1734.86743372 0.02607736 0.10408990
1735.86793397 0.02915770 0.11434143
1736.86843422 0.02910815 0.11458970
1737.86893447 0.02901569 0.11446784
1738.86943472 0.02910353 0.11553840
1739.86993497 0.02921045 0.11641375
1740.87043522 0.02890824 0.11489402
1741.87093547 0.02891244 0.11328930
1742.87143572 0.02835344 0.10914530
1743.87193597 0.02814594 0.10825972
1744.87243622 0.02821426 0.10819892
1745.87293647 0.02827770 0.10842635
1746.87343672 0.02801995 0.10733831
1747.87393697 0.02797611 0.10646545
1748.87443722 0.02784894 0.10634438
1749.87493747 0.02786894 0.10704772
1750.87543772 0.02779184 0.10677142
1751.87593797 0.02805456 0.10856814
1752.87643822 0.02740065 0.10740044
1753.87693847 0.02812162 0.11053578
1754.87743872 0.02791849 0.10973242
1755.87793897 0.02804973 0.10969862
1756.87843922 0.02788450 0.10964119
1757.87893947 0.02771485 0.10903751
1758.87943972 0.02754508 0.10830309
1759.87993997 0.02770981 0.10872259
1760.88044022 0.02781841 0.10888616
1761.88094047 0.02892728 0.11179352
1762.88144072 0.02901363 0.11184699
1763.88194097 0.02890582 0.11171954
1764.88244122 0.02878726 0.11104517
1765.88294147 0.02935143 0.11160200
1766.88344172 0.02825047 0.10903036
1767.88394197 0.02876798 0.11024246
1768.88444222 0.02879216 0.11014305
1769.88494247 0.02864739 0.10987841
1770.88544272 0.02844816 0.10901151
1771.88594297 0.02831949 0.10873048
1772.88644322 0.02955152 0.11204055
1773.88694347 0.02991420 0.11397325
1774.88744372 0.02981392 0.11301807
1775.88794397 0.02860137 0.10853970
1776.88844422 0.02861099 0.10816247
1777.88894447 0.02854235 0.10814959
1778.88944472 0.02710464 0.10307088
1779.88994497 0.02716916 0.10361323
1780.89044522 0.02865457 0.10760618
1781.89094547 0.03007610 0.11212488
1782.89144572 0.03122399 0.11473254
1783.89194597 0.03111598 0.11398173
1784.89244622 0.03131898 0.11431310
1785.89294647 0.03102980 0.11341339
1786.89344672 0.03093438 0.11312024
1787.89394697 0.03092814 0.11329220
1788.89444722 0.03070926 0.11286157
1789.89494747 0.03080370 0.11248709
1790.89544772 0.03118747 0.11388797
1791.89594797 0.03135590 0.11315632
1792.89644822 0.03112934 0.11223017
1793.89694847 0.03125145 0.11191407
1794.89744872 0.03115378 0.11163381
1795.89794897 0.03093932 0.11151485
1796.89844922 0.03068250 0.11054839
1797.89894947 0.03040200 0.10960056
1798.89944972 0.03078081 0.10989335
1799.89994997 0.03047815 0.10907446
1800.90045023 0.03032998 0.10863262
1801.90095048 0.03018952 0.10845109
1802.90145073 0.02963188 0.10583798
1803.90195098 0.02941402 0.10544413
1804.90245123 0.02931118 0.10535071
1805.90295148 0.02926012 0.10534394
1806.90345173 0.02911182 0.10492962
1807.90395198 0.02915680 0.10542326
1808.90445223 0.02901152 0.10473737
1809.90495248 0.02909412 0.10489131
1810.90545273 0.02881077 0.10404137
1811.90595298 0.02866298 0.10408276
1812.90645323 0.02863834 0.10379437
1813.90695348 0.02866851 0.10347490
1814.90745373 0.03200446 0.11412727
1815.90795398 0.03211279 0.11555840
1816.90845423 0.03203722 0.11558634
1817.90895448 0.03208597 0.11563872
1818.90945473 0.03206543 0.11544428
1819.90995498 0.03200942 0.11512547
1820.91045523 0.03194233 0.11548032
1821.91095548 0.03177498 0.11386535
1822.91145573 0.03352625 0.11883192
1823.91195598 0.03359634 0.11970650
1824.91245623 0.03340926 0.11903725
1825.91295648 0.03358877 0.12062617
1826.91345673 0.03320260 0.11948209
1827.91395698 0.03329532 0.11874350
1828.91445723 0.03322923 0.11815317
1829.91495748 0.03326487 0.11865120
1830.91545773 0.03298382 0.11865713
1831.91595798 0.03139393 0.11324459
1832.91645823 0.03132803 0.11292065
1833.91695848 0.03097013 0.11182729
1834.91745873 0.03232363 0.11504895
1835.91795898 0.03268032 0.11598516
1836.91845923 0.03251317 0.11547461
1837.91895948 0.03195688 0.11331245
1838.91945973 0.03024166 0.10779797
1839.91995998 0.03002905 0.10674960
1840.92046023 0.03148464 0.11159653
1841.92096048 0.03133750 0.11066879
1842.92146073 0.03149522 0.11168868
1843.92196098 0.03154888 0.11162694
1844.92246123 0.03150763 0.11140178
1845.92296148 0.03132773 0.11136971
1846.92346173 0.03104753 0.11054753
1847.92396198 0.02965306 0.10606562
1848.92446223 0.02938271 0.10533480
1849.92496248 0.02926121 0.10499406
1850.92546273 0.02910614 0.10458160
1851.92596298 0.02916768 0.10503317
1852.92646323 0.02920670 0.10482608
1853.92696348 0.02911536 0.10459688
1854.92746373 0.02894000 0.10411420
1855.92796398 0.02884642 0.10379018
1856.92846423 0.02866282 0.10326023
1857.92896448 0.02862526 0.10318060
1858.92946473 0.02845701 0.10308533
1859.92996498 0.02829481 0.10256011
1860.93046523 0.02814040 0.10227284
1861.93096548 0.02805555 0.10225594
1862.93146573 0.02797891 0.10196875
1863.93196598 0.02928468 0.10622877
1864.93246623 0.02924410 0.10610149
1865.93296648 0.02919320 0.10577783
1866.93346673 0.02905723 0.10546778
1867.93396698 0.02881246 0.10454077
1868.93446723 0.02881941 0.10455465
1869.93496748 0.02869998 0.10442435
1870.93546773 0.02862174 0.10434778
1871.93596798 0.02848301 0.10408837
1872.93646823 0.02828164 0.10330247
1873.93696848 0.02817454 0.10321850
1874.93746873 0.02818306 0.10335948
1875.93796898 0.02791002 0.10232698
1876.93846923 0.02782223 0.10207360
1877.93896948 0.02773448 0.10188811
1878.93946973 0.02749685 0.10142316
1879.93996998 0.02735477 0.10157944
1880.94047024 0.02726499 0.10122845
1881.94097049 0.02719518 0.10082654
1882.94147074 0.02714166 0.10084343
1883.94197099 0.02670945 0.10029807
1884.94247124 0.02657675 0.09977256
1885.94297149 0.02808463 0.10543531
1886.94347174 0.02779264 0.10423190
1887.94397199 0.02777991 0.10458923
1888.94447224 0.02757741 0.10406673
1889.94497249 0.02748201 0.10355356
1890.94547274 0.02575711 0.09588100
1891.94597299 0.02566450 0.09569569
1892.94647324 0.02558602 0.09550476
1893.94697349 0.02552532 0.09514145
1894.94747374 0.02536253 0.09461457
1895.94797399 0.02522421 0.09437129
1896.94847424 0.02524196 0.09448494
1897.94897449 0.02504743 0.09392662
1898.94947474 0.02491495 0.09362550
1899.94997499 0.02479813 0.09332902
1900.95047524 0.02473706 0.09312381
1901.95097549 0.02470172 0.09307427
1902.95147574 0.02459384 0.09277219
1903.95197599 0.02441635 0.09228647
1904.95247624 0.02336425 0.08826444
1905.95297649 0.02349536 0.08825034
1906.95347674 0.02346906 0.08801930
1907.95397699 0.02471559 0.09242062
1908.95447724 0.02654214 0.10165016
1909.95497749 0.02821585 0.10667945
1910.95547774 0.02757837 0.10470500
1911.95597799 0.02758066 0.10420820
1912.95647824 0.02659160 0.09948280
1913.95697849 0.02666824 0.09915009
1914.95747874 0.02781345 0.10243484
1915.95797899 0.02826381 0.10497928
1916.95847924 0.02814367 0.10434060
1917.95897949 0.02792249 0.10337822
1918.95947974 0.02759842 0.10276606
1919.95997999 0.02750530 0.10222598
1920.96048024 0.02748727 0.10210926
1921.96098049 0.02766165 0.10289713
1922.96148074 0.02755576 0.10247597
1923.96198099 0.02721492 0.10126574
1924.96248124 0.02708842 0.10084266
1925.96298149 0.02703481 0.10130455
1926.96348174 0.02697383 0.10080567
1927.96398199 0.02674177 0.10017854
1928.96448224 0.02663033 0.09977561
1929.96498249 0.02650024 0.09963950
1930.96548274 0.02637271 0.09915001
1931.96598299 0.02602088 0.09865510
1932.96648324 0.02610301 0.09868750
1933.96698349 0.02598928 0.09807158
1934.96748374 0.02581182 0.09791190
1935.96798399 0.02566970 0.09792304
1936.96848424 0.02465211 0.09493160
1937.96898449 0.02492893 0.09742062
1938.96948474 0.02489991 0.09741818
1939.96998499 0.02483387 0.09691405
1940.97048524 0.02462171 0.09625713
1941.97098549 0.02459701 0.09670441
1942.97148574 0.02450406 0.09631835
1943.97198599 0.02452525 0.09637224
1944.97248624 0.02454381 0.09722700
1945.97298649 0.02446475 0.09688314
1946.97348674 0.02431071 0.09676319
1947.97398699 0.02582006 0.10235889
1948.97448724 0.02581482 0.10285089
1949.97498749 0.02597633 0.10285196
1950.97548774 0.02596033 0.10225422
1951.97598799 0.02589174 0.10203737
1952.97648824 0.02576773 0.10194079
1953.97698849 0.02563175 0.10153019
1954.97748874 0.02559201 0.10144312
1955.97798899 0.02673413 0.10564676
1956.97848924 0.02677907 0.10685420
1957.97898949 0.02666379 0.10653538
1958.97948974 0.02658185 0.10634274
1959.97998999 0.02649634 0.10630468
1960.98049025 0.02642954 0.10617865
1961.98099050 0.02623125 0.10498417
1962.98149075 0.02637979 0.10561361
1963.98199100 0.02636627 0.10558930
1964.98249125 0.02626703 0.10577844
1965.98299150 0.02580354 0.10447046
1966.98349175 0.02577327 0.10461148
1967.98399200 0.02587008 0.10531525
1968.98449225 0.02554835 0.10237587
1969.98499250 0.02530705 0.10153666
1970.98549275 0.02531421 0.10136305
1971.98599300 0.02507945 0.10049486
1972.98649325 0.02509486 0.10055335
1973.98699350 0.02642758 0.10496393
1974.98749375 0.02624254 0.10430886
1975.98799400 0.02624927 0.10491401
1976.98849425 0.02599250 0.10404822
1977.98899450 0.02602043 0.10400850
1978.98949475 0.02587032 0.10336051
1979.98999500 0.02579794 0.10319022
1980.99049525 0.02574017 0.10283313
1981.99099550 0.02568990 0.10278220
1982.99149575 0.02549858 0.10251139
1983.99199600 0.02546844 0.10224207
1984.99249625 0.02450070 0.09834637
1985.99299650 0.02439653 0.09816805
1986.99349675 0.02593331 0.10439947
1987.99399700 0.02602074 0.10487854
1988.99449725 0.02611178 0.10507353
1989.99499750 0.02606727 0.10448477
1990.99549775 0.02592706 0.10445374
1991.99599800 0.02712552 0.10738960
1992.99649825 0.02705584 0.10741236
1993.99699850 0.02720177 0.10773062
1994.99749875 0.02650022 0.10498612
1995.99799900 0.02638264 0.10474564
1996.99849925 0.02598993 0.10428470
1997.99899950 0.02578801 0.10391123
1998.99949975 0.02576003 0.10367082
2000.00000000 0.02588266 0.10374576
