0.00000000 5.00000000 0.00000068
1.00050025 5.09587150 0.06427410
2.00100050 5.08082219 0.13243352
3.00150075 4.98024158 0.15074953
4.00200100 4.97803314 0.21634217
5.00250125 4.97938402 0.26654021
6.00300150 4.93184112 0.29243472
7.00350175 4.88341527 0.31448239
8.00400200 4.86818091 0.35942062
9.00450225 4.84985239 0.38476121
10.00500250 4.78567513 0.41731066
11.00550275 4.76893652 0.44445515
12.00600300 4.74771397 0.48191056
13.00650325 4.70171901 0.49876045
14.00700350 4.66271153 0.51799865
15.00750375 4.63679426 0.56328058
16.00800400 4.60053894 0.58692708
17.00850425 4.55827185 0.60817235
18.00900450 4.53747814 0.63169040
19.00950475 4.51556974 0.66092923
20.01000500 4.47629673 0.67875201
21.01050525 4.43474367 0.71738577
22.01100550 4.41921243 0.72568391
23.01150575 4.38737930 0.73497845
24.01200600 4.36182664 0.75421766
25.01250625 4.33431857 0.79487730
26.01300650 4.31427081 0.81214685
27.01350675 4.28871412 0.83298230
28.01400700 4.26485806 0.84824255
29.01450725 4.23040128 0.87374224
30.01500750 4.21378116 0.87939066
31.01550775 4.19148166 0.89869770
32.01600800 4.16854631 0.90812198
33.01650825 4.12981223 0.92924885
34.01700850 4.10797324 0.93858418
35.01750875 4.07477107 0.96637876
36.01800900 4.04707449 0.97771671
37.01850925 4.01350779 0.99389650
38.01900950 3.99676542 1.00048275
39.01950975 3.95596672 1.01814962
40.02001001 3.92310943 1.03787484
41.02051026 3.90120207 1.05351281
42.02101051 3.87208258 1.06037289
43.02151076 3.84437296 1.07864823
44.02201101 3.81703120 1.10115861
45.02251126 3.79288002 1.11510657
46.02301151 3.76359340 1.12099468
47.02351176 3.74093770 1.12529368
48.02401201 3.71480826 1.14040564
49.02451226 3.66325452 1.16421693
50.02501251 3.63424166 1.17721545
51.02551276 3.59283399 1.21047209
52.02601301 3.56670430 1.22046911
53.02651326 3.53881453 1.22940553
54.02701351 3.51367680 1.23263229
55.02751376 3.48900495 1.24445176
56.02801401 3.46073857 1.26217568
57.02851426 3.43253646 1.26459939
58.02901451 3.41098320 1.27089199
59.02951476 3.38589734 1.28781474
60.03001501 3.36469580 1.29032991
61.03051526 3.33547062 1.29277186
62.03101551 3.31326222 1.29955612
63.03151576 3.29437769 1.30854970
64.03201601 3.26670510 1.32766992
65.03251626 3.24634053 1.33184024
66.03301651 3.21972643 1.32559045
67.03351676 3.19167811 1.33856071
68.03401701 3.16856583 1.34760998
69.03451726 3.15438861 1.35717031
70.03501751 3.12645528 1.36381278
71.03551776 3.10172793 1.37690137
72.03601801 3.07546642 1.37842714
73.03651826 3.05250774 1.37796984
74.03701851 3.03196206 1.38569027
75.03751876 3.01180518 1.38729387
76.03801901 2.98594809 1.39090286
77.03851926 2.95665299 1.39069024
78.03901951 2.93291522 1.39067151
79.03951976 2.90688368 1.39863797
80.04002001 2.88107230 1.40256054
81.04052026 2.85540061 1.40728483
82.04102051 2.82073670 1.40834002
83.04152076 2.79045211 1.41883639
84.04202101 2.76842320 1.43035659
85.04252126 2.74503890 1.42356178
86.04302151 2.73176193 1.42689557
87.04352176 2.71032375 1.43533904
88.04402201 2.68247456 1.43218272
89.04452226 2.66043651 1.43738934
90.04502251 2.64428918 1.44763559
91.04552276 2.61964434 1.45735060
92.04602301 2.59373739 1.45720332
93.04652326 2.57687232 1.46546529
94.04702351 2.56100382 1.46603552
95.04752376 2.54633717 1.47068391
96.04802401 2.52627563 1.47088724
97.04852426 2.49646889 1.47016990
98.04902451 2.47918628 1.46661395
99.04952476 2.45904397 1.46705605
100.05002501 2.44501293 1.46999094
101.05052526 2.42770433 1.46953144
102.05102551 2.40580229 1.46671992
103.05152576 2.38791224 1.46440447
104.05202601 2.37656095 1.46323790
105.05252626 2.36186775 1.46252327
106.05302651 2.33388985 1.46798721
107.05352676 2.31764867 1.46978677
108.05402701 2.30635709 1.47264225
109.05452726 2.28840566 1.47522393
110.05502751 2.26820394 1.46491464
111.05552776 2.25486477 1.46690761
112.05602801 2.23752056 1.47025508
113.05652826 2.21554138 1.47666736
114.05702851 2.19837135 1.48062741
115.05752876 2.18245099 1.47658777
116.05802901 2.16634605 1.47046241
117.05852926 2.14465042 1.46802158
118.05902951 2.12646040 1.46300328
119.05952976 2.11010186 1.46222519
120.06003002 2.08584717 1.45981194
121.06053027 2.06945107 1.45696523
122.06103052 2.04849438 1.45592933
123.06153077 2.03286079 1.45553719
124.06203102 2.01853515 1.46320227
125.06253127 2.00413629 1.46425858
126.06303152 1.98706114 1.46590816
127.06353177 1.97351319 1.46460091
128.06403202 1.95823040 1.46307854
129.06453227 1.93842588 1.45468886
130.06503252 1.92211390 1.44656720
131.06553277 1.91192803 1.44907656
132.06603302 1.89766469 1.44575671
133.06653327 1.88813259 1.44468762
134.06703352 1.88085467 1.44687051
135.06753377 1.86392815 1.44656798
136.06803402 1.84350882 1.43763694
137.06853427 1.82396162 1.43607522
138.06903452 1.81122049 1.43915625
139.06953477 1.79561097 1.43603064
140.07003502 1.77829729 1.43433322
141.07053527 1.75920387 1.43052833
142.07103552 1.74795257 1.42787824
143.07153577 1.74183240 1.43096366
144.07203602 1.72933590 1.43356130
145.07253627 1.71324894 1.42656123
146.07303652 1.69729202 1.42789982
147.07353677 1.68447938 1.42821079
148.07403702 1.67170844 1.42454466
149.07453727 1.64924334 1.41977411
150.07503752 1.62855311 1.41658639
151.07553777 1.61372744 1.41390079
152.07603802 1.59315111 1.40533575
153.07653827 1.57885169 1.39777566
154.07703852 1.56125234 1.39462951
155.07753877 1.54955361 1.39567895
156.07803902 1.54125197 1.39521483
157.07853927 1.52484076 1.39775548
158.07903952 1.51226134 1.39887079
159.07953977 1.49847554 1.39106493
160.08004002 1.48872804 1.38740681
161.08054027 1.47744930 1.38224284
162.08104052 1.45772105 1.37433941
163.08154077 1.44327652 1.36944815
164.08204102 1.42864123 1.36961010
165.08254127 1.41706684 1.36591768
166.08304152 1.40958580 1.36775657
167.08354177 1.39738425 1.36546862
168.08404202 1.38311665 1.35741386
169.08454227 1.37164925 1.35265912
170.08504252 1.36394445 1.35114156
171.08554277 1.35826460 1.34817652
172.08604302 1.34756074 1.34082015
173.08654327 1.33442087 1.33668531
174.08704352 1.32229291 1.33509736
175.08754377 1.31241060 1.32929840
176.08804402 1.30092249 1.32795583
177.08854427 1.28736768 1.32396584
178.08904452 1.27911308 1.32131096
179.08954477 1.26186640 1.30731525
180.09004502 1.24773486 1.30635207
181.09054527 1.23835554 1.29952607
182.09104552 1.22193502 1.28738897
183.09154577 1.21469320 1.28734304
184.09204602 1.20186869 1.28208417
185.09254627 1.18580873 1.27700906
186.09304652 1.16952428 1.26765046
187.09354677 1.15555602 1.26003081
188.09404702 1.14120179 1.25400877
189.09454727 1.12680460 1.24985912
190.09504752 1.11586949 1.24519566
191.09554777 1.10427899 1.24286983
192.09604802 1.09870256 1.24207570
193.09654827 1.09292567 1.24391841
194.09704852 1.08583443 1.23935514
195.09754877 1.07205033 1.23035618
196.09804902 1.06990633 1.22967546
197.09854927 1.05882973 1.22405205
198.09904952 1.05252718 1.22213639
199.09954977 1.04203373 1.22349032
200.10005003 1.03488618 1.22255510
201.10055028 1.02205032 1.21779548
202.10105053 1.00917952 1.21209308
203.10155078 0.99991268 1.20446792
204.10205103 0.98961503 1.19745242
205.10255128 0.98124958 1.19547886
206.10305153 0.97678776 1.19703025
207.10355178 0.96299978 1.18601297
208.10405203 0.95933476 1.18728693
209.10455228 0.95001488 1.18360164
210.10505253 0.93794046 1.17160252
211.10555278 0.92715179 1.16685789
212.10605303 0.91772590 1.16034176
213.10655328 0.90852171 1.15507765
214.10705353 0.89793351 1.15211830
215.10755378 0.89612450 1.15289500
216.10805403 0.88961596 1.14980423
217.10855428 0.88162771 1.14785245
218.10905453 0.87233735 1.14273874
219.10955478 0.86389904 1.13543551
220.11005503 0.85967991 1.13410192
221.11055528 0.84650489 1.13179545
222.11105553 0.83771468 1.12540508
223.11155578 0.82700510 1.11917278
224.11205603 0.81193086 1.11205914
225.11255628 0.80423740 1.11046188
226.11305653 0.79527451 1.10727440
227.11355678 0.78854648 1.10446103
228.11405703 0.78632022 1.10676115
229.11455728 0.77942631 1.10445040
230.11505753 0.77387191 1.10246507
231.11555778 0.76749540 1.10069798
232.11605803 0.75952594 1.09454111
233.11655828 0.75290846 1.09195614
234.11705853 0.74940118 1.09188527
235.11755878 0.73870791 1.07513090
236.11805903 0.72982472 1.07053865
237.11855928 0.72810849 1.07213563
238.11905953 0.72577749 1.06607522
239.11955978 0.71411691 1.05934725
240.12006003 0.70727200 1.05289384
241.12056028 0.70483570 1.05436360
242.12106053 0.70171760 1.05196856
243.12156078 0.69652285 1.04537305
244.12206103 0.68957814 1.04215739
245.12256128 0.68673864 1.04010921
246.12306153 0.68014494 1.03792310
247.12356178 0.67780515 1.03789114
248.12406203 0.67234212 1.03703406
249.12456228 0.67151327 1.03602981
250.12506253 0.66082817 1.02103314
251.12556278 0.65515232 1.01633715
252.12606303 0.64746090 1.01299474
253.12656328 0.64247039 1.00918572
254.12706353 0.63171646 0.99882656
255.12756378 0.62769820 0.99613751
256.12806403 0.62382211 0.99365957
257.12856428 0.61297853 0.98774824
258.12906453 0.60593174 0.97797446
259.12956478 0.59976572 0.97373875
260.13006503 0.59407784 0.97430315
261.13056528 0.59018595 0.97426280
262.13106553 0.58419318 0.97062609
263.13156578 0.57672771 0.96377887
264.13206603 0.57253905 0.96391897
265.13256628 0.57022531 0.96343595
266.13306653 0.56197210 0.95576712
267.13356678 0.55580258 0.94920853
268.13406703 0.54987093 0.94491223
269.13456728 0.54443092 0.94287511
270.13506753 0.53904924 0.93926591
271.13556778 0.53285816 0.93326613
272.13606803 0.52892014 0.93455837
273.13656828 0.52561592 0.93416038
274.13706853 0.51694747 0.92834445
275.13756878 0.50923661 0.91517257
276.13806903 0.50282236 0.90625735
277.13856928 0.49894535 0.90601408
278.13906953 0.49707184 0.90351346
279.13956978 0.49135484 0.89716488
280.14007004 0.48907673 0.89527467
281.14057029 0.48736219 0.89568388
282.14107054 0.48565062 0.89522257
283.14157079 0.48021748 0.89442249
284.14207104 0.47365755 0.88507638
285.14257129 0.46652265 0.87651055
286.14307154 0.46319218 0.87441875
287.14357179 0.45696586 0.86856012
288.14407204 0.45366504 0.86760057
289.14457229 0.45415192 0.86521176
290.14507254 0.44962189 0.85993354
291.14557279 0.44720071 0.85641886
292.14607304 0.44052772 0.85092775
293.14657329 0.43637353 0.84783130
294.14707354 0.42982713 0.83858212
295.14757379 0.42268051 0.82921062
296.14807404 0.41958966 0.82757890
297.14857429 0.41547091 0.82606514
298.14907454 0.41169691 0.82228282
299.14957479 0.40956529 0.82107266
300.15007504 0.40479044 0.81880394
301.15057529 0.40207137 0.81872141
302.15107554 0.39855081 0.81743218
303.15157579 0.39868763 0.81620551
304.15207604 0.39599113 0.81679444
305.15257629 0.39198567 0.81059920
306.15307654 0.38725948 0.80901560
307.15357679 0.38132959 0.80034263
308.15407704 0.37798279 0.79872033
309.15457729 0.37547763 0.79771716
310.15507754 0.37039812 0.78707931
311.15557779 0.36867855 0.78670415
312.15607804 0.36494078 0.78311870
313.15657829 0.36281119 0.77814619
314.15707854 0.36007721 0.77587574
315.15757879 0.35935846 0.77681455
316.15807904 0.35856285 0.77586288
317.15857929 0.35856990 0.77692693
318.15907954 0.35603760 0.77654438
319.15957979 0.35343776 0.77646854
320.16008004 0.35120879 0.77476276
321.16058029 0.35040201 0.77444972
322.16108054 0.34609190 0.76813513
323.16158079 0.34468088 0.76557420
324.16208104 0.33847797 0.75702385
325.16258129 0.33580766 0.75624246
326.16308154 0.33181792 0.74961118
327.16358179 0.32669781 0.74161912
328.16408204 0.32222350 0.73741843
329.16458229 0.31817511 0.73188055
330.16508254 0.31395470 0.72531280
331.16558279 0.30747154 0.71616562
332.16608304 0.30613002 0.71551398
333.16658329 0.30417979 0.71470801
334.16708354 0.30031227 0.70910861
335.16758379 0.29601556 0.70470130
336.16808404 0.29379567 0.70416186
337.16858429 0.29640627 0.70052088
338.16908454 0.29334139 0.69592327
339.16958479 0.29036955 0.69456372
340.17008504 0.28614180 0.69198007
341.17058529 0.28313113 0.68960690
342.17108554 0.28055421 0.68818028
343.17158579 0.27895320 0.68758032
344.17208604 0.27609098 0.68562330
345.17258629 0.27371553 0.67980467
346.17308654 0.27127537 0.67822579
347.17358679 0.27063041 0.67539297
348.17408704 0.27258984 0.68358342
349.17458729 0.26937219 0.68120134
350.17508754 0.26403429 0.67327331
351.17558779 0.26572156 0.67722245
352.17608804 0.26426922 0.67195789
353.17658829 0.26410362 0.67633044
354.17708854 0.25796191 0.65981248
355.17758879 0.25462942 0.65589004
356.17808904 0.25251704 0.65274096
357.17858929 0.24899499 0.64618594
358.17908954 0.24527251 0.63854333
359.17958979 0.24803394 0.64416777
360.18009005 0.24440611 0.63996951
361.18059030 0.24276795 0.63833439
362.18109055 0.24079755 0.64131356
363.18159080 0.23683468 0.63876528
364.18209105 0.23701442 0.63763217
365.18259130 0.23463283 0.63221612
366.18309155 0.23184403 0.62935744
367.18359180 0.22870609 0.62076691
368.18409205 0.22453539 0.62035612
369.18459230 0.22283076 0.61874678
370.18509255 0.21935617 0.61644582
371.18559280 0.21771707 0.61771571
372.18609305 0.21735492 0.61992343
373.18659330 0.21493118 0.61480078
374.18709355 0.21195839 0.61030176
375.18759380 0.20999245 0.61109155
376.18809405 0.20555362 0.60568778
377.18859430 0.20361499 0.60144543
378.18909455 0.20239690 0.59811863
379.18959480 0.20146705 0.59818413
380.19009505 0.19945334 0.59635724
381.19059530 0.19677654 0.59497405
382.19109555 0.19605504 0.59721999
383.19159580 0.19213979 0.59119292
384.19209605 0.19010824 0.58672381
385.19259630 0.18660787 0.58068229
386.19309655 0.18559596 0.58020536
387.19359680 0.18217403 0.57628145
388.19409705 0.17742176 0.55970658
389.19459730 0.17603958 0.55817647
390.19509755 0.17604417 0.56013981
391.19559780 0.17499832 0.55983785
392.19609805 0.17384142 0.55916381
393.19659830 0.17219104 0.55645257
394.19709855 0.16965100 0.55317334
395.19759880 0.16834549 0.55020341
396.19809905 0.16777162 0.54965366
397.19859930 0.16722057 0.54820513
398.19909955 0.16627451 0.54820551
399.19959980 0.16510812 0.54889598
400.20010005 0.16323300 0.54631067
401.20060030 0.16334442 0.54891688
402.20110055 0.16188670 0.54944286
403.20160080 0.16223143 0.54782981
404.20210105 0.16097016 0.54574560
405.20260130 0.15886996 0.54289217
406.20310155 0.15711912 0.54125427
407.20360180 0.15610900 0.54040754
408.20410205 0.15584947 0.53928050
409.20460230 0.15705836 0.54051242
410.20510255 0.15657149 0.53746402
411.20560280 0.15591956 0.53724385
412.20610305 0.15537850 0.53703807
413.20660330 0.15176102 0.53068362
414.20710355 0.15010293 0.52612647
415.20760380 0.14889953 0.52241295
416.20810405 0.14733430 0.51783278
417.20860430 0.14748316 0.52056795
418.20910455 0.14592299 0.51987094
419.20960480 0.14361600 0.51882541
420.21010505 0.14422238 0.52202338
421.21060530 0.14271275 0.51529982
422.21110555 0.14019487 0.50706669
423.21160580 0.13928763 0.50458151
424.21210605 0.13903301 0.50538702
425.21260630 0.13789274 0.50138827
426.21310655 0.13683896 0.50229343
427.21360680 0.13599097 0.50291132
428.21410705 0.13456536 0.49633804
429.21460730 0.13516779 0.49222065
430.21510755 0.13258000 0.48778524
431.21560780 0.13132987 0.48139806
432.21610805 0.12980644 0.47859710
433.21660830 0.12839008 0.47764981
434.21710855 0.12713882 0.48060355
435.21760880 0.12588981 0.48123137
436.21810905 0.12449542 0.47791596
437.21860930 0.12239661 0.47367299
438.21910955 0.12182720 0.47110511
439.21960980 0.12079478 0.46202083
440.22011006 0.12090164 0.46237109
441.22061031 0.12133317 0.46819065
442.22111056 0.12033006 0.46847133
443.22161081 0.11959512 0.46827857
444.22211106 0.11782090 0.46463269
445.22261131 0.11654561 0.46262055
446.22311156 0.11603999 0.45946911
447.22361181 0.11550324 0.46032466
448.22411206 0.11247756 0.44791696
449.22461231 0.11124027 0.44711858
450.22511256 0.11044362 0.44831667
451.22561281 0.10984642 0.44444938
452.22611306 0.10862147 0.43798425
453.22661331 0.10643399 0.43213392
454.22711356 0.10671034 0.43235730
455.22761381 0.10625310 0.43380601
456.22811406 0.10469804 0.43292632
457.22861431 0.10078951 0.40512009
458.22911456 0.10017526 0.40370106
459.22961481 0.09856848 0.40099612
460.23011506 0.09813656 0.39671455
461.23061531 0.09779312 0.39519467
462.23111556 0.09747017 0.39353226
463.23161581 0.09695280 0.39387084
464.23211606 0.09610229 0.39139678
465.23261631 0.09583005 0.39179783
466.23311656 0.09496271 0.38765993
467.23361681 0.09319574 0.37982892
468.23411706 0.09204789 0.37746152
469.23461731 0.09253413 0.37961392
470.23511756 0.09240655 0.37923967
471.23561781 0.09249533 0.38064960
472.23611806 0.09243881 0.38125633
473.23661831 0.09168223 0.37813635
474.23711856 0.09106593 0.36357568
475.23761881 0.09005242 0.35507553
476.23811906 0.08830567 0.35206204
477.23861931 0.08920718 0.35341650
478.23911956 0.08904477 0.34993510
479.23961981 0.08609837 0.34540332
480.24012006 0.08535433 0.34526678
481.24062031 0.08477963 0.34386506
482.24112056 0.08428072 0.34138464
483.24162081 0.08138004 0.33716651
484.24212106 0.07998911 0.33441298
485.24262131 0.07985907 0.33491939
486.24312156 0.07968218 0.33572215
487.24362181 0.08068427 0.33669395
488.24412206 0.07988809 0.33519649
489.24462231 0.07828910 0.33062560
490.24512256 0.07773236 0.32909710
491.24562281 0.07728702 0.32916444
492.24612306 0.07607156 0.32610537
493.24662331 0.07470385 0.32089353
494.24712356 0.07416115 0.31560775
495.24762381 0.07298902 0.31439947
496.24812406 0.07207776 0.30853483
497.24862431 0.07153251 0.30697166
498.24912456 0.07055505 0.30240036
499.24962481 0.07019881 0.30181825
500.25012506 0.07071664 0.30613880
501.25062531 0.07055060 0.30615477
502.25112556 0.06859462 0.29993049
503.25162581 0.06730343 0.29340417
504.25212606 0.06611549 0.29308552
505.25262631 0.06539406 0.29040660
506.25312656 0.06424336 0.28583854
507.25362681 0.06422800 0.28416001
508.25412706 0.06294820 0.27729166
509.25462731 0.06357566 0.27970842
510.25512756 0.06289603 0.27788701
511.25562781 0.06330417 0.28053358
512.25612806 0.06299525 0.27714050
513.25662831 0.06228277 0.27198338
514.25712856 0.06139033 0.26833867
515.25762881 0.06066147 0.26665703
516.25812906 0.06007726 0.26462500
517.25862931 0.05939663 0.26260435
518.25912956 0.05900363 0.26235039
519.25962981 0.05766062 0.26042359
520.26013007 0.05764050 0.26266888
521.26063032 0.05719827 0.26174263
522.26113057 0.05580075 0.25703840
523.26163082 0.05623895 0.25487377
524.26213107 0.05569251 0.25195870
525.26263132 0.05444577 0.24215560
526.26313157 0.05449365 0.24071095
527.26363182 0.05383161 0.23751736
528.26413207 0.05327364 0.23536751
529.26463232 0.05233831 0.23287169
530.26513257 0.05101893 0.23023556
531.26563282 0.05033266 0.22929903
532.26613307 0.05214426 0.22912831
533.26663332 0.05185647 0.23040306
534.26713357 0.05153646 0.23039185
535.26763382 0.05106024 0.22931804
536.26813407 0.05095807 0.22773982
537.26863432 0.05083944 0.22571467
538.26913457 0.05051050 0.22299460
539.26963482 0.04963715 0.22026320
540.27013507 0.04837087 0.21672814
541.27063532 0.04715558 0.21358099
542.27113557 0.04655018 0.21300921
543.27163582 0.04605853 0.21275718
544.27213607 0.04528385 0.21236030
545.27263632 0.04481382 0.21214665
546.27313657 0.04456864 0.20908264
547.27363682 0.04490739 0.20799674
548.27413707 0.04453588 0.20788308
549.27463732 0.04460679 0.20625573
550.27513757 0.04494310 0.20371361
551.27563782 0.04469941 0.20292289
552.27613807 0.04501726 0.20415196
553.27663832 0.04453337 0.20400128
554.27713857 0.04231727 0.19469068
555.27763882 0.04218418 0.19410814
556.27813907 0.04032375 0.19091531
557.27863932 0.04053850 0.19404619
558.27913957 0.03995519 0.19306837
559.27963982 0.03951476 0.19216214
560.28014007 0.03883536 0.19029314
561.28064032 0.03888302 0.18880047
562.28114057 0.03855740 0.18702153
563.28164082 0.03731100 0.18146229
564.28214107 0.03765409 0.18052569
565.28264132 0.03735253 0.17958219
566.28314157 0.03839764 0.18695409
567.28364182 0.03767240 0.18474427
568.28414207 0.03889514 0.19256459
569.28464232 0.03863661 0.19259511
570.28514257 0.03826082 0.19213975
571.28564282 0.03787859 0.19079900
572.28614307 0.03679240 0.18840164
573.28664332 0.03583798 0.18433393
574.28714357 0.03615293 0.18735427
575.28764382 0.03594972 0.19320855
576.28814407 0.03603010 0.19554209
577.28864432 0.03583167 0.19327358
578.28914457 0.03538673 0.19161410
579.28964482 0.03443853 0.18874968
580.29014507 0.03373724 0.18561046
581.29064532 0.03252558 0.16945129
582.29114557 0.03249536 0.16768099
583.29164582 0.03183309 0.16694351
584.29214607 0.03136906 0.16607617
585.29264632 0.03095185 0.16376169
586.29314657 0.03009475 0.15393627
587.29364682 0.03021928 0.15606222
588.29414707 0.02900083 0.15266575
589.29464732 0.02888432 0.15238221
590.29514757 0.02871124 0.15160057
591.29564782 0.02845345 0.15158549
592.29614807 0.02846712 0.15249812
593.29664832 0.02914835 0.15979370
594.29714857 0.02888620 0.15833661
595.29764882 0.02864493 0.15697442
596.29814907 0.02869631 0.15699818
597.29864932 0.02836211 0.15571449
598.29914957 0.02810106 0.15291679
599.29964982 0.02735642 0.14830696
600.30015008 0.02663654 0.14373968
601.30065033 0.02700835 0.14335927
602.30115058 0.02724536 0.14642636
603.30165083 0.02755132 0.14875049
604.30215108 0.02962266 0.15130746
605.30265133 0.02931913 0.14873428
606.30315158 0.02869499 0.14545067
607.30365183 0.03466184 0.21870273
608.30415208 0.03369847 0.21259865
609.30465233 0.03269362 0.20583609
610.30515258 0.03137119 0.20033945
611.30565283 0.03034111 0.20001962
612.30615308 0.03033416 0.20335007
613.30665333 0.02708668 0.16739759
614.30715358 0.02658264 0.16303501
615.30765383 0.02596853 0.15902159
616.30815408 0.02483378 0.15229450
617.30865433 0.02395851 0.14133810
618.30915458 0.02361714 0.14253351
619.30965483 0.02317339 0.14155529
620.31015508 0.02181028 0.13516368
621.31065533 0.02147683 0.13454569
622.31115558 0.02137262 0.13538697
623.31165583 0.02087248 0.13303384
624.31215608 0.02056617 0.13207417
625.31265633 0.02009792 0.12896561
626.31315658 0.01986769 0.12838424
627.31365683 0.01971276 0.12929683
628.31415708 0.01960736 0.12911506
629.31465733 0.01944302 0.12896291
630.31515758 0.01922132 0.12880034
631.31565783 0.01893894 0.12276825
632.31615808 0.02047893 0.12651495
633.31665833 0.02029512 0.12232844
634.31715858 0.02022754 0.12059240
635.31765883 0.01927248 0.11279946
636.31815908 0.01881342 0.11377284
637.31865933 0.01867540 0.11812009
638.31915958 0.01903098 0.12296736
639.31965983 0.01876134 0.11862732
640.32016008 0.01805113 0.11136417
641.32066033 0.01771719 0.11246168
642.32116058 0.01770353 0.11512958
643.32166083 0.01763711 0.11326239
644.32216108 0.01866553 0.11703016
645.32266133 0.01838499 0.11738094
646.32316158 0.01864649 0.11890926
647.32366183 0.01847729 0.11758575
648.32416208 0.01816075 0.11603356
649.32466233 0.01763022 0.11486336
650.32516258 0.01860045 0.11678075
651.32566283 0.01841577 0.11538733
652.32616308 0.01846386 0.11435744
653.32666333 0.01842438 0.11303745
654.32716358 0.01851375 0.11314079
655.32766383 0.01826067 0.11159809
656.32816408 0.01721624 0.10045979
657.32866433 0.01689195 0.10091528
658.32916458 0.01687404 0.10068194
659.32966483 0.01636972 0.09700380
660.33016508 0.01603767 0.09424688
661.33066533 0.01573498 0.09212918
662.33116558 0.01490645 0.08554607
663.33166583 0.01544714 0.08975385
664.33216608 0.01570460 0.09117895
665.33266633 0.01566169 0.09049616
666.33316658 0.01605656 0.09095264
667.33366683 0.01560754 0.08891969
668.33416708 0.01516649 0.08762769
669.33466733 0.01493926 0.08717292
670.33516758 0.01399855 0.08355303
671.33566783 0.01373698 0.08257845
672.33616808 0.01339142 0.08170998
673.33666833 0.01333546 0.08156157
674.33716858 0.01467012 0.08601752
675.33766883 0.01473571 0.08644429
676.33816908 0.01431179 0.08401775
677.33866933 0.01287989 0.07704227
678.33916958 0.01273770 0.07712011
679.33966983 0.01324902 0.07856307
680.34017009 0.01519552 0.08673368
681.34067034 0.01478685 0.08482469
682.34117059 0.01461529 0.08375621
683.34167084 0.01442019 0.08269660
684.34217109 0.01419275 0.08159487
685.34267134 0.01404823 0.07973908
686.34317159 0.01379851 0.07716741
687.34367184 0.01348167 0.07445973
688.34417209 0.01319341 0.07278400
689.34467234 0.01201140 0.06788233
690.34517259 0.01156250 0.06569742
691.34567284 0.01118841 0.06419789
692.34617309 0.01087997 0.06245732
693.34667334 0.01075202 0.06176747
694.34717359 0.01072200 0.06191227
695.34767384 0.01083500 0.06398846
696.34817409 0.01079555 0.06485316
697.34867434 0.01021062 0.06139206
698.34917459 0.01041149 0.06253600
699.34967484 0.01016817 0.06075900
700.35017509 0.01018387 0.06097674
701.35067534 0.00995710 0.06047674
702.35117559 0.00919002 0.05684166
703.35167584 0.00905026 0.05600433
704.35217609 0.00901621 0.05569082
705.35267634 0.00855340 0.05240436
706.35317659 0.00825343 0.05057090
707.35367684 0.00807981 0.05028791
708.35417709 0.00847580 0.05276806
709.35467734 0.00847463 0.05309758
710.35517759 0.00837400 0.05249510
711.35567784 0.00967710 0.06034947
712.35617809 0.00976988 0.06186970
713.35667834 0.00970508 0.06258351
714.35717859 0.00952895 0.06223923
715.35767884 0.00936428 0.06118685
716.35817909 0.00930373 0.06112305
717.35867934 0.00925761 0.06069104
718.35917959 0.00909868 0.05978876
719.35967984 0.00872849 0.05838429
720.36018009 0.00984719 0.06394605
721.36068034 0.01008698 0.06473646
722.36118059 0.01032946 0.06595127
723.36168084 0.00981522 0.06351463
724.36218109 0.01000074 0.06383876
725.36268134 0.01003417 0.06462545
726.36318159 0.01017946 0.06587245
727.36368184 0.01123364 0.07011685
728.36418209 0.01115182 0.07040460
729.36468234 0.01091311 0.06921731
730.36518259 0.01090808 0.07018149
731.36568284 0.01050004 0.06812512
732.36618309 0.01149575 0.07008163
733.36668334 0.01123101 0.06781929
734.36718359 0.01131869 0.06773731
735.36768384 0.01160180 0.06746016
736.36818409 0.01160844 0.06535928
737.36868434 0.01113922 0.06208226
738.36918459 0.00996750 0.05542075
739.36968484 0.00997753 0.05562296
740.37018509 0.01001120 0.05557718
741.37068534 0.00982102 0.05462140
742.37118559 0.00957376 0.05318031
743.37168584 0.00959887 0.05561962
744.37218609 0.00917453 0.05402317
745.37268634 0.00997888 0.05957136
746.37318659 0.00963096 0.05901662
747.37368684 0.00955274 0.06003916
748.37418709 0.00943662 0.05972293
749.37468734 0.00927024 0.05857556
750.37518759 0.01116864 0.07359222
751.37568784 0.01099109 0.07396759
752.37618809 0.01116291 0.07761306
753.37668834 0.01237832 0.08379920
754.37718859 0.01227707 0.08329930
755.37768884 0.01195538 0.08103946
756.37818909 0.01215611 0.08138618
757.37868934 0.01259311 0.08364964
758.37918959 0.01374822 0.08706845
759.37968984 0.01357412 0.08628918
760.38019010 0.01299896 0.08405812
761.38069035 0.01288429 0.08363984
762.38119060 0.01310015 0.08493782
763.38169085 0.01444520 0.08998725
764.38219110 0.01409519 0.08896816
765.38269135 0.01357413 0.08676577
766.38319160 0.01291068 0.08415800
767.38369185 0.01218528 0.08124814
768.38419210 0.01225464 0.08321000
769.38469235 0.01235876 0.08369162
770.38519260 0.01222425 0.08211696
771.38569285 0.01220874 0.08239125
772.38619310 0.01221734 0.08181327
773.38669335 0.01216263 0.08152449
774.38719360 0.01193978 0.07920886
775.38769385 0.01175450 0.07867387
776.38819410 0.01283701 0.08275456
777.38869435 0.01298992 0.08248469
778.38919460 0.01242013 0.07915245
779.38969485 0.01157774 0.07538551
780.39019510 0.01267221 0.07933101
781.39069535 0.01302409 0.08194525
782.39119560 0.01309564 0.08314666
783.39169585 0.01221597 0.07996800
784.39219610 0.01116925 0.06865201
785.39269635 0.01116912 0.06835670
786.39319660 0.00994214 0.06049836
787.39369685 0.00982644 0.06076073
788.39419710 0.01000188 0.06090446
789.39469735 0.00965397 0.05898157
790.39519760 0.00951956 0.05796174
791.39569785 0.00963197 0.05885740
792.39619810 0.01041804 0.06196153
793.39669835 0.01030838 0.06153065
794.39719860 0.01001637 0.05996882
795.39769885 0.00944495 0.05731584
796.39819910 0.00916691 0.05560700
797.39869935 0.00977979 0.06142279
798.39919960 0.00911780 0.05773478
799.39969985 0.00912163 0.05689348
800.40020010 0.00918192 0.05626868
801.40070035 0.00855489 0.05282701
802.40120060 0.00811918 0.04978884
803.40170085 0.00938986 0.05769210
804.40220110 0.00886374 0.05412179
805.40270135 0.00884072 0.05459332
806.40320160 0.00900479 0.05511156
807.40370185 0.00868566 0.05372373
808.40420210 0.00829033 0.05202963
809.40470235 0.00852565 0.05299274
810.40520260 0.00828864 0.05209644
811.40570285 0.00807602 0.04984915
812.40620310 0.00775012 0.04669746
813.40670335 0.00617813 0.03434908
814.40720360 0.00590956 0.03111574
815.40770385 0.00577818 0.03019879
816.40820410 0.00568206 0.03165879
817.40870435 0.00542262 0.03080805
818.40920460 0.00526404 0.02959422
819.40970485 0.00526718 0.02934080
820.41020510 0.00516533 0.02928964
821.41070535 0.00499661 0.02885671
822.41120560 0.00471547 0.02738115
823.41170585 0.00440570 0.02550805
824.41220610 0.00425541 0.02405167
825.41270635 0.00420961 0.02384252
826.41320660 0.00415155 0.02386294
827.41370685 0.00406994 0.02344633
828.41420710 0.00399813 0.02298407
829.41470735 0.00396546 0.02299198
830.41520760 0.00399060 0.02346516
831.41570785 0.00388423 0.02292405
832.41620810 0.00398055 0.02246911
833.41670835 0.00386615 0.02270792
834.41720860 0.00392248 0.02346403
835.41770885 0.00381550 0.02327931
836.41820910 0.00372374 0.02241630
837.41870935 0.00365596 0.02180017
838.41920960 0.00376934 0.02242180
839.41970985 0.00374049 0.02244955
840.42021011 0.00381518 0.02334523
841.42071036 0.00401015 0.02441984
842.42121061 0.00396103 0.02366763
843.42171086 0.00380528 0.02218678
844.42221111 0.00372678 0.02195796
845.42271136 0.00352454 0.02202748
846.42321161 0.00342200 0.02167890
847.42371186 0.00319007 0.01911261
848.42421211 0.00330046 0.01932554
849.42471236 0.00369649 0.02191364
850.42521261 0.00361383 0.02311529
851.42571286 0.00370182 0.02392714
852.42621311 0.00352991 0.02319430
853.42671336 0.00346155 0.02260407
854.42721361 0.00344861 0.02274319
855.42771386 0.00340159 0.02253387
856.42821411 0.00338130 0.02180992
857.42871436 0.00326195 0.02077099
858.42921461 0.00313307 0.01973484
859.42971486 0.00301735 0.01875471
860.43021511 0.00426328 0.03604101
861.43071536 0.00424098 0.03561445
862.43121561 0.00455273 0.03850661
863.43171586 0.00491349 0.04010818
864.43221611 0.00500511 0.04011587
865.43271636 0.00507382 0.03935060
866.43321661 0.00511416 0.03804423
867.43371686 0.00489669 0.03651293
868.43421711 0.00477523 0.03534335
869.43471736 0.00502439 0.03384575
870.43521761 0.00475123 0.03024571
871.43571786 0.00441140 0.02576797
872.43621811 0.00417833 0.02328941
873.43671836 0.00428773 0.02444322
874.43721861 0.00458740 0.02696263
875.43771886 0.00490972 0.02983588
876.43821911 0.00517358 0.03231813
877.43871936 0.00530891 0.03304599
878.43921961 0.00524789 0.03278050
879.43971986 0.00514183 0.03196529
880.44022011 0.00491263 0.03041932
881.44072036 0.00461888 0.02839669
882.44122061 0.00417511 0.02545613
883.44172086 0.00377311 0.02217634
884.44222111 0.00339499 0.01938171
885.44272136 0.00292599 0.01704850
886.44322161 0.00270802 0.01569865
887.44372186 0.00264962 0.01520760
888.44422211 0.00354404 0.02550658
889.44472236 0.00349136 0.02566942
890.44522261 0.00340249 0.02556186
891.44572286 0.00366030 0.02564681
892.44622311 0.00348715 0.02424043
893.44672336 0.00333007 0.02332969
894.44722361 0.00317483 0.02226612
895.44772386 0.00315975 0.02193759
896.44822411 0.00317414 0.02219928
897.44872436 0.00316296 0.02217161
898.44922461 0.00305439 0.02164322
899.44972486 0.00287022 0.02033809
900.45022511 0.00305003 0.02011835
901.45072536 0.00307558 0.02067443
902.45122561 0.00404513 0.03126049
903.45172586 0.00378215 0.02891090
904.45222611 0.00366448 0.02780215
905.45272636 0.00355850 0.02668153
906.45322661 0.00351971 0.02558419
907.45372686 0.00344126 0.02407518
908.45422711 0.00319944 0.02281601
909.45472736 0.00287507 0.02078017
910.45522761 0.00273032 0.01974279
911.45572786 0.00252832 0.01881078
912.45622811 0.00259936 0.01814613
913.45672836 0.00267310 0.01844393
914.45722861 0.00288004 0.02001789
915.45772886 0.00327681 0.02278443
916.45822911 0.00367747 0.02526868
917.45872936 0.00387508 0.02592101
918.45922961 0.00369437 0.02510313
919.45972986 0.00395686 0.02501637
920.46023012 0.00546845 0.03717832
921.46073037 0.00563446 0.03975844
922.46123062 0.00564711 0.04265554
923.46173087 0.00391422 0.02473420
924.46223112 0.00375033 0.02309265
925.46273137 0.00368920 0.02251198
926.46323162 0.00370814 0.02236968
927.46373187 0.00347871 0.02121540
928.46423212 0.00335698 0.01978885
929.46473237 0.00325817 0.01872478
930.46523262 0.00307873 0.01792026
931.46573287 0.00292853 0.01724780
932.46623312 0.00285416 0.01682394
933.46673337 0.00371602 0.02792883
934.46723362 0.00391594 0.02943466
935.46773387 0.00400085 0.03121337
936.46823412 0.00410708 0.03231425
937.46873437 0.00398825 0.03195604
938.46923462 0.00388626 0.03154391
939.46973487 0.00385008 0.03145091
940.47023512 0.00365510 0.03092687
941.47073537 0.00511708 0.04442117
942.47123562 0.00506487 0.04418199
943.47173587 0.00475479 0.04183126
944.47223612 0.00455941 0.03911258
945.47273637 0.00441841 0.03693963
946.47323662 0.00545341 0.04423038
947.47373687 0.00678447 0.05461551
948.47423712 0.00769314 0.05636402
949.47473737 0.00767365 0.05467961
950.47523762 0.00908082 0.06248986
951.47573787 0.00941821 0.06481090
952.47623812 0.00916696 0.06469983
953.47673837 0.00938224 0.06612875
954.47723862 0.00944752 0.06642991
955.47773887 0.00905922 0.06504734
956.47823912 0.00853834 0.06398484
957.47873937 0.00810425 0.06264624
958.47923962 0.00777736 0.06007519
959.47973987 0.00780707 0.05720214
960.48024012 0.00720090 0.05312793
961.48074037 0.00695290 0.05090116
962.48124062 0.00712505 0.05242087
963.48174087 0.00740124 0.05338744
964.48224112 0.00709313 0.04975072
965.48274137 0.00674730 0.04706082
966.48324162 0.00613877 0.04297391
967.48374187 0.00613038 0.04312729
968.48424212 0.00630836 0.04392586
969.48474237 0.00672540 0.04566949
970.48524262 0.00672443 0.04451132
971.48574287 0.00678925 0.04470997
972.48624312 0.00685139 0.04419888
973.48674337 0.00722139 0.04871909
974.48724362 0.00698631 0.04868364
975.48774387 0.00690799 0.04768360
976.48824412 0.00695198 0.04745015
977.48874437 0.00675234 0.04608373
978.48924462 0.00675044 0.04623916
979.48974487 0.00642688 0.04494055
980.49024512 0.00623458 0.04359965
981.49074537 0.00627656 0.04357450
982.49124562 0.00623089 0.04378897
983.49174587 0.00624069 0.04362542
984.49224612 0.00617760 0.04317708
985.49274637 0.00620452 0.04319764
986.49324662 0.00617487 0.04279833
987.49374687 0.00604882 0.04271455
988.49424712 0.00586225 0.04211795
989.49474737 0.00583546 0.04157714
990.49524762 0.00583949 0.04206964
991.49574787 0.00702651 0.05020011
992.49624812 0.00700487 0.05024110
993.49674837 0.00680149 0.04887763
994.49724862 0.00642996 0.04617088
995.49774887 0.00646146 0.04780989
996.49824912 0.00646115 0.04850161
997.49874937 0.00629306 0.04695432
998.49924962 0.00604766 0.04502854
999.49974987 0.00610901 0.04676243
1000.50025013 0.00607833 0.04710126
1001.50075038 0.00600724 0.04640049
1002.50125063 0.00582930 0.04523971
1003.50175088 0.00583480 0.04529601
1004.50225113 0.00636597 0.05237594
1005.50275138 0.00633335 0.05269976
1006.50325163 0.00617732 0.05081662
1007.50375188 0.00567816 0.04153324
1008.50425213 0.00589178 0.04256018
1009.50475238 0.00732377 0.05336374
1010.50525263 0.00756220 0.05510622
1011.50575288 0.00771907 0.05630008
1012.50625313 0.00767727 0.05603649
1013.50675338 0.00758753 0.05480300
1014.50725363 0.00731830 0.05261919
1015.50775388 0.00705801 0.05025459
1016.50825413 0.00676367 0.04757804
1017.50875438 0.00771720 0.05127995
1018.50925463 0.00755619 0.05052206
1019.50975488 0.00748879 0.05008272
1020.51025513 0.00734240 0.04854870
1021.51075538 0.00709346 0.04646009
1022.51125563 0.00686649 0.04511228
1023.51175588 0.00671973 0.04428278
1024.51225613 0.00671339 0.04449821
1025.51275638 0.00672518 0.04506223
1026.51325663 0.00657737 0.04439771
1027.51375688 0.00631582 0.04299011
1028.51425713 0.00602418 0.04167638
1029.51475738 0.00579871 0.04081809
1030.51525763 0.00562994 0.04008227
1031.51575788 0.00550460 0.03957335
1032.51625813 0.00589658 0.04049009
1033.51675838 0.00635884 0.04377745
1034.51725863 0.00659718 0.04450167
1035.51775888 0.00688639 0.04729332
1036.51825913 0.00851892 0.05626833
1037.51875938 0.00898987 0.05835639
1038.51925963 0.00864824 0.05668715
1039.51975988 0.00834609 0.05390240
1040.52026013 0.00803554 0.05075664
1041.52076038 0.00927813 0.06327419
1042.52126063 0.00926188 0.06511588
1043.52176088 0.00900323 0.06491428
1044.52226113 0.00881381 0.06433519
1045.52276138 0.00858738 0.06279459
1046.52326163 0.00829670 0.06146119
1047.52376188 0.00803379 0.05884418
1048.52426213 0.00772941 0.05538802
1049.52476238 0.00740674 0.05245341
1050.52526263 0.00722495 0.05180489
1051.52576288 0.00719224 0.05391143
1052.52626313 0.00991716 0.07093916
1053.52676338 0.01017858 0.07359737
1054.52726363 0.01037512 0.07595241
1055.52776388 0.01232767 0.08045794
1056.52826413 0.01232733 0.08108444
1057.52876438 0.01204826 0.08029652
1058.52926463 0.01176940 0.08007712
1059.52976488 0.01088031 0.07581120
1060.53026513 0.01066312 0.07343427
1061.53076538 0.01067237 0.07271150
1062.53126563 0.01051414 0.07153686
1063.53176588 0.01027466 0.07067848
1064.53226613 0.00999583 0.06862875
1065.53276638 0.00970543 0.06615152
1066.53326663 0.00947059 0.06492081
1067.53376688 0.00924506 0.06466846
1068.53426713 0.00913544 0.06448477
1069.53476738 0.00855149 0.06113565
1070.53526763 0.00857451 0.06105839
1071.53576788 0.00839645 0.05986367
1072.53626813 0.00814625 0.05869227
1073.53676838 0.00791964 0.05789949
1074.53726863 0.00781324 0.05727558
1075.53776888 0.00770937 0.05706088
1076.53826913 0.00763775 0.05636124
1077.53876938 0.00760978 0.05513809
1078.53926963 0.00781253 0.05560845
1079.53976988 0.00805146 0.05659769
1080.54027014 0.00936120 0.06217665
1081.54077039 0.00956577 0.06360595
1082.54127064 0.00944886 0.06350382
1083.54177089 0.00942956 0.06345197
1084.54227114 0.00944465 0.06362098
1085.54277139 0.00931154 0.06274648
1086.54327164 0.00928038 0.06382196
1087.54377189 0.00909526 0.06478709
1088.54427214 0.00891491 0.06565009
1089.54477239 0.00841807 0.06314088
1090.54527264 0.00817697 0.06292383
1091.54577289 0.00846021 0.06444449
1092.54627314 0.00886308 0.06503475
1093.54677339 0.00858369 0.06138844
1094.54727364 0.00813700 0.05777120
1095.54777389 0.00788700 0.05636264
1096.54827414 0.00806544 0.05826147
1097.54877439 0.00791212 0.05662381
1098.54927464 0.00757134 0.05512271
1099.54977489 0.00736359 0.05455341
1100.55027514 0.00727287 0.05448875
1101.55077539 0.00713180 0.05313226
1102.55127564 0.00681636 0.05126245
1103.55177589 0.00803072 0.05847292
1104.55227614 0.00812573 0.05793091
1105.55277639 0.00825824 0.05711485
1106.55327664 0.00813410 0.05453039
1107.55377689 0.00758967 0.04963235
1108.55427714 0.00701156 0.04542470
1109.55477739 0.00691452 0.04348605
1110.55527764 0.00623215 0.03919842
1111.55577789 0.00624895 0.03874760
1112.55627814 0.00601325 0.03659264
1113.55677839 0.00558349 0.03378715
1114.55727864 0.00516383 0.03247080
1115.55777889 0.00477792 0.03152648
1116.55827914 0.00581230 0.03899082
1117.55877939 0.00606238 0.04174907
1118.55927964 0.00770377 0.05454255
1119.55977989 0.00783738 0.05560330
1120.56028014 0.00782898 0.05480851
1121.56078039 0.00760579 0.05325451
1122.56128064 0.00721518 0.05182342
1123.56178089 0.00681520 0.05003396
1124.56228114 0.00632405 0.04650439
1125.56278139 0.00583235 0.04074528
1126.56328164 0.00541416 0.03603881
1127.56378189 0.00533473 0.03571688
1128.56428214 0.00518147 0.03419196
1129.56478239 0.00451261 0.02893113
1130.56528264 0.00481910 0.03168170
1131.56578289 0.00564083 0.03645899
1132.56628314 0.00575437 0.03633003
1133.56678339 0.00658502 0.03930000
1134.56728364 0.00633308 0.03796197
1135.56778389 0.00637250 0.03887094
1136.56828414 0.00608512 0.03830350
1137.56878439 0.00575460 0.03618571
1138.56928464 0.00583915 0.03577389
1139.56978489 0.00614959 0.03682074
1140.57028514 0.00611352 0.03703304
1141.57078539 0.00580981 0.03550975
1142.57128564 0.00553163 0.03336614
1143.57178589 0.00561939 0.03370730
1144.57228614 0.00578513 0.03467792
1145.57278639 0.00578915 0.03484538
1146.57328664 0.00577134 0.03433789
1147.57378689 0.00553652 0.03302790
1148.57428714 0.00488553 0.02950115
1149.57478739 0.00474970 0.02925215
1150.57528764 0.00466224 0.02889222
1151.57578789 0.00429651 0.02686052
1152.57628814 0.00420571 0.02548391
1153.57678839 0.00421196 0.02521887
1154.57728864 0.00410749 0.02485689
1155.57778889 0.00502782 0.03417886
1156.57828914 0.00511981 0.03494837
1157.57878939 0.00529894 0.03543577
1158.57928964 0.00538233 0.03667389
1159.57978989 0.00547370 0.03649105
1160.58029015 0.00598317 0.03996574
1161.58079040 0.00592778 0.03945484
1162.58129065 0.00720350 0.04603900
1163.58179090 0.00726720 0.04742702
1164.58229115 0.00711854 0.04703638
1165.58279140 0.00806022 0.05200729
1166.58329165 0.00884882 0.05515682
1167.58379190 0.00967050 0.06535659
1168.58429215 0.00916617 0.06336143
1169.58479240 0.00912443 0.06119966
1170.58529265 0.00893097 0.05836460
1171.58579290 0.00853285 0.05583969
1172.58629315 0.00812465 0.05329058
1173.58679340 0.00795868 0.05071085
1174.58729365 0.00809215 0.05106887
1175.58779390 0.00865241 0.05323870
1176.58829415 0.00856881 0.05340444
1177.58879440 0.00997604 0.06319714
1178.58929465 0.01019681 0.06660190
1179.58979490 0.01031445 0.07032900
1180.59029515 0.01027296 0.07175309
1181.59079540 0.01028736 0.07156392
1182.59129565 0.00996372 0.07008241
1183.59179590 0.00984862 0.06862195
1184.59229615 0.00969446 0.06521471
1185.59279640 0.00838701 0.05634775
1186.59329665 0.00856056 0.05526640
1187.59379690 0.00840426 0.05259577
1188.59429715 0.00830141 0.05252334
1189.59479740 0.00810919 0.05271995
1190.59529765 0.00850250 0.05429988
1191.59579790 0.00861201 0.05459960
1192.59629815 0.00837018 0.05293793
1193.59679840 0.00810888 0.05312470
1194.59729865 0.00751748 0.04938935
1195.59779890 0.00750106 0.04963451
1196.59829915 0.00890486 0.05514159
1197.59879940 0.00898084 0.05537661
1198.59929965 0.00879139 0.05418050
1199.59979990 0.00842032 0.05196231
1200.60030015 0.00787982 0.04907118
1201.60080040 0.00768741 0.04848890
1202.60130065 0.00748602 0.04801336
1203.60180090 0.00721798 0.04737720
1204.60230115 0.00731633 0.04750750
1205.60280140 0.00690969 0.04601312
1206.60330165 0.00776480 0.05071174
1207.60380190 0.00756620 0.04965124
1208.60430215 0.00875597 0.05482485
1209.60480240 0.00893200 0.05594216
1210.60530265 0.00883868 0.05596200
1211.60580290 0.00879962 0.05568446
1212.60630315 0.00882056 0.05534585
1213.60680340 0.01043520 0.06537023
1214.60730365 0.01213917 0.07685326
1215.60780390 0.01165484 0.07691844
1216.60830415 0.01118682 0.07540808
1217.60880440 0.01092960 0.07518114
1218.60930465 0.01089823 0.07650578
1219.60980490 0.01066877 0.07618081
1220.61030515 0.01027884 0.07311563
1221.61080540 0.00994528 0.06928658
1222.61130565 0.00953998 0.06534932
1223.61180590 0.00932006 0.06336615
1224.61230615 0.01047544 0.06850182
1225.61280640 0.01081525 0.07103960
1226.61330665 0.01088663 0.07241886
1227.61380690 0.01230683 0.07799830
1228.61430715 0.01211054 0.07732207
1229.61480740 0.01201726 0.07740803
1230.61530765 0.01200141 0.07726317
1231.61580790 0.01158141 0.07459164
1232.61630815 0.01211437 0.07418057
1233.61680840 0.01185058 0.07256100
1234.61730865 0.01177204 0.07289831
1235.61780890 0.01165473 0.07193578
1236.61830915 0.01131210 0.06975895
1237.61880940 0.01091117 0.06820661
1238.61930965 0.01032351 0.06577243
1239.61980990 0.01000167 0.06264684
1240.62031016 0.00966540 0.06205717
1241.62081041 0.00926019 0.06213826
1242.62131066 0.00936393 0.06286304
1243.62181091 0.00927222 0.06324575
1244.62231116 0.00886582 0.05961319
1245.62281141 0.00873261 0.05900017
1246.62331166 0.00894130 0.06007759
1247.62381191 0.00972464 0.06795554
1248.62431216 0.00968045 0.06776782
1249.62481241 0.01052697 0.07000329
1250.62531266 0.01155852 0.07409781
1251.62581291 0.01155060 0.07487919
1252.62631316 0.01141482 0.07515186
1253.62681341 0.01110144 0.07236004
1254.62731366 0.01060524 0.06963955
1255.62781391 0.01037957 0.06855829
1256.62831416 0.01028143 0.06904956
1257.62881441 0.01025028 0.06936606
1258.62931466 0.01007649 0.06781183
1259.62981491 0.01014588 0.06747465
1260.63031516 0.01013524 0.06823816
1261.63081541 0.01103211 0.07660835
1262.63131566 0.01086686 0.07485479
1263.63181591 0.01072492 0.07412036
1264.63231616 0.01028345 0.07058207
1265.63281641 0.01016498 0.07070922
1266.63331666 0.00978391 0.06779326
1267.63381691 0.00976734 0.06705196
1268.63431716 0.00985521 0.06786490
1269.63481741 0.01100190 0.07219443
1270.63531766 0.01026108 0.06647929
1271.63581791 0.00951632 0.06213563
1272.63631816 0.00948355 0.06182673
1273.63681841 0.00908858 0.05929317
1274.63731866 0.00909772 0.05852620
1275.63781891 0.00923535 0.05833305
1276.63831916 0.00912485 0.05787623
1277.63881941 0.00891799 0.05768765
1278.63931966 0.00893451 0.05651120
1279.63981991 0.00900909 0.05645630
1280.64032016 0.00879764 0.05575360
1281.64082041 0.00871738 0.05564790
1282.64132066 0.00848812 0.05439008
1283.64182091 0.00966690 0.06002950
1284.64232116 0.00974762 0.06042113
1285.64282141 0.00964201 0.05999349
1286.64332166 0.00949766 0.05888111
1287.64382191 0.00906276 0.05594634
1288.64432216 0.00908281 0.05613410
1289.64482241 0.00964896 0.05815263
1290.64532266 0.00968069 0.05776596
1291.64582291 0.00956734 0.05695228
1292.64632316 0.00943525 0.05627548
1293.64682341 0.00973601 0.05604737
1294.64732366 0.01091457 0.06320548
1295.64782391 0.01049713 0.06207663
1296.64832416 0.01043203 0.06134570
1297.64882441 0.01042086 0.06145702
1298.64932466 0.01024144 0.06092357
1299.64982491 0.00973724 0.05881464
1300.65032516 0.00937621 0.05858865
1301.65082541 0.00923067 0.05829960
1302.65132566 0.01010668 0.06707338
1303.65182591 0.00974197 0.06335785
1304.65232616 0.00955005 0.06368883
1305.65282641 0.00926568 0.06254628
1306.65332666 0.00878043 0.05770241
1307.65382691 0.00859297 0.05799757
1308.65432716 0.00797220 0.05759718
1309.65482741 0.00919875 0.06165025
1310.65532766 0.01002485 0.06479351
1311.65582791 0.01047380 0.06619233
1312.65632816 0.01075265 0.06843781
1313.65682841 0.01090105 0.06816309
1314.65732866 0.01070887 0.06655092
1315.65782891 0.01073554 0.06693263
1316.65832916 0.01077201 0.06803364
1317.65882941 0.01044200 0.06703820
1318.65932966 0.00987896 0.06384060
1319.65982991 0.00936986 0.06184472
1320.66033017 0.00902630 0.06130039
1321.66083042 0.00993210 0.06681269
1322.66133067 0.00960641 0.06574127
1323.66183092 0.01105288 0.07250363
1324.66233117 0.01286945 0.07979911
1325.66283142 0.01292988 0.07957224
1326.66333167 0.01490276 0.08594451
1327.66383192 0.01421813 0.08161472
1328.66433217 0.01419940 0.08208462
1329.66483242 0.01476792 0.08301253
1330.66533267 0.01470988 0.08296929
1331.66583292 0.01487578 0.08346792
1332.66633317 0.01479197 0.08319025
1333.66683342 0.01447099 0.08170134
1334.66733367 0.01394632 0.07862250
1335.66783392 0.01371216 0.07703332
1336.66833417 0.01368221 0.07715967
1337.66883442 0.01361905 0.07642077
1338.66933467 0.01317969 0.07368179
1339.66983492 0.01286167 0.07161156
1340.67033517 0.01296739 0.07173978
1341.67083542 0.01348193 0.07783867
1342.67133567 0.01453451 0.08277248
1343.67183592 0.01463412 0.08384026
1344.67233617 0.01435707 0.08274318
1345.67283642 0.01484694 0.08333657
1346.67333667 0.01467936 0.08298542
1347.67383692 0.01485452 0.08325180
1348.67433717 0.01471987 0.08314716
1349.67483742 0.01396352 0.07900477
1350.67533767 0.01359348 0.07791624
1351.67583792 0.01331358 0.07722610
1352.67633817 0.01332989 0.07864530
1353.67683842 0.01327571 0.07878775
1354.67733867 0.01377428 0.08127041
1355.67783892 0.01365605 0.08199936
1356.67833917 0.01533081 0.08885397
1357.67883942 0.01445048 0.08406150
1358.67933967 0.01438126 0.08372869
1359.67983992 0.01221864 0.07579829
1360.68034017 0.01208368 0.07472664
1361.68084042 0.01356212 0.08137251
1362.68134067 0.01349306 0.08104642
1363.68184092 0.01436944 0.08535928
1364.68234117 0.01392513 0.08415508
1365.68284142 0.01351271 0.08306875
1366.68334167 0.01263736 0.08230973
1367.68384192 0.01261636 0.08257853
1368.68434217 0.01455705 0.08896683
1369.68484242 0.01448118 0.09036363
1370.68534267 0.01428915 0.09010925
1371.68584292 0.01384452 0.08681573
1372.68634317 0.01206863 0.07425609
1373.68684342 0.01180673 0.07183509
1374.68734367 0.01226932 0.07612982
1375.68784392 0.01246721 0.07751322
1376.68834417 0.01218950 0.07708810
1377.68884442 0.01117005 0.07403624
1378.68934467 0.01096782 0.07353980
1379.68984492 0.01139476 0.07379662
1380.69034517 0.01149426 0.07449433
1381.69084542 0.01142517 0.07389730
1382.69134567 0.01115647 0.07219757
1383.69184592 0.00991900 0.06213274
1384.69234617 0.00958465 0.06058404
1385.69284642 0.00949461 0.05960220
1386.69334667 0.00953701 0.06027098
1387.69384692 0.00943463 0.06056730
1388.69434717 0.00917119 0.05986454
1389.69484742 0.00923036 0.05985863
1390.69534767 0.00922703 0.05966329
1391.69584792 0.00907860 0.05862992
1392.69634817 0.00961167 0.06059752
1393.69684842 0.00956978 0.06005157
1394.69734867 0.00899806 0.05733598
1395.69784892 0.00867263 0.05624657
1396.69834917 0.00812170 0.05504226
1397.69884942 0.00754437 0.05391837
1398.69934967 0.00740090 0.05354488
1399.69984992 0.00735844 0.05283713
1400.70035018 0.00712151 0.05254504
1401.70085043 0.00961319 0.06606363
1402.70135068 0.00908591 0.06439593
1403.70185093 0.01019511 0.06923654
1404.70235118 0.00996254 0.06680741
1405.70285143 0.01016034 0.06766137
1406.70335168 0.01009098 0.06752355
1407.70385193 0.00851561 0.05679915
1408.70435218 0.00843239 0.05572467
1409.70485243 0.00859653 0.05664333
1410.70535268 0.01049922 0.06593846
1411.70585293 0.01022743 0.06728276
1412.70635318 0.01034246 0.06777949
1413.70685343 0.00989601 0.06532961
1414.70735368 0.01016776 0.06625316
1415.70785393 0.01041365 0.06815247
1416.70835418 0.01049289 0.06923470
1417.70885443 0.01037077 0.06760609
1418.70935468 0.01118029 0.06841857
1419.70985493 0.01080666 0.06526571
1420.71035518 0.01047937 0.06386782
1421.71085543 0.01022293 0.06289200
1422.71135568 0.00982351 0.06128383
1423.71185593 0.00885413 0.05610355
1424.71235618 0.00833371 0.05404977
1425.71285643 0.00788335 0.05326947
1426.71335668 0.00755297 0.05131597
1427.71385693 0.00756190 0.05050817
1428.71435718 0.00788201 0.05219382
1429.71485743 0.00806671 0.05439833
1430.71535768 0.00823380 0.05603540
1431.71585793 0.00846095 0.05751229
1432.71635818 0.00843140 0.05731381
1433.71685843 0.00853212 0.05746945
1434.71735868 0.00851266 0.05682107
1435.71785893 0.00824847 0.05486027
1436.71835918 0.00794689 0.05235343
1437.71885943 0.00741913 0.04987671
1438.71935968 0.00714772 0.04842413
1439.71985993 0.00691329 0.04719477
1440.72036018 0.00700192 0.04742306
1441.72086043 0.00692446 0.04714958
1442.72136068 0.00819700 0.05645843
1443.72186093 0.00804942 0.05676650
1444.72236118 0.00944386 0.06583366
1445.72286143 0.00930834 0.06516606
1446.72336168 0.00911313 0.06365492
1447.72386193 0.00875033 0.06122325
1448.72436218 0.00851743 0.06191531
1449.72486243 0.00849249 0.06164995
1450.72536268 0.00847887 0.06090063
1451.72586293 0.00825734 0.05883392
1452.72636318 0.00796491 0.05721741
1453.72686343 0.00792180 0.05755495
1454.72736368 0.00794079 0.05688468
1455.72786393 0.00804066 0.05689514
1456.72836418 0.00828670 0.05767185
1457.72886443 0.00794505 0.05740844
1458.72936468 0.00794659 0.05713890
1459.72986493 0.00808388 0.05750173
1460.73036518 0.00781568 0.05691439
1461.73086543 0.00738202 0.05536188
1462.73136568 0.00772226 0.05769440
1463.73186593 0.00771259 0.05729701
1464.73236618 0.00739836 0.05556015
1465.73286643 0.00710728 0.05361357
1466.73336668 0.00727372 0.05636087
1467.73386693 0.00869242 0.06780210
1468.73436718 0.00870277 0.06749013
1469.73486743 0.00851706 0.06632161
1470.73536768 0.00812577 0.06306328
1471.73586793 0.00964207 0.07285201
1472.73636818 0.00970458 0.07394812
1473.73686843 0.00942083 0.07149144
1474.73736868 0.00908392 0.06911150
1475.73786893 0.00875543 0.06706034
1476.73836918 0.00866803 0.06728771
1477.73886943 0.00825361 0.06535124
1478.73936968 0.00793922 0.06320527
1479.73986993 0.00765973 0.06129651
1480.74037019 0.00744993 0.06055523
1481.74087044 0.00725360 0.05958652
1482.74137069 0.00720033 0.05882530
1483.74187094 0.00750148 0.06181766
1484.74237119 0.00776691 0.06412885
1485.74287144 0.00768159 0.06281705
1486.74337169 0.00745932 0.06086643
1487.74387194 0.00742208 0.06116881
1488.74437219 0.00738610 0.06185207
1489.74487244 0.00710132 0.06063641
1490.74537269 0.00696720 0.05956898
1491.74587294 0.00645172 0.05612529
1492.74637319 0.00779166 0.06461101
1493.74687344 0.00756383 0.06395986
1494.74737369 0.00899887 0.07213330
1495.74787394 0.00901124 0.07231827
1496.74837419 0.00904193 0.07312280
1497.74887444 0.00868590 0.06955716
1498.74937469 0.00904735 0.06954759
1499.74987494 0.00728211 0.05984357
1500.75037519 0.00729574 0.05902623
1501.75087544 0.00725522 0.05590216
1502.75137569 0.00754360 0.05704194
1503.75187594 0.00771975 0.05831303
1504.75237619 0.00771797 0.05916090
1505.75287644 0.00745509 0.05743195
1506.75337669 0.00724929 0.05542224
1507.75387694 0.00718939 0.05505802
1508.75437719 0.00675895 0.05367408
1509.75487744 0.00824795 0.06258098
1510.75537769 0.00828292 0.06220059
1511.75587794 0.00817911 0.06136304
1512.75637819 0.00792637 0.05973326
1513.75687844 0.00767505 0.05844607
1514.75737869 0.00900334 0.06659978
1515.75787894 0.00891150 0.06585107
1516.75837919 0.00883215 0.06567248
1517.75887944 0.00872762 0.06515159
1518.75937969 0.00850543 0.06421933
1519.75987994 0.00852440 0.06486441
1520.76038019 0.00866310 0.06573872
1521.76088044 0.00855576 0.06563767
1522.76138069 0.00846231 0.06524461
1523.76188094 0.00854780 0.06619920
1524.76238119 0.00852251 0.06692815
1525.76288144 0.00830805 0.06486529
1526.76338169 0.00811293 0.06375378
1527.76388194 0.00768643 0.06277422
1528.76438219 0.00791232 0.06742118
1529.76488244 0.00784612 0.06861646
1530.76538269 0.00718197 0.05903937
1531.76588294 0.00735630 0.05929157
1532.76638319 0.00713715 0.05643704
1533.76688344 0.00654547 0.04904541
1534.76738369 0.00684836 0.05071964
1535.76788394 0.00679169 0.05088545
1536.76838419 0.00648934 0.04990569
1537.76888444 0.00620116 0.04731632
1538.76938469 0.00619883 0.04732183
1539.76988494 0.00611692 0.04759211
1540.77038519 0.00600634 0.04773214
1541.77088544 0.00590133 0.04677410
1542.77138569 0.00563696 0.04554170
1543.77188594 0.00574504 0.04587002
1544.77238619 0.00591308 0.04552237
1545.77288644 0.00592339 0.04473848
1546.77338669 0.00592951 0.04455175
1547.77388694 0.00598274 0.04467102
1548.77438719 0.00590934 0.04450668
1549.77488744 0.00583796 0.04465634
1550.77538769 0.00591687 0.04509104
1551.77588794 0.00571165 0.04363141
1552.77638819 0.00546606 0.04410211
1553.77688844 0.00520262 0.04256617
1554.77738869 0.00508457 0.04139694
1555.77788894 0.00492799 0.04079128
1556.77838919 0.00476307 0.03922726
1557.77888944 0.00367974 0.02821194
1558.77938969 0.00363158 0.02817922
1559.77988994 0.00372680 0.02842361
1560.78039020 0.00385567 0.02847704
1561.78089045 0.00374856 0.02755711
1562.78139070 0.00351505 0.02666647
1563.78189095 0.00339382 0.02645986
1564.78239120 0.00338936 0.02664479
1565.78289145 0.00333480 0.02627484
1566.78339170 0.00469099 0.03991409
1567.78389195 0.00470975 0.04034268
1568.78439220 0.00411529 0.03419295
1569.78489245 0.00430656 0.03483603
1570.78539270 0.00455713 0.03841045
1571.78589295 0.00454181 0.03903707
1572.78639320 0.00441204 0.03643911
1573.78689345 0.00442264 0.03528939
1574.78739370 0.00446022 0.03666109
1575.78789395 0.00432496 0.03684832
1576.78839420 0.00413529 0.03566488
1577.78889445 0.00385102 0.03357508
1578.78939470 0.00370274 0.03241068
1579.78989495 0.00360900 0.03234520
1580.79039520 0.00450477 0.04037207
1581.79089545 0.00456786 0.04153185
1582.79139570 0.00474948 0.04320192
1583.79189595 0.00474490 0.04144197
1584.79239620 0.00570970 0.04549983
1585.79289645 0.00593477 0.04784797
1586.79339670 0.00586694 0.04832709
1587.79389695 0.00567135 0.04793449
1588.79439720 0.00573919 0.04597742
1589.79489745 0.00584693 0.04605099
1590.79539770 0.00595055 0.04763467
1591.79589795 0.00584242 0.04701125
1592.79639820 0.00569143 0.04604985
1593.79689845 0.00553242 0.04473995
1594.79739870 0.00546100 0.04542622
1595.79789895 0.00547294 0.04507437
1596.79839920 0.00675977 0.05313229
1597.79889945 0.00664531 0.05182622
1598.79939970 0.00650647 0.05106782
1599.79989995 0.00642606 0.05028307
1600.80040020 0.00628135 0.04863149
1601.80090045 0.00640431 0.04747224
1602.80140070 0.00484782 0.03776672
1603.80190095 0.00503505 0.03880686
1604.80240120 0.00500175 0.03817838
1605.80290145 0.00484784 0.03734965
1606.80340170 0.00487245 0.03737358
1607.80390195 0.00468527 0.03686990
1608.80440220 0.00462709 0.03671257
1609.80490245 0.00453134 0.03599423
1610.80540270 0.00472038 0.03600512
1611.80590295 0.00463776 0.03588644
1612.80640320 0.00446080 0.03542303
1613.80690345 0.00559970 0.04531536
1614.80740370 0.00561908 0.04586626
1615.80790395 0.00578541 0.04850881
1616.80840420 0.00577187 0.04869612
1617.80890445 0.00559597 0.04708889
1618.80940470 0.00542995 0.04678690
1619.80990495 0.00533997 0.04594567
1620.81040520 0.00532537 0.04770069
1621.81090545 0.00532264 0.04636081
1622.81140570 0.00540013 0.04629814
1623.81190595 0.00549645 0.04579006
1624.81240620 0.00563596 0.04627330
1625.81290645 0.00604603 0.04680780
1626.81340670 0.00621227 0.04640554
1627.81390695 0.00646911 0.04725231
1628.81440720 0.00642515 0.04737802
1629.81490745 0.00933967 0.06618584
1630.81540770 0.00929197 0.06563894
1631.81590795 0.00923602 0.06472066
1632.81640820 0.00908413 0.06363415
1633.81690845 0.00877310 0.06194539
1634.81740870 0.00856141 0.06118286
1635.81790895 0.00845307 0.06141630
1636.81840920 0.00842050 0.06154093
1637.81890945 0.00805057 0.06017044
1638.81940970 0.00793894 0.06023073
1639.81990995 0.00764637 0.05920852
1640.82041021 0.00765532 0.05860519
1641.82091046 0.00783066 0.05939165
1642.82141071 0.00803963 0.06042533
1643.82191096 0.00805038 0.06088621
1644.82241121 0.00802738 0.06077663
1645.82291146 0.00796038 0.06003460
1646.82341171 0.00787777 0.05988426
1647.82391196 0.00754329 0.05878197
1648.82441221 0.00749909 0.05838150
1649.82491246 0.00774302 0.05719252
1650.82541271 0.00780724 0.05698409
1651.82591296 0.00780811 0.05698412
1652.82641321 0.00755112 0.05635624
1653.82691346 0.00754587 0.05643292
1654.82741371 0.00759088 0.05633676
1655.82791396 0.00770607 0.05636440
1656.82841421 0.00784588 0.05644905
1657.82891446 0.00766286 0.05539422
1658.82941471 0.00695499 0.05077459
1659.82991496 0.00673718 0.05001345
1660.83041521 0.00668315 0.04952769
1661.83091546 0.00670148 0.04937913
1662.83141571 0.00666600 0.04946480
1663.83191596 0.00663630 0.04889788
1664.83241621 0.00683860 0.05058296
1665.83291646 0.00707000 0.05192570
1666.83341671 0.00704572 0.04875667
1667.83391696 0.00737762 0.05164755
1668.83441721 0.00743571 0.05429456
1669.83491746 0.00745391 0.05443944
1670.83541771 0.00724217 0.05171093
1671.83591796 0.00703371 0.05035589
1672.83641821 0.00694941 0.05073781
1673.83691846 0.00681376 0.05049801
1674.83741871 0.00669427 0.04887392
1675.83791896 0.00662243 0.04678046
1676.83841921 0.00671155 0.04779557
1677.83891946 0.00687604 0.04901263
1678.83941971 0.00680205 0.04888690
1679.83991996 0.00688171 0.04869127
1680.84042021 0.00697261 0.04816335
1681.84092046 0.00719940 0.04854671
1682.84142071 0.00727868 0.04839264
1683.84192096 0.00666672 0.04289109
1684.84242121 0.00652238 0.04251644
1685.84292146 0.00612721 0.04044207
1686.84342171 0.00596672 0.04004364
1687.84392196 0.00591469 0.03992210
1688.84442221 0.00587382 0.03978418
1689.84492246 0.00591348 0.03978350
1690.84542271 0.00538801 0.03488308
1691.84592296 0.00718654 0.05187824
1692.84642321 0.00705748 0.05195892
1693.84692346 0.00684505 0.05169062
1694.84742371 0.00672838 0.05177908
1695.84792396 0.00677216 0.05186268
1696.84842421 0.00670988 0.05080228
1697.84892446 0.00485410 0.03300473
1698.84942471 0.00471984 0.03274613
1699.84992496 0.00442945 0.03228118
1700.85042521 0.00440284 0.03232957
1701.85092546 0.00465244 0.03277861
1702.85142571 0.00458518 0.03226182
1703.85192596 0.00452079 0.03202039
1704.85242621 0.00460174 0.03189287
1705.85292646 0.00464372 0.03218888
1706.85342671 0.00465323 0.03220903
1707.85392696 0.00467744 0.03209544
1708.85442721 0.00489161 0.03274903
1709.85492746 0.00503251 0.03355551
1710.85542771 0.00465823 0.03212652
1711.85592796 0.00465126 0.03212277
1712.85642821 0.00482209 0.03241137
1713.85692846 0.00477649 0.03244321
1714.85742871 0.00459737 0.03209983
1715.85792896 0.00444318 0.03207021
1716.85842921 0.00460465 0.03259966
1717.85892946 0.00493385 0.03377265
1718.85942971 0.00513070 0.03504250
1719.85992996 0.00666186 0.04932464
1720.86043022 0.00666147 0.04963560
1721.86093047 0.00640301 0.04740710
1722.86143072 0.00602359 0.04443752
1723.86193097 0.00578474 0.04243445
1724.86243122 0.00545216 0.04015633
1725.86293147 0.00527060 0.03860088
1726.86343172 0.00503145 0.03727818
1727.86393197 0.00639016 0.05043328
1728.86443222 0.00593286 0.05069703
1729.86493247 0.00699320 0.05815755
1730.86543272 0.00661194 0.05458910
1731.86593297 0.00704558 0.05622807
1732.86643322 0.00742331 0.05760937
1733.86693347 0.00764020 0.05839119
1734.86743372 0.00766062 0.05748474
1735.86793397 0.00740145 0.05597699
1736.86843422 0.00714414 0.05412496
1737.86893447 0.00711550 0.05275390
1738.86943472 0.00684920 0.05181316
1739.86993497 0.00619077 0.04920951
1740.87043522 0.00736644 0.05770301
1741.87093547 0.00694549 0.05651234
1742.87143572 0.00652409 0.05548884
1743.87193597 0.00631419 0.05426486
1744.87243622 0.00618249 0.05265145
1745.87293647 0.00619415 0.05206890
1746.87343672 0.00602339 0.05071743
1747.87393697 0.00576300 0.04899147
1748.87443722 0.00553203 0.04754508
1749.87493747 0.00534652 0.04658153
1750.87543772 0.00532248 0.04644104
1751.87593797 0.00530795 0.04697746
1752.87643822 0.00537842 0.04756054
1753.87693847 0.00540812 0.04780926
1754.87743872 0.00563087 0.04813937
1755.87793897 0.00572407 0.04819068
1756.87843922 0.00724049 0.06007741
1757.87893947 0.00731049 0.05982362
1758.87943972 0.00861626 0.06587283
1759.87993997 0.00831545 0.06318339
1760.88044022 0.00785825 0.06081099
1761.88094047 0.00756012 0.05852431
1762.88144072 0.00627456 0.05133613
1763.88194097 0.00589559 0.04960584
1764.88244122 0.00586133 0.04916320
1765.88294147 0.00574445 0.04849337
1766.88344172 0.00570137 0.04810035
1767.88394197 0.00578239 0.04816956
1768.88444222 0.00616010 0.04980063
1769.88494247 0.00602472 0.04987567
1770.88544272 0.00613769 0.05040795
1771.88594297 0.00639140 0.05127788
1772.88644322 0.00647417 0.05181524
1773.88694347 0.00631235 0.05146771
1774.88744372 0.00616267 0.05074986
1775.88794397 0.00602717 0.05030547
1776.88844422 0.00597086 0.05029812
1777.88894447 0.00598571 0.05041019
1778.88944472 0.00588245 0.05000301
1779.88994497 0.00571369 0.04870916
1780.89044522 0.00598663 0.04981690
1781.89094547 0.00582118 0.05149362
1782.89144572 0.00562468 0.05004630
1783.89194597 0.00559023 0.04861743
1784.89244622 0.00556449 0.04674962
1785.89294647 0.00548044 0.04534539
1786.89344672 0.00559283 0.04598635
1787.89394697 0.00838836 0.06273639
1788.89444722 0.00845664 0.06399641
1789.89494747 0.00874464 0.06722664
1790.89544772 0.00891794 0.07049434
1791.89594797 0.00910653 0.07295898
1792.89644822 0.00909842 0.07395545
1793.89694847 0.00902294 0.07310821
1794.89744872 0.00865616 0.06904332
1795.89794897 0.00815200 0.06325218
1796.89844922 0.00668729 0.04955467
1797.89894947 0.00621347 0.04369712
1798.89944972 0.00746662 0.05249541
1799.89994997 0.00763564 0.05490182
1800.90045023 0.00790713 0.05733546
1801.90095048 0.00794713 0.05762634
1802.90145073 0.00783887 0.05700789
1803.90195098 0.00771764 0.05668348
1804.90245123 0.00759412 0.05683524
1805.90295148 0.00807540 0.06175135
1806.90345173 0.00798308 0.06178639
1807.90395198 0.00753214 0.05612502
1808.90445223 0.00742973 0.05364421
1809.90495248 0.00752714 0.05361510
1810.90545273 0.00750744 0.05407952
1811.90595298 0.00750016 0.05481746
1812.90645323 0.00732807 0.05470193
1813.90695348 0.00716187 0.05402593
1814.90745373 0.00713826 0.05386677
1815.90795398 0.00707701 0.05343733
1816.90845423 0.00752073 0.05423796
1817.90895448 0.00748765 0.05364563
1818.90945473 0.00734864 0.05312464
1819.90995498 0.00685887 0.05125125
1820.91045523 0.00670589 0.05076621
1821.91095548 0.00665938 0.05071533
1822.91145573 0.00664112 0.05065219
1823.91195598 0.00651293 0.05017834
1824.91245623 0.00646259 0.04988294
1825.91295648 0.00655560 0.05013115
1826.91345673 0.00734188 0.05205837
1827.91395698 0.00746939 0.05244598
1828.91445723 0.00753702 0.05257292
1829.91495748 0.00772992 0.05593497
1830.91545773 0.01045953 0.07177302
1831.91595798 0.01070743 0.07328476
1832.91645823 0.01191400 0.07877968
1833.91695848 0.01141283 0.07597856
1834.91745873 0.01248945 0.08119388
1835.91795898 0.01318400 0.08339481
1836.91845923 0.01468352 0.09086328
1837.91895948 0.01428203 0.08955434
1838.91945973 0.01367923 0.08635855
1839.91995998 0.01272549 0.08256198
1840.92046023 0.01264036 0.08185908
1841.92096048 0.01240110 0.08103307
1842.92146073 0.01172487 0.07787338
1843.92196098 0.01121369 0.07448167
1844.92246123 0.01081316 0.07198519
1845.92296148 0.01042358 0.06939613
1846.92346173 0.01025680 0.06840038
1847.92396198 0.00994408 0.06737850
1848.92446223 0.00918086 0.06494894
1849.92496248 0.00893353 0.06444566
1850.92546273 0.00890999 0.06441903
1851.92596298 0.00940849 0.06576692
1852.92646323 0.00954758 0.06684991
1853.92696348 0.00940304 0.06696181
1854.92746373 0.00962093 0.06965029
1855.92796398 0.01105989 0.07697085
1856.92846423 0.01112167 0.07909042
1857.92896448 0.01014446 0.07702422
1858.92946473 0.01018148 0.07681890
1859.92996498 0.01036827 0.07892421
1860.93046523 0.01024706 0.07979861
1861.93096548 0.00984387 0.07783539
1862.93146573 0.00901844 0.07185905
1863.93196598 0.00845188 0.06433834
1864.93246623 0.00801797 0.06074053
1865.93296648 0.00794169 0.06060461
1866.93346673 0.00839481 0.06369129
1867.93396698 0.00849916 0.06425850
1868.93446723 0.00904620 0.06677242
1869.93496748 0.00925236 0.06856036
1870.93546773 0.00938829 0.07016364
1871.93596798 0.00904060 0.06887448
1872.93646823 0.00921980 0.07067793
1873.93696848 0.00936861 0.06974039
1874.93746873 0.00932806 0.06980154
1875.93796898 0.00905947 0.06856341
1876.93846923 0.00946243 0.07165968
1877.93896948 0.00932872 0.07103561
1878.93946973 0.00910355 0.06943488
1879.93996998 0.00893783 0.06808575
1880.94047024 0.00859887 0.06697188
1881.94097049 0.01049768 0.07313289
1882.94147074 0.01042982 0.07236701
1883.94197099 0.01006638 0.07062068
1884.94247124 0.00962683 0.06806410
1885.94297149 0.00942305 0.06632806
1886.94347174 0.00947668 0.06818105
1887.94397199 0.00947930 0.07005845
1888.94447224 0.00982171 0.07260860
1889.94497249 0.01007746 0.07420820
1890.94547274 0.01014199 0.07421365
1891.94597299 0.00987504 0.07288176
1892.94647324 0.00974445 0.07244479
1893.94697349 0.00961654 0.07150996
1894.94747374 0.00943326 0.06908200
1895.94797399 0.00906657 0.06536205
1896.94847424 0.00788423 0.05860982
1897.94897449 0.00744577 0.05564287
1898.94947474 0.00839443 0.06028765
1899.94997499 0.00821057 0.05916054
1900.95047524 0.00803206 0.05835795
1901.95097549 0.00805432 0.05871034
1902.95147574 0.00929193 0.06625607
1903.95197599 0.00856909 0.06352099
1904.95247624 0.00863437 0.06375782
1905.95297649 0.00861725 0.06313354
1906.95347674 0.00846172 0.06142235
1907.95397699 0.00844188 0.05902391
1908.95447724 0.00852414 0.05912844
1909.95497749 0.00869271 0.05908133
1910.95547774 0.00873291 0.05792398
1911.95597799 0.00748709 0.04817595
1912.95647824 0.00724893 0.04723133
1913.95697849 0.00720312 0.04693830
1914.95747874 0.00745289 0.04694348
1915.95797899 0.00742841 0.04666715
1916.95847924 0.00835570 0.05266030
1917.95897949 0.00796431 0.05173924
1918.95947974 0.00906568 0.05880372
1919.95997999 0.00895363 0.05811677
1920.96048024 0.00777371 0.05078384
1921.96098049 0.00742819 0.04884781
1922.96148074 0.00683498 0.04633505
1923.96198099 0.00654378 0.04510180
1924.96248124 0.00648030 0.04461849
1925.96298149 0.00664877 0.04473141
1926.96348174 0.00624310 0.04292831
1927.96398199 0.00624894 0.04238170
1928.96448224 0.00626331 0.04288013
1929.96498249 0.00917557 0.06229768
1930.96548274 0.00933907 0.06437688
1931.96598299 0.00936743 0.06537426
1932.96648324 0.01067480 0.07307535
1933.96698349 0.01110552 0.07480336
1934.96748374 0.01073296 0.07428317
1935.96798399 0.01072408 0.07637068
1936.96848424 0.01026025 0.07474329
1937.96898449 0.00988088 0.07316314
1938.96948474 0.00947350 0.07131882
1939.96998499 0.00899003 0.06850307
1940.97048524 0.00830498 0.06341148
1941.97098549 0.00781326 0.05719971
1942.97148574 0.00758591 0.05111365
1943.97198599 0.00761167 0.04999567
1944.97248624 0.00744513 0.04826569
1945.97298649 0.00701273 0.04493535
1946.97348674 0.00665373 0.04287222
1947.97398699 0.00658641 0.04363595
1948.97448724 0.00635900 0.04256352
1949.97498749 0.00596741 0.04089803
1950.97548774 0.00554296 0.03814047
1951.97598799 0.00529295 0.03596526
1952.97648824 0.00498376 0.03426593
1953.97698849 0.00471399 0.03159143
1954.97748874 0.00453756 0.03069334
1955.97798899 0.00461948 0.03102598
1956.97848924 0.00481715 0.03342537
1957.97898949 0.00481201 0.03320293
1958.97948974 0.00472562 0.03166576
1959.97998999 0.00549368 0.03883164
1960.98049025 0.00540885 0.03908182
1961.98099050 0.00539622 0.03984506
1962.98149075 0.00546550 0.03961225
1963.98199100 0.00542234 0.03893112
1964.98249125 0.00562661 0.04216557
1965.98299150 0.00565670 0.04378697
1966.98349175 0.00548330 0.04115856
1967.98399200 0.00529274 0.03847254
1968.98449225 0.00535336 0.03860712
1969.98499250 0.00607517 0.04359211
1970.98549275 0.00603909 0.04391617
1971.98599300 0.00577557 0.04219091
1972.98649325 0.00557387 0.04066181
1973.98699350 0.00542001 0.03998376
1974.98749375 0.00543346 0.04207133
1975.98799400 0.00524998 0.04158300
1976.98849425 0.00507421 0.04107779
1977.98899450 0.00535634 0.04087241
1978.98949475 0.00511880 0.03818992
1979.98999500 0.00628470 0.05169875
1980.99049525 0.00641827 0.05169080
1981.99099550 0.00652165 0.05243102
1982.99149575 0.00635665 0.05086452
1983.99199600 0.00626776 0.05110118
1984.99249625 0.00631103 0.05118353
1985.99299650 0.00622733 0.05039855
1986.99349675 0.00607036 0.04934845
1987.99399700 0.00587359 0.04884235
1988.99449725 0.00593097 0.04896668
1989.99499750 0.00591216 0.04850475
1990.99549775 0.00588333 0.04855508
1991.99599800 0.00584291 0.04803556
1992.99649825 0.00598280 0.05070492
1993.99699850 0.00608425 0.05211249
1994.99749875 0.00581988 0.04890801
1995.99799900 0.00572751 0.04899418
1996.99849925 0.00550581 0.04871410
1997.99899950 0.00531384 0.04791752
1998.99949975 0.00538480 0.04782705
2000.00000000 0.00562495 0.04851255
