0.00000000 2.99999941
2.00200200 2.98766643
4.00400400 2.96899774
6.00600601 2.94955175
8.00800801 2.93009478
10.01001001 2.91074253
12.01201201 2.89151285
14.01401401 2.87240799
16.01601602 2.85342760
18.01801802 2.83457093
20.02002002 2.81583717
22.02202202 2.79722551
24.02402402 2.77873513
26.02602603 2.76036525
28.02802803 2.74211507
30.03003003 2.72398383
32.03203203 2.70597073
34.03403403 2.68807503
36.03603604 2.67029597
38.03803804 2.65263281
40.04004004 2.63508479
42.04204204 2.61765118
44.04404404 2.60033127
46.04604605 2.58312432
48.04804805 2.56602961
50.05005005 2.54904644
52.05205205 2.53217411
54.05405405 2.51541190
56.05605606 2.49875913
58.05805806 2.48221511
60.06006006 2.46577914
62.06206206 2.44945056
64.06406406 2.43322868
66.06606607 2.41711283
68.06806807 2.40110236
70.07007007 2.38519658
72.07207207 2.36939485
74.07407407 2.35369652
76.07607608 2.33810092
78.07807808 2.32260743
80.08008008 2.30721539
82.08208208 2.29192417
84.08408408 2.27673313
86.08608609 2.26164165
88.08808809 2.24664910
90.09009009 2.23175485
92.09209209 2.21695830
94.09409409 2.20225882
96.09609610 2.18765580
98.09809810 2.17314865
100.10010010 2.15873674
102.10210210 2.14441949
104.10410410 2.13019630
106.10610611 2.11606657
108.10810811 2.10202972
110.11011011 2.08808516
112.11211211 2.07423230
114.11411411 2.06047058
116.11611612 2.04679940
118.11811812 2.03321821
120.12012012 2.01972643
122.12212212 2.00632350
124.12412412 1.99300886
126.12612613 1.97978194
128.12812813 1.96664219
130.13013013 1.95358906
132.13213213 1.94062200
134.13413413 1.92774047
136.13613614 1.91494392
138.13813814 1.90223181
140.14014014 1.88960360
142.14214214 1.87705878
144.14414414 1.86459679
146.14614615 1.85221712
148.14814815 1.83991925
150.15015015 1.82770265
152.15215215 1.81556681
154.15415415 1.80351120
156.15615616 1.79153533
158.15815816 1.77963868
160.16016016 1.76782075
162.16216216 1.75608103
164.16416416 1.74441903
166.16616617 1.73283424
168.16816817 1.72132619
170.17017017 1.70989436
172.17217217 1.69853829
174.17417417 1.68725747
176.17617618 1.67605144
178.17817818 1.66491971
180.18018018 1.65386181
182.18218218 1.64287725
184.18418418 1.63196559
186.18618619 1.62112633
188.18818819 1.61035903
190.19019019 1.59966321
192.19219219 1.58903843
194.19419419 1.57848421
196.19619620 1.56800012
198.19819820 1.55758569
200.20020020 1.54724049
202.20220220 1.53696405
204.20420420 1.52675595
206.20620621 1.51661574
208.20820821 1.50654298
210.21021021 1.49653725
212.21221221 1.48659809
214.21421421 1.47672510
216.21621622 1.46691783
218.21821822 1.45717587
220.22022022 1.44749879
222.22222222 1.43788617
224.22422422 1.42833760
226.22622623 1.41885267
228.22822823 1.40943095
230.23023023 1.40007205
232.23223223 1.39077555
234.23423423 1.38154105
236.23623624 1.37236815
238.23823824 1.36325645
240.24024024 1.35420555
242.24224224 1.34521506
244.24424424 1.33628458
246.24624625 1.32741373
248.24824825 1.31860212
250.25025025 1.30984937
252.25225225 1.30115508
254.25425425 1.29251889
256.25625626 1.28394041
258.25825826 1.27541926
260.26026026 1.26695508
262.26226226 1.25854750
264.26426426 1.25019614
266.26626627 1.24190064
268.26826827 1.23366063
270.27027027 1.22547575
272.27227227 1.21734565
274.27427427 1.20926996
276.27627628 1.20124834
278.27827828 1.19328042
280.28028028 1.18536586
282.28228228 1.17750430
284.28428428 1.16969541
286.28628629 1.16193883
288.28828829 1.15423423
290.29029029 1.14658127
292.29229229 1.13897960
294.29429429 1.13142889
296.29629630 1.12392881
298.29829830 1.11647903
300.30030030 1.10907921
302.30230230 1.10172903
304.30430430 1.09442817
306.30630631 1.08717629
308.30830831 1.07997308
310.31031031 1.07281823
312.31231231 1.06571140
314.31431431 1.05865229
316.31631632 1.05164059
318.31831832 1.04467598
320.32032032 1.03775814
322.32232232 1.03088679
324.32432432 1.02406160
326.32632633 1.01728228
328.32832833 1.01054852
330.33033033 1.00386002
332.33233233 0.99721649
334.33433433 0.99061763
336.33633634 0.98406315
338.33833834 0.97755275
340.34034034 0.97108614
342.34234234 0.96466303
344.34434434 0.95828314
346.34634635 0.95194618
348.34834835 0.94565188
350.35035035 0.93939993
352.35235235 0.93319008
354.35435435 0.92702204
356.35635636 0.92089552
358.35835836 0.91481027
360.36036036 0.90876601
362.36236236 0.90276246
364.36436436 0.89679935
366.36636637 0.89087643
368.36836837 0.88499342
370.37037037 0.87915005
372.37237237 0.87334608
374.37437437 0.86758123
376.37637638 0.86185524
378.37837838 0.85616787
380.38038038 0.85051885
382.38238238 0.84490793
384.38438438 0.83933485
386.38638639 0.83379937
388.38838839 0.82830124
390.39039039 0.82284021
392.39239239 0.81741603
394.39439439 0.81202846
396.39639640 0.80667726
398.39839840 0.80136217
400.40040040 0.79608298
402.40240240 0.79083943
404.40440440 0.78563129
406.40640641 0.78045832
408.40840841 0.77532029
410.41041041 0.77021697
412.41241241 0.76514813
414.41441441 0.76011354
416.41641642 0.75511296
418.41841842 0.75014618
420.42042042 0.74521297
422.42242242 0.74031311
424.42442442 0.73544637
426.42642643 0.73061253
428.42842843 0.72581137
430.43043043 0.72104268
432.43243243 0.71630625
434.43443443 0.71160184
436.43643644 0.70692926
438.43843844 0.70228829
440.44044044 0.69767871
442.44244244 0.69310033
444.44444444 0.68855292
446.44644645 0.68403630
448.44844845 0.67955024
450.45045045 0.67509454
452.45245245 0.67066901
454.45445445 0.66627344
456.45645646 0.66190763
458.45845846 0.65757138
460.46046046 0.65326450
462.46246246 0.64898678
464.46446446 0.64473804
466.46646647 0.64051808
468.46846847 0.63632671
470.47047047 0.63216373
472.47247247 0.62802896
474.47447447 0.62392221
476.47647648 0.61984329
478.47847848 0.61579201
480.48048048 0.61176819
482.48248248 0.60777165
484.48448448 0.60380220
486.48648649 0.59985966
488.48848849 0.59594386
490.49049049 0.59205460
492.49249249 0.58819172
494.49449449 0.58435504
496.49649650 0.58054438
498.49849850 0.57675957
500.50050050 0.57300043
502.50250250 0.56926679
504.50450450 0.56555849
506.50650651 0.56187534
508.50850851 0.55821719
510.51051051 0.55458387
512.51251251 0.55097520
514.51451451 0.54739103
516.51651652 0.54383119
518.51851852 0.54029551
520.52052052 0.53678383
522.52252252 0.53329600
524.52452452 0.52983184
526.52652653 0.52639121
528.52852853 0.52297395
530.53053053 0.51957989
532.53253253 0.51620889
534.53453453 0.51286078
536.53653654 0.50953541
538.53853854 0.50623264
540.54054054 0.50295230
542.54254254 0.49969425
544.54454454 0.49645834
546.54654655 0.49324441
548.54854855 0.49005233
550.55055055 0.48688194
552.55255255 0.48373310
554.55455455 0.48060566
556.55655656 0.47749948
558.55855856 0.47441442
560.56056056 0.47135033
562.56256256 0.46830707
564.56456456 0.46528450
566.56656657 0.46228249
568.56856857 0.45930089
570.57057057 0.45633956
572.57257257 0.45339838
574.57457457 0.45047720
576.57657658 0.44757589
578.57857858 0.44469432
580.58058058 0.44183234
582.58258258 0.43898984
584.58458458 0.43616668
586.58658659 0.43336273
588.58858859 0.43057785
590.59059059 0.42781193
592.59259259 0.42506482
594.59459459 0.42233642
596.59659660 0.41962658
598.59859860 0.41693519
600.60060060 0.41426212
602.60260260 0.41160724
604.60460460 0.40897043
606.60660661 0.40635158
608.60860861 0.40375056
610.61061061 0.40116724
612.61261261 0.39860152
614.61461461 0.39605327
616.61661662 0.39352237
618.61861862 0.39100870
620.62062062 0.38851216
622.62262262 0.38603262
624.62462462 0.38356997
626.62662663 0.38112409
628.62862863 0.37869487
630.63063063 0.37628221
632.63263263 0.37388597
634.63463463 0.37150607
636.63663664 0.36914238
638.63863864 0.36679480
640.64064064 0.36446321
642.64264264 0.36214751
644.64464464 0.35984759
646.64664665 0.35756334
648.64864865 0.35529467
650.65065065 0.35304145
652.65265265 0.35080360
654.65465465 0.34858100
656.65665666 0.34637355
658.65865866 0.34418115
660.66066066 0.34200369
662.66266266 0.33984108
664.66466466 0.33769321
666.66666667 0.33555999
668.66866867 0.33344132
670.67067067 0.33133709
672.67267267 0.32924721
674.67467467 0.32717158
676.67667668 0.32511011
678.67867868 0.32306270
680.68068068 0.32102925
682.68268268 0.31900968
684.68468468 0.31700387
686.68668669 0.31501175
688.68868869 0.31303322
690.69069069 0.31106819
692.69269269 0.30911657
694.69469469 0.30717825
696.69669670 0.30525317
698.69869870 0.30334122
700.70070070 0.30144231
702.70270270 0.29955636
704.70470470 0.29768328
706.70670671 0.29582299
708.70870871 0.29397539
710.71071071 0.29214040
712.71271271 0.29031793
714.71471471 0.28850790
716.71671672 0.28671023
718.71871872 0.28492482
720.72072072 0.28315161
722.72272272 0.28139050
724.72472472 0.27964141
726.72672673 0.27790426
728.72872873 0.27617897
730.73073073 0.27446546
732.73273273 0.27276365
734.73473473 0.27107346
736.73673674 0.26939481
738.73873874 0.26772763
740.74074074 0.26607183
742.74274274 0.26442733
744.74474474 0.26279407
746.74674675 0.26117196
748.74874875 0.25956093
750.75075075 0.25796090
752.75275275 0.25637180
754.75475475 0.25479355
756.75675676 0.25322608
758.75875876 0.25166933
760.76076076 0.25012320
762.76276276 0.24858764
764.76476476 0.24706257
766.76676677 0.24554791
768.76876877 0.24404361
770.77077077 0.24254958
772.77277277 0.24106576
774.77477477 0.23959208
776.77677678 0.23812847
778.77877878 0.23667485
780.78078078 0.23523117
782.78278278 0.23379736
784.78478478 0.23237335
786.78678679 0.23095906
788.78878879 0.22955444
790.79079079 0.22815943
792.79279279 0.22677394
794.79479479 0.22539793
796.79679680 0.22403132
798.79879880 0.22267405
800.80080080 0.22132606
802.80280280 0.21998728
804.80480480 0.21865765
806.80680681 0.21733711
808.80880881 0.21602560
810.81081081 0.21472306
812.81281281 0.21342942
814.81481481 0.21214463
816.81681682 0.21086862
818.81881882 0.20960133
820.82082082 0.20834271
822.82282282 0.20709269
824.82482482 0.20585122
826.82682683 0.20461824
828.82882883 0.20339369
830.83083083 0.20217752
832.83283283 0.20096966
834.83483483 0.19977006
836.83683684 0.19857867
838.83883884 0.19739542
840.84084084 0.19622027
842.84284284 0.19505315
844.84484484 0.19389401
846.84684685 0.19274281
848.84884885 0.19159947
850.85085085 0.19046396
852.85285285 0.18933621
854.85485485 0.18821618
856.85685686 0.18710381
858.85885886 0.18599905
860.86086086 0.18490185
862.86286286 0.18381215
864.86486486 0.18272991
866.86686687 0.18165507
868.86886887 0.18058758
870.87087087 0.17952740
872.87287287 0.17847447
874.87487487 0.17742874
876.87687688 0.17639017
878.87887888 0.17535871
880.88088088 0.17433430
882.88288288 0.17331691
884.88488488 0.17230647
886.88688689 0.17130295
888.88888889 0.17030630
890.89089089 0.16931646
892.89289289 0.16833340
894.89489489 0.16735707
896.89689690 0.16638742
898.89889890 0.16542440
900.90090090 0.16446798
902.90290290 0.16351810
904.90490490 0.16257472
906.90690691 0.16163780
908.90890891 0.16070729
910.91091091 0.15978315
912.91291291 0.15886534
914.91491491 0.15795381
916.91691692 0.15704852
918.91891892 0.15614942
920.92092092 0.15525648
922.92292292 0.15436965
924.92492492 0.15348890
926.92692693 0.15261417
928.92892893 0.15174543
930.93093093 0.15088263
932.93293293 0.15002575
934.93493493 0.14917473
936.93693694 0.14832953
938.93893894 0.14749013
940.94094094 0.14665647
942.94294294 0.14582852
944.94494494 0.14500623
946.94694695 0.14418958
948.94894895 0.14337852
950.95095095 0.14257301
952.95295295 0.14177302
954.95495495 0.14097850
956.95695696 0.14018943
958.95895896 0.13940576
960.96096096 0.13862745
962.96296296 0.13785448
964.96496496 0.13708679
966.96696697 0.13632437
968.96896897 0.13556717
970.97097097 0.13481515
972.97297297 0.13406828
974.97497497 0.13332653
976.97697698 0.13258985
978.97897898 0.13185823
980.98098098 0.13113161
982.98298298 0.13040997
984.98498498 0.12969327
986.98698699 0.12898148
988.98898899 0.12827457
990.99099099 0.12757250
992.99299299 0.12687523
994.99499499 0.12618275
996.99699700 0.12549500
998.99899900 0.12481197
1001.00100100 0.12413362
1003.00300300 0.12345991
1005.00500501 0.12279082
1007.00700701 0.12212631
1009.00900901 0.12146635
1011.01101101 0.12081092
1013.01301301 0.12015997
1015.01501502 0.11951349
1017.01701702 0.11887143
1019.01901902 0.11823377
1021.02102102 0.11760048
1023.02302302 0.11697153
1025.02502503 0.11634688
1027.02702703 0.11572652
1029.02902903 0.11511041
1031.03103103 0.11449852
1033.03303303 0.11389082
1035.03503504 0.11328728
1037.03703704 0.11268788
1039.03903904 0.11209259
1041.04104104 0.11150137
1043.04304304 0.11091421
1045.04504505 0.11033107
1047.04704705 0.10975192
1049.04904905 0.10917675
1051.05105105 0.10860551
1053.05305305 0.10803819
1055.05505506 0.10747476
1057.05705706 0.10691519
1059.05905906 0.10635945
1061.06106106 0.10580752
1063.06306306 0.10525937
1065.06506507 0.10471498
1067.06706707 0.10417432
1069.06906907 0.10363737
1071.07107107 0.10310409
1073.07307307 0.10257447
1075.07507508 0.10204848
1077.07707708 0.10152609
1079.07907908 0.10100729
1081.08108108 0.10049204
1083.08308308 0.09998032
1085.08508509 0.09947210
1087.08708709 0.09896738
1089.08908909 0.09846611
1091.09109109 0.09796827
1093.09309309 0.09747385
1095.09509510 0.09698282
1097.09709710 0.09649515
1099.09909910 0.09601082
1101.10110110 0.09552982
1103.10310310 0.09505211
1105.10510511 0.09457768
1107.10710711 0.09410649
1109.10910911 0.09363854
1111.11111111 0.09317380
1113.11311311 0.09271224
1115.11511512 0.09225384
1117.11711712 0.09179859
1119.11911912 0.09134646
1121.12112112 0.09089743
1123.12312312 0.09045147
1125.12512513 0.09000857
1127.12712713 0.08956871
1129.12912913 0.08913187
1131.13113113 0.08869801
1133.13313313 0.08826714
1135.13513514 0.08783921
1137.13713714 0.08741422
1139.13913914 0.08699215
1141.14114114 0.08657296
1143.14314314 0.08615666
1145.14514515 0.08574320
1147.14714715 0.08533258
1149.14914915 0.08492478
1151.15115115 0.08451977
1153.15315315 0.08411753
1155.15515516 0.08371806
1157.15715716 0.08332132
1159.15915916 0.08292731
1161.16116116 0.08253599
1163.16316316 0.08214736
1165.16516517 0.08176139
1167.16716717 0.08137807
1169.16916917 0.08099738
1171.17117117 0.08061930
1173.17317317 0.08024381
1175.17517518 0.07987089
1177.17717718 0.07950054
1179.17917918 0.07913272
1181.18118118 0.07876742
1183.18318318 0.07840463
1185.18518519 0.07804432
1187.18718719 0.07768649
1189.18918919 0.07733111
1191.19119119 0.07697817
1193.19319319 0.07662764
1195.19519520 0.07627952
1197.19719720 0.07593379
1199.19919920 0.07559043
1201.20120120 0.07524942
1203.20320320 0.07491076
1205.20520521 0.07457441
1207.20720721 0.07424037
1209.20920921 0.07390862
1211.21121121 0.07357915
1213.21321321 0.07325193
1215.21521522 0.07292696
1217.21721722 0.07260422
1219.21921922 0.07228369
1221.22122122 0.07196536
1223.22322322 0.07164921
1225.22522523 0.07133523
1227.22722723 0.07102341
1229.22922923 0.07071372
1231.23123123 0.07040615
1233.23323323 0.07010070
1235.23523524 0.06979734
1237.23723724 0.06949606
1239.23923924 0.06919685
1241.24124124 0.06889969
1243.24324324 0.06860456
1245.24524525 0.06831146
1247.24724725 0.06802038
1249.24924925 0.06773128
1251.25125125 0.06744417
1253.25325325 0.06715903
1255.25525526 0.06687585
1257.25725726 0.06659461
1259.25925926 0.06631529
1261.26126126 0.06603790
1263.26326326 0.06576240
1265.26526527 0.06548880
1267.26726727 0.06521707
1269.26926927 0.06494720
1271.27127127 0.06467919
1273.27327327 0.06441301
1275.27527528 0.06414866
1277.27727728 0.06388612
1279.27927928 0.06362539
1281.28128128 0.06336644
1283.28328328 0.06310927
1285.28528529 0.06285386
1287.28728729 0.06260020
1289.28928929 0.06234829
1291.29129129 0.06209810
1293.29329329 0.06184963
1295.29529530 0.06160286
1297.29729730 0.06135779
1299.29929930 0.06111439
1301.30130130 0.06087267
1303.30330330 0.06063260
1305.30530531 0.06039418
1307.30730731 0.06015740
1309.30930931 0.05992224
1311.31131131 0.05968870
1313.31331331 0.05945675
1315.31531532 0.05922640
1317.31731732 0.05899762
1319.31931932 0.05877042
1321.32132132 0.05854478
1323.32332332 0.05832068
1325.32532533 0.05809812
1327.32732733 0.05787709
1329.32932933 0.05765757
1331.33133133 0.05743956
1333.33333333 0.05722304
1335.33533534 0.05700801
1337.33733734 0.05679446
1339.33933934 0.05658237
1341.34134134 0.05637173
1343.34334334 0.05616254
1345.34534535 0.05595479
1347.34734735 0.05574846
1349.34934935 0.05554354
1351.35135135 0.05534004
1353.35335335 0.05513792
1355.35535536 0.05493720
1357.35735736 0.05473785
1359.35935936 0.05453987
1361.36136136 0.05434325
1363.36336336 0.05414797
1365.36536537 0.05395404
1367.36736737 0.05376144
1369.36936937 0.05357015
1371.37137137 0.05338018
1373.37337337 0.05319152
1375.37537538 0.05300415
1377.37737738 0.05281806
1379.37937938 0.05263325
1381.38138138 0.05244971
1383.38338338 0.05226742
1385.38538539 0.05208639
1387.38738739 0.05190660
1389.38938939 0.05172805
1391.39139139 0.05155071
1393.39339339 0.05137460
1395.39539540 0.05119969
1397.39739740 0.05102599
1399.39939940 0.05085347
1401.40140140 0.05068214
1403.40340340 0.05051199
1405.40540541 0.05034300
1407.40740741 0.05017517
1409.40940941 0.05000849
1411.41141141 0.04984296
1413.41341341 0.04967856
1415.41541542 0.04951529
1417.41741742 0.04935314
1419.41941942 0.04919211
1421.42142142 0.04903217
1423.42342342 0.04887334
1425.42542543 0.04871559
1427.42742743 0.04855893
1429.42942943 0.04840334
1431.43143143 0.04824882
1433.43343343 0.04809536
1435.43543544 0.04794296
1437.43743744 0.04779160
1439.43943944 0.04764127
1441.44144144 0.04749198
1443.44344344 0.04734372
1445.44544545 0.04719647
1447.44744745 0.04705023
1449.44944945 0.04690499
1451.45145145 0.04676075
1453.45345345 0.04661750
1455.45545546 0.04647524
1457.45745746 0.04633395
1459.45945946 0.04619363
1461.46146146 0.04605427
1463.46346346 0.04591587
1465.46546547 0.04577842
1467.46746747 0.04564191
1469.46946947 0.04550634
1471.47147147 0.04537169
1473.47347347 0.04523798
1475.47547548 0.04510518
1477.47747748 0.04497329
1479.47947948 0.04484230
1481.48148148 0.04471222
1483.48348348 0.04458303
1485.48548549 0.04445472
1487.48748749 0.04432729
1489.48948949 0.04420074
1491.49149149 0.04407506
1493.49349349 0.04395024
1495.49549550 0.04382628
1497.49749750 0.04370316
1499.49949950 0.04358090
1501.50150150 0.04345947
1503.50350350 0.04333887
1505.50550551 0.04321910
1507.50750751 0.04310016
1509.50950951 0.04298203
1511.51151151 0.04286471
1513.51351351 0.04274819
1515.51551552 0.04263248
1517.51751752 0.04251756
1519.51951952 0.04240342
1521.52152152 0.04229007
1523.52352352 0.04217750
1525.52552553 0.04206570
1527.52752753 0.04195467
1529.52952953 0.04184440
1531.53153153 0.04173489
1533.53353353 0.04162613
1535.53553554 0.04151811
1537.53753754 0.04141084
1539.53953954 0.04130430
1541.54154154 0.04119850
1543.54354354 0.04109342
1545.54554555 0.04098906
1547.54754755 0.04088541
1549.54954955 0.04078248
1551.55155155 0.04068026
1553.55355355 0.04057873
1555.55555556 0.04047791
1557.55755756 0.04037777
1559.55955956 0.04027832
1561.56156156 0.04017956
1563.56356356 0.04008147
1565.56556557 0.03998406
1567.56756757 0.03988731
1569.56956957 0.03979123
1571.57157157 0.03969581
1573.57357357 0.03960104
1575.57557558 0.03950692
1577.57757758 0.03941345
1579.57957958 0.03932062
1581.58158158 0.03922843
1583.58358358 0.03913687
1585.58558559 0.03904593
1587.58758759 0.03895563
1589.58958959 0.03886594
1591.59159159 0.03877687
1593.59359359 0.03868840
1595.59559560 0.03860055
1597.59759760 0.03851330
1599.59959960 0.03842665
1601.60160160 0.03834059
1603.60360360 0.03825512
1605.60560561 0.03817024
1607.60760761 0.03808594
1609.60960961 0.03800222
1611.61161161 0.03791908
1613.61361361 0.03783650
1615.61561562 0.03775450
1617.61761762 0.03767305
1619.61961962 0.03759217
1621.62162162 0.03751184
1623.62362362 0.03743206
1625.62562563 0.03735282
1627.62762763 0.03727414
1629.62962963 0.03719599
1631.63163163 0.03711838
1633.63363363 0.03704130
1635.63563564 0.03696475
1637.63763764 0.03688872
1639.63963964 0.03681322
1641.64164164 0.03673824
1643.64364364 0.03666377
1645.64564565 0.03658981
1647.64764765 0.03651636
1649.64964965 0.03644341
1651.65165165 0.03637096
1653.65365365 0.03629901
1655.65565566 0.03622756
1657.65765766 0.03615659
1659.65965966 0.03608611
1661.66166166 0.03601612
1663.66366366 0.03594661
1665.66566567 0.03587757
1667.66766767 0.03580901
1669.66966967 0.03574091
1671.67167167 0.03567329
1673.67367367 0.03560613
1675.67567568 0.03553943
1677.67767768 0.03547319
1679.67967968 0.03540740
1681.68168168 0.03534206
1683.68368368 0.03527718
1685.68568569 0.03521273
1687.68768769 0.03514873
1689.68968969 0.03508517
1691.69169169 0.03502205
1693.69369369 0.03495936
1695.69569570 0.03489710
1697.69769770 0.03483526
1699.69969970 0.03477385
1701.70170170 0.03471287
1703.70370370 0.03465230
1705.70570571 0.03459214
1707.70770771 0.03453240
1709.70970971 0.03447307
1711.71171171 0.03441415
1713.71371371 0.03435563
1715.71571572 0.03429751
1717.71771772 0.03423980
1719.71971972 0.03418247
1721.72172172 0.03412554
1723.72372372 0.03406901
1725.72572573 0.03401286
1727.72772773 0.03395709
1729.72972973 0.03390171
1731.73173173 0.03384671
1733.73373373 0.03379208
1735.73573574 0.03373784
1737.73773774 0.03368396
1739.73973974 0.03363045
1741.74174174 0.03357731
1743.74374374 0.03352454
1745.74574575 0.03347212
1747.74774775 0.03342007
1749.74974975 0.03336838
1751.75175175 0.03331703
1753.75375375 0.03326605
1755.75575576 0.03321541
1757.75775776 0.03316512
1759.75975976 0.03311517
1761.76176176 0.03306557
1763.76376376 0.03301630
1765.76576577 0.03296738
1767.76776777 0.03291879
1769.76976977 0.03287054
1771.77177177 0.03282261
1773.77377377 0.03277502
1775.77577578 0.03272775
1777.77777778 0.03268081
1779.77977978 0.03263418
1781.78178178 0.03258788
1783.78378378 0.03254190
1785.78578579 0.03249623
1787.78778779 0.03245088
1789.78978979 0.03240583
1791.79179179 0.03236110
1793.79379379 0.03231667
1795.79579580 0.03227255
1797.79779780 0.03222873
1799.79979980 0.03218521
1801.80180180 0.03214199
1803.80380380 0.03209907
1805.80580581 0.03205644
1807.80780781 0.03201410
1809.80980981 0.03197206
1811.81181181 0.03193030
1813.81381381 0.03188883
1815.81581582 0.03184765
1817.81781782 0.03180674
1819.81981982 0.03176612
1821.82182182 0.03172578
1823.82382382 0.03168571
1825.82582583 0.03164592
1827.82782783 0.03160640
1829.82982983 0.03156715
1831.83183183 0.03152818
1833.83383383 0.03148947
1835.83583584 0.03145102
1837.83783784 0.03141284
1839.83983984 0.03137492
1841.84184184 0.03133727
1843.84384384 0.03129987
1845.84584585 0.03126272
1847.84784785 0.03122584
1849.84984985 0.03118920
1851.85185185 0.03115282
1853.85385385 0.03111668
1855.85585586 0.03108080
1857.85785786 0.03104516
1859.85985986 0.03100976
1861.86186186 0.03097461
1863.86386386 0.03093970
1865.86586587 0.03090503
1867.86786787 0.03087060
1869.86986987 0.03083640
1871.87187187 0.03080244
1873.87387387 0.03076871
1875.87587588 0.03073522
1877.87787788 0.03070195
1879.87987988 0.03066891
1881.88188188 0.03063610
1883.88388388 0.03060351
1885.88588589 0.03057115
1887.88788789 0.03053901
1889.88988989 0.03050709
1891.89189189 0.03047539
1893.89389389 0.03044390
1895.89589590 0.03041263
1897.89789790 0.03038158
1899.89989990 0.03035074
1901.90190190 0.03032011
1903.90390390 0.03028970
1905.90590591 0.03025949
1907.90790791 0.03022949
1909.90990991 0.03019969
1911.91191191 0.03017010
1913.91391391 0.03014071
1915.91591592 0.03011153
1917.91791792 0.03008254
1919.91991992 0.03005375
1921.92192192 0.03002516
1923.92392392 0.02999677
1925.92592593 0.02996857
1927.92792793 0.02994057
1929.92992993 0.02991275
1931.93193193 0.02988513
1933.93393393 0.02985770
1935.93593594 0.02983046
1937.93793794 0.02980340
1939.93993994 0.02977653
1941.94194194 0.02974984
1943.94394394 0.02972334
1945.94594595 0.02969702
1947.94794795 0.02967088
1949.94994995 0.02964492
1951.95195195 0.02961913
1953.95395395 0.02959353
1955.95595596 0.02956810
1957.95795796 0.02954284
1959.95995996 0.02951776
1961.96196196 0.02949285
1963.96396396 0.02946811
1965.96596597 0.02944354
1967.96796797 0.02941914
1969.96996997 0.02939491
1971.97197197 0.02937084
1973.97397397 0.02934694
1975.97597598 0.02932320
1977.97797798 0.02929963
1979.97997998 0.02927621
1981.98198198 0.02925296
1983.98398398 0.02922987
1985.98598599 0.02920694
1987.98798799 0.02918416
1989.98998999 0.02916154
1991.99199199 0.02913907
1993.99399399 0.02911676
1995.99599600 0.02909461
1997.99799800 0.02907260
2000.00000000 0.02905075
