0.00000000 2.99999941
0.50050050 2.99946237
1.00100100 2.99400747
1.50150150 2.98290895
2.00200200 2.96761501
2.50250250 2.94965342
3.00300300 2.93012855
3.50350350 2.90975458
4.00400400 2.88895725
4.50450450 2.86798368
5.00500501 2.84697315
5.50550551 2.82600339
6.00600601 2.80511755
6.50650651 2.78433934
7.00700701 2.76368187
7.50750751 2.74315216
8.00800801 2.72275396
8.50850851 2.70248907
9.00900901 2.68235824
9.50950951 2.66236160
10.01001001 2.64249892
10.51051051 2.62276976
11.01101101 2.60317355
11.51151151 2.58370968
12.01201201 2.56437748
12.51251251 2.54517626
13.01301301 2.52610531
13.51351351 2.50716394
14.01401401 2.48835144
14.51451451 2.46966709
15.01501502 2.45111019
15.51551552 2.43268002
16.01601602 2.41437589
16.51651652 2.39619710
17.01701702 2.37814293
17.51751752 2.36021269
18.01801802 2.34240568
18.51851852 2.32472122
19.01901902 2.30715860
19.51951952 2.28971715
20.02002002 2.27239616
20.52052052 2.25519496
21.02102102 2.23811287
21.52152152 2.22114919
22.02202202 2.20430326
22.52252252 2.18757440
23.02302302 2.17096194
23.52352352 2.15446520
24.02402402 2.13808352
24.52452452 2.12181623
25.02502503 2.10566266
25.52552553 2.08962215
26.02602603 2.07369405
26.52652653 2.05787770
27.02702703 2.04217243
27.52752753 2.02657761
28.02802803 2.01109257
28.52852853 1.99571667
29.02902903 1.98044927
29.52952953 1.96528972
30.03003003 1.95023738
30.53053053 1.93529162
31.03103103 1.92045179
31.53153153 1.90571726
32.03203203 1.89108740
32.53253253 1.87656159
33.03303303 1.86213919
33.53353353 1.84781958
34.03403403 1.83360214
34.53453453 1.81948626
35.03503504 1.80547130
35.53553554 1.79155667
36.03603604 1.77774174
36.53653654 1.76402590
37.03703704 1.75040856
37.53753754 1.73688911
38.03803804 1.72346693
38.53853854 1.71014144
39.03903904 1.69691203
39.53953954 1.68377812
40.04004004 1.67073910
40.54054054 1.65779439
41.04104104 1.64494340
41.54154154 1.63218555
42.04204204 1.61952025
42.54254254 1.60694692
43.04304304 1.59446498
43.54354354 1.58207387
44.04404404 1.56977300
44.54454454 1.55756181
45.04504505 1.54543973
45.54554555 1.53340619
46.04604605 1.52146064
46.54654655 1.50960250
47.04704705 1.49783123
47.54754755 1.48614627
48.04804805 1.47454706
48.54854855 1.46303306
49.04904905 1.45160372
49.54954955 1.44025849
50.05005005 1.42899683
50.55055055 1.41781819
51.05105105 1.40672206
51.55155155 1.39570787
52.05205205 1.38477512
52.55255255 1.37392326
53.05305305 1.36315176
53.55355355 1.35246011
54.05405405 1.34184777
54.55455455 1.33131424
55.05505506 1.32085899
55.55555556 1.31048150
56.05605606 1.30018127
56.55655656 1.28995779
57.05705706 1.27981054
57.55755756 1.26973902
58.05805806 1.25974273
58.55855856 1.24982117
59.05905906 1.23997385
59.55955956 1.23020026
60.06006006 1.22049991
60.56056056 1.21087232
61.06106106 1.20131700
61.56156156 1.19183346
62.06206206 1.18242121
62.56256256 1.17307979
63.06306306 1.16380871
63.56356356 1.15460750
64.06406406 1.14547568
64.56456456 1.13641278
65.06506507 1.12741834
65.56556557 1.11849189
66.06606607 1.10963297
66.56656657 1.10084111
67.06706707 1.09211587
67.56756757 1.08345678
68.06806807 1.07486339
68.56856857 1.06633526
69.06906907 1.05787192
69.56956957 1.04947294
70.07007007 1.04113788
70.57057057 1.03286629
71.07107107 1.02465773
71.57157157 1.01651177
72.07207207 1.00842798
72.57257257 1.00040592
73.07307307 0.99244517
73.57357357 0.98454529
74.07407407 0.97670587
74.57457457 0.96892648
75.07507508 0.96120670
75.57557558 0.95354612
76.07607608 0.94594432
76.57657658 0.93840089
77.07707708 0.93091542
77.57757758 0.92348750
78.07807808 0.91611672
78.57857858 0.90880270
79.07907908 0.90154501
79.57957958 0.89434327
80.08008008 0.88719708
80.58058058 0.88010604
81.08108108 0.87306977
81.58158158 0.86608787
82.08208208 0.85915996
82.58258258 0.85228566
83.08308308 0.84546457
83.58358358 0.83869633
84.08408408 0.83198055
84.58458458 0.82531686
85.08508509 0.81870488
85.58558559 0.81214425
86.08608609 0.80563460
86.58658659 0.79917555
87.08708709 0.79276675
87.58758759 0.78640783
88.08808809 0.78009843
88.58858859 0.77383820
89.08908909 0.76762677
89.58958959 0.76146380
90.09009009 0.75534894
90.59059059 0.74928183
91.09109109 0.74326213
91.59159159 0.73728950
92.09209209 0.73136358
92.59259259 0.72548405
93.09309309 0.71965056
93.59359359 0.71386278
94.09409409 0.70812036
94.59459459 0.70242299
95.09509510 0.69677033
95.59559560 0.69116205
96.09609610 0.68559782
96.59659660 0.68007733
97.09709710 0.67460025
97.59759760 0.66916626
98.09809810 0.66377504
98.59859860 0.65842628
99.09909910 0.65311966
99.59959960 0.64785488
100.10010010 0.64263162
100.60060060 0.63744958
101.10110110 0.63230844
101.60160160 0.62720791
102.10210210 0.62214769
102.60260260 0.61712747
103.10310310 0.61214696
103.60360360 0.60720585
104.10410410 0.60230387
104.60460460 0.59744071
105.10510511 0.59261609
105.60560561 0.58782971
106.10610611 0.58308130
106.60660661 0.57837056
107.10710711 0.57369721
107.60760761 0.56906098
108.10810811 0.56446158
108.60860861 0.55989875
109.10910911 0.55537219
109.60960961 0.55088164
110.11011011 0.54642684
110.61061061 0.54200750
111.11111111 0.53762336
111.61161161 0.53327416
112.11211211 0.52895963
112.61261261 0.52467950
113.11311311 0.52043353
113.61361361 0.51622144
114.11411411 0.51204299
114.61461461 0.50789791
115.11511512 0.50378596
115.61561562 0.49970688
116.11611612 0.49566042
116.61661662 0.49164633
117.11711712 0.48766437
117.61761762 0.48371429
118.11811812 0.47979584
118.61861862 0.47590879
119.11911912 0.47205290
119.61961962 0.46822793
120.12012012 0.46443364
120.62062062 0.46066979
121.12112112 0.45693616
121.62162162 0.45323250
122.12212212 0.44955860
122.62262262 0.44591422
123.12312312 0.44229914
123.62362362 0.43871312
124.12412412 0.43515595
124.62462462 0.43162740
125.12512513 0.42812726
125.62562563 0.42465530
126.12612613 0.42121131
126.62662663 0.41779507
127.12712713 0.41440636
127.62762763 0.41104498
128.12812813 0.40771070
128.62862863 0.40440333
129.12912913 0.40112265
129.62962963 0.39786846
130.13013013 0.39464055
130.63063063 0.39143871
131.13113113 0.38826275
131.63163163 0.38511246
132.13213213 0.38198764
132.63263263 0.37888809
133.13313313 0.37581363
133.63363363 0.37276404
134.13413413 0.36973915
134.63463463 0.36673875
135.13513514 0.36376265
135.63563564 0.36081067
136.13613614 0.35788261
136.63663664 0.35497830
137.13713714 0.35209753
137.63763764 0.34924014
138.13813814 0.34640593
138.63863864 0.34359472
139.13913914 0.34080634
139.63963964 0.33804060
140.14014014 0.33529732
140.64064064 0.33257634
141.14114114 0.32987747
141.64164164 0.32720055
142.14214214 0.32454539
142.64264264 0.32191183
143.14314314 0.31929969
143.64364364 0.31670881
144.14414414 0.31413903
144.64464464 0.31159016
145.14514515 0.30906206
145.64564565 0.30655455
146.14614615 0.30406747
146.64664665 0.30160066
147.14714715 0.29915397
147.64764765 0.29672722
148.14814815 0.29432027
148.64864865 0.29193295
149.14914915 0.28956512
149.64964965 0.28721661
150.15015015 0.28488728
150.65065065 0.28257696
151.15115115 0.28028552
151.65165165 0.27801280
152.15215215 0.27575864
152.65265265 0.27352292
153.15315315 0.27130546
153.65365365 0.26910615
154.15415415 0.26692481
154.65465465 0.26476133
155.15515516 0.26261554
155.65565566 0.26048732
156.15615616 0.25837652
156.65665666 0.25628300
157.15715716 0.25420662
157.65765766 0.25214725
158.15815816 0.25010476
158.65865866 0.24807900
159.15915916 0.24606984
159.65965966 0.24407715
160.16016016 0.24210080
160.66066066 0.24014066
161.16116116 0.23819660
161.66166166 0.23626849
162.16216216 0.23435619
162.66266266 0.23245960
163.16316316 0.23057857
163.66366366 0.22871298
164.16416416 0.22686272
164.66466466 0.22502765
165.16516517 0.22320766
165.66566567 0.22140262
166.16616617 0.21961241
166.66666667 0.21783692
167.16716717 0.21607603
167.66766767 0.21432961
168.16816817 0.21259756
168.66866867 0.21087975
169.16916917 0.20917607
169.66966967 0.20748641
170.17017017 0.20581066
170.67067067 0.20414870
171.17117117 0.20250042
171.67167167 0.20086571
172.17217217 0.19924447
172.67267267 0.19763658
173.17317317 0.19604193
173.67367367 0.19446042
174.17417417 0.19289194
174.67467467 0.19133639
175.17517518 0.18979367
175.67567568 0.18826366
176.17617618 0.18674626
176.67667668 0.18524138
177.17717718 0.18374892
177.67767768 0.18226876
178.17817818 0.18080082
178.67867868 0.17934499
179.17917918 0.17790117
179.67967968 0.17646927
180.18018018 0.17504920
180.68068068 0.17364084
181.18118118 0.17224412
181.68168168 0.17085893
182.18218218 0.16948519
182.68268268 0.16812279
183.18318318 0.16677165
183.68368368 0.16543168
184.18418418 0.16410278
184.68468468 0.16278486
185.18518519 0.16147784
185.68568569 0.16018163
186.18618619 0.15889613
186.68668669 0.15762127
187.18718719 0.15635695
187.68768769 0.15510309
188.18818819 0.15385960
188.68868869 0.15262640
189.18918919 0.15140341
189.68968969 0.15019054
190.19019019 0.14898771
190.69069069 0.14779484
191.19119119 0.14661184
191.69169169 0.14543864
192.19219219 0.14427516
192.69269269 0.14312131
193.19319319 0.14197702
193.69369369 0.14084221
194.19419419 0.13971680
194.69469469 0.13860072
195.19519520 0.13749389
195.69569570 0.13639623
196.19619620 0.13530767
196.69669670 0.13422813
197.19719720 0.13315755
197.69769770 0.13209584
198.19819820 0.13104294
198.69869870 0.12999876
199.19919920 0.12896326
199.69969970 0.12793634
200.20020020 0.12691794
200.70070070 0.12590799
201.20120120 0.12490642
201.70170170 0.12391316
202.20220220 0.12292815
202.70270270 0.12195131
203.20320320 0.12098259
203.70370370 0.12002190
204.20420420 0.11906919
204.70470470 0.11812440
205.20520521 0.11718745
205.70570571 0.11625828
206.20620621 0.11533683
206.70670671 0.11442304
207.20720721 0.11351683
207.70770771 0.11261816
208.20820821 0.11172696
208.70870871 0.11084316
209.20920921 0.10996670
209.70970971 0.10909753
210.21021021 0.10823559
210.71071071 0.10738081
211.21121121 0.10653314
211.71171171 0.10569251
212.21221221 0.10485888
212.71271271 0.10403218
213.21321321 0.10321235
213.71371371 0.10239935
214.21421421 0.10159311
214.71471471 0.10079357
215.21521522 0.10000069
215.71571572 0.09921440
216.21621622 0.09843466
216.71671672 0.09766140
217.21721722 0.09689458
217.71771772 0.09613414
218.21821822 0.09538004
218.71871872 0.09463221
219.21921922 0.09389060
219.71971972 0.09315517
220.22022022 0.09242586
220.72072072 0.09170263
221.22122122 0.09098542
221.72172172 0.09027418
222.22222222 0.08956887
222.72272272 0.08886943
223.22322322 0.08817582
223.72372372 0.08748798
224.22422422 0.08680588
224.72472472 0.08612946
225.22522523 0.08545867
225.72572573 0.08479348
226.22622623 0.08413383
226.72672673 0.08347967
227.22722723 0.08283097
227.72772773 0.08218768
228.22822823 0.08154974
228.72872873 0.08091713
229.22922923 0.08028979
229.72972973 0.07966768
230.23023023 0.07905076
230.73073073 0.07843898
231.23123123 0.07783230
231.73173173 0.07723069
232.23223223 0.07663409
232.73273273 0.07604247
233.23323323 0.07545578
233.73373373 0.07487398
234.23423423 0.07429704
234.73473473 0.07372491
235.23523524 0.07315756
235.73573574 0.07259494
236.23623624 0.07203701
236.73673674 0.07148374
237.23723724 0.07093509
237.73773774 0.07039102
238.23823824 0.06985148
238.73873874 0.06931645
239.23923924 0.06878589
239.73973974 0.06825975
240.24024024 0.06773801
240.74074074 0.06722062
241.24124124 0.06670755
241.74174174 0.06619877
242.24224224 0.06569423
242.74274274 0.06519391
243.24324324 0.06469777
243.74374374 0.06420577
244.24424424 0.06371787
244.74474474 0.06323406
245.24524525 0.06275428
245.74574575 0.06227851
246.24624625 0.06180671
246.74674675 0.06133886
247.24724725 0.06087492
247.74774775 0.06041485
248.24824825 0.05995862
248.74874875 0.05950621
249.24924925 0.05905757
249.74974975 0.05861269
250.25025025 0.05817152
250.75075075 0.05773404
251.25125125 0.05730022
251.75175175 0.05687002
252.25225225 0.05644342
252.75275275 0.05602038
253.25325325 0.05560088
253.75375375 0.05518488
254.25425425 0.05477236
254.75475475 0.05436330
255.25525526 0.05395765
255.75575576 0.05355539
256.25625626 0.05315650
256.75675676 0.05276094
257.25725726 0.05236869
257.75775776 0.05197971
258.25825826 0.05159400
258.75875876 0.05121150
259.25925926 0.05083221
259.75975976 0.05045608
260.26026026 0.05008311
260.76076076 0.04971325
261.26126126 0.04934649
261.76176176 0.04898279
262.26226226 0.04862214
262.76276276 0.04826450
263.26326326 0.04790986
263.76376376 0.04755818
264.26426426 0.04720944
264.76476476 0.04686362
265.26526527 0.04652070
265.76576577 0.04618064
266.26626627 0.04584343
266.76676677 0.04550905
267.26726727 0.04517746
267.76776777 0.04484864
268.26826827 0.04452258
268.76876877 0.04419924
269.26926927 0.04387861
269.76976977 0.04356067
270.27027027 0.04324538
270.77077077 0.04293274
271.27127127 0.04262271
271.77177177 0.04231527
272.27227227 0.04201041
272.77277277 0.04170810
273.27327327 0.04140833
273.77377377 0.04111106
274.27427427 0.04081628
274.77477477 0.04052397
275.27527528 0.04023410
275.77577578 0.03994667
276.27627628 0.03966164
276.77677678 0.03937899
277.27727728 0.03909871
277.77777778 0.03882078
278.27827828 0.03854518
278.77877878 0.03827189
279.27927928 0.03800088
279.77977978 0.03773214
280.28028028 0.03746566
280.78078078 0.03720140
281.28128128 0.03693936
281.78178178 0.03667951
282.28228228 0.03642184
282.78278278 0.03616633
283.28328328 0.03591296
283.78378378 0.03566171
284.28428428 0.03541256
284.78478478 0.03516551
285.28528529 0.03492052
285.78578579 0.03467758
286.28628629 0.03443668
286.78678679 0.03419780
287.28728729 0.03396092
287.78778779 0.03372602
288.28828829 0.03349309
288.78878879 0.03326211
289.28928929 0.03303307
289.78978979 0.03280595
290.29029029 0.03258073
290.79079079 0.03235740
291.29129129 0.03213594
291.79179179 0.03191633
292.29229229 0.03169857
292.79279279 0.03148263
293.29329329 0.03126850
293.79379379 0.03105616
294.29429429 0.03084560
294.79479479 0.03063681
295.29529530 0.03042977
295.79579580 0.03022446
296.29629630 0.03002088
296.79679680 0.02981900
297.29729730 0.02961881
297.79779780 0.02942030
298.29829830 0.02922346
298.79879880 0.02902826
299.29929930 0.02883470
299.79979980 0.02864276
300.30030030 0.02845244
300.80080080 0.02826370
301.30130130 0.02807655
301.80180180 0.02789097
302.30230230 0.02770695
302.80280280 0.02752447
303.30330330 0.02734351
303.80380380 0.02716408
304.30430430 0.02698615
304.80480480 0.02680971
305.30530531 0.02663475
305.80580581 0.02646125
306.30630631 0.02628922
306.80680681 0.02611862
307.30730731 0.02594945
307.80780781 0.02578171
308.30830831 0.02561537
308.80880881 0.02545042
309.30930931 0.02528686
309.80980981 0.02512467
310.31031031 0.02496384
310.81081081 0.02480436
311.31131131 0.02464621
311.81181181 0.02448939
312.31231231 0.02433389
312.81281281 0.02417969
313.31331331 0.02402679
313.81381381 0.02387516
314.31431431 0.02372481
314.81481481 0.02357572
315.31531532 0.02342788
315.81581582 0.02328128
316.31631632 0.02313591
316.81681682 0.02299176
317.31731732 0.02284882
317.81781782 0.02270707
318.31831832 0.02256652
318.81881882 0.02242714
319.31931932 0.02228894
319.81981982 0.02215189
320.32032032 0.02201599
320.82082082 0.02188124
321.32132132 0.02174761
321.82182182 0.02161511
322.32232232 0.02148371
322.82282282 0.02135342
323.32332332 0.02122422
323.82382382 0.02109611
324.32432432 0.02096907
324.82482482 0.02084309
325.32532533 0.02071817
325.82582583 0.02059431
326.32632633 0.02047148
326.82682683 0.02034968
327.32732733 0.02022890
327.82782783 0.02010913
328.32832833 0.01999038
328.82882883 0.01987261
329.32932933 0.01975584
329.82982983 0.01964004
330.33033033 0.01952522
330.83083083 0.01941136
331.33133133 0.01929846
331.83183183 0.01918650
332.33233233 0.01907548
332.83283283 0.01896539
333.33333333 0.01885623
333.83383383 0.01874799
334.33433433 0.01864065
334.83483483 0.01853421
335.33533534 0.01842867
335.83583584 0.01832401
336.33633634 0.01822023
336.83683684 0.01811732
337.33733734 0.01801527
337.83783784 0.01791409
338.33833834 0.01781375
338.83883884 0.01771425
339.33933934 0.01761559
339.83983984 0.01751775
340.34034034 0.01742074
340.84084084 0.01732454
341.34134134 0.01722915
341.84184184 0.01713455
342.34234234 0.01704076
342.84284284 0.01694775
343.34334334 0.01685552
343.84384384 0.01676406
344.34434434 0.01667337
344.84484484 0.01658345
345.34534535 0.01649428
345.84584585 0.01640585
346.34634635 0.01631817
346.84684685 0.01623123
347.34734735 0.01614501
347.84784785 0.01605952
348.34834835 0.01597475
348.84884885 0.01589068
349.34934935 0.01580733
349.84984985 0.01572467
350.35035035 0.01564271
350.85085085 0.01556143
351.35135135 0.01548084
351.85185185 0.01540092
352.35235235 0.01532168
352.85285285 0.01524309
353.35335335 0.01516517
353.85385385 0.01508791
354.35435435 0.01501129
354.85485485 0.01493531
355.35535536 0.01485998
355.85585586 0.01478527
356.35635636 0.01471120
356.85685686 0.01463774
357.35735736 0.01456490
357.85785786 0.01449267
358.35835836 0.01442105
358.85885886 0.01435003
359.35935936 0.01427961
359.85985986 0.01420978
360.36036036 0.01414053
360.86086086 0.01407187
361.36136136 0.01400378
361.86186186 0.01393626
362.36236236 0.01386932
362.86286286 0.01380293
363.36336336 0.01373710
363.86386386 0.01367182
364.36436436 0.01360709
364.86486486 0.01354291
365.36536537 0.01347926
365.86586587 0.01341615
366.36636637 0.01335356
366.86686687 0.01329151
367.36736737 0.01322997
367.86786787 0.01316895
368.36836837 0.01310845
368.86886887 0.01304845
369.36936937 0.01298895
369.86986987 0.01292996
370.37037037 0.01287146
370.87087087 0.01281345
371.37137137 0.01275592
371.87187187 0.01269889
372.37237237 0.01264233
372.87287287 0.01258624
373.37337337 0.01253063
373.87387387 0.01247548
374.37437437 0.01242080
374.87487487 0.01236657
375.37537538 0.01231280
375.87587588 0.01225948
376.37637638 0.01220661
376.87687688 0.01215419
377.37737738 0.01210220
377.87787788 0.01205065
378.37837838 0.01199954
378.87887888 0.01194885
379.37937938 0.01189859
379.87987988 0.01184875
380.38038038 0.01179933
380.88088088 0.01175032
381.38138138 0.01170173
381.88188188 0.01165354
382.38238238 0.01160576
382.88288288 0.01155838
383.38338338 0.01151140
383.88388388 0.01146481
384.38438438 0.01141861
384.88488488 0.01137280
385.38538539 0.01132738
385.88588589 0.01128234
386.38638639 0.01123767
386.88688689 0.01119338
387.38738739 0.01114947
387.88788789 0.01110592
388.38838839 0.01106274
388.88888889 0.01101992
389.38938939 0.01097746
389.88988989 0.01093535
390.39039039 0.01089360
390.89089089 0.01085220
391.39139139 0.01081115
391.89189189 0.01077044
392.39239239 0.01073008
392.89289289 0.01069005
393.39339339 0.01065036
393.89389389 0.01061101
394.39439439 0.01057198
394.89489489 0.01053328
395.39539540 0.01049491
395.89589590 0.01045686
396.39639640 0.01041913
396.89689690 0.01038171
397.39739740 0.01034461
397.89789790 0.01030782
398.39839840 0.01027134
398.89889890 0.01023517
399.39939940 0.01019930
399.89989990 0.01016373
400.40040040 0.01012846
400.90090090 0.01009349
401.40140140 0.01005881
401.90190190 0.01002442
402.40240240 0.00999032
402.90290290 0.00995651
403.40340340 0.00992298
403.90390390 0.00988974
404.40440440 0.00985677
404.90490490 0.00982408
405.40540541 0.00979166
405.90590591 0.00975952
406.40640641 0.00972764
406.90690691 0.00969604
407.40740741 0.00966469
407.90790791 0.00963362
408.40840841 0.00960280
408.90890891 0.00957224
409.40940941 0.00954194
409.90990991 0.00951190
410.41041041 0.00948210
410.91091091 0.00945256
411.41141141 0.00942326
411.91191191 0.00939421
412.41241241 0.00936541
412.91291291 0.00933684
413.41341341 0.00930852
413.91391391 0.00928043
414.41441441 0.00925258
414.91491491 0.00922497
415.41541542 0.00919758
415.91591592 0.00917043
416.41641642 0.00914350
416.91691692 0.00911680
417.41741742 0.00909033
417.91791792 0.00906408
418.41841842 0.00903804
418.91891892 0.00901223
419.41941942 0.00898663
419.91991992 0.00896125
420.42042042 0.00893608
420.92092092 0.00891112
421.42142142 0.00888638
421.92192192 0.00886184
422.42242242 0.00883750
422.92292292 0.00881337
423.42342342 0.00878945
423.92392392 0.00876572
424.42442442 0.00874220
424.92492492 0.00871887
425.42542543 0.00869573
425.92592593 0.00867280
426.42642643 0.00865005
426.92692693 0.00862750
427.42742743 0.00860513
427.92792793 0.00858295
428.42842843 0.00856096
428.92892893 0.00853916
429.42942943 0.00851753
429.92992993 0.00849609
430.43043043 0.00847483
430.93093093 0.00845375
431.43143143 0.00843284
431.93193193 0.00841211
432.43243243 0.00839156
432.93293293 0.00837118
433.43343343 0.00835096
433.93393393 0.00833092
434.43443443 0.00831105
434.93493493 0.00829134
435.43543544 0.00827180
435.93593594 0.00825242
436.43643644 0.00823321
436.93693694 0.00821416
437.43743744 0.00819526
437.93793794 0.00817653
438.43843844 0.00815795
438.93893894 0.00813953
439.43943944 0.00812127
439.93993994 0.00810316
440.44044044 0.00808520
440.94094094 0.00806739
441.44144144 0.00804973
441.94194194 0.00803222
442.44244244 0.00801485
442.94294294 0.00799763
443.44344344 0.00798056
443.94394394 0.00796363
444.44444444 0.00794684
444.94494494 0.00793020
445.44544545 0.00791369
445.94594595 0.00789732
446.44644645 0.00788109
446.94694695 0.00786499
447.44744745 0.00784904
447.94794795 0.00783321
448.44844845 0.00781752
448.94894895 0.00780196
449.44944945 0.00778653
449.94994995 0.00777123
450.45045045 0.00775606
450.95095095 0.00774101
451.45145145 0.00772609
451.95195195 0.00771130
452.45245245 0.00769663
452.95295295 0.00768209
453.45345345 0.00766767
453.95395395 0.00765337
454.45445445 0.00763918
454.95495495 0.00762512
455.45545546 0.00761118
455.95595596 0.00759735
456.45645646 0.00758364
456.95695696 0.00757005
457.45745746 0.00755656
457.95795796 0.00754320
458.45845846 0.00752994
458.95895896 0.00751680
459.45945946 0.00750376
459.95995996 0.00749084
460.46046046 0.00747802
460.96096096 0.00746531
461.46146146 0.00745271
461.96196196 0.00744022
462.46246246 0.00742783
462.96296296 0.00741554
463.46346346 0.00740336
463.96396396 0.00739128
464.46446446 0.00737930
464.96496496 0.00736742
465.46546547 0.00735564
465.96596597 0.00734396
466.46646647 0.00733238
466.96696697 0.00732089
467.46746747 0.00730951
467.96796797 0.00729821
468.46846847 0.00728702
468.96896897 0.00727591
469.46946947 0.00726490
469.96996997 0.00725398
470.47047047 0.00724316
470.97097097 0.00723242
471.47147147 0.00722178
471.97197197 0.00721122
472.47247247 0.00720076
472.97297297 0.00719038
473.47347347 0.00718009
473.97397397 0.00716988
474.47447447 0.00715976
474.97497497 0.00714973
475.47547548 0.00713978
475.97597598 0.00712991
476.47647648 0.00712013
476.97697698 0.00711043
477.47747748 0.00710081
477.97797798 0.00709127
478.47847848 0.00708181
478.97897898 0.00707243
479.47947948 0.00706313
479.97997998 0.00705391
480.48048048 0.00704477
480.98098098 0.00703570
481.48148148 0.00702671
481.98198198 0.00701779
482.48248248 0.00700895
482.98298298 0.00700018
483.48348348 0.00699149
483.98398398 0.00698287
484.48448448 0.00697432
484.98498498 0.00696584
485.48548549 0.00695744
485.98598599 0.00694910
486.48648649 0.00694084
486.98698699 0.00693265
487.48748749 0.00692452
487.98798799 0.00691646
488.48848849 0.00690847
488.98898899 0.00690055
489.48948949 0.00689269
489.98998999 0.00688490
490.49049049 0.00687718
490.99099099 0.00686952
491.49149149 0.00686192
491.99199199 0.00685439
492.49249249 0.00684692
492.99299299 0.00683952
493.49349349 0.00683217
493.99399399 0.00682489
494.49449449 0.00681767
494.99499499 0.00681051
495.49549550 0.00680341
495.99599600 0.00679637
496.49649650 0.00678939
496.99699700 0.00678247
497.49749750 0.00677560
497.99799800 0.00676880
498.49849850 0.00676205
498.99899900 0.00675536
499.49949950 0.00674872
500.00000000 0.00674214
